12.101513676859359	12.392	495	YOUR	0
12.392	12.732	192	GRADES	0
12.732	13.192661721460746	206	HIGHER	0
13.192661721460746	13.361995395794667	301	OR	0
13.361995395794667	13.800346626829914	250	LOWER	0
13.800346626829914	13.972	431	THAN	0
13.972	14.672	274	NANCY'S	0
21.46025347667711	21.792	374	SHE	1
21.792	22.112	489	WORE	1
22.112	22.57169227176552	470	WARM	1
22.57169227176552	23.110134524915434	158	FLEECY	1
23.110134524915434	23.57065491019022	488	WOOLEN	1
23.57065491019022	24.312	310	OVERALLS	1
33.91508200639874	34.2821842507543	353	READING	2
34.2821842507543	34.535528640745284	217	IN	2
34.535528640745284	34.792	334	POOR	2
34.792	35.15962808424485	239	LIGHT	2
35.15962808424485	35.40501859227481	181	GIVES	2
35.40501859227481	35.502	494	YOU	2
35.502	36.232	150	EYESTRAIN	2
45.02277999265507	45.352	142	EVEN	3
45.352	45.72266726450847	211	I	3
45.72266726450847	46.33225537012239	292	OCCASIONALLY	3
46.33225537012239	46.49815633332021	177	GET	3
46.49815633332021	46.555486267840166	433	THE	3
46.555486267840166	46.99371493696955	264	MONDAY	3
46.99371493696955	47.582	56	BLUES	3
56.53124102784893	56.686989300696204	475	WE	4
56.686989300696204	56.83270991049576	30	ARE	4
56.83270991049576	57.32931290001127	300	OPEN	4
57.32931290001127	57.71060095496746	145	EVERY	4
57.71060095496746	58.151810526274524	264	MONDAY	4
58.151810526274524	58.642	143	EVENING	4
67.22257448625493	67.44366629785873	226	IT'S	5
67.44366629785873	67.61909378501262	284	NOT	5
67.61909378501262	68.06284993937717	133	EASY	5
68.06284993937717	68.26160612652488	445	TO	5
68.26160612652488	68.58555846977444	113	CREATE	5
68.58555846977444	69.29525209549789	215	ILLUMINATING	5
69.29525209549789	70.182	146	EXAMPLES	5
78.36267148053486	78.75314187243518	269	MUM	6
78.75314187243518	79.34461238750706	406	STRONGLY	6
79.34461238750706	79.89264867765559	126	DISLIKES	6
79.89264867765559	80.782	27	APPETIZERS	6
88.96325620510883	89.22252215728281	442	THOSE	7
89.22252215728281	89.352	483	WHO	7
89.352	89.652	426	TEACH	7
89.652	90.15109119196123	461	VALUES	7
90.15109119196123	90.55342894192235	156	FIRST	7
90.55342894192235	91.16671584493517	4	ABOLISH	7
91.16671584493517	91.712	87	CHEATING	7
100.06098986247584	100.14053861659416	433	THE	8
100.14053861659416	100.652	165	FRIGHTENED	8
100.652	101.06855697887914	89	CHILD	8
101.06855697887914	101.302	471	WAS	8
101.302	101.62255171536731	176	GENTLY	8
101.62255171536731	102.302	409	SUBDUED	8
102.302	102.472	73	BY	8
102.472	102.71012955278793	208	HIS	8
102.71012955278793	102.95973768149919	52	BIG	8
102.95973768149919	103.362	66	BROTHER	8
112.27576243586213	112.54847522031086	142	EVEN	9
112.54847522031086	112.63073825972461	1	A	9
112.63073825972461	113.172	88888	SIMPLY	9
113.172	113.662	88888	VOCAB	9
113.662	113.91882604744872	142	EVEN	9
113.91882604744872	113.98567663758301	1	A	9
113.98567663758301	114.35516822370128	382	SIMPLE	9
114.35516822370128	115.1191555252495	467	VOCABULARY	9
115.1191555252495	115.672	104	CONTAINS	9
115.672	116.212	421	SYMBOLS	9
125.75670081711733	125.94307321284244	1	A	10
125.94307321284244	126.32270976655299	110	CRAB	10
126.32270976655299	126.822	85	CHALLENGED	10
126.822	127.11998864370548	257	ME	10
127.11998864370548	127.19485539561994	70	BUT	10
127.19485539561994	127.35324901427401	1	A	10
127.35324901427401	127.592	349	QUICK	10
127.592	128.0697845435801	401	STAB	10
128.0697845435801	128.572	463	VANQUISHED	10
128.572	128.812	207	HIM	10
137.6797091886066	138.1644184130112	183	GLUCOSE	11
138.1644184130112	138.29560395257354	20	AND	11
138.29560395257354	138.88791951480283	167	FRUCTOSE	11
138.88791951480283	139.05856366747722	30	ARE	11
139.05856366747722	139.56465899960995	275	NATURAL	11
139.56465899960995	140.102	413	SUGARS	11
140.102	140.35773063085486	163	FOUND	11
140.35773063085486	140.502	217	IN	11
140.502	141.052	168	FRUIT	11
149.82740303947338	149.912	30	ARE	12
149.912	150.102	494	YOU	12
150.102	150.482	249	LOOKING	12
150.482	150.702	161	FOR	12
150.702	151.392	136	EMPLOYMENT	12
158.85022119606282	159.1900922727763	98	COFFEE	13
159.1900922727763	159.39666397712077	224	IS	13
159.39666397712077	159.634224505195	198	GROWN	13
159.634224505195	159.802	296	ON	13
159.802	160.2538495678174	403	STEEP	13
160.2538495678174	160.602	88888	JUNGLE	13
160.602	160.802	240	LIKE	13
160.802	161.2565388466391	389	SLOPES	13
161.2565388466391	161.45250526210998	217	IN	13
161.45250526210998	161.922	430	TEMPERATE	13
161.922	162.512	496	ZONES	13
172.09429241595754	172.272	475	WE	14
172.272	172.712	479	WELCOME	14
172.712	173.00131065443236	255	MANY	14
173.00131065443236	173.162	281	NEW	14
173.162	173.80262546184844	407	STUDENTS	14
173.80262546184844	174.072	132	EACH	14
174.072	174.372	490	YEAR	14
182.80657574814094	183.07218469715465	297	ONLY	15
183.07218469715465	183.28794454814388	433	THE	15
183.28794454814388	183.57605163175506	51	BEST	15
183.57605163175506	184.012	329	PLAYERS	15
184.012	184.48112300882568	139	ENJOY	15
184.48112300882568	185.292	335	POPULARITY	15
193.6032827889384	194.152	75	CALCIUM	16
194.152	194.45726709346465	253	MAKES	16
194.45726709346465	194.792	58	BONES	16
194.792	194.95884606271608	20	AND	16
194.95884606271608	195.202	429	TEETH	16
195.202	195.712	405	STRONG	16
203.3994215619853	203.862	285	NOTHING	17
203.862	204.012	224	IS	17
204.012	204.222	34	AS	17
204.222	204.802	294	OFFENSIVE	17
204.802	205.102	34	AS	17
205.102	205.812	219	INNOCENCE	17
213.982	214.43012831544797	404	STEVE	18
214.43012831544797	214.672	489	WORE	18
214.672	214.74615552275208	1	A	18
214.74615552275208	215.09955048464064	65	BRIGHT	18
215.09955048464064	215.38824472729263	355	RED	18
215.38824472729263	215.974415143327	78	CASHMERE	18
215.974415143327	216.472	419	SWEATER	18
223.85573341503198	224.27133180274808	46	BARB'S	19
224.27133180274808	224.53428800681033	188	GOLD	19
224.53428800681033	224.9664800983987	63	BRACELET	19
224.9664800983987	225.142	471	WAS	19
225.142	225.2484486038305	1	A	19
225.2484486038305	226.00428556743805	193	GRADUATION	19
226.00428556743805	226.512	338	PRESENT	19
234.90039101816257	235.2398766732703	130	DRAW	20
235.2398766732703	235.52528740676013	145	EVERY	20
235.52528740676013	235.8622093135863	307	OUTER	20
235.8622093135863	236.1490779597163	243	LINE	20
236.1490779597163	236.752	156	FIRST	20
236.752	236.85143380788915	99999	sp	20
236.85143380788915	237.1223587267619	435	THEN	20
237.1223587267619	237.392	154	FILL	20
237.392	237.522	217	IN	20
237.522	237.732	433	THE	20
237.732	238.392	222	INTERIOR	20
247.32848308693147	247.45309783667838	433	THE	21
247.45309783667838	247.82520255117936	474	WATER	21
247.82520255117936	248.36914262045087	103	CONTAINED	21
248.36914262045087	248.51615031926573	447	TOO	21
248.51615031926573	248.80586435756797	268	MUCH	21
248.80586435756797	249.22794751749194	90	CHLORINE	21
249.22794751749194	249.37734308306756	20	AND	21
249.37734308306756	249.74425171141962	408	STUNG	21
249.74425171141962	249.932	208	HIS	21
249.932	250.382	149	EYES	21
258.5514080844836	259.02785762007335	229	JOHN'S	22
259.02785762007335	259.41103351182073	66	BROTHER	22
259.41103351182073	260.02864666771393	362	REPAINTED	22
260.02864666771393	260.15295392283775	433	THE	22
260.15295392283775	260.622	173	GARAGE	22
260.622	260.992	129	DOOR	22
268.3242712317822	268.782	84	CHALLENGE	23
268.782	269.01941039918995	132	EACH	23
269.01941039918995	269.612	175	GENERAL'S	23
269.612	270.552	221	INTELLIGENCE	23
278.0728053514971	279.0824089708257	17	AMBIDEXTROUS	24
279.0824089708257	279.752	326	PICKPOCKETS	24
279.752	280.3580532064836	6	ACCOMPLISH	24
280.3580532064836	280.682	266	MORE	24
288.9664932058606	289.0592345762515	1	A	25
289.0592345762515	289.492	270	MUSCULAR	25
289.492	290.2089828674214	2	ABDOMEN	25
290.2089828674214	290.51999012527784	224	IS	25
290.51999012527784	290.65340753531393	189	GOOD	25
290.65340753531393	290.8268201488841	161	FOR	25
290.8268201488841	291.0196118725032	495	YOUR	25
291.0196118725032	291.382	43	BACK	25
298.850136455878	299.0212486696259	437	THEY	26
299.0212486696259	299.23138894431963	316	OWN	26
299.23138894431963	299.31550066346256	1	A	26
299.31550066346256	299.632	52	BIG	26
299.632	300.0894017593437	209	HOUSE	26
300.0894017593437	300.292	217	IN	26
300.292	300.40333663057294	433	THE	26
300.40333663057294	300.8340326004444	360	REMOTE	26
300.8340326004444	301.552	109	COUNTRYSIDE	26
309.3160623462185	309.46191885678263	433	THE	27
309.46191885678263	310.02052756122293	368	ROSE	27
310.02052756122293	310.622	106	CORSAGE	27
310.622	311.032	392	SMELLED	27
311.032	311.552	420	SWEET	27
319.1882631246194	319.43032683468084	432	THAT	28
319.43032683468084	319.9736142344634	325	PICKPOCKET	28
319.9736142344634	320.2227164236102	471	WAS	28
320.2227164236102	320.442	80	CAUGHT	28
320.442	320.622	355	RED	28
320.622	321.292	199	HANDED	28
328.52879097927735	328.64296222285213	19	AN	29
328.64296222285213	329.08617118159646	9	ADULT	29
329.08617118159646	329.41123514865205	254	MALE	29
329.41123514865205	330.0677852152144	42	BABOON'S	29
330.0677852152144	330.332	429	TEETH	29
330.332	330.44895937131423	30	ARE	29
330.44895937131423	330.722	284	NOT	29
330.722	331.1781855799447	414	SUITABLE	29
331.1781855799447	331.322	161	FOR	29
331.322	331.662	135	EATING	29
331.662	332.412	375	SHELLFISH	29
341.5866918607732	341.822	204	HER	30
341.822	342.38744450288925	469	WARDROBE	30
342.38744450288925	342.862	102	CONSISTS	30
342.862	342.9615860935982	293	OF	30
342.9615860935982	343.222	297	ONLY	30
343.222	343.6719168390489	384	SKIRTS	30
343.6719168390489	343.8103118962431	20	AND	30
343.8103118962431	344.572	54	BLOUSES	30
352.0498106601151	352.2108415391314	433	THE	31
352.2108415391314	352.392	452	TWO	31
352.392	352.84918703026386	33	ARTISTS	31
352.84918703026386	353.50083210996047	147	EXCHANGED	31
353.50083210996047	354.242	39	AUTOGRAPHS	31
361.2699899182719	361.912	71	BUTTERSCOTCH	32
361.912	362.3710496556575	169	FUDGE	32
362.3710496556575	362.67077487639267	186	GOES	32
362.67077487639267	362.872	480	WELL	32
362.872	363.042	486	WITH	32
363.042	363.4467613221179	462	VANILLA	32
363.4467613221179	363.79556781127553	212	ICE	32
363.79556781127553	364.052	112	CREAM	32
373.473603454348	373.8385369594904	365	RICH	33
373.8385369594904	374.312	348	PURCHASED	33
374.312	374.74016447535723	373	SEVERAL	33
374.74016447535723	375.202	381	SIGNED	33
375.202	376.092	244	LITHOGRAPHS	33
386.642	386.8805605309843	99999	sp	34
386.8805605309843	387.0880224590154	24	ANY	34
387.0880224590154	387.99459030792843	105	CONTRIBUTIONS	34
387.99459030792843	388.092	484	WILL	34
388.092	388.2562955583508	47	BE	34
388.2562955583508	388.582	195	GREATLY	34
388.582	389.392	28	APPRECIATED	34
398.88761293314553	399.0388511427428	433	THE	35
399.0388511427428	399.5249761310713	111	CRANBERRY	35
399.5249761310713	399.922	57	BOG	35
399.922	400.162	178	GETS	35
400.162	400.505372006721	464	VERY	35
400.505372006721	400.742	339	PRETTY	35
400.742	400.86696901258114	217	IN	35
400.86696901258114	401.312	40	AUTUMN	35
409.3742231615599	409.5972980641378	210	HOW	36
409.5972980641378	409.7392040090301	128	DO	36
409.7392040090301	410.3892834307062	317	OYSTERS	36
410.3892834307062	410.66447304379375	252	MAKE	36
410.66447304379375	411.142	319	PEARLS	36
418.2766003823519	418.4356703339006	256	MAY	37
418.4356703339006	418.60697286656756	211	I	37
418.60697286656756	419.1163535820432	303	ORDER	37
419.1163535820432	419.5208564295698	99999	sp	37
419.5208564295698	419.68188745741685	1	A	37
419.68188745741685	420.18578687165945	318	PARFAIT	37
420.18578687165945	420.552	10	AFTER	37
420.552	420.6578358597079	211	I	37
420.6578358597079	420.83393875715643	134	EAT	37
420.83393875715643	421.452	124	DINNER	37
428.8169860669421	428.942	224	IS	38
428.942	429.16031650662967	374	SHE	38
429.16031650662967	429.442	187	GOING	38
429.442	429.6342392063026	486	WITH	38
429.6342392063026	429.862	494	YOU	38
436.0351807020076	436.222	76	CAN	39
436.222	436.29412067703834	433	THE	39
436.29412067703834	436.8827510643096	11	AGENCY	39
436.8827510643096	437.60379576206896	314	OVERTHROW	39
437.60379576206896	438.07358841313726	13	ALIEN	39
438.07358841313726	438.632	162	FORCES	39
446.0211121581892	446.16624514529593	1	A	40
446.16624514529593	446.812	370	SCREWDRIVER	40
446.812	446.9835495712902	224	IS	40
446.9835495712902	447.2898267767281	251	MADE	40
447.2898267767281	447.56826985838103	166	FROM	40
447.56826985838103	447.98559692884004	468	VODKA	40
447.98559692884004	448.112	20	AND	40
448.112	448.572	302	ORANGE	40
448.572	449.042	230	JUICE	40
456.3740372252923	456.5681434420927	210	HOW	41
456.5681434420927	456.79375883666324	268	MUCH	41
456.79375883666324	457.362	16	ALLOWANCE	41
457.362	457.422	128	DO	41
457.422	457.532	494	YOU	41
457.532	457.902	177	GET	41
464.152	464.8286475997965	115	CYCLICAL	42
464.8286475997965	465.4269943916549	345	PROGRAMS	42
465.4269943916549	465.54056378200323	484	WILL	42
465.54056378200323	465.8989907512121	280	NEVER	42
465.8989907512121	466.492	100	COMPILE	42
473.8304178541531	473.9009213117654	433	THE	43
473.9009213117654	474.472	61	BOSTON	43
474.472	474.872	45	BALLET	43
474.872	475.442	311	OVERCAME	43
475.442	475.572	434	THEIR	43
475.572	475.98628885932976	170	FUNDING	43
475.98628885932976	476.712	379	SHORTAGE	43
484.4319558584057	484.88468834914505	145	EVERY	44
484.88468834914505	485.222	74	CAB	44
485.222	485.502	279	NEEDS	44
485.502	486.1432449196448	363	REPAINTING	44
486.1432449196448	486.762	295	OFTEN	44
493.6651434933558	494.0278612242733	203	HELP	45
494.0278612242733	494.34756551066977	196	GREG	45
494.34756551066977	494.472	445	TO	45
494.472	494.65621611716074	324	PICK	45
494.65621611716074	494.7760227390524	1	A	45
494.7760227390524	495.022	320	PECK	45
495.022	495.2049128458638	293	OF	45
495.2049128458638	495.922	337	POTATOES	45
503.6599473642509	503.822	475	WE	46
503.822	504.052	240	LIKE	46
504.052	504.2895621150291	55	BLUE	46
504.2895621150291	504.75765861454425	88	CHEESE	46
504.75765861454425	504.8939747996596	70	BUT	46
504.8939747996596	505.35644248008697	465	VICTOR	46
505.35644248008697	505.952	241	LIKES	46
505.952	506.1661019346183	99999	sp	46
506.1661019346183	506.592	64	BRIE	46
515.8023799537638	516.092	108	COUNT	47
516.092	516.192	433	THE	47
516.192	516.472	288	NUMBER	47
516.472	516.6148026818216	293	OF	47
516.6148026818216	517.1174724090954	428	TEASPOONS	47
517.1174724090954	517.2143394787887	293	OF	47
517.2143394787887	517.8362526110268	394	SOYSAUCE	47
517.8362526110268	517.972	432	THAT	47
517.972	518.112	494	YOU	47
518.112	518.472	7	ADD	47
526.1748324613358	526.712	44	BAGPIPES	48
526.712	526.842	20	AND	48
526.842	527.3115427356088	59	BONGOS	48
527.3115427356088	527.4118502033107	30	ARE	48
527.4118502033107	527.9417385416211	272	MUSICAL	48
527.9417385416211	528.752	220	INSTRUMENTS	48
536.259187470711	536.5426125990398	210	HOW	49
536.5426125990398	536.720110777142	189	GOOD	49
536.720110777142	536.9493047628742	224	IS	49
536.9493047628742	537.072	495	YOUR	49
537.072	537.752	138	ENDURANCE	49
1122.4400537610463	1122.542	30	ARE	0
1122.542	1122.7888099357024	495	YOUR	0
1122.7888099357024	1123.0320000000002	192	GRADES	0
1123.0320000000002	1123.412	206	HIGHER	0
1123.412	1123.5353473238615	301	OR	0
1123.5353473238615	1123.892	250	LOWER	0
1123.892	1124.042	431	THAN	0
1124.042	1124.752	274	NANCY'S	0
1132.0953202843857	1132.3519999999999	374	SHE	1
1132.3519999999999	1132.642	489	WORE	1
1132.642	1133.0187535889584	470	WARM	1
1133.0187535889584	1133.5320000000002	158	FLEECY	1
1133.5320000000002	1133.922	488	WOOLEN	1
1133.922	1134.6019999999999	310	OVERALLS	1
1141.6930215986704	1142.012	353	READING	2
1142.012	1142.2463554176777	217	IN	2
1142.2463554176777	1142.4597006753584	334	POOR	2
1142.4597006753584	1142.818110009818	239	LIGHT	2
1142.818110009818	1143.0636031830395	181	GIVES	2
1143.0636031830395	1143.1805046940974	494	YOU	2
1143.1805046940974	1143.882	150	EYESTRAIN	2
1151.601573836832	1151.902	142	EVEN	3
1151.902	1152.212	211	I	3
1152.212	1152.713997917615	292	OCCASIONALLY	3
1152.713997917615	1152.9117563071545	177	GET	3
1152.9117563071545	1152.9741037797185	433	THE	3
1152.9741037797185	1153.382	264	MONDAY	3
1153.382	1153.992	56	BLUES	3
1162.0672688707214	1162.162	475	WE	4
1162.162	1162.362	30	ARE	4
1162.362	1162.732	300	OPEN	4
1162.732	1163.1019999999999	145	EVERY	4
1163.1019999999999	1163.452	264	MONDAY	4
1163.452	1164.042	143	EVENING	4
1171.1955041175515	1171.392	226	IT'S	5
1171.392	1171.642	284	NOT	5
1171.642	1172.0741251762188	133	EASY	5
1172.0741251762188	1172.2231746028174	445	TO	5
1172.2231746028174	1172.522	113	CREATE	5
1172.522	1173.1612205962724	215	ILLUMINATING	5
1173.1612205962724	1173.942	146	EXAMPLES	5
1181.853111572958	1182.182	269	MUM	6
1182.182	1182.6788894669908	406	STRONGLY	6
1182.6788894669908	1183.192	126	DISLIKES	6
1183.192	1184.222	27	APPETIZERS	6
1191.7326344382288	1191.992	442	THOSE	7
1191.992	1192.1658600525893	483	WHO	7
1192.1658600525893	1192.4102403542604	426	TEACH	7
1192.4102403542604	1193.012	461	VALUES	7
1193.012	1193.3476418229948	156	FIRST	7
1193.3476418229948	1193.838400385265	4	ABOLISH	7
1193.838400385265	1194.292	87	CHEATING	7
1203.2937204851623	1203.3669410133482	433	THE	8
1203.3669410133482	1203.842	165	FRIGHTENED	8
1203.842	1204.2654432961203	89	CHILD	8
1204.2654432961203	1204.4846833878946	471	WAS	8
1204.4846833878946	1204.762	176	GENTLY	8
1204.762	1205.282	409	SUBDUED	8
1205.282	1205.442	73	BY	8
1205.442	1205.6552584372052	208	HIS	8
1205.6552584372052	1205.802	52	BIG	8
1205.802	1206.312	66	BROTHER	8
1214.9649327541285	1215.206653452674	142	EVEN	9
1215.206653452674	1215.2942832855858	1	A	9
1215.2942832855858	1215.6619990466222	382	SIMPLE	9
1215.6619990466222	1215.929520158237	88888	VA	9
1215.929520158237	1216.119586983862	99999	sp	9
1216.119586983862	1217.0413908921473	467	VOCABULARY	9
1217.0413908921473	1217.582	104	CONTAINS	9
1217.582	1218.202	421	SYMBOLS	9
1226.9920759754418	1227.1668881518883	1	A	10
1227.1668881518883	1227.4874002894535	110	CRAB	10
1227.4874002894535	1227.9506064313782	85	CHALLENGED	10
1227.9506064313782	1228.107820465326	257	ME	10
1228.107820465326	1228.2579309211878	70	BUT	10
1228.2579309211878	1228.421107987695	1	A	10
1228.421107987695	1228.622	349	QUICK	10
1228.622	1229.0366079146163	401	STAB	10
1229.0366079146163	1229.482	463	VANQUISHED	10
1229.482	1229.762	207	HIM	10
1237.820338259805	1238.3220000000001	183	GLUCOSE	11
1238.3220000000001	1238.472	20	AND	11
1238.472	1239.0065544838283	167	FRUCTOSE	11
1239.0065544838283	1239.1181912160685	30	ARE	11
1239.1181912160685	1239.5623915211654	275	NATURAL	11
1239.5623915211654	1240.0902127231768	413	SUGARS	11
1240.0902127231768	1240.291325916058	163	FOUND	11
1240.291325916058	1240.422	217	IN	11
1240.422	1240.812	168	FRUIT	11
1248.8849461773723	1248.9925254194643	30	ARE	12
1248.9925254194643	1249.1594690815025	494	YOU	12
1249.1594690815025	1249.505303995326	249	LOOKING	12
1249.505303995326	1249.702	161	FOR	12
1249.702	1250.302	136	EMPLOYMENT	12
1257.4795096601852	1257.826711413042	98	COFFEE	13
1257.826711413042	1258.0478843071828	224	IS	13
1258.0478843071828	1258.292	198	GROWN	13
1258.292	1258.4321118712671	296	ON	13
1258.4321118712671	1258.9253995336016	403	STEEP	13
1258.9253995336016	1259.2809877868888	88888	JUNGLE	13
1259.2809877868888	1259.522	240	LIKE	13
1259.522	1259.982635652858	389	SLOPES	13
1259.982635652858	1260.1687361964573	217	IN	13
1260.1687361964573	1260.632	430	TEMPERATE	13
1260.632	1261.282	496	ZONES	13
1270.0641923982425	1270.1980916638845	475	WE	14
1270.1980916638845	1270.5819999999999	479	WELCOME	14
1270.5819999999999	1270.872	255	MANY	14
1270.872	1271.052	281	NEW	14
1271.052	1271.5656209885003	407	STUDENTS	14
1271.5656209885003	1271.862	132	EACH	14
1271.862	1272.172	490	YEAR	14
1279.124591673133	1279.422	297	ONLY	15
1279.422	1279.6043500197343	433	THE	15
1279.6043500197343	1279.8844907578853	51	BEST	15
1279.8844907578853	1280.2757653068445	329	PLAYERS	15
1280.2757653068445	1280.6768181323828	139	ENJOY	15
1280.6768181323828	1281.492	335	POPULARITY	15
1288.388505613676	1288.922	75	CALCIUM	16
1288.922	1289.248915067541	253	MAKES	16
1289.248915067541	1289.592	58	BONES	16
1289.592	1289.742	20	AND	16
1289.742	1290.0383272633426	429	TEETH	16
1290.0383272633426	1290.472	405	STRONG	16
1297.9010164958552	1298.2756913791984	285	NOTHING	17
1298.2756913791984	1298.402	224	IS	17
1298.402	1298.609190055976	34	AS	17
1298.609190055976	1299.142	294	OFFENSIVE	17
1299.142	1299.302	34	AS	17
1299.302	1300.132	219	INNOCENCE	17
1306.8220000000001	1307.2293990158726	404	STEVE	18
1307.2293990158726	1307.392	489	WORE	18
1307.392	1307.5907190076446	1	A	18
1307.5907190076446	1307.902	65	BRIGHT	18
1307.902	1308.239707442187	355	RED	18
1308.239707442187	1308.762	78	CASHMERE	18
1308.762	1309.222	419	SWEATER	18
1317.1939406710421	1317.5613647197563	46	BARB'S	19
1317.5613647197563	1317.829806094085	188	GOLD	19
1317.829806094085	1318.2521727619444	63	BRACELET	19
1318.2521727619444	1318.412	471	WAS	19
1318.412	1318.5500742218596	1	A	19
1318.5500742218596	1319.2206379231134	193	GRADUATION	19
1319.2206379231134	1319.692	338	PRESENT	19
1327.4484558027018	1327.7208160154253	130	DRAW	20
1327.7208160154253	1328.020838144008	145	EVERY	20
1328.020838144008	1328.4100704434056	307	OUTER	20
1328.4100704434056	1328.691784459877	243	LINE	20
1328.691784459877	1329.272	156	FIRST	20
1329.272	1329.3656045742603	99999	sp	20
1329.3656045742603	1329.7451363729306	435	THEN	20
1329.7451363729306	1329.892	154	FILL	20
1329.892	1330.062	217	IN	20
1330.062	1330.1761554446912	433	THE	20
1330.1761554446912	1330.812	222	INTERIOR	20
1340.7478000042363	1340.872	433	THE	21
1340.872	1341.2041230337961	474	WATER	21
1341.2041230337961	1341.6672505713807	103	CONTAINED	21
1341.6672505713807	1341.8162089296907	447	TOO	21
1341.8162089296907	1342.0986913327135	268	MUCH	21
1342.0986913327135	1342.522	90	CHLORINE	21
1342.522	1342.772	20	AND	21
1342.772	1343.0819999999999	408	STUNG	21
1343.0819999999999	1343.232	208	HIS	21
1343.232	1343.742	149	EYES	21
1352.5763600428181	1353.055415540266	229	JOHN'S	22
1353.055415540266	1353.3883145212242	66	BROTHER	22
1353.3883145212242	1353.978183789685	362	REPAINTED	22
1353.978183789685	1354.0943096839956	433	THE	22
1354.0943096839956	1354.527434167719	173	GARAGE	22
1354.527434167719	1354.892	129	DOOR	22
1362.505373141207	1362.946631066253	84	CHALLENGE	23
1362.946631066253	1363.282	132	EACH	23
1363.282	1363.3588138280709	99999	sp	23
1363.3588138280709	1363.672517799903	132	EACH	23
1363.672517799903	1364.1379417498658	175	GENERAL'S	23
1364.1379417498658	1365.042	221	INTELLIGENCE	23
1373.5840529073184	1374.4764443300885	17	AMBIDEXTROUS	24
1374.4764443300885	1375.052	326	PICKPOCKETS	24
1375.052	1375.5963725518109	6	ACCOMPLISH	24
1375.5963725518109	1375.882	266	MORE	24
1383.7225170518275	1383.8220000000001	1	A	25
1383.8220000000001	1384.5300506560425	270	MUSCULAR	25
1384.5300506560425	1385.2458898288662	2	ABDOMEN	25
1385.2458898288662	1385.4675443031956	224	IS	25
1385.4675443031956	1385.6060433829819	189	GOOD	25
1385.6060433829819	1385.782	161	FOR	25
1385.782	1385.9006200924346	495	YOUR	25
1385.9006200924346	1386.372	43	BACK	25
1393.8741384010507	1394.0346881200592	437	THEY	26
1394.0346881200592	1394.2337370063806	316	OWN	26
1394.2337370063806	1394.4396943957972	1	A	26
1394.4396943957972	1394.607964679367	52	BIG	26
1394.607964679367	1395.0038213285343	209	HOUSE	26
1395.0038213285343	1395.14430771526	217	IN	26
1395.14430771526	1395.212	433	THE	26
1395.212	1395.6102891577098	360	REMOTE	26
1395.6102891577098	1396.382	109	COUNTRYSIDE	26
1403.4419364818853	1403.531814314127	433	THE	27
1403.531814314127	1403.9776926225136	368	ROSE	27
1403.9776926225136	1404.5481010610288	106	CORSAGE	27
1404.5481010610288	1404.912	392	SMELLED	27
1404.912	1405.422	420	SWEET	27
1413.2807216408162	1413.5148981525474	432	THAT	28
1413.5148981525474	1414.022	325	PICKPOCKET	28
1414.022	1414.2070652067748	471	WAS	28
1414.2070652067748	1414.412	80	CAUGHT	28
1414.412	1414.6040575919676	355	RED	28
1414.6040575919676	1415.152	199	HANDED	28
1424.4851010185166	1424.574318413127	19	AN	29
1424.574318413127	1425.0296291639975	9	ADULT	29
1425.0296291639975	1425.2391548634612	254	MALE	29
1425.2391548634612	1425.8581823656405	42	BABOON'S	29
1425.8581823656405	1426.102	429	TEETH	29
1426.102	1426.196459745813	30	ARE	29
1426.196459745813	1426.482	284	NOT	29
1426.482	1426.917975072869	414	SUITABLE	29
1426.917975072869	1427.0728007499774	161	FOR	29
1427.0728007499774	1427.400654101482	135	EATING	29
1427.400654101482	1428.172	375	SHELLFISH	29
1438.9135401031058	1439.1203622451571	204	HER	30
1439.1203622451571	1439.6488780713835	469	WARDROBE	30
1439.6488780713835	1440.122	102	CONSISTS	30
1440.122	1440.2378529041957	293	OF	30
1440.2378529041957	1440.526933205777	297	ONLY	30
1440.526933205777	1440.962	384	SKIRTS	30
1440.962	1441.0720000000001	20	AND	30
1441.0720000000001	1441.782	54	BLOUSES	30
1450.2238892882506	1450.3918425514394	433	THE	31
1450.3918425514394	1450.5720000000001	452	TWO	31
1450.5720000000001	1450.9948682164813	33	ARTISTS	31
1450.9948682164813	1451.532370945847	147	EXCHANGED	31
1451.532370945847	1452.382	39	AUTOGRAPHS	31
1462.4044389760172	1462.982	71	BUTTERSCOTCH	32
1462.982	1463.4691249186908	169	FUDGE	32
1463.4691249186908	1463.7018207155925	186	GOES	32
1463.7018207155925	1463.872	480	WELL	32
1463.872	1464.0720000000001	486	WITH	32
1464.0720000000001	1464.4542074455544	462	VANILLA	32
1464.4542074455544	1464.757005875747	212	ICE	32
1464.757005875747	1465.002	112	CREAM	32
1472.9766699723195	1473.395045481894	365	RICH	33
1473.395045481894	1473.8020000000001	348	PURCHASED	33
1473.8020000000001	1474.19720066719	373	SEVERAL	33
1474.19720066719	1474.6016768723912	381	SIGNED	33
1474.6016768723912	1475.432	244	LITHOGRAPHS	33
1484.028296379408	1484.2749959932926	24	ANY	34
1484.2749959932926	1485.0720000000001	105	CONTRIBUTIONS	34
1485.0720000000001	1485.172	484	WILL	34
1485.172	1485.3429655537927	47	BE	34
1485.3429655537927	1485.6437363159262	195	GREATLY	34
1485.6437363159262	1486.422	28	APPRECIATED	34
1495.3874802916198	1495.5341482812441	433	THE	35
1495.5341482812441	1496.0486516068165	111	CRANBERRY	35
1496.0486516068165	1496.502	57	BOG	35
1496.502	1496.772	178	GETS	35
1496.772	1497.11578326799	464	VERY	35
1497.11578326799	1497.342	339	PRETTY	35
1497.342	1497.4604485065	217	IN	35
1497.4604485065	1497.932	40	AUTUMN	35
1505.013772846176	1505.259634560734	210	HOW	36
1505.259634560734	1505.4333381244828	128	DO	36
1505.4333381244828	1505.952	317	OYSTERS	36
1505.952	1506.2071826200997	252	MAKE	36
1506.2071826200997	1506.652	319	PEARLS	36
1513.0836341617205	1513.672	88888	MAYBE	37
1513.672	1513.8597956754775	99999	sp	37
1513.8597956754775	1514.1106667634758	256	MAY	37
1514.1106667634758	1514.282	211	I	37
1514.282	1514.542	303	ORDER	37
1514.542	1514.7185224332147	1	A	37
1514.7185224332147	1515.092	318	PARFAIT	37
1515.092	1515.392	10	AFTER	37
1515.392	1515.516235383554	211	I	37
1515.516235383554	1515.7643290193628	134	EAT	37
1515.7643290193628	1516.132	124	DINNER	37
1524.2479749641232	1524.4147945021707	224	IS	38
1524.4147945021707	1524.5849769716656	374	SHE	38
1524.5849769716656	1524.922	187	GOING	38
1524.922	1525.0867041242	486	WITH	38
1525.0867041242	1525.312	494	YOU	38
1532.12041733116	1532.282	76	CAN	39
1532.282	1532.3554569997827	433	THE	39
1532.3554569997827	1532.8827066074311	11	AGENCY	39
1532.8827066074311	1533.5791178154232	314	OVERTHROW	39
1533.5791178154232	1533.9939708954275	13	ALIEN	39
1533.9939708954275	1534.682	162	FORCES	39
1542.0922872807553	1542.2116725092621	1	A	40
1542.2116725092621	1542.892	370	SCREWDRIVER	40
1542.892	1543.0335943059351	224	IS	40
1543.0335943059351	1543.272	251	MADE	40
1543.272	1543.5436762776005	166	FROM	40
1543.5436762776005	1543.9406636390254	468	VODKA	40
1543.9406636390254	1544.0287687639216	20	AND	40
1544.0287687639216	1544.502	302	ORANGE	40
1544.502	1544.932	230	JUICE	40
1553.0486272225469	1553.222	210	HOW	41
1553.222	1553.412	268	MUCH	41
1553.412	1553.912	16	ALLOWANCE	41
1553.912	1553.992	128	DO	41
1553.992	1554.1010171665898	494	YOU	41
1554.1010171665898	1554.442	177	GET	41
1561.942190903359	1562.6005696480406	115	CYCLICAL	42
1562.6005696480406	1563.2417471596923	345	PROGRAMS	42
1563.2417471596923	1563.3876382264402	484	WILL	42
1563.3876382264402	1563.7703029370223	280	NEVER	42
1563.7703029370223	1564.402	100	COMPILE	42
1573.8850763179612	1573.9563516168923	433	THE	43
1573.9563516168923	1574.488232839645	61	BOSTON	43
1574.488232839645	1574.8712878697324	45	BALLET	43
1574.8712878697324	1575.4727328787667	311	OVERCAME	43
1575.4727328787667	1575.592	434	THEIR	43
1575.592	1576.0110247622238	170	FUNDING	43
1576.0110247622238	1576.792	379	SHORTAGE	43
1585.7528018604921	1586.104164004902	145	EVERY	44
1586.104164004902	1586.402	74	CAB	44
1586.402	1586.7167789165471	279	NEEDS	44
1586.7167789165471	1587.252	363	REPAINTING	44
1587.252	1587.812	295	OFTEN	44
1596.0380180596148	1596.414724276725	203	HELP	45
1596.414724276725	1596.7092245903043	196	GREG	45
1596.7092245903043	1596.8769425548596	445	TO	45
1596.8769425548596	1597.0167935378454	324	PICK	45
1597.0167935378454	1597.1435861708183	1	A	45
1597.1435861708183	1597.3209083847703	320	PECK	45
1597.3209083847703	1597.4522478082297	293	OF	45
1597.4522478082297	1597.507355283872	99999	sp	45
1597.507355283872	1598.172	337	POTATOES	45
1604.9973247415899	1605.152	475	WE	46
1605.152	1605.512	240	LIKE	46
1605.512	1605.653775640471	99999	sp	46
1605.653775640471	1605.982308209179	55	BLUE	46
1605.982308209179	1606.439642015414	88	CHEESE	46
1606.439642015414	1606.573184421546	70	BUT	46
1606.573184421546	1606.9585868520348	465	VICTOR	46
1606.9585868520348	1607.3215430207454	241	LIKES	46
1607.3215430207454	1607.652	64	BRIE	46
1615.6908381533121	1615.9558979525923	108	COUNT	47
1615.9558979525923	1616.047778876421	433	THE	47
1616.047778876421	1616.3220000000001	288	NUMBER	47
1616.3220000000001	1616.4937271341666	293	OF	47
1616.4937271341666	1617.1294215809933	428	TEASPOONS	47
1617.1294215809933	1617.222	293	OF	47
1617.222	1617.8617795924906	394	SOYSAUCE	47
1617.8617795924906	1617.992	432	THAT	47
1617.992	1618.182	494	YOU	47
1618.182	1618.542	7	ADD	47
1626.4299917314995	1626.962	44	BAGPIPES	48
1626.962	1627.092	20	AND	48
1627.092	1627.5286326308915	59	BONGOS	48
1627.5286326308915	1627.619174895282	30	ARE	48
1627.619174895282	1628.0697915830626	272	MUSICAL	48
1628.0697915830626	1628.942	220	INSTRUMENTS	48
1635.281625430222	1635.579698473341	210	HOW	49
1635.579698473341	1635.721226237388	189	GOOD	49
1635.721226237388	1635.892	224	IS	49
1635.892	1636.0819999999999	495	YOUR	49
1636.0819999999999	1636.8220000000001	138	ENDURANCE	49
2212.745682763968	2213.2121396483917	99999	sp	0
2213.2121396483917	2213.3214820629923	30	ARE	0
2213.3214820629923	2213.607500136828	495	YOUR	0
2213.607500136828	2213.852	192	GRADES	0
2213.852	2214.221258931277	206	HIGHER	0
2214.221258931277	2214.332690151744	301	OR	0
2214.332690151744	2214.668815227403	250	LOWER	0
2214.668815227403	2214.812	431	THAN	0
2214.812	2215.552	274	NANCY'S	0
2222.4582395854923	2222.702	374	SHE	1
2222.702	2222.9719999999998	489	WORE	1
2222.9719999999998	2223.382	470	WARM	1
2223.382	2223.8708463202506	158	FLEECY	1
2223.8708463202506	2224.2120650857482	488	WOOLEN	1
2224.2120650857482	2225.032	310	OVERALLS	1
2231.6615879311416	2232.022	353	READING	2
2232.022	2232.245128089532	217	IN	2
2232.245128089532	2232.455342181612	334	POOR	2
2232.455342181612	2232.802226941371	239	LIGHT	2
2232.802226941371	2233.039569145416	181	GIVES	2
2233.039569145416	2233.152	494	YOU	2
2233.152	2233.902	150	EYESTRAIN	2
2240.856694217383	2241.172	142	EVEN	3
2241.172	2241.395535976603	211	I	3
2241.395535976603	2242.022	292	OCCASIONALLY	3
2242.022	2242.229638992314	177	GET	3
2242.229638992314	2242.302	433	THE	3
2242.302	2242.6960819359765	264	MONDAY	3
2242.6960819359765	2243.282	56	BLUES	3
2249.6262792246043	2249.7131578032736	475	WE	4
2249.7131578032736	2249.892	30	ARE	4
2249.892	2250.219794642755	300	OPEN	4
2250.219794642755	2250.549721490671	145	EVERY	4
2250.549721490671	2250.9192702274736	264	MONDAY	4
2250.9192702274736	2251.402	143	EVENING	4
2257.8739626099136	2258.1774080803375	226	IT'S	5
2258.1774080803375	2258.452	284	NOT	5
2258.452	2258.824533285435	133	EASY	5
2258.824533285435	2258.9850697894976	445	TO	5
2258.9850697894976	2259.257609818449	113	CREATE	5
2259.257609818449	2259.922	215	ILLUMINATING	5
2259.922	2260.672	146	EXAMPLES	5
2267.937167579942	2268.212	269	MUM	6
2268.212	2268.772	406	STRONGLY	6
2268.772	2269.2219999999998	126	DISLIKES	6
2269.2219999999998	2270.132	27	APPETIZERS	6
2276.6620538905036	2276.882	442	THOSE	7
2276.882	2277.0246775232094	483	WHO	7
2277.0246775232094	2277.232	426	TEACH	7
2277.232	2277.772	461	VALUES	7
2277.772	2278.1099157006643	156	FIRST	7
2278.1099157006643	2278.572	4	ABOLISH	7
2278.572	2279.042	87	CHEATING	7
2286.1152776930803	2286.192	433	THE	8
2286.192	2286.6295668105026	165	FRIGHTENED	8
2286.6295668105026	2287.042	89	CHILD	8
2287.042	2287.282987564779	471	WAS	8
2287.282987564779	2287.592	176	GENTLY	8
2287.592	2288.1517161009747	409	SUBDUED	8
2288.1517161009747	2288.295254622254	73	BY	8
2288.295254622254	2288.4860097623755	208	HIS	8
2288.4860097623755	2288.7094445077314	52	BIG	8
2288.7094445077314	2289.102	66	BROTHER	8
2296.530976761613	2296.7909829427026	142	EVEN	9
2296.7909829427026	2296.8885639549762	1	A	9
2296.8885639549762	2297.2719056494766	382	SIMPLE	9
2297.2719056494766	2298.0493487225776	467	VOCABULARY	9
2298.0493487225776	2298.5119999999997	104	CONTAINS	9
2298.5119999999997	2299.122	421	SYMBOLS	9
2305.651222965631	2305.8142776893646	1	A	10
2305.8142776893646	2306.159216236384	110	CRAB	10
2306.159216236384	2306.6206227407033	85	CHALLENGED	10
2306.6206227407033	2306.752	257	ME	10
2306.752	2306.8749629275317	70	BUT	10
2306.8749629275317	2307.0229083332365	1	A	10
2307.0229083332365	2307.242	349	QUICK	10
2307.242	2307.5919687285154	401	STAB	10
2307.5919687285154	2308.052	463	VANQUISHED	10
2308.052	2308.292	207	HIM	10
2315.8009408617745	2316.232	183	GLUCOSE	11
2316.232	2316.372	20	AND	11
2316.372	2316.84594447749	167	FRUCTOSE	11
2316.84594447749	2316.946043709435	30	ARE	11
2316.946043709435	2317.3929704506427	275	NATURAL	11
2317.3929704506427	2317.8631904263225	413	SUGARS	11
2317.8631904263225	2318.1087168443	163	FOUND	11
2318.1087168443	2318.232	217	IN	11
2318.232	2318.632	168	FRUIT	11
2325.9629859539127	2326.072	30	ARE	12
2326.072	2326.2569202667846	494	YOU	12
2326.2569202667846	2326.604444867259	249	LOOKING	12
2326.604444867259	2326.732244515591	161	FOR	12
2326.732244515591	2327.522	136	EMPLOYMENT	12
2333.4118786494078	2333.760562073693	98	COFFEE	13
2333.760562073693	2333.945683969285	224	IS	13
2333.945683969285	2334.16225086104	198	GROWN	13
2334.16225086104	2334.322	296	ON	13
2334.322	2334.734459030908	403	STEEP	13
2334.734459030908	2335.062	88888	JUNGLE	13
2335.062	2335.252	240	LIKE	13
2335.252	2335.6535516630447	389	SLOPES	13
2335.6535516630447	2335.8077926179285	217	IN	13
2335.8077926179285	2336.2654214952504	430	TEMPERATE	13
2336.2654214952504	2336.792	496	ZONES	13
2344.5521372854687	2344.6919404045902	475	WE	14
2344.6919404045902	2345.122	479	WELCOME	14
2345.122	2345.379315197083	255	MANY	14
2345.379315197083	2345.545517695407	281	NEW	14
2345.545517695407	2346.062	407	STUDENTS	14
2346.062	2346.348142965224	132	EACH	14
2346.348142965224	2346.682	490	YEAR	14
2353.275764188704	2353.5766914394567	297	ONLY	15
2353.5766914394567	2353.6667177927156	433	THE	15
2353.6667177927156	2354.0349501691867	51	BEST	15
2354.0349501691867	2354.394426027303	329	PLAYERS	15
2354.394426027303	2354.7626584037744	139	ENJOY	15
2354.7626584037744	2355.602	335	POPULARITY	15
2362.6833519326246	2363.1620000000003	75	CALCIUM	16
2363.1620000000003	2363.4853473500334	253	MAKES	16
2363.4853473500334	2363.774533311818	58	BONES	16
2363.774533311818	2363.9159193066475	20	AND	16
2363.9159193066475	2364.122	429	TEETH	16
2364.122	2364.572	405	STRONG	16
2370.9474167940907	2371.3138177563037	285	NOTHING	17
2371.3138177563037	2371.434692300539	224	IS	17
2371.434692300539	2371.672	34	AS	17
2371.672	2371.80292467701	99999	sp	17
2371.80292467701	2371.962	224	IS	17
2371.962	2372.242	34	AS	17
2372.242	2372.742	294	OFFENSIVE	17
2372.742	2372.9120000000003	34	AS	17
2372.9120000000003	2373.682	219	INNOCENCE	17
2380.9747908545296	2381.602	489	WORE	18
2381.602	2381.6827946594144	1	A	18
2381.6827946594144	2382.028588406587	65	BRIGHT	18
2382.028588406587	2382.307844302231	355	RED	18
2382.307844302231	2382.812	78	CASHMERE	18
2382.812	2383.242	419	SWEATER	18
2390.093073854075	2390.465546694335	46	BARB'S	19
2390.465546694335	2390.714521826951	188	GOLD	19
2390.714521826951	2391.172	63	BRACELET	19
2391.172	2391.3003672773243	471	WAS	19
2391.3003672773243	2391.4374185710667	1	A	19
2391.4374185710667	2392.1023561671263	193	GRADUATION	19
2392.1023561671263	2392.562	338	PRESENT	19
2399.1841534024957	2399.431822231653	130	DRAW	20
2399.431822231653	2399.782	145	EVERY	20
2399.782	2400.102	307	OUTER	20
2400.102	2400.352	243	LINE	20
2400.352	2400.763603221211	156	FIRST	20
2400.763603221211	2400.922	435	THEN	20
2400.922	2401.162	154	FILL	20
2401.162	2401.306574426699	217	IN	20
2401.306574426699	2401.432	433	THE	20
2401.432	2402.082	222	INTERIOR	20
2409.4797968826183	2409.583766829595	433	THE	21
2409.583766829595	2409.94943385902	474	WATER	21
2409.94943385902	2410.443772903025	103	CONTAINED	21
2410.443772903025	2410.578178194241	447	TOO	21
2410.578178194241	2410.8771665251757	268	MUCH	21
2410.8771665251757	2411.252	90	CHLORINE	21
2411.252	2411.422	20	AND	21
2411.422	2411.7057386400566	408	STUNG	21
2411.7057386400566	2411.842	208	HIS	21
2411.842	2412.312	149	EYES	21
2419.6258507950133	2420.064328106407	229	JOHN'S	22
2420.064328106407	2420.372	66	BROTHER	22
2420.372	2420.9380459883328	362	REPAINTED	22
2420.9380459883328	2421.0042086818635	433	THE	22
2421.0042086818635	2421.5525378701354	173	GARAGE	22
2421.5525378701354	2421.882	129	DOOR	22
2428.782555327573	2429.212	84	CHALLENGE	23
2429.212	2429.432	132	EACH	23
2429.432	2429.851884774347	175	GENERAL'S	23
2429.851884774347	2430.712	221	INTELLIGENCE	23
2436.9046270100544	2437.8117575812494	17	AMBIDEXTROUS	24
2437.8117575812494	2438.354229572507	326	PICKPOCKETS	24
2438.354229572507	2438.902	6	ACCOMPLISH	24
2438.902	2439.212	266	MORE	24
2445.8686757529986	2446.0064575935444	1	A	25
2446.0064575935444	2446.412	270	MUSCULAR	25
2446.412	2447.108097403097	2	ABDOMEN	25
2447.108097403097	2447.3373488521797	224	IS	25
2447.3373488521797	2447.47113475107	189	GOOD	25
2447.47113475107	2447.652	161	FOR	25
2447.652	2447.7594468903458	495	YOUR	25
2447.7594468903458	2448.252	43	BACK	25
2455.3614652932847	2455.5015725657386	437	THEY	26
2455.5015725657386	2455.7172563752006	316	OWN	26
2455.7172563752006	2455.9173170834674	1	A	26
2455.9173170834674	2456.102	52	BIG	26
2456.102	2456.444730905579	209	HOUSE	26
2456.444730905579	2456.532	217	IN	26
2456.532	2456.602	433	THE	26
2456.602	2457.001835401827	360	REMOTE	26
2457.001835401827	2457.732	109	COUNTRYSIDE	26
2464.620770324355	2464.737623277729	433	THE	27
2464.737623277729	2465.0945113718885	368	ROSE	27
2465.0945113718885	2465.612	106	CORSAGE	27
2465.612	2465.942	392	SMELLED	27
2465.942	2466.392	420	SWEET	27
2472.4093146477953	2472.6454031247076	433	THE	28
2472.6454031247076	2473.252	325	PICKPOCKET	28
2473.252	2473.440258042161	471	WAS	28
2473.440258042161	2473.656334663923	80	CAUGHT	28
2473.656334663923	2473.841206500605	355	RED	28
2473.841206500605	2474.322	199	HANDED	28
2481.406107983128	2481.5130778508938	19	AN	29
2481.5130778508938	2481.923491591264	9	ADULT	29
2481.923491591264	2482.15447068835	254	MALE	29
2482.15447068835	2482.712	42	BABOON'S	29
2482.712	2482.9574481915533	429	TEETH	29
2482.9574481915533	2483.047386558237	30	ARE	29
2483.047386558237	2483.312	284	NOT	29
2483.312	2483.761203458884	414	SUITABLE	29
2483.761203458884	2483.962	161	FOR	29
2483.962	2484.292	135	EATING	29
2484.292	2485.052	375	SHELLFISH	29
2492.8337861633026	2493.0129015584707	204	HER	30
2493.0129015584707	2493.495665797848	469	WARDROBE	30
2493.495665797848	2493.912	102	CONSISTS	30
2493.912	2494.012	293	OF	30
2494.012	2494.242	297	ONLY	30
2494.242	2494.6317692823377	384	SKIRTS	30
2494.6317692823377	2494.7696982512507	20	AND	30
2494.7696982512507	2495.432	54	BLOUSES	30
2501.954343044023	2502.072	433	THE	31
2502.072	2502.312	452	TWO	31
2502.312	2502.7147749988676	33	ARTISTS	31
2502.7147749988676	2503.3076615798286	147	EXCHANGED	31
2503.3076615798286	2504.182	39	AUTOGRAPHS	31
2510.715891370281	2511.282	71	BUTTERSCOTCH	32
2511.282	2511.6779645530287	169	FUDGE	32
2511.6779645530287	2511.872	186	GOES	32
2511.872	2512.082	480	WELL	32
2512.082	2512.252	486	WITH	32
2512.252	2512.6364510323488	462	VANILLA	32
2512.6364510323488	2512.955501580221	212	ICE	32
2512.955501580221	2513.182	112	CREAM	32
2520.1343327932236	2520.5326608580435	365	RICH	33
2520.5326608580435	2520.912	348	PURCHASED	33
2520.912	2521.2663503459466	373	SEVERAL	33
2521.2663503459466	2521.6908723715865	381	SIGNED	33
2521.6908723715865	2522.442	244	LITHOGRAPHS	33
2529.1852659845995	2529.414042491744	24	ANY	34
2529.414042491744	2530.2211223526415	105	CONTRIBUTIONS	34
2530.2211223526415	2530.2952576379075	484	WILL	34
2530.2952576379075	2530.472997485044	47	BE	34
2530.472997485044	2530.792	195	GREATLY	34
2530.792	2531.572	28	APPRECIATED	34
2538.2852953559027	2538.4244363185526	433	THE	35
2538.4244363185526	2538.888507112555	111	CRANBERRY	35
2538.888507112555	2539.252	57	BOG	35
2539.252	2539.482	178	GETS	35
2539.482	2539.8178928411703	464	VERY	35
2539.8178928411703	2540.052	339	PRETTY	35
2540.052	2540.166781191546	217	IN	35
2540.166781191546	2540.612	40	AUTUMN	35
2547.076476513059	2547.3169537439267	210	HOW	36
2547.3169537439267	2547.4965933588155	128	DO	36
2547.4965933588155	2547.956070427258	317	OYSTERS	36
2547.956070427258	2548.211343717411	252	MAKE	36
2548.211343717411	2548.742	319	PEARLS	36
2554.734903065693	2554.912	256	MAY	37
2554.912	2555.052	211	I	37
2555.052	2555.312	303	ORDER	37
2555.312	2555.490929840654	1	A	37
2555.490929840654	2555.922	318	PARFAIT	37
2555.922	2556.242	10	AFTER	37
2556.242	2556.3243672166664	211	I	37
2556.3243672166664	2556.547682244013	134	EAT	37
2556.547682244013	2556.902	124	DINNER	37
2563.5650023554517	2563.692	224	IS	38
2563.692	2563.8406396007267	374	SHE	38
2563.8406396007267	2564.2120287924554	187	GOING	38
2564.2120287924554	2564.3915127135224	486	WITH	38
2564.3915127135224	2564.672	494	YOU	38
2570.191937007598	2570.3994818053825	76	CAN	39
2570.3994818053825	2570.482	433	THE	39
2570.482	2570.9976741723194	11	AGENCY	39
2570.9976741723194	2571.562	314	OVERTHROW	39
2571.562	2571.946965340046	13	ALIEN	39
2571.946965340046	2572.592	162	FORCES	39
2579.154233816138	2579.2949224465688	1	A	40
2579.2949224465688	2579.892	370	SCREWDRIVER	40
2579.892	2580.040607619911	224	IS	40
2580.040607619911	2580.292	251	MADE	40
2580.292	2580.5376108469973	166	FROM	40
2580.5376108469973	2580.862	468	VODKA	40
2580.862	2580.972	20	AND	40
2580.972	2581.392	302	ORANGE	40
2581.392	2581.812	230	JUICE	40
2588.8683321999797	2589.0863414413493	210	HOW	41
2589.0863414413493	2589.297767199296	268	MUCH	41
2589.297767199296	2589.842	16	ALLOWANCE	41
2589.842	2589.912	128	DO	41
2589.912	2589.992	494	YOU	41
2589.992	2590.332	177	GET	41
2596.172	2596.792	115	CYCLICAL	42
2596.792	2596.8804884496085	99999	sp	42
2596.8804884496085	2597.432	345	PROGRAMS	42
2597.432	2597.50764088823	484	WILL	42
2597.50764088823	2597.883566623545	280	NEVER	42
2597.883566623545	2598.452	100	COMPILE	42
2604.9620996766	2605.1323968369793	433	THE	43
2605.1323968369793	2605.522	61	BOSTON	43
2605.522	2605.872	45	BALLET	43
2605.872	2606.380595177942	311	OVERCAME	43
2606.380595177942	2606.5052110356733	434	THEIR	43
2606.5052110356733	2606.9192578469333	170	FUNDING	43
2606.9192578469333	2607.622	379	SHORTAGE	43
2614.164815961284	2614.5019616037753	145	EVERY	44
2614.5019616037753	2614.7538127787816	74	CAB	44
2614.7538127787816	2615.081003943308	279	NEEDS	44
2615.081003943308	2615.5767852016697	363	REPAINTING	44
2615.5767852016697	2616.172	295	OFTEN	44
2622.263473539169	2622.532	203	HELP	45
2622.532	2622.628785779641	99999	sp	45
2622.628785779641	2622.926235083018	196	GREG	45
2622.926235083018	2623.0849922716347	445	TO	45
2623.0849922716347	2623.2149929357497	324	PICK	45
2623.2149929357497	2623.3376726653637	1	A	45
2623.3376726653637	2623.5502024501243	320	PECK	45
2623.5502024501243	2623.7360679564254	293	OF	45
2623.7360679564254	2624.442	337	POTATOES	45
2631.5011744573812	2631.682	475	WE	46
2631.682	2632.0026425273472	240	LIKE	46
2632.0026425273472	2632.208451534757	55	BLUE	46
2632.208451534757	2632.6796966951133	88	CHEESE	46
2632.6796966951133	2632.8676143686343	70	BUT	46
2632.8676143686343	2633.2036212971398	465	VICTOR	46
2633.2036212971398	2633.5521601477863	241	LIKES	46
2633.5521601477863	2633.902	64	BRIE	46
2641.3368719383097	2641.5932631669807	108	COUNT	47
2641.5932631669807	2641.682868150284	433	THE	47
2641.682868150284	2642.002	288	NUMBER	47
2642.002	2642.1895858614257	293	OF	47
2642.1895858614257	2642.696913720195	428	TEASPOONS	47
2642.696913720195	2642.802	293	OF	47
2642.802	2643.4239736708378	394	SOYSAUCE	47
2643.4239736708378	2643.512	432	THAT	47
2643.512	2643.692	494	YOU	47
2643.692	2644.052	7	ADD	47
2651.439571730488	2652.0388102755373	44	BAGPIPES	48
2652.0388102755373	2652.395934570967	99999	sp	48
2652.395934570967	2652.974188389262	44	BAGPIPES	48
2652.974188389262	2653.149470958183	20	AND	48
2653.149470958183	2653.576005926486	59	BONGOS	48
2653.576005926486	2653.6787383575956	30	ARE	48
2653.6787383575956	2654.1329821545805	272	MUSICAL	48
2654.1329821545805	2655.012	220	INSTRUMENTS	48
2662.9420503664023	2663.222263939666	210	HOW	49
2663.222263939666	2663.3775531553156	189	GOOD	49
2663.3775531553156	2663.5554082969766	224	IS	49
2663.5554082969766	2663.682	495	YOUR	49
2663.682	2664.4719999999998	138	ENDURANCE	49
