19.582	19.61	99999	sp	0
19.61	19.771	30	ARE	0
19.771	19.931	496	YOUR	0
19.931	20.422	192	GRADES	0
20.422	21.006	206	HIGHER	0
21.006	21.172	302	OR	0
21.172	21.512	251	LOWER	0
21.512	21.662	432	THAN	0
21.662	22.431	275	NANCY'S	0
31.082	31.502	375	SHE	1
31.502	31.861	490	WORE	1
31.861	32.471	471	WARM	1
32.471	32.551	99999	sp	1
32.551	33.171	158	FLEECY	1
33.171	33.642	489	WOOLEN	1
33.642	34.45	311	OVERALLS	1
46.401	46.805	354	READING	2
46.805	46.991	217	IN	2
46.991	47.291	335	POOR	2
47.291	47.811	240	LIGHT	2
47.811	48.165	181	GIVES	2
48.165	48.291	495	YOU	2
48.291	49.231	150	EYESTRAIN	2
59.822	59.831	99999	sp	3
59.831	60.148	142	EVEN	3
60.148	60.621	211	I	3
60.621	61.281	293	OCCASIONALLY	3
61.281	61.481	177	GET	3
61.481	61.601	434	THE	3
61.601	62.031	265	MONDAY	3
62.031	62.671	56	BLUES	3
73.84	73.981	476	WE	4
73.981	74.132	30	ARE	4
74.132	74.65	301	OPEN	4
74.65	75.078	145	EVERY	4
75.078	75.668	265	MONDAY	4
75.668	76.231	143	EVENING	4
85.111	85.132	99999	sp	5
85.132	85.331	226	IT'S	5
85.331	85.591	285	NOT	5
85.591	85.931	133	EASY	5
85.931	86.061	446	TO	5
86.061	86.691	113	CREATE	5
86.691	87.412	215	ILLUMINATING	5
87.412	88.331	146	EXAMPLES	5
98.761	98.773	99999	sp	6
98.773	99.261	270	MUM	6
99.261	99.841	407	STRONGLY	6
99.841	100.641	126	DISLIKES	6
100.641	100.733	99999	sp	6
100.733	101.662	27	APPETIZERS	6
111.691	112.067	443	THOSE	7
112.067	112.209	484	WHO	7
112.209	112.602	427	TEACH	7
112.602	113.352	462	VALUES	7
113.352	113.941	156	FIRST	7
113.941	114.581	4	ABOLISH	7
114.581	115.191	87	CHEATING	7
126.561	126.662	434	THE	8
126.662	127.171	165	FRIGHTENED	8
127.171	127.781	89	CHILD	8
127.781	128.155	472	WAS	8
128.155	128.642	176	GENTLY	8
128.642	129.332	410	SUBDUED	8
129.332	129.562	73	BY	8
129.562	129.792	208	HIS	8
129.792	130.012	52	BIG	8
130.012	130.062	99999	sp	8
130.062	130.502	66	BROTHER	8
142.942	142.961	99999	sp	9
142.961	143.249	142	EVEN	9
143.249	143.312	1	A	9
143.312	143.752	383	SIMPLE	9
143.752	144.558	468	VOCABULARY	9
144.558	145.132	104	CONTAINS	9
145.132	145.875	422	SYMBOLS	9
156.462	156.562	1	A	10
156.562	156.962	110	CRAB	10
156.962	157.452	85	CHALLENGED	10
157.452	157.802	258	ME	10
157.802	158.114	99999	sp	10
158.114	158.22	70	BUT	10
158.22	158.312	1	A	10
158.312	158.572	350	QUICK	10
158.572	159.102	402	STAB	10
159.102	159.596	464	VANQUISHED	10
159.596	159.901	207	HIM	10
170.242	170.282	99999	sp	11
170.282	170.832	183	GLUCOSE	11
170.832	170.992	20	AND	11
170.992	171.809	167	FRUCTOSE	11
171.809	171.962	30	ARE	11
171.962	172.343	276	NATURAL	11
172.343	172.812	414	SUGARS	11
172.812	173.181	163	FOUND	11
173.181	173.292	217	IN	11
173.292	173.763	168	FRUIT	11
184.472	184.508	99999	sp	12
184.508	184.672	30	ARE	12
184.672	184.8	495	YOU	12
184.8	185.212	250	LOOKING	12
185.212	185.385	161	FOR	12
185.385	186.124	136	EMPLOYMENT	12
195.843	196.222	98	COFFEE	13
196.222	196.415	224	IS	13
196.415	196.776	198	GROWN	13
196.776	196.982	297	ON	13
196.982	197.602	404	STEEP	13
197.602	198.002	231	JUNGLE	13
198.002	198.223	241	LIKE	13
198.223	198.802	390	SLOPES	13
198.802	199.062	217	IN	13
199.062	199.452	431	TEMPERATE	13
199.452	200.07	497	ZONES	13
211.104	211.312	476	WE	14
211.312	211.853	480	WELCOME	14
211.853	212.342	256	MANY	14
212.342	212.562	282	NEW	14
212.562	213.131	408	STUDENTS	14
213.131	213.449	132	EACH	14
213.449	213.862	491	YEAR	14
223.491	223.772	298	ONLY	15
223.772	223.929	434	THE	15
223.929	224.302	51	BEST	15
224.302	224.797	330	PLAYERS	15
224.797	225.142	139	ENJOY	15
225.142	225.54	88888	PROP	15
225.54	226.225	336	POPULARITY	15
235.912	235.937	99999	sp	16
235.937	236.462	75	CALCIUM	16
236.462	236.819	254	MAKES	16
236.819	237.222	58	BONES	16
237.222	237.343	20	AND	16
237.343	237.642	430	TEETH	16
237.642	238.369	406	STRONG	16
248.442	249.002	286	NOTHING	17
249.002	249.193	224	IS	17
249.193	249.315	34	AS	17
249.315	250.032	295	OFFENSIVE	17
250.032	250.282	34	AS	17
250.282	250.992	219	INNOCENCE	17
261.132	261.149	99999	sp	18
261.149	261.612	405	STEVE	18
261.612	261.938	490	WORE	18
261.938	262.1	1	A	18
262.1	262.552	65	BRIGHT	18
262.552	263.029	356	RED	18
263.029	263.682	78	CASHMERE	18
263.682	264.212	420	SWEATER	18
274.952	274.99	99999	sp	19
274.99	275.457	46	BARB'S	19
275.457	275.829	188	GOLD	19
275.829	276.482	63	BRACELET	19
276.482	276.541	99999	sp	19
276.541	276.702	472	WAS	19
276.702	276.772	1	A	19
276.772	277.522	193	GRADUATION	19
277.522	278.052	339	PRESENT	19
288.973	289.375	130	DRAW	20
289.375	289.944	145	EVERY	20
289.944	290.341	308	OUTER	20
290.341	290.666	244	LINE	20
290.666	291.298	156	FIRST	20
291.298	291.512	99999	sp	20
291.512	291.742	436	THEN	20
291.742	292.101	154	FILL	20
292.101	292.541	217	IN	20
292.541	292.721	434	THE	20
292.721	293.438	222	INTERIOR	20
304.962	305.082	434	THE	21
305.082	305.462	475	WATER	21
305.462	306.173	103	CONTAINED	21
306.173	306.432	448	TOO	21
306.432	306.721	269	MUCH	21
306.721	307.432	90	CHLORINE	21
307.432	307.522	99999	sp	21
307.522	307.723	20	AND	21
307.723	308.151	409	STUNG	21
308.151	308.331	208	HIS	21
308.331	308.927	149	EYES	21
319.962	319.983	99999	sp	22
319.983	320.632	229	JOHN'S	22
320.632	321.132	66	BROTHER	22
321.132	321.192	99999	sp	22
321.192	321.913	363	REPAINTED	22
321.913	322.122	434	THE	22
322.122	322.754	173	GARAGE	22
322.754	323.25	129	DOOR	22
333.892	333.911	99999	sp	23
333.911	334.498	84	CHALLENGE	23
334.498	334.889	132	EACH	23
334.889	335.589	175	GENERAL'S	23
335.589	336.572	221	INTELLIGENCE	23
346.945	347.875	17	AMBIDEXTROUS	24
347.875	348.951	327	PICKPOCKETS	24
348.951	349.458	6	ACCOMPLISH	24
349.458	349.922	267	MORE	24
359.582	359.641	1	A	25
359.641	360.447	271	MUSCULAR	25
360.447	361.161	2	ABDOMEN	25
361.161	361.345	99999	sp	25
361.345	361.531	224	IS	25
361.531	361.697	189	GOOD	25
361.697	361.882	161	FOR	25
361.882	362.072	496	YOUR	25
362.072	362.591	43	BACK	25
371.857	372.002	438	THEY	26
372.002	372.238	317	OWN	26
372.238	372.372	1	A	26
372.372	372.601	52	BIG	26
372.601	373.242	209	HOUSE	26
373.242	373.303	99999	sp	26
373.303	373.442	217	IN	26
373.442	373.565	434	THE	26
373.565	373.982	361	REMOTE	26
373.982	375.017	109	COUNTRYSIDE	26
384.482	384.499	99999	sp	27
384.499	384.612	434	THE	27
384.612	385.115	369	ROSE	27
385.115	385.942	106	CORSAGE	27
385.942	386.442	393	SMELLED	27
386.442	387.23	421	SWEET	27
397.458	397.702	433	THAT	28
397.702	397.791	99999	sp	28
397.791	398.709	326	PICKPOCKET	28
398.709	398.786	99999	sp	28
398.786	399.043	472	WAS	28
399.043	399.362	80	CAUGHT	28
399.362	399.642	356	RED	28
399.642	400.269	199	HANDED	28
410.271	410.382	19	AN	29
410.382	410.837	9	ADULT	29
410.837	411.192	255	MALE	29
411.192	411.932	42	BABOON'S	29
411.932	412.423	430	TEETH	29
412.423	412.601	30	ARE	29
412.601	412.821	285	NOT	29
412.821	413.422	415	SUITABLE	29
413.422	413.648	161	FOR	29
413.648	414.005	135	EATING	29
414.005	414.911	376	SHELLFISH	29
426.591	426.75	204	HER	30
426.75	427.37	470	WARDROBE	30
427.37	428.221	102	CONSISTS	30
428.221	428.575	294	OF	30
428.575	428.904	298	ONLY	30
428.904	429.648	385	SKIRTS	30
429.648	429.882	20	AND	30
429.882	430.651	54	BLOUSES	30
441.721	441.899	434	THE	31
441.899	442.273	453	TWO	31
442.273	443.103	33	ARTISTS	31
443.103	443.997	147	EXCHANGED	31
443.997	445.101	39	AUTOGRAPHS	31
455.522	455.548	99999	sp	32
455.548	456.315	71	BUTTERSCOTCH	32
456.315	457.009	169	FUDGE	32
457.009	457.115	99999	sp	32
457.115	457.512	186	GOES	32
457.512	458.035	481	WELL	32
458.035	458.291	487	WITH	32
458.291	458.892	463	VANILLA	32
458.892	459.232	212	ICE	32
459.232	459.752	112	CREAM	32
471.975	472.482	366	RICH	33
472.482	472.608	99999	sp	33
472.608	473.232	349	PURCHASED	33
473.232	473.911	374	SEVERAL	33
473.911	474.552	382	SIGNED	33
474.552	475.531	245	LITHOGRAPHS	33
486.122	486.142	99999	sp	34
486.142	486.435	24	ANY	34
486.435	487.531	105	CONTRIBUTIONS	34
487.531	487.712	485	WILL	34
487.712	487.822	47	BE	34
487.822	488.312	195	GREATLY	34
488.312	489.302	28	APPRECIATED	34
500.192	500.211	99999	sp	35
500.211	500.322	434	THE	35
500.322	500.971	111	CRANBERRY	35
500.971	501.446	57	BOG	35
501.446	501.735	178	GETS	35
501.735	502.017	465	VERY	35
502.017	502.48	340	PRETTY	35
502.48	502.644	217	IN	35
502.644	503.052	40	AUTUMN	35
513.991	514.261	210	HOW	36
514.261	514.481	128	DO	36
514.481	515.152	318	OYSTERS	36
515.152	515.422	253	MAKE	36
515.422	516.212	320	PEARLS	36
527.381	527.397	99999	sp	37
527.397	527.554	257	MAY	37
527.554	527.707	211	I	37
527.707	528.157	304	ORDER	37
528.157	528.289	1	A	37
528.289	529.042	319	PARFAIT	37
529.042	529.611	10	AFTER	37
529.611	529.761	211	I	37
529.761	530.019	134	EAT	37
530.019	530.461	124	DINNER	37
541.654	541.731	224	IS	38
541.731	541.981	375	SHE	38
541.981	542.432	187	GOING	38
542.432	542.686	487	WITH	38
542.686	542.998	495	YOU	38
554.282	554.306	99999	sp	39
554.306	554.712	76	CAN	39
554.712	554.865	434	THE	39
554.865	555.662	11	AGENCY	39
555.662	556.461	315	OVERTHROW	39
556.461	556.952	13	ALIEN	39
556.952	557.74	162	FORCES	39
569.284	569.332	1	A	40
569.332	570.303	371	SCREWDRIVER	40
570.303	570.491	224	IS	40
570.491	570.932	252	MADE	40
570.932	571.221	166	FROM	40
571.221	572.015	469	VODKA	40
572.015	572.182	20	AND	40
572.182	572.591	303	ORANGE	40
572.591	573.182	230	JUICE	40
583.355	583.652	210	HOW	41
583.652	583.918	269	MUCH	41
583.918	584.611	16	ALLOWANCE	41
584.611	584.712	128	DO	41
584.712	584.932	495	YOU	41
584.932	585.481	177	GET	41
595.0	595.352	99999	sp	42
595.352	596.942	485	WILL	42
596.942	597.321	281	NEVER	42
597.321	598.031	100	COMPILE	42
608.771	608.796	99999	sp	43
608.796	608.891	434	THE	43
608.891	609.476	61	BOSTON	43
609.476	609.992	45	BALLET	43
609.992	610.755	312	OVERCAME	43
610.755	610.898	435	THEIR	43
610.898	611.361	170	FUNDING	43
611.361	611.942	380	SHORTAGE	43
622.782	622.817	99999	sp	44
622.817	623.16	145	EVERY	44
623.16	623.849	74	CAB	44
623.849	623.922	99999	sp	44
623.922	624.372	280	NEEDS	44
624.372	625.277	364	REPAINTING	44
625.277	626.02	296	OFTEN	44
636.731	636.75	99999	sp	45
636.75	637.1610000000001	203	HELP	45
637.1610000000001	637.222	99999	sp	45
637.222	637.639	196	GREG	45
637.639	637.697	99999	sp	45
637.697	637.85	446	TO	45
637.85	637.905	99999	sp	45
637.905	638.151	325	PICK	45
638.151	638.28	1	A	45
638.28	638.366	99999	sp	45
638.366	638.921	325	PICK	45
638.921	639.115	99999	sp	45
639.115	639.356	294	OF	45
639.356	640.261	338	POTATOES	45
650.0409999999999	650.236	476	WE	46
650.236	650.5840000000001	241	LIKE	46
650.5840000000001	650.783	55	BLUE	46
650.783	651.49	88	CHEESE	46
651.49	651.613	99999	sp	46
651.613	651.746	70	BUT	46
651.746	652.167	466	VICTOR	46
652.167	652.478	242	LIKES	46
652.478	652.566	99999	sp	46
652.566	652.988	64	BRIE	46
663.412	663.444	99999	sp	47
663.444	663.764	108	COUNT	47
663.764	663.858	434	THE	47
663.858	664.5550000000001	289	NUMBER	47
664.5550000000001	664.739	99999	sp	47
664.739	664.934	294	OF	47
664.934	665.924	429	TEASPOONS	47
665.924	666.052	294	OF	47
666.052	667.008	395	SOYSAUCE	47
667.008	667.127	99999	sp	47
667.127	667.278	433	THAT	47
667.278	667.519	495	YOU	47
667.519	667.971	7	ADD	47
679.8820000000001	679.906	99999	sp	48
679.906	680.7570000000001	44	BAGPIPES	48
680.7570000000001	680.822	99999	sp	48
680.822	681.147	20	AND	48
681.147	681.969	59	BONGOS	48
681.969	682.067	99999	sp	48
682.067	682.27	30	ARE	48
682.27	682.772	273	MUSICAL	48
682.772	683.641	220	INSTRUMENTS	48
693.581	693.7909999999999	210	HOW	49
693.7909999999999	694.001	189	GOOD	49
694.001	694.242	224	IS	49
694.242	694.388	496	YOUR	49
694.388	695.1320000000001	138	ENDURANCE	49
1427.862	1427.9	99999	sp	0
1427.9	1428.092	30	ARE	0
1428.092	1428.278	496	YOUR	0
1428.278	1428.685	192	GRADES	0
1428.685	1429.232	206	HIGHER	0
1429.232	1429.442	302	OR	0
1429.442	1429.796	251	LOWER	0
1429.796	1429.982	432	THAN	0
1429.982	1430.745	275	NANCY'S	0
1439.712	1440.062	375	SHE	1
1440.062	1440.416	490	WORE	1
1440.416	1441.08	471	WARM	1
1441.08	1441.632	158	FLEECY	1
1441.632	1442.062	489	WOOLEN	1
1442.062	1442.972	311	OVERALLS	1
1451.683	1452.0819999999999	354	READING	2
1452.0819999999999	1452.233	217	IN	2
1452.233	1452.499	335	POOR	2
1452.499	1453.0529999999999	240	LIGHT	2
1453.0529999999999	1453.413	181	GIVES	2
1453.413	1453.507	495	YOU	2
1453.507	1454.394	150	EYESTRAIN	2
1463.1680000000001	1463.4859999999999	142	EVEN	3
1463.4859999999999	1463.732	211	I	3
1463.732	1464.471	293	OCCASIONALLY	3
1464.471	1464.781	177	GET	3
1464.781	1464.886	99999	sp	3
1464.886	1464.971	434	THE	3
1464.971	1465.411	265	MONDAY	3
1465.411	1466.065	56	BLUES	3
1475.387	1475.504	476	WE	4
1475.504	1475.692	30	ARE	4
1475.692	1476.297	301	OPEN	4
1476.297	1476.672	145	EVERY	4
1476.672	1477.26	265	MONDAY	4
1477.26	1477.8220000000001	143	EVENING	4
1486.562	1486.591	99999	sp	5
1486.591	1486.841	226	IT'S	5
1486.841	1487.115	285	NOT	5
1487.115	1487.512	133	EASY	5
1487.512	1487.68	446	TO	5
1487.68	1488.392	113	CREATE	5
1488.392	1489.165	215	ILLUMINATING	5
1489.165	1490.112	146	EXAMPLES	5
1499.962	1499.978	99999	sp	6
1499.978	1500.387	270	MUM	6
1500.387	1500.962	407	STRONGLY	6
1500.962	1501.632	126	DISLIKES	6
1501.632	1502.593	27	APPETIZERS	6
1511.0819999999999	1511.101	99999	sp	7
1511.101	1511.492	443	THOSE	7
1511.492	1511.635	484	WHO	7
1511.635	1512.012	427	TEACH	7
1512.012	1512.661	462	VALUES	7
1512.661	1513.122	156	FIRST	7
1513.122	1513.7350000000001	4	ABOLISH	7
1513.7350000000001	1514.232	87	CHEATING	7
1522.709	1522.791	434	THE	8
1522.791	1523.3029999999999	165	FRIGHTENED	8
1523.3029999999999	1523.974	89	CHILD	8
1523.974	1524.233	472	WAS	8
1524.233	1524.623	176	GENTLY	8
1524.623	1525.502	410	SUBDUED	8
1525.502	1525.742	73	BY	8
1525.742	1525.992	208	HIS	8
1525.992	1526.202	52	BIG	8
1526.202	1526.712	66	BROTHER	8
1536.124	1536.435	142	EVEN	9
1536.435	1536.533	1	A	9
1536.533	1537.062	383	SIMPLE	9
1537.062	1538.002	468	VOCABULARY	9
1538.002	1538.577	104	CONTAINS	9
1538.577	1539.372	422	SYMBOLS	9
1548.262	1548.2930000000001	99999	sp	10
1548.2930000000001	1548.3890000000001	1	A	10
1548.3890000000001	1548.863	110	CRAB	10
1548.863	1549.452	85	CHALLENGED	10
1549.452	1549.862	258	ME	10
1549.862	1550.1109999999999	99999	sp	10
1550.1109999999999	1550.223	70	BUT	10
1550.223	1550.341	1	A	10
1550.341	1550.612	350	QUICK	10
1550.612	1551.062	402	STAB	10
1551.062	1551.748	464	VANQUISHED	10
1551.748	1552.041	207	HIM	10
1561.591	1561.608	99999	sp	11
1561.608	1562.156	183	GLUCOSE	11
1562.156	1562.392	20	AND	11
1562.392	1563.396	167	FRUCTOSE	11
1563.396	1563.512	99999	sp	11
1563.512	1563.672	30	ARE	11
1563.672	1564.182	276	NATURAL	11
1564.182	1564.872	414	SUGARS	11
1564.872	1565.221	163	FOUND	11
1565.221	1565.348	217	IN	11
1565.348	1565.932	168	FRUIT	11
1575.654	1575.851	30	ARE	12
1575.851	1576.062	495	YOU	12
1576.062	1576.512	250	LOOKING	12
1576.512	1576.721	161	FOR	12
1576.721	1577.471	136	EMPLOYMENT	12
1585.288	1585.712	98	COFFEE	13
1585.712	1585.958	224	IS	13
1585.958	1586.4850000000001	198	GROWN	13
1586.4850000000001	1586.714	297	ON	13
1586.714	1587.2350000000001	404	STEEP	13
1587.2350000000001	1587.742	99999	sp	13
1587.742	1588.151	231	JUNGLE	13
1588.151	1588.392	241	LIKE	13
1588.392	1589.142	390	SLOPES	13
1589.142	1589.327	99999	sp	13
1589.327	1589.512	217	IN	13
1589.512	1589.971	431	TEMPERATE	13
1589.971	1590.661	497	ZONES	13
1601.6779999999999	1601.891	476	WE	14
1601.891	1602.3220000000001	480	WELCOME	14
1602.3220000000001	1602.702	256	MANY	14
1602.702	1602.942	282	NEW	14
1602.942	1603.6390000000001	408	STUDENTS	14
1603.6390000000001	1603.922	132	EACH	14
1603.922	1604.32	491	YEAR	14
1613.062	1613.4270000000001	298	ONLY	15
1613.4270000000001	1613.622	434	THE	15
1613.622	1614.0	51	BEST	15
1614.0	1614.651	330	PLAYERS	15
1614.651	1615.1970000000001	139	ENJOY	15
1615.1970000000001	1616.132	336	POPULARITY	15
1625.151	1625.183	99999	sp	16
1625.183	1625.851	75	CALCIUM	16
1625.851	1626.252	254	MAKES	16
1626.252	1626.976	58	BONES	16
1626.976	1627.242	20	AND	16
1627.242	1627.5720000000001	430	TEETH	16
1627.5720000000001	1628.497	406	STRONG	16
1637.971	1638.6779999999999	286	NOTHING	17
1638.6779999999999	1638.838	224	IS	17
1638.838	1639.031	34	AS	17
1639.031	1639.8319999999999	295	OFFENSIVE	17
1639.8319999999999	1640.062	34	AS	17
1640.062	1640.757	219	INNOCENCE	17
1649.372	1649.392	99999	sp	18
1649.392	1649.911	405	STEVE	18
1649.911	1650.31	490	WORE	18
1650.31	1650.423	1	A	18
1650.423	1650.862	65	BRIGHT	18
1650.862	1651.291	356	RED	18
1651.291	1651.4279999999999	99999	sp	18
1651.4279999999999	1652.0140000000001	78	CASHMERE	18
1652.0140000000001	1652.5140000000001	420	SWEATER	18
1662.952	1662.99	99999	sp	19
1662.99	1663.459	46	BARB'S	19
1663.459	1663.841	188	GOLD	19
1663.841	1664.5720000000001	63	BRACELET	19
1664.5720000000001	1664.752	99999	sp	19
1664.752	1665.0140000000001	472	WAS	19
1665.0140000000001	1665.101	1	A	19
1665.101	1666.022	193	GRADUATION	19
1666.022	1666.5819999999999	339	PRESENT	19
1679.25	1679.646	130	DRAW	20
1679.646	1680.055	145	EVERY	20
1680.055	1680.368	308	OUTER	20
1680.368	1680.732	244	LINE	20
1680.732	1681.3890000000001	156	FIRST	20
1681.3890000000001	1681.685	99999	sp	20
1681.685	1681.9279999999999	436	THEN	20
1681.9279999999999	1682.334	154	FILL	20
1682.334	1682.716	217	IN	20
1682.716	1682.882	434	THE	20
1682.882	1683.672	222	INTERIOR	20
1695.341	1695.367	99999	sp	21
1695.367	1695.411	434	THE	21
1695.411	1695.791	475	WATER	21
1695.791	1696.446	103	CONTAINED	21
1696.446	1696.682	448	TOO	21
1696.682	1696.982	269	MUCH	21
1696.982	1697.8020000000001	90	CHLORINE	21
1697.8020000000001	1697.987	20	AND	21
1697.987	1698.362	409	STUNG	21
1698.362	1698.562	208	HIS	21
1698.562	1699.125	149	EYES	21
1710.113	1710.614	229	JOHN'S	22
1710.614	1711.162	66	BROTHER	22
1711.162	1711.28	99999	sp	22
1711.28	1712.062	363	REPAINTED	22
1712.062	1712.162	434	THE	22
1712.162	1712.662	173	GARAGE	22
1712.662	1713.042	129	DOOR	22
1723.121	1723.144	99999	sp	23
1723.144	1723.721	84	CHALLENGE	23
1723.721	1724.101	132	EACH	23
1724.101	1724.991	175	GENERAL'S	23
1724.991	1726.01	221	INTELLIGENCE	23
1736.702	1737.5720000000001	17	AMBIDEXTROUS	24
1737.5720000000001	1738.511	327	PICKPOCKETS	24
1738.511	1739.261	6	ACCOMPLISH	24
1739.261	1739.8319999999999	267	MORE	24
1749.4270000000001	1749.511	1	A	25
1749.511	1750.1190000000001	271	MUSCULAR	25
1750.1190000000001	1750.784	2	ABDOMEN	25
1750.784	1751.0230000000001	99999	sp	25
1751.0230000000001	1751.283	224	IS	25
1751.283	1751.481	189	GOOD	25
1751.481	1751.682	161	FOR	25
1751.682	1751.827	496	YOUR	25
1751.827	1752.35	43	BACK	25
1762.1309999999999	1762.158	99999	sp	26
1762.158	1762.432	438	THEY	26
1762.432	1762.688	317	OWN	26
1762.688	1762.8220000000001	1	A	26
1762.8220000000001	1763.042	52	BIG	26
1763.042	1763.6	209	HOUSE	26
1763.6	1763.714	99999	sp	26
1763.714	1763.902	217	IN	26
1763.902	1763.981	434	THE	26
1763.981	1764.522	361	REMOTE	26
1764.522	1765.4940000000001	109	COUNTRYSIDE	26
1774.775	1774.912	434	THE	27
1774.912	1775.371	369	ROSE	27
1775.371	1776.251	106	CORSAGE	27
1776.251	1776.751	393	SMELLED	27
1776.751	1777.471	421	SWEET	27
1785.0	1785.731	99999	sp	28
1785.731	1786.921	326	PICKPOCKET	28
1786.921	1787.018	99999	sp	28
1787.018	1787.293	472	WAS	28
1787.293	1787.63	80	CAUGHT	28
1787.63	1787.9	356	RED	28
1787.9	1788.442	199	HANDED	28
1796.63	1796.655	99999	sp	29
1796.655	1796.88	19	AN	29
1796.88	1797.284	9	ADULT	29
1797.284	1797.768	255	MALE	29
1797.768	1798.449	42	BABOON'S	29
1798.449	1798.874	430	TEETH	29
1798.874	1799.385	99999	sp	29
1799.385	1799.57	30	ARE	29
1799.57	1799.84	285	NOT	29
1799.84	1800.611	415	SUITABLE	29
1800.611	1800.981	161	FOR	29
1800.981	1801.412	135	EATING	29
1801.412	1802.402	376	SHELLFISH	29
1814.222	1814.402	204	HER	30
1814.402	1815.021	470	WARDROBE	30
1815.021	1816.042	102	CONSISTS	30
1816.042	1816.38	294	OF	30
1816.38	1816.991	298	ONLY	30
1816.991	1817.92	385	SKIRTS	30
1817.92	1818.023	99999	sp	30
1818.023	1818.35	20	AND	30
1818.35	1819.34	54	BLOUSES	30
1830.48	1830.718	434	THE	31
1830.718	1831.0720000000001	453	TWO	31
1831.0720000000001	1831.81	33	ARTISTS	31
1831.81	1832.77	147	EXCHANGED	31
1832.77	1833.703	39	AUTOGRAPHS	31
1843.011	1843.732	71	BUTTERSCOTCH	32
1843.732	1844.41	169	FUDGE	32
1844.41	1844.55	99999	sp	32
1844.55	1844.919	186	GOES	32
1844.919	1845.392	481	WELL	32
1845.392	1845.535	99999	sp	32
1845.535	1845.761	487	WITH	32
1845.761	1846.13	463	VANILLA	32
1846.13	1846.53	212	ICE	32
1846.53	1847.002	112	CREAM	32
1856.941	1857.361	366	RICH	33
1857.361	1857.903	349	PURCHASED	33
1857.903	1858.671	374	SEVERAL	33
1858.671	1859.162	382	SIGNED	33
1859.162	1860.191	245	LITHOGRAPHS	33
1870.221	1870.23	99999	sp	34
1870.23	1870.546	24	ANY	34
1870.546	1871.671	105	CONTRIBUTIONS	34
1871.671	1871.84	485	WILL	34
1871.84	1871.974	47	BE	34
1871.974	1872.516	195	GREATLY	34
1872.516	1873.471	28	APPRECIATED	34
1882.921	1882.941	99999	sp	35
1882.941	1883.081	434	THE	35
1883.081	1883.855	111	CRANBERRY	35
1883.855	1884.352	57	BOG	35
1884.352	1884.59	99999	sp	35
1884.59	1884.87	178	GETS	35
1884.87	1885.266	465	VERY	35
1885.266	1885.742	340	PRETTY	35
1885.742	1885.915	99999	sp	35
1885.915	1886.081	217	IN	35
1886.081	1886.581	40	AUTUMN	35
1895.76	1896.159	210	HOW	36
1896.159	1896.302	128	DO	36
1896.302	1897.055	318	OYSTERS	36
1897.055	1897.147	99999	sp	36
1897.147	1897.471	253	MAKE	36
1897.471	1898.132	320	PEARLS	36
1907.471	1907.489	99999	sp	37
1907.489	1907.683	257	MAY	37
1907.683	1907.861	211	I	37
1907.861	1908.26	304	ORDER	37
1908.26	1908.376	1	A	37
1908.376	1909.084	319	PARFAIT	37
1909.084	1909.1680000000001	99999	sp	37
1909.1680000000001	1909.675	10	AFTER	37
1909.675	1909.831	211	I	37
1909.831	1910.129	134	EAT	37
1910.129	1910.54	124	DINNER	37
1919.982	1920.0140000000001	99999	sp	38
1920.0140000000001	1920.198	224	IS	38
1920.198	1920.526	375	SHE	38
1920.526	1920.872	187	GOING	38
1920.872	1921.145	487	WITH	38
1921.145	1921.492	495	YOU	38
1929.272	1929.312	99999	sp	39
1929.312	1929.602	76	CAN	39
1929.602	1929.714	434	THE	39
1929.714	1930.53	11	AGENCY	39
1930.53	1931.2359999999999	315	OVERTHROW	39
1931.2359999999999	1931.694	13	ALIEN	39
1931.694	1932.362	162	FORCES	39
1941.772	1941.799	99999	sp	40
1941.799	1941.885	1	A	40
1941.885	1942.882	371	SCREWDRIVER	40
1942.882	1943.116	224	IS	40
1943.116	1943.443	252	MADE	40
1943.443	1943.782	166	FROM	40
1943.782	1944.392	469	VODKA	40
1944.392	1944.627	99999	sp	40
1944.627	1944.855	20	AND	40
1944.855	1945.341	303	ORANGE	40
1945.341	1945.882	230	JUICE	40
1955.912	1955.9279999999999	99999	sp	41
1955.9279999999999	1956.196	210	HOW	41
1956.196	1956.512	269	MUCH	41
1956.512	1957.318	16	ALLOWANCE	41
1957.318	1957.4470000000001	99999	sp	41
1957.4470000000001	1957.5720000000001	128	DO	41
1957.5720000000001	1957.812	495	YOU	41
1957.812	1958.272	177	GET	41
1966.502	1967.949	115	CYCLICAL	42
1967.949	1968.762	346	PROGRAMS	42
1968.762	1968.819	99999	sp	42
1968.819	1969.007	485	WILL	42
1969.007	1969.401	281	NEVER	42
1969.401	1970.112	100	COMPILE	42
1979.092	1979.112	99999	sp	43
1979.112	1979.202	434	THE	43
1979.202	1979.812	61	BOSTON	43
1979.812	1980.532	45	BALLET	43
1980.532	1980.612	99999	sp	43
1980.612	1981.342	312	OVERCAME	43
1981.342	1981.532	435	THEIR	43
1981.532	1982.022	170	FUNDING	43
1982.022	1982.8319999999999	380	SHORTAGE	43
1992.272	1992.282	99999	sp	44
1992.282	1992.663	145	EVERY	44
1992.663	1993.062	74	CAB	44
1993.062	1993.461	280	NEEDS	44
1993.461	1994.1390000000001	364	REPAINTING	44
1994.1390000000001	1994.762	296	OFTEN	44
2004.232	2004.62	203	HELP	45
2004.62	2005.075	196	GREG	45
2005.075	2005.312	446	TO	45
2005.312	2005.702	325	PICK	45
2005.702	2005.8029999999999	99999	sp	45
2005.8029999999999	2006.001	1	A	45
2006.001	2006.467	321	PECK	45
2006.467	2006.552	99999	sp	45
2006.552	2006.815	294	OF	45
2006.815	2007.712	338	POTATOES	45
2016.495	2016.684	476	WE	46
2016.684	2017.026	241	LIKE	46
2017.026	2017.258	55	BLUE	46
2017.258	2017.935	88	CHEESE	46
2017.935	2018.02	99999	sp	46
2018.02	2018.181	70	BUT	46
2018.181	2018.585	466	VICTOR	46
2018.585	2019.008	242	LIKES	46
2019.008	2019.442	64	BRIE	46
2028.472	2028.499	99999	sp	47
2028.499	2028.799	108	COUNT	47
2028.799	2028.883	434	THE	47
2028.883	2029.358	289	NUMBER	47
2029.358	2029.534	294	OF	47
2029.534	2030.372	429	TEASPOONS	47
2030.372	2030.4859999999999	294	OF	47
2030.4859999999999	2031.387	395	SOYSAUCE	47
2031.387	2031.577	433	THAT	47
2031.577	2031.818	495	YOU	47
2031.818	2032.3319999999999	7	ADD	47
2041.851	2041.879	99999	sp	48
2041.879	2042.5720000000001	44	BAGPIPES	48
2042.5720000000001	2042.825	20	AND	48
2042.825	2043.704	59	BONGOS	48
2043.704	2043.901	30	ARE	48
2043.901	2044.483	273	MUSICAL	48
2044.483	2045.375	220	INSTRUMENTS	48
2054.548	2054.85	210	HOW	49
2054.85	2055.101	189	GOOD	49
2055.101	2055.302	224	IS	49
2055.302	2055.565	496	YOUR	49
2055.565	2056.392	138	ENDURANCE	49
2717.853	2718.082	30	ARE	0
2718.082	2718.341	496	YOUR	0
2718.341	2718.952	192	GRADES	0
2718.952	2719.603	206	HIGHER	0
2719.603	2719.73	99999	sp	0
2719.73	2719.911	302	OR	0
2719.911	2720.401	251	LOWER	0
2720.401	2720.612	432	THAN	0
2720.612	2721.522	275	NANCY'S	0
2731.482	2731.803	375	SHE	1
2731.803	2732.132	490	WORE	1
2732.132	2732.791	471	WARM	1
2732.791	2733.002	99999	sp	1
2733.002	2733.661	158	FLEECY	1
2733.661	2734.272	489	WOOLEN	1
2734.272	2735.372	311	OVERALLS	1
2744.565	2745.016	354	READING	2
2745.016	2745.182	217	IN	2
2745.182	2745.512	335	POOR	2
2745.512	2746.074	240	LIGHT	2
2746.074	2746.165	99999	sp	2
2746.165	2746.517	181	GIVES	2
2746.517	2746.649	495	YOU	2
2746.649	2747.552	150	EYESTRAIN	2
2755.25	2755.612	142	EVEN	3
2755.612	2756.002	211	I	3
2756.002	2756.742	293	OCCASIONALLY	3
2756.742	2757.202	177	GET	3
2757.202	2757.319	99999	sp	3
2757.319	2757.432	434	THE	3
2757.432	2757.87	265	MONDAY	3
2757.87	2758.473	56	BLUES	3
2766.802	2766.932	476	WE	4
2766.932	2767.137	30	ARE	4
2767.137	2767.802	301	OPEN	4
2767.802	2767.868	99999	sp	4
2767.868	2768.262	145	EVERY	4
2768.262	2768.8450000000003	265	MONDAY	4
2768.8450000000003	2769.62	143	EVENING	4
2777.221	2777.255	99999	sp	5
2777.255	2777.541	226	IT'S	5
2777.541	2777.791	285	NOT	5
2777.791	2778.154	133	EASY	5
2778.154	2778.329	446	TO	5
2778.329	2779.122	113	CREATE	5
2779.122	2779.88	215	ILLUMINATING	5
2779.88	2780.822	146	EXAMPLES	5
2790.031	2790.3940000000002	270	MUM	6
2790.3940000000002	2790.942	407	STRONGLY	6
2790.942	2791.591	126	DISLIKES	6
2791.591	2792.541	27	APPETIZERS	6
2800.462	2800.486	99999	sp	7
2800.486	2800.817	443	THOSE	7
2800.817	2800.927	484	WHO	7
2800.927	2801.281	427	TEACH	7
2801.281	2801.982	462	VALUES	7
2801.982	2802.375	156	FIRST	7
2802.375	2802.906	4	ABOLISH	7
2802.906	2803.432	87	CHEATING	7
2811.738	2811.932	434	THE	8
2811.932	2812.531	165	FRIGHTENED	8
2812.531	2813.204	89	CHILD	8
2813.204	2813.305	99999	sp	8
2813.305	2813.591	472	WAS	8
2813.591	2814.096	176	GENTLY	8
2814.096	2815.026	410	SUBDUED	8
2815.026	2815.202	73	BY	8
2815.202	2815.522	208	HIS	8
2815.522	2815.793	52	BIG	8
2815.793	2816.332	66	BROTHER	8
2826.242	2826.632	142	EVEN	9
2826.632	2826.709	1	A	9
2826.709	2827.197	383	SIMPLE	9
2827.197	2828.184	468	VOCABULARY	9
2828.184	2828.314	99999	sp	9
2828.314	2828.954	104	CONTAINS	9
2828.954	2829.916	422	SYMBOLS	9
2838.927	2839.043	1	A	10
2839.043	2839.494	110	CRAB	10
2839.494	2840.112	85	CHALLENGED	10
2840.112	2840.582	258	ME	10
2840.582	2840.834	99999	sp	10
2840.834	2840.982	70	BUT	10
2840.982	2841.12	1	A	10
2841.12	2841.392	350	QUICK	10
2841.392	2842.002	402	STAB	10
2842.002	2842.149	99999	sp	10
2842.149	2842.68	464	VANQUISHED	10
2842.68	2843.031	207	HIM	10
2852.632	2852.659	99999	sp	11
2852.659	2853.226	183	GLUCOSE	11
2853.226	2853.362	20	AND	11
2853.362	2854.192	167	FRUCTOSE	11
2854.192	2854.411	30	ARE	11
2854.411	2854.875	276	NATURAL	11
2854.875	2855.636	414	SUGARS	11
2855.636	2855.796	99999	sp	11
2855.796	2856.115	163	FOUND	11
2856.115	2856.248	217	IN	11
2856.248	2856.946	168	FRUIT	11
2866.897	2867.052	30	ARE	12
2867.052	2867.214	495	YOU	12
2867.214	2867.672	250	LOOKING	12
2867.672	2867.911	161	FOR	12
2867.911	2868.802	136	EMPLOYMENT	12
2877.362	2877.389	99999	sp	13
2877.389	2877.802	98	COFFEE	13
2877.802	2877.976	224	IS	13
2877.976	2878.343	198	GROWN	13
2878.343	2878.531	297	ON	13
2878.531	2879.238	404	STEEP	13
2879.238	2879.781	231	JUNGLE	13
2879.781	2880.012	241	LIKE	13
2880.012	2880.742	390	SLOPES	13
2880.742	2880.874	99999	sp	13
2880.874	2881.082	217	IN	13
2881.082	2881.541	431	TEMPERATE	13
2881.541	2882.291	497	ZONES	13
2892.667	2892.922	476	WE	14
2892.922	2893.351	480	WELCOME	14
2893.351	2893.721	256	MANY	14
2893.721	2893.952	282	NEW	14
2893.952	2894.792	408	STUDENTS	14
2894.792	2895.029	99999	sp	14
2895.029	2895.39	132	EACH	14
2895.39	2896.032	491	YEAR	14
2904.962	2904.9809999999998	99999	sp	15
2904.9809999999998	2905.341	298	ONLY	15
2905.341	2905.501	434	THE	15
2905.501	2905.871	51	BEST	15
2905.871	2906.572	330	PLAYERS	15
2906.572	2907.022	139	ENJOY	15
2907.022	2907.861	336	POPULARITY	15
2916.126	2916.702	75	CALCIUM	16
2916.702	2917.053	254	MAKES	16
2917.053	2917.582	58	BONES	16
2917.582	2917.772	20	AND	16
2917.772	2918.105	430	TEETH	16
2918.105	2918.962	406	STRONG	16
2926.822	2927.398	286	NOTHING	17
2927.398	2927.625	224	IS	17
2927.625	2927.7690000000002	34	AS	17
2927.7690000000002	2928.548	295	OFFENSIVE	17
2928.548	2928.833	34	AS	17
2928.833	2928.964	99999	sp	17
2928.964	2929.782	219	INNOCENCE	17
2937.538	2938.042	405	STEVE	18
2938.042	2938.303	490	WORE	18
2938.303	2938.471	1	A	18
2938.471	2938.9120000000003	65	BRIGHT	18
2938.9120000000003	2939.351	356	RED	18
2939.351	2939.5280000000002	99999	sp	18
2939.5280000000002	2940.114	78	CASHMERE	18
2940.114	2940.652	420	SWEATER	18
2949.332	2949.361	99999	sp	19
2949.361	2949.822	46	BARB'S	19
2949.822	2950.202	188	GOLD	19
2950.202	2951.011	63	BRACELET	19
2951.011	2951.096	99999	sp	19
2951.096	2951.302	472	WAS	19
2951.302	2951.373	1	A	19
2951.373	2952.2309999999998	193	GRADUATION	19
2952.2309999999998	2952.802	339	PRESENT	19
2961.821	2962.216	130	DRAW	20
2962.216	2962.721	145	EVERY	20
2962.721	2963.139	308	OUTER	20
2963.139	2963.562	244	LINE	20
2963.562	2964.302	156	FIRST	20
2964.302	2964.413	99999	sp	20
2964.413	2964.751	436	THEN	20
2964.751	2965.12	154	FILL	20
2965.12	2965.522	217	IN	20
2965.522	2965.672	99999	sp	20
2965.672	2965.851	434	THE	20
2965.851	2966.601	222	INTERIOR	20
2976.703	2976.808	434	THE	21
2976.808	2977.208	475	WATER	21
2977.208	2977.794	103	CONTAINED	21
2977.794	2978.16	448	TOO	21
2978.16	2978.5	269	MUCH	21
2978.5	2979.432	90	CHLORINE	21
2979.432	2979.594	99999	sp	21
2979.594	2979.784	20	AND	21
2979.784	2980.202	409	STUNG	21
2980.202	2980.482	208	HIS	21
2980.482	2981.242	149	EYES	21
2990.928	2991.521	229	JOHN'S	22
2991.521	2991.942	66	BROTHER	22
2991.942	2992.852	363	REPAINTED	22
2992.852	2993.039	99999	sp	22
2993.039	2993.162	434	THE	22
2993.162	2993.832	173	GARAGE	22
2993.832	2994.282	129	DOOR	22
3003.072	3003.753	84	CHALLENGE	23
3003.753	3004.114	132	EACH	23
3004.114	3004.912	175	GENERAL'S	23
3004.912	3005.962	221	INTELLIGENCE	23
3013.712	3014.655	17	AMBIDEXTROUS	24
3014.655	3015.67	327	PICKPOCKETS	24
3015.67	3015.734	99999	sp	24
3015.734	3016.392	6	ACCOMPLISH	24
3016.392	3016.892	267	MORE	24
3026.123	3026.236	1	A	25
3026.236	3026.99	271	MUSCULAR	25
3026.99	3027.761	2	ABDOMEN	25
3027.761	3028.029	99999	sp	25
3028.029	3028.288	224	IS	25
3028.288	3028.49	189	GOOD	25
3028.49	3028.73	161	FOR	25
3028.73	3028.996	496	YOUR	25
3028.996	3029.249037675672	43	BACK	25
3039.049	3039.322	438	THEY	26
3039.322	3039.603	317	OWN	26
3039.603	3039.799	1	A	26
3039.799	3039.98	52	BIG	26
3039.98	3040.65	209	HOUSE	26
3040.65	3040.919	99999	sp	26
3040.919	3041.135	217	IN	26
3041.135	3041.257	434	THE	26
3041.257	3041.95	361	REMOTE	26
3041.95	3042.096	99999	sp	26
3042.096	3043.072	109	COUNTRYSIDE	26
3052.826	3052.95	434	THE	27
3052.95	3053.448	369	ROSE	27
3053.448	3054.352	106	CORSAGE	27
3054.352	3054.617	99999	sp	27
3054.617	3055.2	393	SMELLED	27
3055.2	3056.022	421	SWEET	27
3064.834	3065.338	433	THAT	28
3065.338	3066.26	326	PICKPOCKET	28
3066.26	3066.388	99999	sp	28
3066.388	3066.728	472	WAS	28
3066.728	3067.242	80	CAUGHT	28
3067.242	3067.531	99999	sp	28
3067.531	3067.891	356	RED	28
3067.891	3068.572	199	HANDED	28
3077.567	3077.691	19	AN	29
3077.691	3078.162	9	ADULT	29
3078.162	3078.317	99999	sp	29
3078.317	3078.712	255	MALE	29
3078.712	3079.338	42	BABOON'S	29
3079.338	3079.84	430	TEETH	29
3079.84	3080.114	99999	sp	29
3080.114	3080.29	30	ARE	29
3080.29	3080.54	285	NOT	29
3080.54	3081.281	415	SUITABLE	29
3081.281	3081.522	99999	sp	29
3081.522	3081.811	161	FOR	29
3081.811	3082.237	135	EATING	29
3082.237	3083.15	376	SHELLFISH	29
3093.802	3094.046	204	HER	30
3094.046	3094.612	470	WARDROBE	30
3094.612	3095.591	102	CONSISTS	30
3095.591	3095.831	294	OF	30
3095.831	3096.249	298	ONLY	30
3096.249	3097.12	385	SKIRTS	30
3097.12	3097.206	99999	sp	30
3097.206	3097.51	20	AND	30
3097.51	3098.358	54	BLOUSES	30
3108.513	3108.684	434	THE	31
3108.684	3108.942	453	TWO	31
3108.942	3109.712	33	ARTISTS	31
3109.712	3110.534	147	EXCHANGED	31
3110.534	3111.482	39	AUTOGRAPHS	31
3120.125	3120.832	71	BUTTERSCOTCH	32
3120.832	3121.543	169	FUDGE	32
3121.543	3121.9	186	GOES	32
3121.9	3122.422	481	WELL	32
3122.422	3122.633	487	WITH	32
3122.633	3123.012	463	VANILLA	32
3123.012	3123.352	212	ICE	32
3123.352	3123.752	112	CREAM	32
3133.611	3134.159	366	RICH	33
3134.159	3134.615	349	PURCHASED	33
3134.615	3135.36	374	SEVERAL	33
3135.36	3135.931	382	SIGNED	33
3135.931	3136.972	245	LITHOGRAPHS	33
3147.613	3147.901	24	ANY	34
3147.901	3148.992	105	CONTRIBUTIONS	34
3148.992	3149.16	485	WILL	34
3149.16	3149.288	47	BE	34
3149.288	3149.931	195	GREATLY	34
3149.931	3150.931	28	APPRECIATED	34
3159.803	3159.91	434	THE	35
3159.91	3160.552	111	CRANBERRY	35
3160.552	3161.112	57	BOG	35
3161.112	3161.282	99999	sp	35
3161.282	3161.552	178	GETS	35
3161.552	3161.904	465	VERY	35
3161.904	3162.407	340	PRETTY	35
3162.407	3162.73	99999	sp	35
3162.73	3162.924	217	IN	35
3162.924	3163.342	40	AUTUMN	35
3172.288	3172.573	210	HOW	36
3172.573	3172.732	128	DO	36
3172.732	3173.322	318	OYSTERS	36
3173.322	3173.645	253	MAKE	36
3173.645	3174.332	320	PEARLS	36
3182.898	3183.132	257	MAY	37
3183.132	3183.312	211	I	37
3183.312	3183.671	304	ORDER	37
3183.671	3183.841	1	A	37
3183.841	3184.657	319	PARFAIT	37
3184.657	3185.136	10	AFTER	37
3185.136	3185.302	211	I	37
3185.302	3185.689	134	EAT	37
3185.689	3186.142	124	DINNER	37
3194.87	3194.983	224	IS	38
3194.983	3195.296	375	SHE	38
3195.296	3195.643	187	GOING	38
3195.643	3195.897	487	WITH	38
3195.897	3196.252	495	YOU	38
3203.038	3203.341	76	CAN	39
3203.341	3203.512	434	THE	39
3203.512	3204.292	11	AGENCY	39
3204.292	3205.043	315	OVERTHROW	39
3205.043	3205.532	13	ALIEN	39
3205.532	3206.181	162	FORCES	39
3214.48	3214.594	1	A	40
3214.594	3215.482	371	SCREWDRIVER	40
3215.482	3215.642	224	IS	40
3215.642	3216.202	252	MADE	40
3216.202	3216.365	99999	sp	40
3216.365	3216.702	166	FROM	40
3216.702	3217.332	469	VODKA	40
3217.332	3217.671	99999	sp	40
3217.671	3217.892	20	AND	40
3217.892	3218.452	303	ORANGE	40
3218.452	3219.012	230	JUICE	40
3228.651	3228.907	210	HOW	41
3228.907	3229.162	269	MUCH	41
3229.162	3230.052	16	ALLOWANCE	41
3230.052	3230.127	99999	sp	41
3230.127	3230.232	128	DO	41
3230.232	3230.538	495	YOU	41
3230.538	3231.0190000000002	177	GET	41
3238.641	3239.899	115	CYCLICAL	42
3239.899	3240.76	346	PROGRAMS	42
3240.76	3240.887	99999	sp	42
3240.887	3241.147	485	WILL	42
3241.147	3241.4610000000002	281	NEVER	42
3241.4610000000002	3242.101	100	COMPILE	42
3250.776	3250.956	434	THE	43
3250.956	3251.483	61	BOSTON	43
3251.483	3252.274	45	BALLET	43
3252.274	3253.005	312	OVERCAME	43
3253.005	3253.172	435	THEIR	43
3253.172	3253.69	170	FUNDING	43
3253.69	3254.512	380	SHORTAGE	43
3263.55	3263.932	145	EVERY	44
3263.932	3264.411	74	CAB	44
3264.411	3264.601	99999	sp	44
3264.601	3265.046	280	NEEDS	44
3265.046	3266.242	364	REPAINTING	44
3266.242	3266.841	296	OFTEN	44
3275.521	3275.918	203	HELP	45
3275.918	3276.4809999999998	196	GREG	45
3276.4809999999998	3276.62	99999	sp	45
3276.62	3276.849	446	TO	45
3276.849	3277.281	325	PICK	45
3277.281	3277.552	99999	sp	45
3277.552	3277.733	1	A	45
3277.733	3278.132	321	PECK	45
3278.132	3278.512	99999	sp	45
3278.512	3278.761	294	OF	45
3278.761	3279.5950000000003	338	POTATOES	45
3289.077	3289.281	476	WE	46
3289.281	3289.607	241	LIKE	46
3289.607	3289.841	55	BLUE	46
3289.841	3290.622	88	CHEESE	46
3290.622	3291.053	99999	sp	46
3291.053	3291.232	70	BUT	46
3291.232	3291.812	466	VICTOR	46
3291.812	3292.252	99999	sp	46
3292.252	3292.802	242	LIKES	46
3292.802	3293.351	64	BRIE	46
3302.877	3303.257	108	COUNT	47
3303.257	3303.351	434	THE	47
3303.351	3304.047	289	NUMBER	47
3304.047	3304.281	294	OF	47
3304.281	3305.112	429	TEASPOONS	47
3305.112	3305.249	294	OF	47
3305.249	3306.098	395	SOYSAUCE	47
3306.098	3306.245	99999	sp	47
3306.245	3306.488	433	THAT	47
3306.488	3306.721	495	YOU	47
3306.721	3307.172	7	ADD	47
3316.632	3317.732	44	BAGPIPES	48
3317.732	3317.886	99999	sp	48
3317.886	3318.123	20	AND	48
3318.123	3319.041	59	BONGOS	48
3319.041	3319.283	99999	sp	48
3319.283	3319.444	30	ARE	48
3319.444	3320.182	273	MUSICAL	48
3320.182	3320.6440000000002	99999	sp	48
3320.6440000000002	3321.712	220	INSTRUMENTS	48
3332.091	3332.459	210	HOW	49
3332.459	3332.682	189	GOOD	49
3332.682	3332.882	224	IS	49
3332.882	3333.262	496	YOUR	49
3333.262	3334.382	138	ENDURANCE	49
