715.572	715.603	99999	sp	0
715.603	715.802	30	ARE	0
715.802	716.029	496	YOUR	0
716.029	716.431	192	GRADES	0
716.431	717.031	206	HIGHER	0
717.031	717.108	99999	sp	0
717.108	717.272	302	OR	0
717.272	717.644	251	LOWER	0
717.644	717.831	432	THAN	0
717.831	718.591	275	NANCY'S	0
731.4010000000001	731.422	99999	sp	1
731.422	731.865	375	SHE	1
731.865	732.212	490	WORE	1
732.212	732.894	471	WARM	1
732.894	733.7570000000001	158	FLEECY	1
733.7570000000001	733.925	99999	sp	1
733.925	734.37	489	WOOLEN	1
734.37	735.292	311	OVERALLS	1
745.262	745.667	354	READING	2
745.667	745.863	217	IN	2
745.863	746.111	335	POOR	2
746.111	746.681	240	LIGHT	2
746.681	746.825	99999	sp	2
746.825	747.23	181	GIVES	2
747.23	747.4010000000001	495	YOU	2
747.4010000000001	748.4010000000001	150	EYESTRAIN	2
758.822	758.835	99999	sp	3
758.835	759.169	142	EVEN	3
759.169	759.392	211	I	3
759.392	760.072	293	OCCASIONALLY	3
760.072	760.242	177	GET	3
760.242	760.312	99999	sp	3
760.312	760.3820000000001	434	THE	3
760.3820000000001	760.822	265	MONDAY	3
760.822	761.6320000000001	56	BLUES	3
772.2719999999999	772.298	99999	sp	4
772.298	772.392	476	WE	4
772.392	772.568	30	ARE	4
772.568	772.912	301	OPEN	4
772.912	773.248	145	EVERY	4
773.248	773.6220000000001	265	MONDAY	4
773.6220000000001	774.282	143	EVENING	4
784.762	784.788	99999	sp	5
784.788	784.9970000000001	226	IT'S	5
784.9970000000001	785.222	285	NOT	5
785.222	785.636	133	EASY	5
785.636	785.79	446	TO	5
785.79	786.312	113	CREATE	5
786.312	787.072	215	ILLUMINATING	5
787.072	787.906	146	EXAMPLES	5
799.1220000000001	799.148	99999	sp	6
799.148	799.512	270	MUM	6
799.512	800.08	407	STRONGLY	6
800.08	800.731	126	DISLIKES	6
800.731	801.702	27	APPETIZERS	6
812.082	812.1	99999	sp	7
812.1	812.491	443	THOSE	7
812.491	812.611	484	WHO	7
812.611	812.952	427	TEACH	7
812.952	813.722	462	VALUES	7
813.722	814.138	156	FIRST	7
814.138	814.752	4	ABOLISH	7
814.752	815.352	87	CHEATING	7
824.482	824.508	99999	sp	8
824.508	824.592	434	THE	8
824.592	825.125	165	FRIGHTENED	8
825.125	825.662	89	CHILD	8
825.662	826.068	472	WAS	8
826.068	826.5219999999999	176	GENTLY	8
826.5219999999999	827.35	410	SUBDUED	8
827.35	827.523	99999	sp	8
827.523	827.722	73	BY	8
827.722	828.029	208	HIS	8
828.029	828.242	52	BIG	8
828.242	828.36	99999	sp	8
828.36	828.77	66	BROTHER	8
839.592	839.61	99999	sp	9
839.61	839.975	142	EVEN	9
839.975	840.038	1	A	9
840.038	840.512	383	SIMPLE	9
840.512	841.4300000000001	468	VOCABULARY	9
841.4300000000001	842.0219999999999	104	CONTAINS	9
842.0219999999999	842.8720000000001	422	SYMBOLS	9
852.672	852.809	1	A	10
852.809	853.171	110	CRAB	10
853.171	853.6510000000001	85	CHALLENGED	10
853.6510000000001	854.002	258	ME	10
854.002	854.3620000000001	99999	sp	10
854.3620000000001	854.462	70	BUT	10
854.462	854.5830000000001	1	A	10
854.5830000000001	854.802	350	QUICK	10
854.802	855.262	402	STAB	10
855.262	855.781	464	VANQUISHED	10
855.781	856.002	207	HIM	10
865.735	866.2570000000001	183	GLUCOSE	11
866.2570000000001	866.392	20	AND	11
866.392	867.22	167	FRUCTOSE	11
867.22	867.3820000000001	30	ARE	11
867.3820000000001	867.8620000000001	276	NATURAL	11
867.8620000000001	868.512	414	SUGARS	11
868.512	869.0889999999999	163	FOUND	11
869.0889999999999	869.238	217	IN	11
869.238	869.832	168	FRUIT	11
880.153	880.2760000000001	30	ARE	12
880.2760000000001	880.422	495	YOU	12
880.422	880.7280000000001	250	LOOKING	12
880.7280000000001	880.952	161	FOR	12
880.952	881.692	136	EMPLOYMENT	12
893.2570000000001	893.672	98	COFFEE	13
893.672	893.8720000000001	224	IS	13
893.8720000000001	894.197	198	GROWN	13
894.197	894.396	297	ON	13
894.396	894.892	404	STEEP	13
894.892	895.2909999999999	99999	sp	13
895.2909999999999	895.742	231	JUNGLE	13
895.742	896.0360000000001	241	LIKE	13
896.0360000000001	896.7719999999999	390	SLOPES	13
896.7719999999999	896.841	99999	sp	13
896.841	897.127	217	IN	13
897.127	897.587	431	TEMPERATE	13
897.587	898.298	497	ZONES	13
908.392	908.418	99999	sp	14
908.418	908.5409999999999	476	WE	14
908.5409999999999	908.971	480	WELCOME	14
908.971	909.2719999999999	256	MANY	14
909.2719999999999	909.4639999999999	282	NEW	14
909.4639999999999	910.062	408	STUDENTS	14
910.062	910.3820000000001	132	EACH	14
910.3820000000001	910.742	491	YEAR	14
921.767	922.038	298	ONLY	15
922.038	922.196	434	THE	15
922.196	922.502	51	BEST	15
922.502	922.998	330	PLAYERS	15
922.998	923.337	139	ENJOY	15
923.337	924.091	336	POPULARITY	15
935.4110000000001	935.44	99999	sp	16
935.44	935.952	75	CALCIUM	16
935.952	936.341	254	MAKES	16
936.341	936.88	58	BONES	16
936.88	937.038	20	AND	16
937.038	937.346	430	TEETH	16
937.346	938.052	406	STRONG	16
952.012	952.6120000000001	286	NOTHING	17
952.6120000000001	952.7280000000001	224	IS	17
952.7280000000001	953.0350000000001	88888	OFE	17
953.0350000000001	953.1610000000001	99999	sp	17
953.1610000000001	953.3820000000001	34	AS	17
953.3820000000001	954.0409999999999	295	OFFENSIVE	17
954.0409999999999	954.146	99999	sp	17
954.146	954.332	34	AS	17
954.332	955.031	219	INNOCENCE	17
969.812	969.837	99999	sp	18
969.837	970.3389999999999	405	STEVE	18
970.3389999999999	970.649	490	WORE	18
970.649	970.75	1	A	18
970.75	971.0930000000001	65	BRIGHT	18
971.0930000000001	971.425	356	RED	18
971.425	971.596	99999	sp	18
971.596	972.108	78	CASHMERE	18
972.108	972.591	420	SWEATER	18
981.1220000000001	981.154	99999	sp	19
981.154	981.627	46	BARB'S	19
981.627	981.998	188	GOLD	19
981.998	982.725	63	BRACELET	19
982.725	982.98	99999	sp	19
982.98	983.242	472	WAS	19
983.242	983.296	1	A	19
983.296	984.1700000000001	193	GRADUATION	19
984.1700000000001	984.712	339	PRESENT	19
996.591	996.61	99999	sp	20
996.61	996.961	130	DRAW	20
996.961	997.392	145	EVERY	20
997.392	997.6510000000001	308	OUTER	20
997.6510000000001	997.969	244	LINE	20
997.969	998.6610000000001	156	FIRST	20
998.6610000000001	998.9739999999999	99999	sp	20
998.9739999999999	999.212	436	THEN	20
999.212	999.601	154	FILL	20
999.601	999.832	217	IN	20
999.832	999.971	434	THE	20
999.971	1000.712	222	INTERIOR	20
1011.6610000000001	1011.723	99999	sp	21
1011.723	1011.7950000000001	434	THE	21
1011.7950000000001	1012.1610000000001	475	WATER	21
1012.1610000000001	1012.7719999999999	103	CONTAINED	21
1012.7719999999999	1012.861	99999	sp	21
1012.861	1013.1610000000001	448	TOO	21
1013.1610000000001	1013.442	269	MUCH	21
1013.442	1014.144	90	CHLORINE	21
1014.144	1014.3340000000001	20	AND	21
1014.3340000000001	1014.851	409	STUNG	21
1014.851	1015.1510000000001	208	HIS	21
1015.1510000000001	1015.762	149	EYES	21
1026.5819999999999	1027.123	229	JOHN'S	22
1027.123	1027.635	66	BROTHER	22
1027.635	1027.702	99999	sp	22
1027.702	1028.432	363	REPAINTED	22
1028.432	1028.536	434	THE	22
1028.536	1029.1109999999999	173	GARAGE	22
1029.1109999999999	1029.531	129	DOOR	22
1040.702	1040.723	99999	sp	23
1040.723	1041.3020000000001	84	CHALLENGE	23
1041.3020000000001	1041.632	132	EACH	23
1041.632	1042.421	175	GENERAL'S	23
1042.421	1043.392	221	INTELLIGENCE	23
1053.721	1053.748	99999	sp	24
1053.748	1054.651	17	AMBIDEXTROUS	24
1054.651	1055.605	327	PICKPOCKETS	24
1055.605	1055.642	99999	sp	24
1055.642	1056.212	6	ACCOMPLISH	24
1056.212	1056.651	267	MORE	24
1069.182	1069.202	99999	sp	25
1069.202	1069.291	1	A	25
1069.291	1069.863	271	MUSCULAR	25
1069.863	1070.5720000000001	2	ABDOMEN	25
1070.5720000000001	1070.776	99999	sp	25
1070.776	1071.019	224	IS	25
1071.019	1071.202	189	GOOD	25
1071.202	1071.392	161	FOR	25
1071.392	1071.584	496	YOUR	25
1071.584	1072.022	43	BACK	25
1081.892	1081.9180000000001	99999	sp	26
1081.9180000000001	1082.134	438	THEY	26
1082.134	1082.339	317	OWN	26
1082.339	1082.519	1	A	26
1082.519	1082.733	52	BIG	26
1082.733	1083.379	209	HOUSE	26
1083.379	1083.482	99999	sp	26
1083.482	1083.6390000000001	217	IN	26
1083.6390000000001	1083.712	434	THE	26
1083.712	1084.216	361	REMOTE	26
1084.216	1085.132	109	COUNTRYSIDE	26
1098.041	1098.0810000000001	99999	sp	27
1098.0810000000001	1098.172	434	THE	27
1098.172	1098.692	369	ROSE	27
1098.692	1099.452	106	CORSAGE	27
1099.452	1099.904	393	SMELLED	27
1099.904	1100.632	421	SWEET	27
1110.5520000000001	1110.567	99999	sp	28
1110.567	1110.873	433	THAT	28
1110.873	1111.6660000000002	326	PICKPOCKET	28
1111.6660000000002	1111.894	472	WAS	28
1111.894	1112.261	80	CAUGHT	28
1112.261	1112.578	356	RED	28
1112.578	1113.202	199	HANDED	28
1124.292	1124.462	19	AN	29
1124.462	1124.855	9	ADULT	29
1124.855	1125.1970000000001	255	MALE	29
1125.1970000000001	1125.8899999999999	42	BABOON'S	29
1125.8899999999999	1126.359	430	TEETH	29
1126.359	1126.501	30	ARE	29
1126.501	1126.732	285	NOT	29
1126.732	1127.351	415	SUITABLE	29
1127.351	1127.642	161	FOR	29
1127.642	1127.962	135	EATING	29
1127.962	1128.741	376	SHELLFISH	29
1139.042	1139.212	204	HER	30
1139.212	1139.871	470	WARDROBE	30
1139.871	1140.703	102	CONSISTS	30
1140.703	1140.8600000000001	294	OF	30
1140.8600000000001	1141.212	298	ONLY	30
1141.212	1142.008	385	SKIRTS	30
1142.008	1142.214	20	AND	30
1142.214	1142.942	54	BLOUSES	30
1153.216	1153.351	434	THE	31
1153.351	1153.621	453	TWO	31
1153.621	1154.3809999999999	33	ARTISTS	31
1154.3809999999999	1155.149	147	EXCHANGED	31
1155.149	1156.0320000000002	39	AUTOGRAPHS	31
1167.192	1167.221	99999	sp	32
1167.221	1167.95	71	BUTTERSCOTCH	32
1167.95	1168.5140000000001	169	FUDGE	32
1168.5140000000001	1168.605	99999	sp	32
1168.605	1168.962	186	GOES	32
1168.962	1169.443	481	WELL	32
1169.443	1169.662	487	WITH	32
1169.662	1170.143	463	VANILLA	32
1170.143	1170.49	212	ICE	32
1170.49	1170.981	112	CREAM	32
1182.059	1182.446	99999	sp	33
1182.446	1182.842	366	RICH	33
1182.842	1183.3220000000001	349	PURCHASED	33
1183.3220000000001	1183.923	374	SEVERAL	33
1183.923	1184.371	382	SIGNED	33
1184.371	1185.3319999999999	245	LITHOGRAPHS	33
1196.338	1196.622	24	ANY	34
1196.622	1197.612	105	CONTRIBUTIONS	34
1197.612	1197.742	485	WILL	34
1197.742	1197.862	47	BE	34
1197.862	1198.297	195	GREATLY	34
1198.297	1199.09	28	APPRECIATED	34
1208.87	1208.988	434	THE	35
1208.988	1209.681	111	CRANBERRY	35
1209.681	1210.253	57	BOG	35
1210.253	1210.542	178	GETS	35
1210.542	1210.872	465	VERY	35
1210.872	1211.422	340	PRETTY	35
1211.422	1211.588	217	IN	35
1211.588	1212.082	40	AUTUMN	35
1221.822	1222.031	210	HOW	36
1222.031	1222.221	128	DO	36
1222.221	1222.983	318	OYSTERS	36
1222.983	1223.252	253	MAKE	36
1223.252	1223.901	320	PEARLS	36
1233.861	1234.107	257	MAY	37
1234.107	1234.281	211	I	37
1234.281	1234.724	304	ORDER	37
1234.724	1234.881	1	A	37
1234.881	1235.734	319	PARFAIT	37
1235.734	1236.198	10	AFTER	37
1236.198	1236.392	211	I	37
1236.392	1236.673	134	EAT	37
1236.673	1237.0720000000001	124	DINNER	37
1247.002	1247.036	99999	sp	38
1247.036	1247.201	224	IS	38
1247.201	1247.484	375	SHE	38
1247.484	1247.911	187	GOING	38
1247.911	1248.16	487	WITH	38
1248.16	1248.531	495	YOU	38
1260.2930000000001	1260.651	76	CAN	39
1260.651	1260.861	434	THE	39
1260.861	1261.596	11	AGENCY	39
1261.596	1262.284	315	OVERTHROW	39
1262.284	1262.802	13	ALIEN	39
1262.802	1263.541	162	FORCES	39
1274.382	1274.397	99999	sp	40
1274.397	1274.495	1	A	40
1274.495	1275.535	371	SCREWDRIVER	40
1275.535	1275.791	224	IS	40
1275.791	1276.121	252	MADE	40
1276.121	1276.421	166	FROM	40
1276.421	1277.1970000000001	469	VODKA	40
1277.1970000000001	1277.373	20	AND	40
1277.373	1277.825	303	ORANGE	40
1277.825	1278.421	230	JUICE	40
1289.394	1289.623	210	HOW	41
1289.623	1289.861	269	MUCH	41
1289.861	1290.681	16	ALLOWANCE	41
1290.681	1290.751	128	DO	41
1290.751	1290.971	495	YOU	41
1290.971	1291.552	177	GET	41
1304.228	1305.221	115	CYCLICAL	42
1305.221	1305.992	346	PROGRAMS	42
1305.992	1306.141	485	WILL	42
1306.141	1306.462	281	NEVER	42
1306.462	1307.171	100	COMPILE	42
1319.309	1319.401	434	THE	43
1319.401	1319.937	61	BOSTON	43
1319.937	1320.501	45	BALLET	43
1320.501	1321.202	312	OVERCAME	43
1321.202	1321.342	435	THEIR	43
1321.342	1321.812	170	FUNDING	43
1321.812	1322.556	380	SHORTAGE	43
1333.512	1333.537	99999	sp	44
1333.537	1333.885	145	EVERY	44
1333.885	1334.252	74	CAB	44
1334.252	1334.754	280	NEEDS	44
1334.754	1335.377	364	REPAINTING	44
1335.377	1336.052	296	OFTEN	44
1346.556	1346.87	203	HELP	45
1346.87	1346.907	99999	sp	45
1346.907	1347.297	196	GREG	45
1347.297	1347.472	446	TO	45
1347.472	1347.972	325	PICK	45
1347.972	1348.122	1	A	45
1348.122	1348.642	321	PECK	45
1348.642	1348.852	294	OF	45
1348.852	1349.762	338	POTATOES	45
1360.562	1360.792	476	WE	46
1360.792	1361.163	241	LIKE	46
1361.163	1361.392	55	BLUE	46
1361.392	1362.112	88	CHEESE	46
1362.112	1362.244	99999	sp	46
1362.244	1362.442	70	BUT	46
1362.442	1363.123	466	VICTOR	46
1363.123	1363.546	242	LIKES	46
1363.546	1364.046	64	BRIE	46
1374.702	1374.726	99999	sp	47
1374.726	1374.995	108	COUNT	47
1374.995	1375.079	434	THE	47
1375.079	1375.752	289	NUMBER	47
1375.752	1375.892	99999	sp	47
1375.892	1376.098	294	OF	47
1376.098	1376.949	429	TEASPOONS	47
1376.949	1377.092	294	OF	47
1377.092	1377.942	395	SOYSAUCE	47
1377.942	1378.172	433	THAT	47
1378.172	1378.342	495	YOU	47
1378.342	1378.792	7	ADD	47
1388.681	1388.698	99999	sp	48
1388.698	1389.393	44	BAGPIPES	48
1389.393	1389.651	20	AND	48
1389.651	1390.537	59	BONGOS	48
1390.537	1390.702	30	ARE	48
1390.702	1391.1779999999999	273	MUSICAL	48
1391.1779999999999	1392.246	220	INSTRUMENTS	48
1400.372	1400.692	210	HOW	49
1400.692	1400.952	189	GOOD	49
1400.952	1401.148	224	IS	49
1401.148	1401.32	496	YOUR	49
1401.32	1402.092	138	ENDURANCE	49
2074.427	2074.572	30	ARE	0
2074.572	2074.786	496	YOUR	0
2074.786	2075.226	192	GRADES	0
2075.226	2075.832	206	HIGHER	0
2075.832	2075.949	99999	sp	0
2075.949	2076.142	302	OR	0
2076.142	2076.577	251	LOWER	0
2076.577	2076.812	432	THAN	0
2076.812	2077.752	275	NANCY'S	0
2088.832	2089.237	375	SHE	1
2089.237	2089.612	490	WORE	1
2089.612	2090.276	471	WARM	1
2090.276	2090.367	99999	sp	1
2090.367	2091.122	158	FLEECY	1
2091.122	2091.331	99999	sp	1
2091.331	2091.832	489	WOOLEN	1
2091.832	2092.882	311	OVERALLS	1
2101.35	2101.803	354	READING	2
2101.803	2102.071	217	IN	2
2102.071	2102.337	335	POOR	2
2102.337	2102.982	240	LIGHT	2
2102.982	2103.17	99999	sp	2
2103.17	2103.572	181	GIVES	2
2103.572	2103.832	495	YOU	2
2103.832	2104.779	150	EYESTRAIN	2
2115.619	2116.125	142	EVEN	3
2116.125	2116.666	211	I	3
2116.666	2117.524	293	OCCASIONALLY	3
2117.524	2118.012	177	GET	3
2118.012	2118.099	99999	sp	3
2118.099	2118.214	434	THE	3
2118.214	2118.774	265	MONDAY	3
2118.774	2119.422	56	BLUES	3
2128.742	2128.944	476	WE	4
2128.944	2129.136	30	ARE	4
2129.136	2129.762	301	OPEN	4
2129.762	2129.913	99999	sp	4
2129.913	2130.302	145	EVERY	4
2130.302	2130.738	265	MONDAY	4
2130.738	2131.432	143	EVENING	4
2140.747	2140.959	226	IT'S	5
2140.959	2141.202	285	NOT	5
2141.202	2141.665	133	EASY	5
2141.665	2141.827	446	TO	5
2141.827	2142.531	113	CREATE	5
2142.531	2143.399	215	ILLUMINATING	5
2143.399	2144.401	146	EXAMPLES	5
2156.541	2156.901	270	MUM	6
2156.901	2157.613	407	STRONGLY	6
2157.613	2158.401	126	DISLIKES	6
2158.401	2159.512	27	APPETIZERS	6
2170.531	2171.002	443	THOSE	7
2171.002	2171.137	484	WHO	7
2171.137	2171.536	427	TEACH	7
2171.536	2172.302	462	VALUES	7
2172.302	2172.762	156	FIRST	7
2172.762	2173.397	4	ABOLISH	7
2173.397	2173.9700000000003	87	CHEATING	7
2182.321	2182.451	434	THE	8
2182.451	2182.983	165	FRIGHTENED	8
2182.983	2183.601	89	CHILD	8
2183.601	2183.76	99999	sp	8
2183.76	2184.088	472	WAS	8
2184.088	2184.591	176	GENTLY	8
2184.591	2185.522	410	SUBDUED	8
2185.522	2185.732	99999	sp	8
2185.732	2185.922	73	BY	8
2185.922	2186.284	208	HIS	8
2186.284	2186.5860000000002	52	BIG	8
2186.5860000000002	2187.072	66	BROTHER	8
2195.74	2196.062	142	EVEN	9
2196.062	2196.142	1	A	9
2196.142	2196.613	383	SIMPLE	9
2196.613	2197.601	468	VOCABULARY	9
2197.601	2197.714	99999	sp	9
2197.714	2198.272	104	CONTAINS	9
2198.272	2199.052	422	SYMBOLS	9
2208.612	2208.745	1	A	10
2208.745	2209.156	110	CRAB	10
2209.156	2209.661	85	CHALLENGED	10
2209.661	2210.062	258	ME	10
2210.062	2210.437	99999	sp	10
2210.437	2210.572	70	BUT	10
2210.572	2210.697	1	A	10
2210.697	2210.922	350	QUICK	10
2210.922	2211.459	402	STAB	10
2211.459	2212.082	464	VANQUISHED	10
2212.082	2212.432	207	HIM	10
2221.695	2222.321	183	GLUCOSE	11
2222.321	2222.499	20	AND	11
2222.499	2223.384	167	FRUCTOSE	11
2223.384	2223.474	99999	sp	11
2223.474	2223.666	30	ARE	11
2223.666	2224.147	276	NATURAL	11
2224.147	2224.834	414	SUGARS	11
2224.834	2224.889	99999	sp	11
2224.889	2225.242	163	FOUND	11
2225.242	2225.362	217	IN	11
2225.362	2225.962	168	FRUIT	11
2234.925	2235.1059999999998	30	ARE	12
2235.1059999999998	2235.276	495	YOU	12
2235.276	2235.682	250	LOOKING	12
2235.682	2235.976	161	FOR	12
2235.976	2236.752	136	EMPLOYMENT	12
2246.696	2247.122	98	COFFEE	13
2247.122	2247.373	224	IS	13
2247.373	2247.973	198	GROWN	13
2247.973	2248.209	297	ON	13
2248.209	2248.822	404	STEEP	13
2248.822	2249.053	99999	sp	13
2249.053	2249.482	231	JUNGLE	13
2249.482	2249.959	241	LIKE	13
2249.959	2250.601	390	SLOPES	13
2250.601	2250.853	217	IN	13
2250.853	2251.387	431	TEMPERATE	13
2251.387	2252.151	497	ZONES	13
2260.752	2261.062	476	WE	14
2261.062	2261.281	99999	sp	14
2261.281	2261.922	480	WELCOME	14
2261.922	2262.026	99999	sp	14
2262.026	2262.401	256	MANY	14
2262.401	2262.637	282	NEW	14
2262.637	2263.442	408	STUDENTS	14
2263.442	2263.642	99999	sp	14
2263.642	2264.022	132	EACH	14
2264.022	2264.502	491	YEAR	14
2273.841	2274.23	298	ONLY	15
2274.23	2274.416	434	THE	15
2274.416	2274.802	51	BEST	15
2274.802	2275.469	330	PLAYERS	15
2275.469	2275.995	139	ENJOY	15
2275.995	2276.851	336	POPULARITY	15
2285.2309999999998	2285.803	75	CALCIUM	16
2285.803	2286.226	254	MAKES	16
2286.226	2286.849	58	BONES	16
2286.849	2287.105	20	AND	16
2287.105	2287.464	430	TEETH	16
2287.464	2288.242	406	STRONG	16
2297.1549999999997	2297.828	286	NOTHING	17
2297.828	2297.957	99999	sp	17
2297.957	2298.142	224	IS	17
2298.142	2298.282	34	AS	17
2298.282	2299.091	295	OFFENSIVE	17
2299.091	2299.178	99999	sp	17
2299.178	2299.5	34	AS	17
2299.5	2300.552	88888	IGNORANCE	17
2312.361	2312.909	405	STEVE	18
2312.909	2313.452	490	WORE	18
2313.452	2313.505	99999	sp	18
2313.505	2313.751	1	A	18
2313.751	2314.2219999999998	65	BRIGHT	18
2314.2219999999998	2314.652	356	RED	18
2314.652	2314.788	99999	sp	18
2314.788	2315.442	78	CASHMERE	18
2315.442	2316.032	420	SWEATER	18
2325.888	2326.346	46	BARB'S	19
2326.346	2326.7219999999998	188	GOLD	19
2326.7219999999998	2327.5	63	BRACELET	19
2327.5	2327.7309999999998	99999	sp	19
2327.7309999999998	2327.99	472	WAS	19
2327.99	2328.1059999999998	1	A	19
2328.1059999999998	2329.139	193	GRADUATION	19
2329.139	2329.712	339	PRESENT	19
2339.638	2340.072	130	DRAW	20
2340.072	2340.501	145	EVERY	20
2340.501	2340.865	308	OUTER	20
2340.865	2341.322	244	LINE	20
2341.322	2342.048	156	FIRST	20
2342.048	2342.374	99999	sp	20
2342.374	2342.682	436	THEN	20
2342.682	2343.192	154	FILL	20
2343.192	2343.594	217	IN	20
2343.594	2343.674	99999	sp	20
2343.674	2343.857	434	THE	20
2343.857	2344.696	222	INTERIOR	20
2353.616	2353.714	434	THE	21
2353.714	2354.114	475	WATER	21
2354.114	2354.775	103	CONTAINED	21
2354.775	2355.072	448	TOO	21
2355.072	2355.398	269	MUCH	21
2355.398	2356.202	90	CHLORINE	21
2356.202	2356.299	99999	sp	21
2356.299	2356.501	20	AND	21
2356.501	2356.861	409	STUNG	21
2356.861	2357.072	208	HIS	21
2357.072	2357.642	149	EYES	21
2367.922	2368.455	229	JOHN'S	22
2368.455	2368.913	66	BROTHER	22
2368.913	2369.692	363	REPAINTED	22
2369.692	2369.817	434	THE	22
2369.817	2370.3540000000003	173	GARAGE	22
2370.3540000000003	2370.74	129	DOOR	22
2381.571	2382.169	84	CHALLENGE	23
2382.169	2382.482	132	EACH	23
2382.482	2383.111	175	GENERAL'S	23
2383.111	2383.958	221	INTELLIGENCE	23
2392.861	2393.736	17	AMBIDEXTROUS	24
2393.736	2394.746	327	PICKPOCKETS	24
2394.746	2395.353	6	ACCOMPLISH	24
2395.353	2395.707	267	MORE	24
2404.486	2404.572	1	A	25
2404.572	2405.168	271	MUSCULAR	25
2405.168	2406.023	2	ABDOMEN	25
2406.023	2406.287	224	IS	25
2406.287	2406.477	189	GOOD	25
2406.477	2406.693	161	FOR	25
2406.693	2406.882	496	YOUR	25
2406.882	2407.322	43	BACK	25
2416.631	2416.861	438	THEY	26
2416.861	2417.09	317	OWN	26
2417.09	2417.198	1	A	26
2417.198	2417.441	52	BIG	26
2417.441	2418.16	209	HOUSE	26
2418.16	2418.301	217	IN	26
2418.301	2418.392	434	THE	26
2418.392	2418.877	361	REMOTE	26
2418.877	2419.811	109	COUNTRYSIDE	26
2429.282	2429.371	434	THE	27
2429.371	2429.831	369	ROSE	27
2429.831	2430.748	106	CORSAGE	27
2430.748	2431.417	393	SMELLED	27
2431.417	2432.081	421	SWEET	27
2440.311	2440.877	433	THAT	28
2440.877	2441.792	326	PICKPOCKET	28
2441.792	2442.021	472	WAS	28
2442.021	2442.441	80	CAUGHT	28
2442.441	2442.752	356	RED	28
2442.752	2443.361	199	HANDED	28
2451.825	2451.903	19	AN	29
2451.903	2452.322	9	ADULT	29
2452.322	2452.41	99999	sp	29
2452.41	2452.751	255	MALE	29
2452.751	2453.471	42	BABOON'S	29
2453.471	2453.986	430	TEETH	29
2453.986	2454.322	99999	sp	29
2454.322	2454.493	30	ARE	29
2454.493	2454.721	285	NOT	29
2454.721	2455.412	415	SUITABLE	29
2455.412	2455.736	161	FOR	29
2455.736	2456.099	135	EATING	29
2456.099	2456.931	376	SHELLFISH	29
2465.971	2466.151	204	HER	30
2466.151	2466.695	470	WARDROBE	30
2466.695	2467.641	102	CONSISTS	30
2467.641	2467.712	99999	sp	30
2467.712	2467.901	294	OF	30
2467.901	2468.344	298	ONLY	30
2468.344	2469.121	385	SKIRTS	30
2469.121	2469.174	99999	sp	30
2469.174	2469.462	20	AND	30
2469.462	2470.2309999999998	54	BLOUSES	30
2478.691	2479.022	434	THE	31
2479.022	2479.492	453	TWO	31
2479.492	2480.302	33	ARTISTS	31
2480.302	2481.251	147	EXCHANGED	31
2481.251	2482.261	39	AUTOGRAPHS	31
2492.371	2493.091	71	BUTTERSCOTCH	32
2493.091	2493.781	169	FUDGE	32
2493.781	2493.837	99999	sp	32
2493.837	2494.129	186	GOES	32
2494.129	2494.617	481	WELL	32
2494.617	2494.977	487	WITH	32
2494.977	2495.441	463	VANILLA	32
2495.441	2495.727	212	ICE	32
2495.727	2496.191	112	CREAM	32
2505.331	2505.808	366	RICH	33
2505.808	2506.296	349	PURCHASED	33
2506.296	2507.041	374	SEVERAL	33
2507.041	2507.552	382	SIGNED	33
2507.552	2508.582	245	LITHOGRAPHS	33
2517.472	2517.494	99999	sp	34
2517.494	2517.842	24	ANY	34
2517.842	2518.863	105	CONTRIBUTIONS	34
2518.863	2519.072	485	WILL	34
2519.072	2519.251	47	BE	34
2519.251	2519.832	195	GREATLY	34
2519.832	2520.912	28	APPRECIATED	34
2530.342	2530.366	99999	sp	35
2530.366	2530.482	434	THE	35
2530.482	2531.122	111	CRANBERRY	35
2531.122	2531.669	57	BOG	35
2531.669	2531.982	178	GETS	35
2531.982	2532.382	465	VERY	35
2532.382	2533.052	340	PRETTY	35
2533.052	2533.18	99999	sp	35
2533.18	2533.32	217	IN	35
2533.32	2533.733	40	AUTUMN	35
2542.772	2543.002	210	HOW	36
2543.002	2543.212	128	DO	36
2543.212	2543.982	318	OYSTERS	36
2543.982	2544.282	253	MAKE	36
2544.282	2544.982	320	PEARLS	36
2553.438	2553.575	257	MAY	37
2553.575	2553.71	211	I	37
2553.71	2554.172	304	ORDER	37
2554.172	2554.212	1	A	37
2554.212	2554.822	319	PARFAIT	37
2554.822	2555.242	10	AFTER	37
2555.242	2555.462	211	I	37
2555.462	2555.692	134	EAT	37
2555.692	2556.092	124	DINNER	37
2565.18	2565.276	224	IS	38
2565.276	2565.522	375	SHE	38
2565.522	2565.852	187	GOING	38
2565.852	2566.082	487	WITH	38
2566.082	2566.358	495	YOU	38
2577.808	2578.122	76	CAN	39
2578.122	2578.225	434	THE	39
2578.225	2578.8360000000002	11	AGENCY	39
2578.8360000000002	2579.472	315	OVERTHROW	39
2579.472	2579.9	13	ALIEN	39
2579.9	2580.542	162	FORCES	39
2590.972	2590.996	99999	sp	40
2590.996	2591.062	1	A	40
2591.062	2592.042	371	SCREWDRIVER	40
2592.042	2592.24	224	IS	40
2592.24	2592.542	252	MADE	40
2592.542	2592.892	166	FROM	40
2592.892	2593.618	469	VODKA	40
2593.618	2593.793	20	AND	40
2593.793	2594.282	303	ORANGE	40
2594.282	2594.776	230	JUICE	40
2603.464	2603.726	210	HOW	41
2603.726	2604.012	269	MUCH	41
2604.012	2604.842	16	ALLOWANCE	41
2604.842	2604.994	99999	sp	41
2604.994	2605.112	128	DO	41
2605.112	2605.392	495	YOU	41
2605.392	2606.002	177	GET	41
2615.004	2615.622	115	CYCLICAL	42
2615.622	2616.542	346	PROGRAMS	42
2616.542	2616.632	99999	sp	42
2616.632	2616.847	485	WILL	42
2616.847	2617.452	281	NEVER	42
2617.452	2617.512	99999	sp	42
2617.512	2618.292	100	COMPILE	42
2627.282	2627.422	434	THE	43
2627.422	2627.982	61	BOSTON	43
2627.982	2628.702	45	BALLET	43
2628.702	2628.931	99999	sp	43
2628.931	2629.642	312	OVERCAME	43
2629.642	2629.812	435	THEIR	43
2629.812	2630.315	170	FUNDING	43
2630.315	2631.042	380	SHORTAGE	43
2641.182	2641.545	145	EVERY	44
2641.545	2642.202	74	CAB	44
2642.202	2642.582	280	NEEDS	44
2642.582	2643.262	364	REPAINTING	44
2643.262	2643.872	296	OFTEN	44
2652.232	2652.548	203	HELP	45
2652.548	2652.841	196	GREG	45
2652.841	2653.065	446	TO	45
2653.065	2653.399	325	PICK	45
2653.399	2653.572	1	A	45
2653.572	2654.108	321	PECK	45
2654.108	2654.291	294	OF	45
2654.291	2655.112	338	POTATOES	45
2663.882	2664.052	476	WE	46
2664.052	2664.495	241	LIKE	46
2664.495	2664.695	55	BLUE	46
2664.695	2665.555	88	CHEESE	46
2665.555	2665.692	70	BUT	46
2665.692	2666.442	466	VICTOR	46
2666.442	2666.495	99999	sp	46
2666.495	2666.922	242	LIKES	46
2666.922	2667.5	64	BRIE	46
2676.721	2676.748	99999	sp	47
2676.748	2677.081	108	COUNT	47
2677.081	2677.151	434	THE	47
2677.151	2677.594	289	NUMBER	47
2677.594	2677.825	294	OF	47
2677.825	2678.673	429	TEASPOONS	47
2678.673	2678.791	294	OF	47
2678.791	2679.661	395	SOYSAUCE	47
2679.661	2679.822	433	THAT	47
2679.822	2680.101	495	YOU	47
2680.101	2680.642	88888	NEED	47
2689.612	2689.654	99999	sp	48
2689.654	2690.642	44	BAGPIPES	48
2690.642	2690.882	20	AND	48
2690.882	2691.74	59	BONGOS	48
2691.74	2691.819	99999	sp	48
2691.819	2691.992	30	ARE	48
2691.992	2692.613	273	MUSICAL	48
2692.613	2693.702	220	INSTRUMENTS	48
2700.752	2700.776	99999	sp	49
2700.776	2701.041	210	HOW	49
2701.041	2701.333	189	GOOD	49
2701.333	2701.575	224	IS	49
2701.575	2701.901	496	YOUR	49
2701.901	2702.791	138	ENDURANCE	49
3351.346	3351.601	30	ARE	0
3351.601	3351.995	496	YOUR	0
3351.995	3352.471	192	GRADES	0
3352.471	3353.223	206	HIGHER	0
3353.223	3353.901	99999	sp	0
3353.901	3354.142	302	OR	0
3354.142	3354.862	251	LOWER	0
3354.862	3355.067	99999	sp	0
3355.067	3355.372	432	THAN	0
3355.372	3356.272	275	NANCY'S	0
3367.035	3367.524	375	SHE	1
3367.524	3367.952	490	WORE	1
3367.952	3368.531	471	WARM	1
3368.531	3369.315	99999	sp	1
3369.315	3370.206	158	FLEECY	1
3370.206	3370.651	99999	sp	1
3370.651	3371.552	489	WOOLEN	1
3371.552	3371.724	99999	sp	1
3371.724	3372.781	311	OVERALLS	1
3381.41	3382.067	354	READING	2
3382.067	3382.355	217	IN	2
3382.355	3382.721	335	POOR	2
3382.721	3383.442	240	LIGHT	2
3383.442	3383.666	99999	sp	2
3383.666	3384.132	181	GIVES	2
3384.132	3384.632	495	YOU	2
3384.632	3384.966	99999	sp	2
3384.966	3386.082	150	EYESTRAIN	2
3394.355	3394.75	142	EVEN	3
3394.75	3395.401	211	I	3
3395.401	3395.509	99999	sp	3
3395.509	3396.233	293	OCCASIONALLY	3
3396.233	3396.442	177	GET	3
3396.442	3396.522	99999	sp	3
3396.522	3396.612	434	THE	3
3396.612	3397.192	265	MONDAY	3
3397.192	3398.022	56	BLUES	3
3406.716	3406.952	476	WE	4
3406.952	3407.192	30	ARE	4
3407.192	3407.642	301	OPEN	4
3407.642	3408.022	145	EVERY	4
3408.022	3408.673	265	MONDAY	4
3408.673	3409.492	143	EVENING	4
3418.98	3419.259	226	IT'S	5
3419.259	3419.54	285	NOT	5
3419.54	3420.052	133	EASY	5
3420.052	3420.19	99999	sp	5
3420.19	3420.339	446	TO	5
3420.339	3421.192	113	CREATE	5
3421.192	3422.069	215	ILLUMINATING	5
3422.069	3423.091	146	EXAMPLES	5
3432.728	3433.12	270	MUM	6
3433.12	3433.716	407	STRONGLY	6
3433.716	3434.541	126	DISLIKES	6
3434.541	3434.666	99999	sp	6
3434.666	3435.732	27	APPETIZERS	6
3446.488	3446.862	443	THOSE	7
3446.862	3447.041	484	WHO	7
3447.041	3447.459	427	TEACH	7
3447.459	3448.232	462	VALUES	7
3448.232	3448.754	156	FIRST	7
3448.754	3449.43	4	ABOLISH	7
3449.43	3450.075	87	CHEATING	7
3457.308	3457.427	434	THE	8
3457.427	3457.971	165	FRIGHTENED	8
3457.971	3458.642	89	CHILD	8
3458.642	3458.784	99999	sp	8
3458.784	3459.119	472	WAS	8
3459.119	3459.589	176	GENTLY	8
3459.589	3460.422	410	SUBDUED	8
3460.422	3460.764	99999	sp	8
3460.764	3460.952	73	BY	8
3460.952	3461.266	208	HIS	8
3461.266	3461.584	52	BIG	8
3461.584	3462.112	66	BROTHER	8
3470.978	3471.332	142	EVEN	9
3471.332	3471.45	1	A	9
3471.45	3471.945	383	SIMPLE	9
3471.945	3472.992	468	VOCABULARY	9
3472.992	3473.142	99999	sp	9
3473.142	3473.832	104	CONTAINS	9
3473.832	3475.041	88888	SYLLABLES	9
3475.041	3475.272	99999	sp	9
3485.694	3485.841	1	A	10
3485.841	3486.293	110	CRAB	10
3486.293	3486.851	85	CHALLENGED	10
3486.851	3487.212	258	ME	10
3487.212	3487.649	99999	sp	10
3487.649	3487.782	70	BUT	10
3487.782	3487.919	1	A	10
3487.919	3488.16	350	QUICK	10
3488.16	3488.745	402	STAB	10
3488.745	3489.099	99999	sp	10
3489.099	3489.642	464	VANQUISHED	10
3489.642	3490.0	207	HIM	10
3498.802	3499.4809999999998	183	GLUCOSE	11
3499.4809999999998	3499.692	20	AND	11
3499.692	3500.596	167	FRUCTOSE	11
3500.596	3500.736	99999	sp	11
3500.736	3500.932	30	ARE	11
3500.932	3501.422	276	NATURAL	11
3501.422	3502.142	414	SUGARS	11
3502.142	3502.4809999999998	99999	sp	11
3502.4809999999998	3502.87	163	FOUND	11
3502.87	3503.051	217	IN	11
3503.051	3503.697	168	FRUIT	11
3511.998	3512.25	30	ARE	12
3512.25	3512.4809999999998	495	YOU	12
3512.4809999999998	3512.971	250	LOOKING	12
3512.971	3513.322	161	FOR	12
3513.322	3514.142	136	EMPLOYMENT	12
3523.275	3523.712	98	COFFEE	13
3523.712	3523.932	224	IS	13
3523.932	3524.432	198	GROWN	13
3524.432	3524.672	297	ON	13
3524.672	3525.152	404	STEEP	13
3525.152	3525.774	99999	sp	13
3525.774	3526.1620000000003	231	JUNGLE	13
3526.1620000000003	3526.402	241	LIKE	13
3526.402	3527.172	390	SLOPES	13
3527.172	3527.448	99999	sp	13
3527.448	3527.677	217	IN	13
3527.677	3528.202	431	TEMPERATE	13
3528.202	3528.922	497	ZONES	13
3537.562	3537.841	476	WE	14
3537.841	3538.361	480	WELCOME	14
3538.361	3538.74	256	MANY	14
3538.74	3539.022	282	NEW	14
3539.022	3539.812	408	STUDENTS	14
3539.812	3539.889	99999	sp	14
3539.889	3540.2309999999998	132	EACH	14
3540.2309999999998	3540.74	491	YEAR	14
3548.791	3549.275	298	ONLY	15
3549.275	3549.442	434	THE	15
3549.442	3549.839	51	BEST	15
3549.839	3550.6059999999998	330	PLAYERS	15
3550.6059999999998	3551.2	139	ENJOY	15
3551.2	3552.202	336	POPULARITY	15
3559.691	3560.432	75	CALCIUM	16
3560.432	3561.006	254	MAKES	16
3561.006	3561.663	58	BONES	16
3561.663	3561.966	20	AND	16
3561.966	3562.466	430	TEETH	16
3562.466	3563.392	406	STRONG	16
3571.482	3572.353	286	NOTHING	17
3572.353	3572.49	99999	sp	17
3572.49	3572.664	224	IS	17
3572.664	3572.913	34	AS	17
3572.913	3573.853	295	OFFENSIVE	17
3573.853	3574.135	99999	sp	17
3574.135	3574.503	34	AS	17
3574.503	3574.572	99999	sp	17
3574.572	3575.373	219	INNOCENCE	17
3584.71	3584.739	99999	sp	18
3584.739	3585.434	405	STEVE	18
3585.434	3585.511	99999	sp	18
3585.511	3585.819	490	WORE	18
3585.819	3585.928	1	A	18
3585.928	3586.356	65	BRIGHT	18
3586.356	3586.824	356	RED	18
3586.824	3587.274	99999	sp	18
3587.274	3588.352	78	CASHMERE	18
3588.352	3588.642	99999	sp	18
3588.642	3589.242	420	SWEATER	18
3598.501	3598.545	99999	sp	19
3598.545	3599.082	46	BARB'S	19
3599.082	3599.492	188	GOLD	19
3599.492	3600.322	63	BRACELET	19
3600.322	3600.512	99999	sp	19
3600.512	3600.758	472	WAS	19
3600.758	3600.852	1	A	19
3600.852	3601.841	193	GRADUATION	19
3601.841	3602.41	339	PRESENT	19
3611.79	3612.401	130	DRAW	20
3612.401	3613.026	145	EVERY	20
3613.026	3613.35	308	OUTER	20
3613.35	3613.809	244	LINE	20
3613.809	3614.537	156	FIRST	20
3614.537	3614.8	99999	sp	20
3614.8	3615.3	436	THEN	20
3615.3	3615.54	99999	sp	20
3615.54	3615.92	154	FILL	20
3615.92	3616.238	217	IN	20
3616.238	3616.502	434	THE	20
3616.502	3617.28	222	INTERIOR	20
3626.358	3626.48	434	THE	21
3626.48	3626.929	475	WATER	21
3626.929	3627.673	103	CONTAINED	21
3627.673	3628.03	448	TOO	21
3628.03	3628.41	269	MUCH	21
3628.41	3629.172	90	CHLORINE	21
3629.172	3629.642	99999	sp	21
3629.642	3629.85	20	AND	21
3629.85	3630.392	409	STUNG	21
3630.392	3630.767	208	HIS	21
3630.767	3631.48	149	EYES	21
3641.081	3641.102	99999	sp	22
3641.102	3641.724	229	JOHN'S	22
3641.724	3642.322	66	BROTHER	22
3642.322	3642.492	99999	sp	22
3642.492	3643.441	363	REPAINTED	22
3643.441	3643.572	434	THE	22
3643.572	3644.111	173	GARAGE	22
3644.111	3644.593	129	DOOR	22
3654.123	3654.903	84	CHALLENGE	23
3654.903	3655.272	132	EACH	23
3655.272	3656.171	175	GENERAL'S	23
3656.171	3656.334	99999	sp	23
3656.334	3657.421	221	INTELLIGENCE	23
3666.233	3667.147	17	AMBIDEXTROUS	24
3667.147	3668.212	327	PICKPOCKETS	24
3668.212	3668.311	99999	sp	24
3668.311	3668.8940000000002	6	ACCOMPLISH	24
3668.8940000000002	3669.364	267	MORE	24
3678.215	3678.311	1	A	25
3678.311	3678.971	271	MUSCULAR	25
3678.971	3679.68	2	ABDOMEN	25
3679.68	3679.87	99999	sp	25
3679.87	3680.162	224	IS	25
3680.162	3680.379	189	GOOD	25
3680.379	3680.593	161	FOR	25
3680.593	3680.811	496	YOUR	25
3680.811	3681.346	43	BACK	25
3691.322	3691.662	438	THEY	26
3691.662	3692.212	317	OWN	26
3692.212	3692.29	99999	sp	26
3692.29	3692.412	1	A	26
3692.412	3692.703	52	BIG	26
3692.703	3693.352	209	HOUSE	26
3693.352	3693.492	99999	sp	26
3693.492	3693.712	217	IN	26
3693.712	3693.816	434	THE	26
3693.816	3694.361	361	REMOTE	26
3694.361	3695.453	109	COUNTRYSIDE	26
3703.799	3703.901	434	THE	27
3703.901	3704.346	369	ROSE	27
3704.346	3705.181	106	CORSAGE	27
3705.181	3705.3360000000002	99999	sp	27
3705.3360000000002	3705.822	393	SMELLED	27
3705.822	3706.472	421	SWEET	27
3713.877	3714.405	433	THAT	28
3714.405	3715.312	326	PICKPOCKET	28
3715.312	3715.465	99999	sp	28
3715.465	3715.74	472	WAS	28
3715.74	3716.212	80	CAUGHT	28
3716.212	3716.522	99999	sp	28
3716.522	3716.852	356	RED	28
3716.852	3717.593	199	HANDED	28
3726.035	3726.169	19	AN	29
3726.169	3726.681	9	ADULT	29
3726.681	3727.041	255	MALE	29
3727.041	3727.742	42	BABOON'S	29
3727.742	3728.292	430	TEETH	29
3728.292	3728.657	99999	sp	29
3728.657	3728.8360000000002	30	ARE	29
3728.8360000000002	3729.069	285	NOT	29
3729.069	3729.852	415	SUITABLE	29
3729.852	3730.112	99999	sp	29
3730.112	3730.403	161	FOR	29
3730.403	3730.854	135	EATING	29
3730.854	3731.854	376	SHELLFISH	29
3740.642	3740.66	99999	sp	30
3740.66	3740.862	204	HER	30
3740.862	3741.524	470	WARDROBE	30
3741.524	3742.431	102	CONSISTS	30
3742.431	3742.608	99999	sp	30
3742.608	3742.752	294	OF	30
3742.752	3743.273	298	ONLY	30
3743.273	3744.062	385	SKIRTS	30
3744.062	3744.337	99999	sp	30
3744.337	3744.651	20	AND	30
3744.651	3745.512	54	BLOUSES	30
3753.292	3753.314	88888		31
3753.314	3753.492	434	THE	31
3753.492	3753.853	453	TWO	31
3753.853	3754.612	33	ARTISTS	31
3754.612	3755.535	147	EXCHANGED	31
3755.535	3756.602	39	AUTOGRAPHS	31
3766.645	3767.111	88888	SCLO	32
3767.111	3767.582	88888	SCOTCH	32
3767.582	3768.166	169	FUDGE	32
3768.166	3768.335	99999	sp	32
3768.335	3768.615	186	GOES	32
3768.615	3769.069	481	WELL	32
3769.069	3769.343	99999	sp	32
3769.343	3769.596	487	WITH	32
3769.596	3769.938	463	VANILLA	32
3769.938	3770.294	212	ICE	32
3770.294	3770.732	112	CREAM	32
3779.51	3780.142	366	RICH	33
3780.142	3780.282	99999	sp	33
3780.282	3780.793	349	PURCHASED	33
3780.793	3781.501	374	SEVERAL	33
3781.501	3781.657	99999	sp	33
3781.657	3782.204	382	SIGNED	33
3782.204	3783.2	245	LITHOGRAPHS	33
3791.77	3792.102	24	ANY	34
3792.102	3793.305	105	CONTRIBUTIONS	34
3793.305	3793.382	99999	sp	34
3793.382	3793.623	485	WILL	34
3793.623	3793.792	47	BE	34
3793.792	3794.572	195	GREATLY	34
3794.572	3795.692	28	APPRECIATED	34
3803.482	3803.617	434	THE	35
3803.617	3804.27	111	CRANBERRY	35
3804.27	3804.82	57	BOG	35
3804.82	3804.931	99999	sp	35
3804.931	3805.242	178	GETS	35
3805.242	3805.596	465	VERY	35
3805.596	3806.171	340	PRETTY	35
3806.171	3806.52	99999	sp	35
3806.52	3806.725	217	IN	35
3806.725	3807.242	40	AUTUMN	35
3816.138	3816.442	210	HOW	36
3816.442	3816.662	128	DO	36
3816.662	3817.272	318	OYSTERS	36
3817.272	3817.552	253	MAKE	36
3817.552	3818.31	320	PEARLS	36
3826.863	3827.072	257	MAY	37
3827.072	3827.303	211	I	37
3827.303	3827.692	304	ORDER	37
3827.692	3827.831	1	A	37
3827.831	3828.654	319	PARFAIT	37
3828.654	3829.082	10	AFTER	37
3829.082	3829.281	211	I	37
3829.281	3829.582	134	EAT	37
3829.582	3829.966	124	DINNER	37
3838.635	3838.748	224	IS	38
3838.748	3839.053	375	SHE	38
3839.053	3839.452	187	GOING	38
3839.452	3839.714	487	WITH	38
3839.714	3840.081	495	YOU	38
3849.452	3849.781	76	CAN	39
3849.781	3849.892	434	THE	39
3849.892	3850.593	11	AGENCY	39
3850.593	3851.444	315	OVERTHROW	39
3851.444	3851.944	13	ALIEN	39
3851.944	3852.661	162	FORCES	39
3861.82	3861.93	1	A	40
3861.93	3862.958	371	SCREWDRIVER	40
3862.958	3863.062	99999	sp	40
3863.062	3863.303	224	IS	40
3863.303	3863.81	252	MADE	40
3863.81	3863.933	99999	sp	40
3863.933	3864.212	166	FROM	40
3864.212	3864.822	469	VODKA	40
3864.822	3865.082	99999	sp	40
3865.082	3865.291	20	AND	40
3865.291	3865.851	303	ORANGE	40
3865.851	3866.346	230	JUICE	40
3874.935	3875.212	210	HOW	41
3875.212	3875.516	269	MUCH	41
3875.516	3876.459	16	ALLOWANCE	41
3876.459	3876.546	99999	sp	41
3876.546	3876.673	128	DO	41
3876.673	3876.923	495	YOU	41
3876.923	3877.423	177	GET	41
3885.123	3886.041	115	CYCLICAL	42
3886.041	3886.962	346	PROGRAMS	42
3886.962	3887.046	99999	sp	42
3887.046	3887.341	485	WILL	42
3887.341	3887.867	281	NEVER	42
3887.867	3888.113	99999	sp	42
3888.113	3888.906	100	COMPILE	42
3898.052	3898.161	434	THE	43
3898.161	3898.886	61	BOSTON	43
3898.886	3899.659	45	BALLET	43
3899.659	3900.101	99999	sp	43
3900.101	3901.065	312	OVERCAME	43
3901.065	3901.212	99999	sp	43
3901.212	3901.459	435	THEIR	43
3901.459	3902.161	170	FUNDING	43
3902.161	3902.24	99999	sp	43
3902.24	3903.062	380	SHORTAGE	43
3913.052	3913.401	145	EVERY	44
3913.401	3913.928	74	CAB	44
3913.928	3914.06	99999	sp	44
3914.06	3914.471	280	NEEDS	44
3914.471	3915.392	364	REPAINTING	44
3915.392	3915.493	99999	sp	44
3915.493	3916.096	296	OFTEN	44
3923.764	3924.079	203	HELP	45
3924.079	3924.661	196	GREG	45
3924.661	3924.796	99999	sp	45
3924.796	3924.962	446	TO	45
3924.962	3925.322	325	PICK	45
3925.322	3925.538	1	A	45
3925.538	3926.05	321	PECK	45
3926.05	3926.432	99999	sp	45
3926.432	3926.651	294	OF	45
3926.651	3927.632	338	POTATOES	45
3936.3	3936.613	476	WE	46
3936.613	3936.938	241	LIKE	46
3936.938	3937.252	55	BLUE	46
3937.252	3937.952	88	CHEESE	46
3937.952	3938.344	99999	sp	46
3938.344	3938.541	70	BUT	46
3938.541	3939.252	466	VICTOR	46
3939.252	3939.531	99999	sp	46
3939.531	3940.012	242	LIKES	46
3940.012	3940.702	64	BRIE	46
3949.918	3950.272	108	COUNT	47
3950.272	3950.382	434	THE	47
3950.382	3950.999	289	NUMBER	47
3950.999	3951.2690000000002	294	OF	47
3951.2690000000002	3952.216	429	TEASPOONS	47
3952.216	3952.476	99999	sp	47
3952.476	3952.637	294	OF	47
3952.637	3953.584	395	SOYSAUCE	47
3953.584	3953.959	99999	sp	47
3953.959	3954.173	433	THAT	47
3954.173	3954.476	495	YOU	47
3954.476	3955.048	7	ADD	47
3964.285	3965.005	44	BAGPIPES	48
3965.005	3965.322	20	AND	48
3965.322	3966.19	59	BONGOS	48
3966.19	3966.329	99999	sp	48
3966.329	3966.553	30	ARE	48
3966.553	3967.281	273	MUSICAL	48
3967.281	3967.454	99999	sp	48
3967.454	3968.452	220	INSTRUMENTS	48
3975.248	3975.512	210	HOW	49
3975.512	3976.108	189	GOOD	49
3976.108	3976.31	99999	sp	49
3976.31	3976.623	224	IS	49
3976.623	3977.137	496	YOUR	49
3977.137	3977.236	99999	sp	49
3977.236	3978.212	138	ENDURANCE	49
