19.582	19.61	99999	sp	0
19.61	19.771	30	ARE	0
19.771	19.931	496	YOUR	0
19.931	20.422	192	GRADES	0
20.422	21.006	206	HIGHER	0
21.006	21.172	302	OR	0
21.172	21.512	251	LOWER	0
21.512	21.662	432	THAN	0
21.662	22.431	275	NANCY'S	0
31.082	31.502	375	SHE	1
31.502	31.861	490	WORE	1
31.861	32.471	471	WARM	1
32.471	32.551	99999	sp	1
32.551	33.171	158	FLEECY	1
33.171	33.642	489	WOOLEN	1
33.642	34.45	311	OVERALLS	1
46.401	46.805	354	READING	2
46.805	46.991	217	IN	2
46.991	47.291	335	POOR	2
47.291	47.811	240	LIGHT	2
47.811	48.165	181	GIVES	2
48.165	48.291	495	YOU	2
48.291	49.231	150	EYESTRAIN	2
59.822	59.831	99999	sp	3
59.831	60.148	142	EVEN	3
60.148	60.621	211	I	3
60.621	61.281	293	OCCASIONALLY	3
61.281	61.481	177	GET	3
61.481	61.601	434	THE	3
61.601	62.031	265	MONDAY	3
62.031	62.671	56	BLUES	3
73.84	73.981	476	WE	4
73.981	74.132	30	ARE	4
74.132	74.65	301	OPEN	4
74.65	75.078	145	EVERY	4
75.078	75.668	265	MONDAY	4
75.668	76.231	143	EVENING	4
85.111	85.132	99999	sp	5
85.132	85.331	226	IT'S	5
85.331	85.591	285	NOT	5
85.591	85.931	133	EASY	5
85.931	86.061	446	TO	5
86.061	86.691	113	CREATE	5
86.691	87.412	215	ILLUMINATING	5
87.412	88.331	146	EXAMPLES	5
98.761	98.773	99999	sp	6
98.773	99.261	270	MUM	6
99.261	99.841	407	STRONGLY	6
99.841	100.641	126	DISLIKES	6
100.641	100.733	99999	sp	6
100.733	101.662	27	APPETIZERS	6
111.691	112.067	443	THOSE	7
112.067	112.209	484	WHO	7
112.209	112.602	427	TEACH	7
112.602	113.352	462	VALUES	7
113.352	113.941	156	FIRST	7
113.941	114.581	4	ABOLISH	7
114.581	115.191	87	CHEATING	7
126.561	126.662	434	THE	8
126.662	127.171	165	FRIGHTENED	8
127.171	127.781	89	CHILD	8
127.781	128.155	472	WAS	8
128.155	128.642	176	GENTLY	8
128.642	129.332	410	SUBDUED	8
129.332	129.562	73	BY	8
129.562	129.792	208	HIS	8
129.792	130.012	52	BIG	8
130.012	130.062	99999	sp	8
130.062	130.502	66	BROTHER	8
142.942	142.961	99999	sp	9
142.961	143.249	142	EVEN	9
143.249	143.312	1	A	9
143.312	143.752	383	SIMPLE	9
143.752	144.558	468	VOCABULARY	9
144.558	145.132	104	CONTAINS	9
145.132	145.875	422	SYMBOLS	9
156.462	156.562	1	A	10
156.562	156.962	110	CRAB	10
156.962	157.452	85	CHALLENGED	10
157.452	157.802	258	ME	10
157.802	158.114	99999	sp	10
158.114	158.22	70	BUT	10
158.22	158.312	1	A	10
158.312	158.572	350	QUICK	10
158.572	159.102	402	STAB	10
159.102	159.596	464	VANQUISHED	10
159.596	159.901	207	HIM	10
170.242	170.282	99999	sp	11
170.282	170.832	183	GLUCOSE	11
170.832	170.992	20	AND	11
170.992	171.809	167	FRUCTOSE	11
171.809	171.962	30	ARE	11
171.962	172.343	276	NATURAL	11
172.343	172.812	414	SUGARS	11
172.812	173.181	163	FOUND	11
173.181	173.292	217	IN	11
173.292	173.763	168	FRUIT	11
184.472	184.508	99999	sp	12
184.508	184.672	30	ARE	12
184.672	184.8	495	YOU	12
184.8	185.212	250	LOOKING	12
185.212	185.385	161	FOR	12
185.385	186.124	136	EMPLOYMENT	12
195.843	196.222	98	COFFEE	13
196.222	196.415	224	IS	13
196.415	196.776	198	GROWN	13
196.776	196.982	297	ON	13
196.982	197.602	404	STEEP	13
197.602	198.002	231	JUNGLE	13
198.002	198.223	241	LIKE	13
198.223	198.802	390	SLOPES	13
198.802	199.062	217	IN	13
199.062	199.452	431	TEMPERATE	13
199.452	200.07	497	ZONES	13
211.104	211.312	476	WE	14
211.312	211.853	480	WELCOME	14
211.853	212.342	256	MANY	14
212.342	212.562	282	NEW	14
212.562	213.131	408	STUDENTS	14
213.131	213.449	132	EACH	14
213.449	213.862	491	YEAR	14
223.491	223.772	298	ONLY	15
223.772	223.929	434	THE	15
223.929	224.302	51	BEST	15
224.302	224.797	330	PLAYERS	15
224.797	225.142	139	ENJOY	15
225.142	225.54	88888	PROP	15
225.54	226.225	336	POPULARITY	15
235.912	235.937	99999	sp	16
235.937	236.462	75	CALCIUM	16
236.462	236.819	254	MAKES	16
236.819	237.222	58	BONES	16
237.222	237.343	20	AND	16
237.343	237.642	430	TEETH	16
237.642	238.369	406	STRONG	16
248.442	249.002	286	NOTHING	17
249.002	249.193	224	IS	17
249.193	249.315	34	AS	17
249.315	250.032	295	OFFENSIVE	17
250.032	250.282	34	AS	17
250.282	250.992	219	INNOCENCE	17
261.132	261.149	99999	sp	18
261.149	261.612	405	STEVE	18
261.612	261.938	490	WORE	18
261.938	262.1	1	A	18
262.1	262.552	65	BRIGHT	18
262.552	263.029	356	RED	18
263.029	263.682	78	CASHMERE	18
263.682	264.212	420	SWEATER	18
274.952	274.99	99999	sp	19
274.99	275.457	46	BARB'S	19
275.457	275.829	188	GOLD	19
275.829	276.482	63	BRACELET	19
276.482	276.541	99999	sp	19
276.541	276.702	472	WAS	19
276.702	276.772	1	A	19
276.772	277.522	193	GRADUATION	19
277.522	278.052	339	PRESENT	19
288.973	289.375	130	DRAW	20
289.375	289.944	145	EVERY	20
289.944	290.341	308	OUTER	20
290.341	290.666	244	LINE	20
290.666	291.298	156	FIRST	20
291.298	291.512	99999	sp	20
291.512	291.742	436	THEN	20
291.742	292.101	154	FILL	20
292.101	292.541	217	IN	20
292.541	292.721	434	THE	20
292.721	293.438	222	INTERIOR	20
304.962	305.082	434	THE	21
305.082	305.462	475	WATER	21
305.462	306.173	103	CONTAINED	21
306.173	306.432	448	TOO	21
306.432	306.721	269	MUCH	21
306.721	307.432	90	CHLORINE	21
307.432	307.522	99999	sp	21
307.522	307.723	20	AND	21
307.723	308.151	409	STUNG	21
308.151	308.331	208	HIS	21
308.331	308.927	149	EYES	21
319.962	319.983	99999	sp	22
319.983	320.632	229	JOHN'S	22
320.632	321.132	66	BROTHER	22
321.132	321.192	99999	sp	22
321.192	321.913	363	REPAINTED	22
321.913	322.122	434	THE	22
322.122	322.754	173	GARAGE	22
322.754	323.25	129	DOOR	22
333.892	333.911	99999	sp	23
333.911	334.498	84	CHALLENGE	23
334.498	334.889	132	EACH	23
334.889	335.589	175	GENERAL'S	23
335.589	336.572	221	INTELLIGENCE	23
346.945	347.875	17	AMBIDEXTROUS	24
347.875	348.951	327	PICKPOCKETS	24
348.951	349.458	6	ACCOMPLISH	24
349.458	349.922	267	MORE	24
359.582	359.641	1	A	25
359.641	360.447	271	MUSCULAR	25
360.447	361.161	2	ABDOMEN	25
361.161	361.345	99999	sp	25
361.345	361.531	224	IS	25
361.531	361.697	189	GOOD	25
361.697	361.882	161	FOR	25
361.882	362.072	496	YOUR	25
362.072	362.591	43	BACK	25
371.857	372.002	438	THEY	26
372.002	372.238	317	OWN	26
372.238	372.372	1	A	26
372.372	372.601	52	BIG	26
372.601	373.242	209	HOUSE	26
373.242	373.303	99999	sp	26
373.303	373.442	217	IN	26
373.442	373.565	434	THE	26
373.565	373.982	361	REMOTE	26
373.982	375.017	109	COUNTRYSIDE	26
384.482	384.499	99999	sp	27
384.499	384.612	434	THE	27
384.612	385.115	369	ROSE	27
385.115	385.942	106	CORSAGE	27
385.942	386.442	393	SMELLED	27
386.442	387.23	421	SWEET	27
397.458	397.702	433	THAT	28
397.702	397.791	99999	sp	28
397.791	398.709	326	PICKPOCKET	28
398.709	398.786	99999	sp	28
398.786	399.043	472	WAS	28
399.043	399.362	80	CAUGHT	28
399.362	399.642	356	RED	28
399.642	400.269	199	HANDED	28
410.271	410.382	19	AN	29
410.382	410.837	9	ADULT	29
410.837	411.192	255	MALE	29
411.192	411.932	42	BABOON'S	29
411.932	412.423	430	TEETH	29
412.423	412.601	30	ARE	29
412.601	412.821	285	NOT	29
412.821	413.422	415	SUITABLE	29
413.422	413.648	161	FOR	29
413.648	414.005	135	EATING	29
414.005	414.911	376	SHELLFISH	29
426.591	426.75	204	HER	30
426.75	427.37	470	WARDROBE	30
427.37	428.221	102	CONSISTS	30
428.221	428.575	294	OF	30
428.575	428.904	298	ONLY	30
428.904	429.648	385	SKIRTS	30
429.648	429.882	20	AND	30
429.882	430.651	54	BLOUSES	30
441.721	441.899	434	THE	31
441.899	442.273	453	TWO	31
442.273	443.103	33	ARTISTS	31
443.103	443.997	147	EXCHANGED	31
443.997	445.101	39	AUTOGRAPHS	31
455.522	455.548	99999	sp	32
455.548	456.315	71	BUTTERSCOTCH	32
456.315	457.009	169	FUDGE	32
457.009	457.115	99999	sp	32
457.115	457.512	186	GOES	32
457.512	458.035	481	WELL	32
458.035	458.291	487	WITH	32
458.291	458.892	463	VANILLA	32
458.892	459.232	212	ICE	32
459.232	459.752	112	CREAM	32
471.975	472.482	366	RICH	33
472.482	472.608	99999	sp	33
472.608	473.232	349	PURCHASED	33
473.232	473.911	374	SEVERAL	33
473.911	474.552	382	SIGNED	33
474.552	475.531	245	LITHOGRAPHS	33
486.122	486.142	99999	sp	34
486.142	486.435	24	ANY	34
486.435	487.531	105	CONTRIBUTIONS	34
487.531	487.712	485	WILL	34
487.712	487.822	47	BE	34
487.822	488.312	195	GREATLY	34
488.312	489.302	28	APPRECIATED	34
500.192	500.211	99999	sp	35
500.211	500.322	434	THE	35
500.322	500.971	111	CRANBERRY	35
500.971	501.446	57	BOG	35
501.446	501.735	178	GETS	35
501.735	502.017	465	VERY	35
502.017	502.48	340	PRETTY	35
502.48	502.644	217	IN	35
502.644	503.052	40	AUTUMN	35
513.991	514.261	210	HOW	36
514.261	514.481	128	DO	36
514.481	515.152	318	OYSTERS	36
515.152	515.422	253	MAKE	36
515.422	516.212	320	PEARLS	36
527.381	527.397	99999	sp	37
527.397	527.554	257	MAY	37
527.554	527.707	211	I	37
527.707	528.157	304	ORDER	37
528.157	528.289	1	A	37
528.289	529.042	319	PARFAIT	37
529.042	529.611	10	AFTER	37
529.611	529.761	211	I	37
529.761	530.019	134	EAT	37
530.019	530.461	124	DINNER	37
541.654	541.731	224	IS	38
541.731	541.981	375	SHE	38
541.981	542.432	187	GOING	38
542.432	542.686	487	WITH	38
542.686	542.998	495	YOU	38
554.282	554.306	99999	sp	39
554.306	554.712	76	CAN	39
554.712	554.865	434	THE	39
554.865	555.662	11	AGENCY	39
555.662	556.461	315	OVERTHROW	39
556.461	556.952	13	ALIEN	39
556.952	557.74	162	FORCES	39
569.284	569.332	1	A	40
569.332	570.303	371	SCREWDRIVER	40
570.303	570.491	224	IS	40
570.491	570.932	252	MADE	40
570.932	571.221	166	FROM	40
571.221	572.015	469	VODKA	40
572.015	572.182	20	AND	40
572.182	572.591	303	ORANGE	40
572.591	573.182	230	JUICE	40
583.355	583.652	210	HOW	41
583.652	583.918	269	MUCH	41
583.918	584.611	16	ALLOWANCE	41
584.611	584.712	128	DO	41
584.712	584.932	495	YOU	41
584.932	585.481	177	GET	41
595.0	595.352	99999	sp	42
595.352	596.942	485	WILL	42
596.942	597.321	281	NEVER	42
597.321	598.031	100	COMPILE	42
608.771	608.796	99999	sp	43
608.796	608.891	434	THE	43
608.891	609.476	61	BOSTON	43
609.476	609.992	45	BALLET	43
609.992	610.755	312	OVERCAME	43
610.755	610.898	435	THEIR	43
610.898	611.361	170	FUNDING	43
611.361	611.942	380	SHORTAGE	43
622.782	622.817	99999	sp	44
622.817	623.16	145	EVERY	44
623.16	623.849	74	CAB	44
623.849	623.922	99999	sp	44
623.922	624.372	280	NEEDS	44
624.372	625.277	364	REPAINTING	44
625.277	626.02	296	OFTEN	44
636.731	636.75	99999	sp	45
636.75	637.1610000000001	203	HELP	45
637.1610000000001	637.222	99999	sp	45
637.222	637.639	196	GREG	45
637.639	637.697	99999	sp	45
637.697	637.85	446	TO	45
637.85	637.905	99999	sp	45
637.905	638.151	325	PICK	45
638.151	638.28	1	A	45
638.28	638.366	99999	sp	45
638.366	638.921	325	PICK	45
638.921	639.115	99999	sp	45
639.115	639.356	294	OF	45
639.356	640.261	338	POTATOES	45
650.0409999999999	650.236	476	WE	46
650.236	650.5840000000001	241	LIKE	46
650.5840000000001	650.783	55	BLUE	46
650.783	651.49	88	CHEESE	46
651.49	651.613	99999	sp	46
651.613	651.746	70	BUT	46
651.746	652.167	466	VICTOR	46
652.167	652.478	242	LIKES	46
652.478	652.566	99999	sp	46
652.566	652.988	64	BRIE	46
663.412	663.444	99999	sp	47
663.444	663.764	108	COUNT	47
663.764	663.858	434	THE	47
663.858	664.5550000000001	289	NUMBER	47
664.5550000000001	664.739	99999	sp	47
664.739	664.934	294	OF	47
664.934	665.924	429	TEASPOONS	47
665.924	666.052	294	OF	47
666.052	667.008	395	SOYSAUCE	47
667.008	667.127	99999	sp	47
667.127	667.278	433	THAT	47
667.278	667.519	495	YOU	47
667.519	667.971	7	ADD	47
679.8820000000001	679.906	99999	sp	48
679.906	680.7570000000001	44	BAGPIPES	48
680.7570000000001	680.822	99999	sp	48
680.822	681.147	20	AND	48
681.147	681.969	59	BONGOS	48
681.969	682.067	99999	sp	48
682.067	682.27	30	ARE	48
682.27	682.772	273	MUSICAL	48
682.772	683.641	220	INSTRUMENTS	48
693.581	693.7909999999999	210	HOW	49
693.7909999999999	694.001	189	GOOD	49
694.001	694.242	224	IS	49
694.242	694.388	496	YOUR	49
694.388	695.1320000000001	138	ENDURANCE	49
715.572	715.603	99999	sp	0
715.603	715.802	30	ARE	0
715.802	716.029	496	YOUR	0
716.029	716.431	192	GRADES	0
716.431	717.031	206	HIGHER	0
717.031	717.108	99999	sp	0
717.108	717.272	302	OR	0
717.272	717.644	251	LOWER	0
717.644	717.831	432	THAN	0
717.831	718.591	275	NANCY'S	0
731.4010000000001	731.422	99999	sp	1
731.422	731.865	375	SHE	1
731.865	732.212	490	WORE	1
732.212	732.894	471	WARM	1
732.894	733.7570000000001	158	FLEECY	1
733.7570000000001	733.925	99999	sp	1
733.925	734.37	489	WOOLEN	1
734.37	735.292	311	OVERALLS	1
745.262	745.667	354	READING	2
745.667	745.863	217	IN	2
745.863	746.111	335	POOR	2
746.111	746.681	240	LIGHT	2
746.681	746.825	99999	sp	2
746.825	747.23	181	GIVES	2
747.23	747.4010000000001	495	YOU	2
747.4010000000001	748.4010000000001	150	EYESTRAIN	2
758.822	758.835	99999	sp	3
758.835	759.169	142	EVEN	3
759.169	759.392	211	I	3
759.392	760.072	293	OCCASIONALLY	3
760.072	760.242	177	GET	3
760.242	760.312	99999	sp	3
760.312	760.3820000000001	434	THE	3
760.3820000000001	760.822	265	MONDAY	3
760.822	761.6320000000001	56	BLUES	3
772.2719999999999	772.298	99999	sp	4
772.298	772.392	476	WE	4
772.392	772.568	30	ARE	4
772.568	772.912	301	OPEN	4
772.912	773.248	145	EVERY	4
773.248	773.6220000000001	265	MONDAY	4
773.6220000000001	774.282	143	EVENING	4
784.762	784.788	99999	sp	5
784.788	784.9970000000001	226	IT'S	5
784.9970000000001	785.222	285	NOT	5
785.222	785.636	133	EASY	5
785.636	785.79	446	TO	5
785.79	786.312	113	CREATE	5
786.312	787.072	215	ILLUMINATING	5
787.072	787.906	146	EXAMPLES	5
799.1220000000001	799.148	99999	sp	6
799.148	799.512	270	MUM	6
799.512	800.08	407	STRONGLY	6
800.08	800.731	126	DISLIKES	6
800.731	801.702	27	APPETIZERS	6
812.082	812.1	99999	sp	7
812.1	812.491	443	THOSE	7
812.491	812.611	484	WHO	7
812.611	812.952	427	TEACH	7
812.952	813.722	462	VALUES	7
813.722	814.138	156	FIRST	7
814.138	814.752	4	ABOLISH	7
814.752	815.352	87	CHEATING	7
824.482	824.508	99999	sp	8
824.508	824.592	434	THE	8
824.592	825.125	165	FRIGHTENED	8
825.125	825.662	89	CHILD	8
825.662	826.068	472	WAS	8
826.068	826.5219999999999	176	GENTLY	8
826.5219999999999	827.35	410	SUBDUED	8
827.35	827.523	99999	sp	8
827.523	827.722	73	BY	8
827.722	828.029	208	HIS	8
828.029	828.242	52	BIG	8
828.242	828.36	99999	sp	8
828.36	828.77	66	BROTHER	8
839.592	839.61	99999	sp	9
839.61	839.975	142	EVEN	9
839.975	840.038	1	A	9
840.038	840.512	383	SIMPLE	9
840.512	841.4300000000001	468	VOCABULARY	9
841.4300000000001	842.0219999999999	104	CONTAINS	9
842.0219999999999	842.8720000000001	422	SYMBOLS	9
852.672	852.809	1	A	10
852.809	853.171	110	CRAB	10
853.171	853.6510000000001	85	CHALLENGED	10
853.6510000000001	854.002	258	ME	10
854.002	854.3620000000001	99999	sp	10
854.3620000000001	854.462	70	BUT	10
854.462	854.5830000000001	1	A	10
854.5830000000001	854.802	350	QUICK	10
854.802	855.262	402	STAB	10
855.262	855.781	464	VANQUISHED	10
855.781	856.002	207	HIM	10
865.735	866.2570000000001	183	GLUCOSE	11
866.2570000000001	866.392	20	AND	11
866.392	867.22	167	FRUCTOSE	11
867.22	867.3820000000001	30	ARE	11
867.3820000000001	867.8620000000001	276	NATURAL	11
867.8620000000001	868.512	414	SUGARS	11
868.512	869.0889999999999	163	FOUND	11
869.0889999999999	869.238	217	IN	11
869.238	869.832	168	FRUIT	11
880.153	880.2760000000001	30	ARE	12
880.2760000000001	880.422	495	YOU	12
880.422	880.7280000000001	250	LOOKING	12
880.7280000000001	880.952	161	FOR	12
880.952	881.692	136	EMPLOYMENT	12
893.2570000000001	893.672	98	COFFEE	13
893.672	893.8720000000001	224	IS	13
893.8720000000001	894.197	198	GROWN	13
894.197	894.396	297	ON	13
894.396	894.892	404	STEEP	13
894.892	895.2909999999999	99999	sp	13
895.2909999999999	895.742	231	JUNGLE	13
895.742	896.0360000000001	241	LIKE	13
896.0360000000001	896.7719999999999	390	SLOPES	13
896.7719999999999	896.841	99999	sp	13
896.841	897.127	217	IN	13
897.127	897.587	431	TEMPERATE	13
897.587	898.298	497	ZONES	13
908.392	908.418	99999	sp	14
908.418	908.5409999999999	476	WE	14
908.5409999999999	908.971	480	WELCOME	14
908.971	909.2719999999999	256	MANY	14
909.2719999999999	909.4639999999999	282	NEW	14
909.4639999999999	910.062	408	STUDENTS	14
910.062	910.3820000000001	132	EACH	14
910.3820000000001	910.742	491	YEAR	14
921.767	922.038	298	ONLY	15
922.038	922.196	434	THE	15
922.196	922.502	51	BEST	15
922.502	922.998	330	PLAYERS	15
922.998	923.337	139	ENJOY	15
923.337	924.091	336	POPULARITY	15
935.4110000000001	935.44	99999	sp	16
935.44	935.952	75	CALCIUM	16
935.952	936.341	254	MAKES	16
936.341	936.88	58	BONES	16
936.88	937.038	20	AND	16
937.038	937.346	430	TEETH	16
937.346	938.052	406	STRONG	16
952.012	952.6120000000001	286	NOTHING	17
952.6120000000001	952.7280000000001	224	IS	17
952.7280000000001	953.0350000000001	88888	OFE	17
953.0350000000001	953.1610000000001	99999	sp	17
953.1610000000001	953.3820000000001	34	AS	17
953.3820000000001	954.0409999999999	295	OFFENSIVE	17
954.0409999999999	954.146	99999	sp	17
954.146	954.332	34	AS	17
954.332	955.031	219	INNOCENCE	17
969.812	969.837	99999	sp	18
969.837	970.3389999999999	405	STEVE	18
970.3389999999999	970.649	490	WORE	18
970.649	970.75	1	A	18
970.75	971.0930000000001	65	BRIGHT	18
971.0930000000001	971.425	356	RED	18
971.425	971.596	99999	sp	18
971.596	972.108	78	CASHMERE	18
972.108	972.591	420	SWEATER	18
981.1220000000001	981.154	99999	sp	19
981.154	981.627	46	BARB'S	19
981.627	981.998	188	GOLD	19
981.998	982.725	63	BRACELET	19
982.725	982.98	99999	sp	19
982.98	983.242	472	WAS	19
983.242	983.296	1	A	19
983.296	984.1700000000001	193	GRADUATION	19
984.1700000000001	984.712	339	PRESENT	19
996.591	996.61	99999	sp	20
996.61	996.961	130	DRAW	20
996.961	997.392	145	EVERY	20
997.392	997.6510000000001	308	OUTER	20
997.6510000000001	997.969	244	LINE	20
997.969	998.6610000000001	156	FIRST	20
998.6610000000001	998.9739999999999	99999	sp	20
998.9739999999999	999.212	436	THEN	20
999.212	999.601	154	FILL	20
999.601	999.832	217	IN	20
999.832	999.971	434	THE	20
999.971	1000.712	222	INTERIOR	20
1011.6610000000001	1011.723	99999	sp	21
1011.723	1011.7950000000001	434	THE	21
1011.7950000000001	1012.1610000000001	475	WATER	21
1012.1610000000001	1012.7719999999999	103	CONTAINED	21
1012.7719999999999	1012.861	99999	sp	21
1012.861	1013.1610000000001	448	TOO	21
1013.1610000000001	1013.442	269	MUCH	21
1013.442	1014.144	90	CHLORINE	21
1014.144	1014.3340000000001	20	AND	21
1014.3340000000001	1014.851	409	STUNG	21
1014.851	1015.1510000000001	208	HIS	21
1015.1510000000001	1015.762	149	EYES	21
1026.5819999999999	1027.123	229	JOHN'S	22
1027.123	1027.635	66	BROTHER	22
1027.635	1027.702	99999	sp	22
1027.702	1028.432	363	REPAINTED	22
1028.432	1028.536	434	THE	22
1028.536	1029.1109999999999	173	GARAGE	22
1029.1109999999999	1029.531	129	DOOR	22
1040.702	1040.723	99999	sp	23
1040.723	1041.3020000000001	84	CHALLENGE	23
1041.3020000000001	1041.632	132	EACH	23
1041.632	1042.421	175	GENERAL'S	23
1042.421	1043.392	221	INTELLIGENCE	23
1053.721	1053.748	99999	sp	24
1053.748	1054.651	17	AMBIDEXTROUS	24
1054.651	1055.605	327	PICKPOCKETS	24
1055.605	1055.642	99999	sp	24
1055.642	1056.212	6	ACCOMPLISH	24
1056.212	1056.651	267	MORE	24
1069.182	1069.202	99999	sp	25
1069.202	1069.291	1	A	25
1069.291	1069.863	271	MUSCULAR	25
1069.863	1070.5720000000001	2	ABDOMEN	25
1070.5720000000001	1070.776	99999	sp	25
1070.776	1071.019	224	IS	25
1071.019	1071.202	189	GOOD	25
1071.202	1071.392	161	FOR	25
1071.392	1071.584	496	YOUR	25
1071.584	1072.022	43	BACK	25
1081.892	1081.9180000000001	99999	sp	26
1081.9180000000001	1082.134	438	THEY	26
1082.134	1082.339	317	OWN	26
1082.339	1082.519	1	A	26
1082.519	1082.733	52	BIG	26
1082.733	1083.379	209	HOUSE	26
1083.379	1083.482	99999	sp	26
1083.482	1083.6390000000001	217	IN	26
1083.6390000000001	1083.712	434	THE	26
1083.712	1084.216	361	REMOTE	26
1084.216	1085.132	109	COUNTRYSIDE	26
1098.041	1098.0810000000001	99999	sp	27
1098.0810000000001	1098.172	434	THE	27
1098.172	1098.692	369	ROSE	27
1098.692	1099.452	106	CORSAGE	27
1099.452	1099.904	393	SMELLED	27
1099.904	1100.632	421	SWEET	27
1110.5520000000001	1110.567	99999	sp	28
1110.567	1110.873	433	THAT	28
1110.873	1111.6660000000002	326	PICKPOCKET	28
1111.6660000000002	1111.894	472	WAS	28
1111.894	1112.261	80	CAUGHT	28
1112.261	1112.578	356	RED	28
1112.578	1113.202	199	HANDED	28
1124.292	1124.462	19	AN	29
1124.462	1124.855	9	ADULT	29
1124.855	1125.1970000000001	255	MALE	29
1125.1970000000001	1125.8899999999999	42	BABOON'S	29
1125.8899999999999	1126.359	430	TEETH	29
1126.359	1126.501	30	ARE	29
1126.501	1126.732	285	NOT	29
1126.732	1127.351	415	SUITABLE	29
1127.351	1127.642	161	FOR	29
1127.642	1127.962	135	EATING	29
1127.962	1128.741	376	SHELLFISH	29
1139.042	1139.212	204	HER	30
1139.212	1139.871	470	WARDROBE	30
1139.871	1140.703	102	CONSISTS	30
1140.703	1140.8600000000001	294	OF	30
1140.8600000000001	1141.212	298	ONLY	30
1141.212	1142.008	385	SKIRTS	30
1142.008	1142.214	20	AND	30
1142.214	1142.942	54	BLOUSES	30
1153.216	1153.351	434	THE	31
1153.351	1153.621	453	TWO	31
1153.621	1154.3809999999999	33	ARTISTS	31
1154.3809999999999	1155.149	147	EXCHANGED	31
1155.149	1156.0320000000002	39	AUTOGRAPHS	31
1167.192	1167.221	99999	sp	32
1167.221	1167.95	71	BUTTERSCOTCH	32
1167.95	1168.5140000000001	169	FUDGE	32
1168.5140000000001	1168.605	99999	sp	32
1168.605	1168.962	186	GOES	32
1168.962	1169.443	481	WELL	32
1169.443	1169.662	487	WITH	32
1169.662	1170.143	463	VANILLA	32
1170.143	1170.49	212	ICE	32
1170.49	1170.981	112	CREAM	32
1182.059	1182.446	99999	sp	33
1182.446	1182.842	366	RICH	33
1182.842	1183.3220000000001	349	PURCHASED	33
1183.3220000000001	1183.923	374	SEVERAL	33
1183.923	1184.371	382	SIGNED	33
1184.371	1185.3319999999999	245	LITHOGRAPHS	33
1196.338	1196.622	24	ANY	34
1196.622	1197.612	105	CONTRIBUTIONS	34
1197.612	1197.742	485	WILL	34
1197.742	1197.862	47	BE	34
1197.862	1198.297	195	GREATLY	34
1198.297	1199.09	28	APPRECIATED	34
1208.87	1208.988	434	THE	35
1208.988	1209.681	111	CRANBERRY	35
1209.681	1210.253	57	BOG	35
1210.253	1210.542	178	GETS	35
1210.542	1210.872	465	VERY	35
1210.872	1211.422	340	PRETTY	35
1211.422	1211.588	217	IN	35
1211.588	1212.082	40	AUTUMN	35
1221.822	1222.031	210	HOW	36
1222.031	1222.221	128	DO	36
1222.221	1222.983	318	OYSTERS	36
1222.983	1223.252	253	MAKE	36
1223.252	1223.901	320	PEARLS	36
1233.861	1234.107	257	MAY	37
1234.107	1234.281	211	I	37
1234.281	1234.724	304	ORDER	37
1234.724	1234.881	1	A	37
1234.881	1235.734	319	PARFAIT	37
1235.734	1236.198	10	AFTER	37
1236.198	1236.392	211	I	37
1236.392	1236.673	134	EAT	37
1236.673	1237.0720000000001	124	DINNER	37
1247.002	1247.036	99999	sp	38
1247.036	1247.201	224	IS	38
1247.201	1247.484	375	SHE	38
1247.484	1247.911	187	GOING	38
1247.911	1248.16	487	WITH	38
1248.16	1248.531	495	YOU	38
1260.2930000000001	1260.651	76	CAN	39
1260.651	1260.861	434	THE	39
1260.861	1261.596	11	AGENCY	39
1261.596	1262.284	315	OVERTHROW	39
1262.284	1262.802	13	ALIEN	39
1262.802	1263.541	162	FORCES	39
1274.382	1274.397	99999	sp	40
1274.397	1274.495	1	A	40
1274.495	1275.535	371	SCREWDRIVER	40
1275.535	1275.791	224	IS	40
1275.791	1276.121	252	MADE	40
1276.121	1276.421	166	FROM	40
1276.421	1277.1970000000001	469	VODKA	40
1277.1970000000001	1277.373	20	AND	40
1277.373	1277.825	303	ORANGE	40
1277.825	1278.421	230	JUICE	40
1289.394	1289.623	210	HOW	41
1289.623	1289.861	269	MUCH	41
1289.861	1290.681	16	ALLOWANCE	41
1290.681	1290.751	128	DO	41
1290.751	1290.971	495	YOU	41
1290.971	1291.552	177	GET	41
1304.228	1305.221	115	CYCLICAL	42
1305.221	1305.992	346	PROGRAMS	42
1305.992	1306.141	485	WILL	42
1306.141	1306.462	281	NEVER	42
1306.462	1307.171	100	COMPILE	42
1319.309	1319.401	434	THE	43
1319.401	1319.937	61	BOSTON	43
1319.937	1320.501	45	BALLET	43
1320.501	1321.202	312	OVERCAME	43
1321.202	1321.342	435	THEIR	43
1321.342	1321.812	170	FUNDING	43
1321.812	1322.556	380	SHORTAGE	43
1333.512	1333.537	99999	sp	44
1333.537	1333.885	145	EVERY	44
1333.885	1334.252	74	CAB	44
1334.252	1334.754	280	NEEDS	44
1334.754	1335.377	364	REPAINTING	44
1335.377	1336.052	296	OFTEN	44
1346.556	1346.87	203	HELP	45
1346.87	1346.907	99999	sp	45
1346.907	1347.297	196	GREG	45
1347.297	1347.472	446	TO	45
1347.472	1347.972	325	PICK	45
1347.972	1348.122	1	A	45
1348.122	1348.642	321	PECK	45
1348.642	1348.852	294	OF	45
1348.852	1349.762	338	POTATOES	45
1360.562	1360.792	476	WE	46
1360.792	1361.163	241	LIKE	46
1361.163	1361.392	55	BLUE	46
1361.392	1362.112	88	CHEESE	46
1362.112	1362.244	99999	sp	46
1362.244	1362.442	70	BUT	46
1362.442	1363.123	466	VICTOR	46
1363.123	1363.546	242	LIKES	46
1363.546	1364.046	64	BRIE	46
1374.702	1374.726	99999	sp	47
1374.726	1374.995	108	COUNT	47
1374.995	1375.079	434	THE	47
1375.079	1375.752	289	NUMBER	47
1375.752	1375.892	99999	sp	47
1375.892	1376.098	294	OF	47
1376.098	1376.949	429	TEASPOONS	47
1376.949	1377.092	294	OF	47
1377.092	1377.942	395	SOYSAUCE	47
1377.942	1378.172	433	THAT	47
1378.172	1378.342	495	YOU	47
1378.342	1378.792	7	ADD	47
1388.681	1388.698	99999	sp	48
1388.698	1389.393	44	BAGPIPES	48
1389.393	1389.651	20	AND	48
1389.651	1390.537	59	BONGOS	48
1390.537	1390.702	30	ARE	48
1390.702	1391.1779999999999	273	MUSICAL	48
1391.1779999999999	1392.246	220	INSTRUMENTS	48
1400.372	1400.692	210	HOW	49
1400.692	1400.952	189	GOOD	49
1400.952	1401.148	224	IS	49
1401.148	1401.32	496	YOUR	49
1401.32	1402.092	138	ENDURANCE	49
1427.862	1427.9	99999	sp	0
1427.9	1428.092	30	ARE	0
1428.092	1428.278	496	YOUR	0
1428.278	1428.685	192	GRADES	0
1428.685	1429.232	206	HIGHER	0
1429.232	1429.442	302	OR	0
1429.442	1429.796	251	LOWER	0
1429.796	1429.982	432	THAN	0
1429.982	1430.745	275	NANCY'S	0
1439.712	1440.062	375	SHE	1
1440.062	1440.416	490	WORE	1
1440.416	1441.08	471	WARM	1
1441.08	1441.632	158	FLEECY	1
1441.632	1442.062	489	WOOLEN	1
1442.062	1442.972	311	OVERALLS	1
1451.683	1452.0819999999999	354	READING	2
1452.0819999999999	1452.233	217	IN	2
1452.233	1452.499	335	POOR	2
1452.499	1453.0529999999999	240	LIGHT	2
1453.0529999999999	1453.413	181	GIVES	2
1453.413	1453.507	495	YOU	2
1453.507	1454.394	150	EYESTRAIN	2
1463.1680000000001	1463.4859999999999	142	EVEN	3
1463.4859999999999	1463.732	211	I	3
1463.732	1464.471	293	OCCASIONALLY	3
1464.471	1464.781	177	GET	3
1464.781	1464.886	99999	sp	3
1464.886	1464.971	434	THE	3
1464.971	1465.411	265	MONDAY	3
1465.411	1466.065	56	BLUES	3
1475.387	1475.504	476	WE	4
1475.504	1475.692	30	ARE	4
1475.692	1476.297	301	OPEN	4
1476.297	1476.672	145	EVERY	4
1476.672	1477.26	265	MONDAY	4
1477.26	1477.8220000000001	143	EVENING	4
1486.562	1486.591	99999	sp	5
1486.591	1486.841	226	IT'S	5
1486.841	1487.115	285	NOT	5
1487.115	1487.512	133	EASY	5
1487.512	1487.68	446	TO	5
1487.68	1488.392	113	CREATE	5
1488.392	1489.165	215	ILLUMINATING	5
1489.165	1490.112	146	EXAMPLES	5
1499.962	1499.978	99999	sp	6
1499.978	1500.387	270	MUM	6
1500.387	1500.962	407	STRONGLY	6
1500.962	1501.632	126	DISLIKES	6
1501.632	1502.593	27	APPETIZERS	6
1511.0819999999999	1511.101	99999	sp	7
1511.101	1511.492	443	THOSE	7
1511.492	1511.635	484	WHO	7
1511.635	1512.012	427	TEACH	7
1512.012	1512.661	462	VALUES	7
1512.661	1513.122	156	FIRST	7
1513.122	1513.7350000000001	4	ABOLISH	7
1513.7350000000001	1514.232	87	CHEATING	7
1522.709	1522.791	434	THE	8
1522.791	1523.3029999999999	165	FRIGHTENED	8
1523.3029999999999	1523.974	89	CHILD	8
1523.974	1524.233	472	WAS	8
1524.233	1524.623	176	GENTLY	8
1524.623	1525.502	410	SUBDUED	8
1525.502	1525.742	73	BY	8
1525.742	1525.992	208	HIS	8
1525.992	1526.202	52	BIG	8
1526.202	1526.712	66	BROTHER	8
1536.124	1536.435	142	EVEN	9
1536.435	1536.533	1	A	9
1536.533	1537.062	383	SIMPLE	9
1537.062	1538.002	468	VOCABULARY	9
1538.002	1538.577	104	CONTAINS	9
1538.577	1539.372	422	SYMBOLS	9
1548.262	1548.2930000000001	99999	sp	10
1548.2930000000001	1548.3890000000001	1	A	10
1548.3890000000001	1548.863	110	CRAB	10
1548.863	1549.452	85	CHALLENGED	10
1549.452	1549.862	258	ME	10
1549.862	1550.1109999999999	99999	sp	10
1550.1109999999999	1550.223	70	BUT	10
1550.223	1550.341	1	A	10
1550.341	1550.612	350	QUICK	10
1550.612	1551.062	402	STAB	10
1551.062	1551.748	464	VANQUISHED	10
1551.748	1552.041	207	HIM	10
1561.591	1561.608	99999	sp	11
1561.608	1562.156	183	GLUCOSE	11
1562.156	1562.392	20	AND	11
1562.392	1563.396	167	FRUCTOSE	11
1563.396	1563.512	99999	sp	11
1563.512	1563.672	30	ARE	11
1563.672	1564.182	276	NATURAL	11
1564.182	1564.872	414	SUGARS	11
1564.872	1565.221	163	FOUND	11
1565.221	1565.348	217	IN	11
1565.348	1565.932	168	FRUIT	11
1575.654	1575.851	30	ARE	12
1575.851	1576.062	495	YOU	12
1576.062	1576.512	250	LOOKING	12
1576.512	1576.721	161	FOR	12
1576.721	1577.471	136	EMPLOYMENT	12
1585.288	1585.712	98	COFFEE	13
1585.712	1585.958	224	IS	13
1585.958	1586.4850000000001	198	GROWN	13
1586.4850000000001	1586.714	297	ON	13
1586.714	1587.2350000000001	404	STEEP	13
1587.2350000000001	1587.742	99999	sp	13
1587.742	1588.151	231	JUNGLE	13
1588.151	1588.392	241	LIKE	13
1588.392	1589.142	390	SLOPES	13
1589.142	1589.327	99999	sp	13
1589.327	1589.512	217	IN	13
1589.512	1589.971	431	TEMPERATE	13
1589.971	1590.661	497	ZONES	13
1601.6779999999999	1601.891	476	WE	14
1601.891	1602.3220000000001	480	WELCOME	14
1602.3220000000001	1602.702	256	MANY	14
1602.702	1602.942	282	NEW	14
1602.942	1603.6390000000001	408	STUDENTS	14
1603.6390000000001	1603.922	132	EACH	14
1603.922	1604.32	491	YEAR	14
1613.062	1613.4270000000001	298	ONLY	15
1613.4270000000001	1613.622	434	THE	15
1613.622	1614.0	51	BEST	15
1614.0	1614.651	330	PLAYERS	15
1614.651	1615.1970000000001	139	ENJOY	15
1615.1970000000001	1616.132	336	POPULARITY	15
1625.151	1625.183	99999	sp	16
1625.183	1625.851	75	CALCIUM	16
1625.851	1626.252	254	MAKES	16
1626.252	1626.976	58	BONES	16
1626.976	1627.242	20	AND	16
1627.242	1627.5720000000001	430	TEETH	16
1627.5720000000001	1628.497	406	STRONG	16
1637.971	1638.6779999999999	286	NOTHING	17
1638.6779999999999	1638.838	224	IS	17
1638.838	1639.031	34	AS	17
1639.031	1639.8319999999999	295	OFFENSIVE	17
1639.8319999999999	1640.062	34	AS	17
1640.062	1640.757	219	INNOCENCE	17
1649.372	1649.392	99999	sp	18
1649.392	1649.911	405	STEVE	18
1649.911	1650.31	490	WORE	18
1650.31	1650.423	1	A	18
1650.423	1650.862	65	BRIGHT	18
1650.862	1651.291	356	RED	18
1651.291	1651.4279999999999	99999	sp	18
1651.4279999999999	1652.0140000000001	78	CASHMERE	18
1652.0140000000001	1652.5140000000001	420	SWEATER	18
1662.952	1662.99	99999	sp	19
1662.99	1663.459	46	BARB'S	19
1663.459	1663.841	188	GOLD	19
1663.841	1664.5720000000001	63	BRACELET	19
1664.5720000000001	1664.752	99999	sp	19
1664.752	1665.0140000000001	472	WAS	19
1665.0140000000001	1665.101	1	A	19
1665.101	1666.022	193	GRADUATION	19
1666.022	1666.5819999999999	339	PRESENT	19
1679.25	1679.646	130	DRAW	20
1679.646	1680.055	145	EVERY	20
1680.055	1680.368	308	OUTER	20
1680.368	1680.732	244	LINE	20
1680.732	1681.3890000000001	156	FIRST	20
1681.3890000000001	1681.685	99999	sp	20
1681.685	1681.9279999999999	436	THEN	20
1681.9279999999999	1682.334	154	FILL	20
1682.334	1682.716	217	IN	20
1682.716	1682.882	434	THE	20
1682.882	1683.672	222	INTERIOR	20
1695.341	1695.367	99999	sp	21
1695.367	1695.411	434	THE	21
1695.411	1695.791	475	WATER	21
1695.791	1696.446	103	CONTAINED	21
1696.446	1696.682	448	TOO	21
1696.682	1696.982	269	MUCH	21
1696.982	1697.8020000000001	90	CHLORINE	21
1697.8020000000001	1697.987	20	AND	21
1697.987	1698.362	409	STUNG	21
1698.362	1698.562	208	HIS	21
1698.562	1699.125	149	EYES	21
1710.113	1710.614	229	JOHN'S	22
1710.614	1711.162	66	BROTHER	22
1711.162	1711.28	99999	sp	22
1711.28	1712.062	363	REPAINTED	22
1712.062	1712.162	434	THE	22
1712.162	1712.662	173	GARAGE	22
1712.662	1713.042	129	DOOR	22
1723.121	1723.144	99999	sp	23
1723.144	1723.721	84	CHALLENGE	23
1723.721	1724.101	132	EACH	23
1724.101	1724.991	175	GENERAL'S	23
1724.991	1726.01	221	INTELLIGENCE	23
1736.702	1737.5720000000001	17	AMBIDEXTROUS	24
1737.5720000000001	1738.511	327	PICKPOCKETS	24
1738.511	1739.261	6	ACCOMPLISH	24
1739.261	1739.8319999999999	267	MORE	24
1749.4270000000001	1749.511	1	A	25
1749.511	1750.1190000000001	271	MUSCULAR	25
1750.1190000000001	1750.784	2	ABDOMEN	25
1750.784	1751.0230000000001	99999	sp	25
1751.0230000000001	1751.283	224	IS	25
1751.283	1751.481	189	GOOD	25
1751.481	1751.682	161	FOR	25
1751.682	1751.827	496	YOUR	25
1751.827	1752.35	43	BACK	25
1762.1309999999999	1762.158	99999	sp	26
1762.158	1762.432	438	THEY	26
1762.432	1762.688	317	OWN	26
1762.688	1762.8220000000001	1	A	26
1762.8220000000001	1763.042	52	BIG	26
1763.042	1763.6	209	HOUSE	26
1763.6	1763.714	99999	sp	26
1763.714	1763.902	217	IN	26
1763.902	1763.981	434	THE	26
1763.981	1764.522	361	REMOTE	26
1764.522	1765.4940000000001	109	COUNTRYSIDE	26
1774.775	1774.912	434	THE	27
1774.912	1775.371	369	ROSE	27
1775.371	1776.251	106	CORSAGE	27
1776.251	1776.751	393	SMELLED	27
1776.751	1777.471	421	SWEET	27
1785.0	1785.731	99999	sp	28
1785.731	1786.921	326	PICKPOCKET	28
1786.921	1787.018	99999	sp	28
1787.018	1787.293	472	WAS	28
1787.293	1787.63	80	CAUGHT	28
1787.63	1787.9	356	RED	28
1787.9	1788.442	199	HANDED	28
1796.63	1796.655	99999	sp	29
1796.655	1796.88	19	AN	29
1796.88	1797.284	9	ADULT	29
1797.284	1797.768	255	MALE	29
1797.768	1798.449	42	BABOON'S	29
1798.449	1798.874	430	TEETH	29
1798.874	1799.385	99999	sp	29
1799.385	1799.57	30	ARE	29
1799.57	1799.84	285	NOT	29
1799.84	1800.611	415	SUITABLE	29
1800.611	1800.981	161	FOR	29
1800.981	1801.412	135	EATING	29
1801.412	1802.402	376	SHELLFISH	29
1814.222	1814.402	204	HER	30
1814.402	1815.021	470	WARDROBE	30
1815.021	1816.042	102	CONSISTS	30
1816.042	1816.38	294	OF	30
1816.38	1816.991	298	ONLY	30
1816.991	1817.92	385	SKIRTS	30
1817.92	1818.023	99999	sp	30
1818.023	1818.35	20	AND	30
1818.35	1819.34	54	BLOUSES	30
1830.48	1830.718	434	THE	31
1830.718	1831.0720000000001	453	TWO	31
1831.0720000000001	1831.81	33	ARTISTS	31
1831.81	1832.77	147	EXCHANGED	31
1832.77	1833.703	39	AUTOGRAPHS	31
1843.011	1843.732	71	BUTTERSCOTCH	32
1843.732	1844.41	169	FUDGE	32
1844.41	1844.55	99999	sp	32
1844.55	1844.919	186	GOES	32
1844.919	1845.392	481	WELL	32
1845.392	1845.535	99999	sp	32
1845.535	1845.761	487	WITH	32
1845.761	1846.13	463	VANILLA	32
1846.13	1846.53	212	ICE	32
1846.53	1847.002	112	CREAM	32
1856.941	1857.361	366	RICH	33
1857.361	1857.903	349	PURCHASED	33
1857.903	1858.671	374	SEVERAL	33
1858.671	1859.162	382	SIGNED	33
1859.162	1860.191	245	LITHOGRAPHS	33
1870.221	1870.23	99999	sp	34
1870.23	1870.546	24	ANY	34
1870.546	1871.671	105	CONTRIBUTIONS	34
1871.671	1871.84	485	WILL	34
1871.84	1871.974	47	BE	34
1871.974	1872.516	195	GREATLY	34
1872.516	1873.471	28	APPRECIATED	34
1882.921	1882.941	99999	sp	35
1882.941	1883.081	434	THE	35
1883.081	1883.855	111	CRANBERRY	35
1883.855	1884.352	57	BOG	35
1884.352	1884.59	99999	sp	35
1884.59	1884.87	178	GETS	35
1884.87	1885.266	465	VERY	35
1885.266	1885.742	340	PRETTY	35
1885.742	1885.915	99999	sp	35
1885.915	1886.081	217	IN	35
1886.081	1886.581	40	AUTUMN	35
1895.76	1896.159	210	HOW	36
1896.159	1896.302	128	DO	36
1896.302	1897.055	318	OYSTERS	36
1897.055	1897.147	99999	sp	36
1897.147	1897.471	253	MAKE	36
1897.471	1898.132	320	PEARLS	36
1907.471	1907.489	99999	sp	37
1907.489	1907.683	257	MAY	37
1907.683	1907.861	211	I	37
1907.861	1908.26	304	ORDER	37
1908.26	1908.376	1	A	37
1908.376	1909.084	319	PARFAIT	37
1909.084	1909.1680000000001	99999	sp	37
1909.1680000000001	1909.675	10	AFTER	37
1909.675	1909.831	211	I	37
1909.831	1910.129	134	EAT	37
1910.129	1910.54	124	DINNER	37
1919.982	1920.0140000000001	99999	sp	38
1920.0140000000001	1920.198	224	IS	38
1920.198	1920.526	375	SHE	38
1920.526	1920.872	187	GOING	38
1920.872	1921.145	487	WITH	38
1921.145	1921.492	495	YOU	38
1929.272	1929.312	99999	sp	39
1929.312	1929.602	76	CAN	39
1929.602	1929.714	434	THE	39
1929.714	1930.53	11	AGENCY	39
1930.53	1931.2359999999999	315	OVERTHROW	39
1931.2359999999999	1931.694	13	ALIEN	39
1931.694	1932.362	162	FORCES	39
1941.772	1941.799	99999	sp	40
1941.799	1941.885	1	A	40
1941.885	1942.882	371	SCREWDRIVER	40
1942.882	1943.116	224	IS	40
1943.116	1943.443	252	MADE	40
1943.443	1943.782	166	FROM	40
1943.782	1944.392	469	VODKA	40
1944.392	1944.627	99999	sp	40
1944.627	1944.855	20	AND	40
1944.855	1945.341	303	ORANGE	40
1945.341	1945.882	230	JUICE	40
1955.912	1955.9279999999999	99999	sp	41
1955.9279999999999	1956.196	210	HOW	41
1956.196	1956.512	269	MUCH	41
1956.512	1957.318	16	ALLOWANCE	41
1957.318	1957.4470000000001	99999	sp	41
1957.4470000000001	1957.5720000000001	128	DO	41
1957.5720000000001	1957.812	495	YOU	41
1957.812	1958.272	177	GET	41
1966.502	1967.949	115	CYCLICAL	42
1967.949	1968.762	346	PROGRAMS	42
1968.762	1968.819	99999	sp	42
1968.819	1969.007	485	WILL	42
1969.007	1969.401	281	NEVER	42
1969.401	1970.112	100	COMPILE	42
1979.092	1979.112	99999	sp	43
1979.112	1979.202	434	THE	43
1979.202	1979.812	61	BOSTON	43
1979.812	1980.532	45	BALLET	43
1980.532	1980.612	99999	sp	43
1980.612	1981.342	312	OVERCAME	43
1981.342	1981.532	435	THEIR	43
1981.532	1982.022	170	FUNDING	43
1982.022	1982.8319999999999	380	SHORTAGE	43
1992.272	1992.282	99999	sp	44
1992.282	1992.663	145	EVERY	44
1992.663	1993.062	74	CAB	44
1993.062	1993.461	280	NEEDS	44
1993.461	1994.1390000000001	364	REPAINTING	44
1994.1390000000001	1994.762	296	OFTEN	44
2004.232	2004.62	203	HELP	45
2004.62	2005.075	196	GREG	45
2005.075	2005.312	446	TO	45
2005.312	2005.702	325	PICK	45
2005.702	2005.8029999999999	99999	sp	45
2005.8029999999999	2006.001	1	A	45
2006.001	2006.467	321	PECK	45
2006.467	2006.552	99999	sp	45
2006.552	2006.815	294	OF	45
2006.815	2007.712	338	POTATOES	45
2016.495	2016.684	476	WE	46
2016.684	2017.026	241	LIKE	46
2017.026	2017.258	55	BLUE	46
2017.258	2017.935	88	CHEESE	46
2017.935	2018.02	99999	sp	46
2018.02	2018.181	70	BUT	46
2018.181	2018.585	466	VICTOR	46
2018.585	2019.008	242	LIKES	46
2019.008	2019.442	64	BRIE	46
2028.472	2028.499	99999	sp	47
2028.499	2028.799	108	COUNT	47
2028.799	2028.883	434	THE	47
2028.883	2029.358	289	NUMBER	47
2029.358	2029.534	294	OF	47
2029.534	2030.372	429	TEASPOONS	47
2030.372	2030.4859999999999	294	OF	47
2030.4859999999999	2031.387	395	SOYSAUCE	47
2031.387	2031.577	433	THAT	47
2031.577	2031.818	495	YOU	47
2031.818	2032.3319999999999	7	ADD	47
2041.851	2041.879	99999	sp	48
2041.879	2042.5720000000001	44	BAGPIPES	48
2042.5720000000001	2042.825	20	AND	48
2042.825	2043.704	59	BONGOS	48
2043.704	2043.901	30	ARE	48
2043.901	2044.483	273	MUSICAL	48
2044.483	2045.375	220	INSTRUMENTS	48
2054.548	2054.85	210	HOW	49
2054.85	2055.101	189	GOOD	49
2055.101	2055.302	224	IS	49
2055.302	2055.565	496	YOUR	49
2055.565	2056.392	138	ENDURANCE	49
2074.427	2074.572	30	ARE	0
2074.572	2074.786	496	YOUR	0
2074.786	2075.226	192	GRADES	0
2075.226	2075.832	206	HIGHER	0
2075.832	2075.949	99999	sp	0
2075.949	2076.142	302	OR	0
2076.142	2076.577	251	LOWER	0
2076.577	2076.812	432	THAN	0
2076.812	2077.752	275	NANCY'S	0
2088.832	2089.237	375	SHE	1
2089.237	2089.612	490	WORE	1
2089.612	2090.276	471	WARM	1
2090.276	2090.367	99999	sp	1
2090.367	2091.122	158	FLEECY	1
2091.122	2091.331	99999	sp	1
2091.331	2091.832	489	WOOLEN	1
2091.832	2092.882	311	OVERALLS	1
2101.35	2101.803	354	READING	2
2101.803	2102.071	217	IN	2
2102.071	2102.337	335	POOR	2
2102.337	2102.982	240	LIGHT	2
2102.982	2103.17	99999	sp	2
2103.17	2103.572	181	GIVES	2
2103.572	2103.832	495	YOU	2
2103.832	2104.779	150	EYESTRAIN	2
2115.619	2116.125	142	EVEN	3
2116.125	2116.666	211	I	3
2116.666	2117.524	293	OCCASIONALLY	3
2117.524	2118.012	177	GET	3
2118.012	2118.099	99999	sp	3
2118.099	2118.214	434	THE	3
2118.214	2118.774	265	MONDAY	3
2118.774	2119.422	56	BLUES	3
2128.742	2128.944	476	WE	4
2128.944	2129.136	30	ARE	4
2129.136	2129.762	301	OPEN	4
2129.762	2129.913	99999	sp	4
2129.913	2130.302	145	EVERY	4
2130.302	2130.738	265	MONDAY	4
2130.738	2131.432	143	EVENING	4
2140.747	2140.959	226	IT'S	5
2140.959	2141.202	285	NOT	5
2141.202	2141.665	133	EASY	5
2141.665	2141.827	446	TO	5
2141.827	2142.531	113	CREATE	5
2142.531	2143.399	215	ILLUMINATING	5
2143.399	2144.401	146	EXAMPLES	5
2156.541	2156.901	270	MUM	6
2156.901	2157.613	407	STRONGLY	6
2157.613	2158.401	126	DISLIKES	6
2158.401	2159.512	27	APPETIZERS	6
2170.531	2171.002	443	THOSE	7
2171.002	2171.137	484	WHO	7
2171.137	2171.536	427	TEACH	7
2171.536	2172.302	462	VALUES	7
2172.302	2172.762	156	FIRST	7
2172.762	2173.397	4	ABOLISH	7
2173.397	2173.9700000000003	87	CHEATING	7
2182.321	2182.451	434	THE	8
2182.451	2182.983	165	FRIGHTENED	8
2182.983	2183.601	89	CHILD	8
2183.601	2183.76	99999	sp	8
2183.76	2184.088	472	WAS	8
2184.088	2184.591	176	GENTLY	8
2184.591	2185.522	410	SUBDUED	8
2185.522	2185.732	99999	sp	8
2185.732	2185.922	73	BY	8
2185.922	2186.284	208	HIS	8
2186.284	2186.5860000000002	52	BIG	8
2186.5860000000002	2187.072	66	BROTHER	8
2195.74	2196.062	142	EVEN	9
2196.062	2196.142	1	A	9
2196.142	2196.613	383	SIMPLE	9
2196.613	2197.601	468	VOCABULARY	9
2197.601	2197.714	99999	sp	9
2197.714	2198.272	104	CONTAINS	9
2198.272	2199.052	422	SYMBOLS	9
2208.612	2208.745	1	A	10
2208.745	2209.156	110	CRAB	10
2209.156	2209.661	85	CHALLENGED	10
2209.661	2210.062	258	ME	10
2210.062	2210.437	99999	sp	10
2210.437	2210.572	70	BUT	10
2210.572	2210.697	1	A	10
2210.697	2210.922	350	QUICK	10
2210.922	2211.459	402	STAB	10
2211.459	2212.082	464	VANQUISHED	10
2212.082	2212.432	207	HIM	10
2221.695	2222.321	183	GLUCOSE	11
2222.321	2222.499	20	AND	11
2222.499	2223.384	167	FRUCTOSE	11
2223.384	2223.474	99999	sp	11
2223.474	2223.666	30	ARE	11
2223.666	2224.147	276	NATURAL	11
2224.147	2224.834	414	SUGARS	11
2224.834	2224.889	99999	sp	11
2224.889	2225.242	163	FOUND	11
2225.242	2225.362	217	IN	11
2225.362	2225.962	168	FRUIT	11
2234.925	2235.1059999999998	30	ARE	12
2235.1059999999998	2235.276	495	YOU	12
2235.276	2235.682	250	LOOKING	12
2235.682	2235.976	161	FOR	12
2235.976	2236.752	136	EMPLOYMENT	12
2246.696	2247.122	98	COFFEE	13
2247.122	2247.373	224	IS	13
2247.373	2247.973	198	GROWN	13
2247.973	2248.209	297	ON	13
2248.209	2248.822	404	STEEP	13
2248.822	2249.053	99999	sp	13
2249.053	2249.482	231	JUNGLE	13
2249.482	2249.959	241	LIKE	13
2249.959	2250.601	390	SLOPES	13
2250.601	2250.853	217	IN	13
2250.853	2251.387	431	TEMPERATE	13
2251.387	2252.151	497	ZONES	13
2260.752	2261.062	476	WE	14
2261.062	2261.281	99999	sp	14
2261.281	2261.922	480	WELCOME	14
2261.922	2262.026	99999	sp	14
2262.026	2262.401	256	MANY	14
2262.401	2262.637	282	NEW	14
2262.637	2263.442	408	STUDENTS	14
2263.442	2263.642	99999	sp	14
2263.642	2264.022	132	EACH	14
2264.022	2264.502	491	YEAR	14
2273.841	2274.23	298	ONLY	15
2274.23	2274.416	434	THE	15
2274.416	2274.802	51	BEST	15
2274.802	2275.469	330	PLAYERS	15
2275.469	2275.995	139	ENJOY	15
2275.995	2276.851	336	POPULARITY	15
2285.2309999999998	2285.803	75	CALCIUM	16
2285.803	2286.226	254	MAKES	16
2286.226	2286.849	58	BONES	16
2286.849	2287.105	20	AND	16
2287.105	2287.464	430	TEETH	16
2287.464	2288.242	406	STRONG	16
2297.1549999999997	2297.828	286	NOTHING	17
2297.828	2297.957	99999	sp	17
2297.957	2298.142	224	IS	17
2298.142	2298.282	34	AS	17
2298.282	2299.091	295	OFFENSIVE	17
2299.091	2299.178	99999	sp	17
2299.178	2299.5	34	AS	17
2299.5	2300.552	88888	IGNORANCE	17
2312.361	2312.909	405	STEVE	18
2312.909	2313.452	490	WORE	18
2313.452	2313.505	99999	sp	18
2313.505	2313.751	1	A	18
2313.751	2314.2219999999998	65	BRIGHT	18
2314.2219999999998	2314.652	356	RED	18
2314.652	2314.788	99999	sp	18
2314.788	2315.442	78	CASHMERE	18
2315.442	2316.032	420	SWEATER	18
2325.888	2326.346	46	BARB'S	19
2326.346	2326.7219999999998	188	GOLD	19
2326.7219999999998	2327.5	63	BRACELET	19
2327.5	2327.7309999999998	99999	sp	19
2327.7309999999998	2327.99	472	WAS	19
2327.99	2328.1059999999998	1	A	19
2328.1059999999998	2329.139	193	GRADUATION	19
2329.139	2329.712	339	PRESENT	19
2339.638	2340.072	130	DRAW	20
2340.072	2340.501	145	EVERY	20
2340.501	2340.865	308	OUTER	20
2340.865	2341.322	244	LINE	20
2341.322	2342.048	156	FIRST	20
2342.048	2342.374	99999	sp	20
2342.374	2342.682	436	THEN	20
2342.682	2343.192	154	FILL	20
2343.192	2343.594	217	IN	20
2343.594	2343.674	99999	sp	20
2343.674	2343.857	434	THE	20
2343.857	2344.696	222	INTERIOR	20
2353.616	2353.714	434	THE	21
2353.714	2354.114	475	WATER	21
2354.114	2354.775	103	CONTAINED	21
2354.775	2355.072	448	TOO	21
2355.072	2355.398	269	MUCH	21
2355.398	2356.202	90	CHLORINE	21
2356.202	2356.299	99999	sp	21
2356.299	2356.501	20	AND	21
2356.501	2356.861	409	STUNG	21
2356.861	2357.072	208	HIS	21
2357.072	2357.642	149	EYES	21
2367.922	2368.455	229	JOHN'S	22
2368.455	2368.913	66	BROTHER	22
2368.913	2369.692	363	REPAINTED	22
2369.692	2369.817	434	THE	22
2369.817	2370.3540000000003	173	GARAGE	22
2370.3540000000003	2370.74	129	DOOR	22
2381.571	2382.169	84	CHALLENGE	23
2382.169	2382.482	132	EACH	23
2382.482	2383.111	175	GENERAL'S	23
2383.111	2383.958	221	INTELLIGENCE	23
2392.861	2393.736	17	AMBIDEXTROUS	24
2393.736	2394.746	327	PICKPOCKETS	24
2394.746	2395.353	6	ACCOMPLISH	24
2395.353	2395.707	267	MORE	24
2404.486	2404.572	1	A	25
2404.572	2405.168	271	MUSCULAR	25
2405.168	2406.023	2	ABDOMEN	25
2406.023	2406.287	224	IS	25
2406.287	2406.477	189	GOOD	25
2406.477	2406.693	161	FOR	25
2406.693	2406.882	496	YOUR	25
2406.882	2407.322	43	BACK	25
2416.631	2416.861	438	THEY	26
2416.861	2417.09	317	OWN	26
2417.09	2417.198	1	A	26
2417.198	2417.441	52	BIG	26
2417.441	2418.16	209	HOUSE	26
2418.16	2418.301	217	IN	26
2418.301	2418.392	434	THE	26
2418.392	2418.877	361	REMOTE	26
2418.877	2419.811	109	COUNTRYSIDE	26
2429.282	2429.371	434	THE	27
2429.371	2429.831	369	ROSE	27
2429.831	2430.748	106	CORSAGE	27
2430.748	2431.417	393	SMELLED	27
2431.417	2432.081	421	SWEET	27
2440.311	2440.877	433	THAT	28
2440.877	2441.792	326	PICKPOCKET	28
2441.792	2442.021	472	WAS	28
2442.021	2442.441	80	CAUGHT	28
2442.441	2442.752	356	RED	28
2442.752	2443.361	199	HANDED	28
2451.825	2451.903	19	AN	29
2451.903	2452.322	9	ADULT	29
2452.322	2452.41	99999	sp	29
2452.41	2452.751	255	MALE	29
2452.751	2453.471	42	BABOON'S	29
2453.471	2453.986	430	TEETH	29
2453.986	2454.322	99999	sp	29
2454.322	2454.493	30	ARE	29
2454.493	2454.721	285	NOT	29
2454.721	2455.412	415	SUITABLE	29
2455.412	2455.736	161	FOR	29
2455.736	2456.099	135	EATING	29
2456.099	2456.931	376	SHELLFISH	29
2465.971	2466.151	204	HER	30
2466.151	2466.695	470	WARDROBE	30
2466.695	2467.641	102	CONSISTS	30
2467.641	2467.712	99999	sp	30
2467.712	2467.901	294	OF	30
2467.901	2468.344	298	ONLY	30
2468.344	2469.121	385	SKIRTS	30
2469.121	2469.174	99999	sp	30
2469.174	2469.462	20	AND	30
2469.462	2470.2309999999998	54	BLOUSES	30
2478.691	2479.022	434	THE	31
2479.022	2479.492	453	TWO	31
2479.492	2480.302	33	ARTISTS	31
2480.302	2481.251	147	EXCHANGED	31
2481.251	2482.261	39	AUTOGRAPHS	31
2492.371	2493.091	71	BUTTERSCOTCH	32
2493.091	2493.781	169	FUDGE	32
2493.781	2493.837	99999	sp	32
2493.837	2494.129	186	GOES	32
2494.129	2494.617	481	WELL	32
2494.617	2494.977	487	WITH	32
2494.977	2495.441	463	VANILLA	32
2495.441	2495.727	212	ICE	32
2495.727	2496.191	112	CREAM	32
2505.331	2505.808	366	RICH	33
2505.808	2506.296	349	PURCHASED	33
2506.296	2507.041	374	SEVERAL	33
2507.041	2507.552	382	SIGNED	33
2507.552	2508.582	245	LITHOGRAPHS	33
2517.472	2517.494	99999	sp	34
2517.494	2517.842	24	ANY	34
2517.842	2518.863	105	CONTRIBUTIONS	34
2518.863	2519.072	485	WILL	34
2519.072	2519.251	47	BE	34
2519.251	2519.832	195	GREATLY	34
2519.832	2520.912	28	APPRECIATED	34
2530.342	2530.366	99999	sp	35
2530.366	2530.482	434	THE	35
2530.482	2531.122	111	CRANBERRY	35
2531.122	2531.669	57	BOG	35
2531.669	2531.982	178	GETS	35
2531.982	2532.382	465	VERY	35
2532.382	2533.052	340	PRETTY	35
2533.052	2533.18	99999	sp	35
2533.18	2533.32	217	IN	35
2533.32	2533.733	40	AUTUMN	35
2542.772	2543.002	210	HOW	36
2543.002	2543.212	128	DO	36
2543.212	2543.982	318	OYSTERS	36
2543.982	2544.282	253	MAKE	36
2544.282	2544.982	320	PEARLS	36
2553.438	2553.575	257	MAY	37
2553.575	2553.71	211	I	37
2553.71	2554.172	304	ORDER	37
2554.172	2554.212	1	A	37
2554.212	2554.822	319	PARFAIT	37
2554.822	2555.242	10	AFTER	37
2555.242	2555.462	211	I	37
2555.462	2555.692	134	EAT	37
2555.692	2556.092	124	DINNER	37
2565.18	2565.276	224	IS	38
2565.276	2565.522	375	SHE	38
2565.522	2565.852	187	GOING	38
2565.852	2566.082	487	WITH	38
2566.082	2566.358	495	YOU	38
2577.808	2578.122	76	CAN	39
2578.122	2578.225	434	THE	39
2578.225	2578.8360000000002	11	AGENCY	39
2578.8360000000002	2579.472	315	OVERTHROW	39
2579.472	2579.9	13	ALIEN	39
2579.9	2580.542	162	FORCES	39
2590.972	2590.996	99999	sp	40
2590.996	2591.062	1	A	40
2591.062	2592.042	371	SCREWDRIVER	40
2592.042	2592.24	224	IS	40
2592.24	2592.542	252	MADE	40
2592.542	2592.892	166	FROM	40
2592.892	2593.618	469	VODKA	40
2593.618	2593.793	20	AND	40
2593.793	2594.282	303	ORANGE	40
2594.282	2594.776	230	JUICE	40
2603.464	2603.726	210	HOW	41
2603.726	2604.012	269	MUCH	41
2604.012	2604.842	16	ALLOWANCE	41
2604.842	2604.994	99999	sp	41
2604.994	2605.112	128	DO	41
2605.112	2605.392	495	YOU	41
2605.392	2606.002	177	GET	41
2615.004	2615.622	115	CYCLICAL	42
2615.622	2616.542	346	PROGRAMS	42
2616.542	2616.632	99999	sp	42
2616.632	2616.847	485	WILL	42
2616.847	2617.452	281	NEVER	42
2617.452	2617.512	99999	sp	42
2617.512	2618.292	100	COMPILE	42
2627.282	2627.422	434	THE	43
2627.422	2627.982	61	BOSTON	43
2627.982	2628.702	45	BALLET	43
2628.702	2628.931	99999	sp	43
2628.931	2629.642	312	OVERCAME	43
2629.642	2629.812	435	THEIR	43
2629.812	2630.315	170	FUNDING	43
2630.315	2631.042	380	SHORTAGE	43
2641.182	2641.545	145	EVERY	44
2641.545	2642.202	74	CAB	44
2642.202	2642.582	280	NEEDS	44
2642.582	2643.262	364	REPAINTING	44
2643.262	2643.872	296	OFTEN	44
2652.232	2652.548	203	HELP	45
2652.548	2652.841	196	GREG	45
2652.841	2653.065	446	TO	45
2653.065	2653.399	325	PICK	45
2653.399	2653.572	1	A	45
2653.572	2654.108	321	PECK	45
2654.108	2654.291	294	OF	45
2654.291	2655.112	338	POTATOES	45
2663.882	2664.052	476	WE	46
2664.052	2664.495	241	LIKE	46
2664.495	2664.695	55	BLUE	46
2664.695	2665.555	88	CHEESE	46
2665.555	2665.692	70	BUT	46
2665.692	2666.442	466	VICTOR	46
2666.442	2666.495	99999	sp	46
2666.495	2666.922	242	LIKES	46
2666.922	2667.5	64	BRIE	46
2676.721	2676.748	99999	sp	47
2676.748	2677.081	108	COUNT	47
2677.081	2677.151	434	THE	47
2677.151	2677.594	289	NUMBER	47
2677.594	2677.825	294	OF	47
2677.825	2678.673	429	TEASPOONS	47
2678.673	2678.791	294	OF	47
2678.791	2679.661	395	SOYSAUCE	47
2679.661	2679.822	433	THAT	47
2679.822	2680.101	495	YOU	47
2680.101	2680.642	88888	NEED	47
2689.612	2689.654	99999	sp	48
2689.654	2690.642	44	BAGPIPES	48
2690.642	2690.882	20	AND	48
2690.882	2691.74	59	BONGOS	48
2691.74	2691.819	99999	sp	48
2691.819	2691.992	30	ARE	48
2691.992	2692.613	273	MUSICAL	48
2692.613	2693.702	220	INSTRUMENTS	48
2700.752	2700.776	99999	sp	49
2700.776	2701.041	210	HOW	49
2701.041	2701.333	189	GOOD	49
2701.333	2701.575	224	IS	49
2701.575	2701.901	496	YOUR	49
2701.901	2702.791	138	ENDURANCE	49
2717.853	2718.082	30	ARE	0
2718.082	2718.341	496	YOUR	0
2718.341	2718.952	192	GRADES	0
2718.952	2719.603	206	HIGHER	0
2719.603	2719.73	99999	sp	0
2719.73	2719.911	302	OR	0
2719.911	2720.401	251	LOWER	0
2720.401	2720.612	432	THAN	0
2720.612	2721.522	275	NANCY'S	0
2731.482	2731.803	375	SHE	1
2731.803	2732.132	490	WORE	1
2732.132	2732.791	471	WARM	1
2732.791	2733.002	99999	sp	1
2733.002	2733.661	158	FLEECY	1
2733.661	2734.272	489	WOOLEN	1
2734.272	2735.372	311	OVERALLS	1
2744.565	2745.016	354	READING	2
2745.016	2745.182	217	IN	2
2745.182	2745.512	335	POOR	2
2745.512	2746.074	240	LIGHT	2
2746.074	2746.165	99999	sp	2
2746.165	2746.517	181	GIVES	2
2746.517	2746.649	495	YOU	2
2746.649	2747.552	150	EYESTRAIN	2
2755.25	2755.612	142	EVEN	3
2755.612	2756.002	211	I	3
2756.002	2756.742	293	OCCASIONALLY	3
2756.742	2757.202	177	GET	3
2757.202	2757.319	99999	sp	3
2757.319	2757.432	434	THE	3
2757.432	2757.87	265	MONDAY	3
2757.87	2758.473	56	BLUES	3
2766.802	2766.932	476	WE	4
2766.932	2767.137	30	ARE	4
2767.137	2767.802	301	OPEN	4
2767.802	2767.868	99999	sp	4
2767.868	2768.262	145	EVERY	4
2768.262	2768.8450000000003	265	MONDAY	4
2768.8450000000003	2769.62	143	EVENING	4
2777.221	2777.255	99999	sp	5
2777.255	2777.541	226	IT'S	5
2777.541	2777.791	285	NOT	5
2777.791	2778.154	133	EASY	5
2778.154	2778.329	446	TO	5
2778.329	2779.122	113	CREATE	5
2779.122	2779.88	215	ILLUMINATING	5
2779.88	2780.822	146	EXAMPLES	5
2790.031	2790.3940000000002	270	MUM	6
2790.3940000000002	2790.942	407	STRONGLY	6
2790.942	2791.591	126	DISLIKES	6
2791.591	2792.541	27	APPETIZERS	6
2800.462	2800.486	99999	sp	7
2800.486	2800.817	443	THOSE	7
2800.817	2800.927	484	WHO	7
2800.927	2801.281	427	TEACH	7
2801.281	2801.982	462	VALUES	7
2801.982	2802.375	156	FIRST	7
2802.375	2802.906	4	ABOLISH	7
2802.906	2803.432	87	CHEATING	7
2811.738	2811.932	434	THE	8
2811.932	2812.531	165	FRIGHTENED	8
2812.531	2813.204	89	CHILD	8
2813.204	2813.305	99999	sp	8
2813.305	2813.591	472	WAS	8
2813.591	2814.096	176	GENTLY	8
2814.096	2815.026	410	SUBDUED	8
2815.026	2815.202	73	BY	8
2815.202	2815.522	208	HIS	8
2815.522	2815.793	52	BIG	8
2815.793	2816.332	66	BROTHER	8
2826.242	2826.632	142	EVEN	9
2826.632	2826.709	1	A	9
2826.709	2827.197	383	SIMPLE	9
2827.197	2828.184	468	VOCABULARY	9
2828.184	2828.314	99999	sp	9
2828.314	2828.954	104	CONTAINS	9
2828.954	2829.916	422	SYMBOLS	9
2838.927	2839.043	1	A	10
2839.043	2839.494	110	CRAB	10
2839.494	2840.112	85	CHALLENGED	10
2840.112	2840.582	258	ME	10
2840.582	2840.834	99999	sp	10
2840.834	2840.982	70	BUT	10
2840.982	2841.12	1	A	10
2841.12	2841.392	350	QUICK	10
2841.392	2842.002	402	STAB	10
2842.002	2842.149	99999	sp	10
2842.149	2842.68	464	VANQUISHED	10
2842.68	2843.031	207	HIM	10
2852.632	2852.659	99999	sp	11
2852.659	2853.226	183	GLUCOSE	11
2853.226	2853.362	20	AND	11
2853.362	2854.192	167	FRUCTOSE	11
2854.192	2854.411	30	ARE	11
2854.411	2854.875	276	NATURAL	11
2854.875	2855.636	414	SUGARS	11
2855.636	2855.796	99999	sp	11
2855.796	2856.115	163	FOUND	11
2856.115	2856.248	217	IN	11
2856.248	2856.946	168	FRUIT	11
2866.897	2867.052	30	ARE	12
2867.052	2867.214	495	YOU	12
2867.214	2867.672	250	LOOKING	12
2867.672	2867.911	161	FOR	12
2867.911	2868.802	136	EMPLOYMENT	12
2877.362	2877.389	99999	sp	13
2877.389	2877.802	98	COFFEE	13
2877.802	2877.976	224	IS	13
2877.976	2878.343	198	GROWN	13
2878.343	2878.531	297	ON	13
2878.531	2879.238	404	STEEP	13
2879.238	2879.781	231	JUNGLE	13
2879.781	2880.012	241	LIKE	13
2880.012	2880.742	390	SLOPES	13
2880.742	2880.874	99999	sp	13
2880.874	2881.082	217	IN	13
2881.082	2881.541	431	TEMPERATE	13
2881.541	2882.291	497	ZONES	13
2892.667	2892.922	476	WE	14
2892.922	2893.351	480	WELCOME	14
2893.351	2893.721	256	MANY	14
2893.721	2893.952	282	NEW	14
2893.952	2894.792	408	STUDENTS	14
2894.792	2895.029	99999	sp	14
2895.029	2895.39	132	EACH	14
2895.39	2896.032	491	YEAR	14
2904.962	2904.9809999999998	99999	sp	15
2904.9809999999998	2905.341	298	ONLY	15
2905.341	2905.501	434	THE	15
2905.501	2905.871	51	BEST	15
2905.871	2906.572	330	PLAYERS	15
2906.572	2907.022	139	ENJOY	15
2907.022	2907.861	336	POPULARITY	15
2916.126	2916.702	75	CALCIUM	16
2916.702	2917.053	254	MAKES	16
2917.053	2917.582	58	BONES	16
2917.582	2917.772	20	AND	16
2917.772	2918.105	430	TEETH	16
2918.105	2918.962	406	STRONG	16
2926.822	2927.398	286	NOTHING	17
2927.398	2927.625	224	IS	17
2927.625	2927.7690000000002	34	AS	17
2927.7690000000002	2928.548	295	OFFENSIVE	17
2928.548	2928.833	34	AS	17
2928.833	2928.964	99999	sp	17
2928.964	2929.782	219	INNOCENCE	17
2937.538	2938.042	405	STEVE	18
2938.042	2938.303	490	WORE	18
2938.303	2938.471	1	A	18
2938.471	2938.9120000000003	65	BRIGHT	18
2938.9120000000003	2939.351	356	RED	18
2939.351	2939.5280000000002	99999	sp	18
2939.5280000000002	2940.114	78	CASHMERE	18
2940.114	2940.652	420	SWEATER	18
2949.332	2949.361	99999	sp	19
2949.361	2949.822	46	BARB'S	19
2949.822	2950.202	188	GOLD	19
2950.202	2951.011	63	BRACELET	19
2951.011	2951.096	99999	sp	19
2951.096	2951.302	472	WAS	19
2951.302	2951.373	1	A	19
2951.373	2952.2309999999998	193	GRADUATION	19
2952.2309999999998	2952.802	339	PRESENT	19
2961.821	2962.216	130	DRAW	20
2962.216	2962.721	145	EVERY	20
2962.721	2963.139	308	OUTER	20
2963.139	2963.562	244	LINE	20
2963.562	2964.302	156	FIRST	20
2964.302	2964.413	99999	sp	20
2964.413	2964.751	436	THEN	20
2964.751	2965.12	154	FILL	20
2965.12	2965.522	217	IN	20
2965.522	2965.672	99999	sp	20
2965.672	2965.851	434	THE	20
2965.851	2966.601	222	INTERIOR	20
2976.703	2976.808	434	THE	21
2976.808	2977.208	475	WATER	21
2977.208	2977.794	103	CONTAINED	21
2977.794	2978.16	448	TOO	21
2978.16	2978.5	269	MUCH	21
2978.5	2979.432	90	CHLORINE	21
2979.432	2979.594	99999	sp	21
2979.594	2979.784	20	AND	21
2979.784	2980.202	409	STUNG	21
2980.202	2980.482	208	HIS	21
2980.482	2981.242	149	EYES	21
2990.928	2991.521	229	JOHN'S	22
2991.521	2991.942	66	BROTHER	22
2991.942	2992.852	363	REPAINTED	22
2992.852	2993.039	99999	sp	22
2993.039	2993.162	434	THE	22
2993.162	2993.832	173	GARAGE	22
2993.832	2994.282	129	DOOR	22
3003.072	3003.753	84	CHALLENGE	23
3003.753	3004.114	132	EACH	23
3004.114	3004.912	175	GENERAL'S	23
3004.912	3005.962	221	INTELLIGENCE	23
3013.712	3014.655	17	AMBIDEXTROUS	24
3014.655	3015.67	327	PICKPOCKETS	24
3015.67	3015.734	99999	sp	24
3015.734	3016.392	6	ACCOMPLISH	24
3016.392	3016.892	267	MORE	24
3026.123	3026.236	1	A	25
3026.236	3026.99	271	MUSCULAR	25
3026.99	3027.761	2	ABDOMEN	25
3027.761	3028.029	99999	sp	25
3028.029	3028.288	224	IS	25
3028.288	3028.49	189	GOOD	25
3028.49	3028.73	161	FOR	25
3028.73	3028.996	496	YOUR	25
3028.996	3029.249037675672	43	BACK	25
3039.049	3039.322	438	THEY	26
3039.322	3039.603	317	OWN	26
3039.603	3039.799	1	A	26
3039.799	3039.98	52	BIG	26
3039.98	3040.65	209	HOUSE	26
3040.65	3040.919	99999	sp	26
3040.919	3041.135	217	IN	26
3041.135	3041.257	434	THE	26
3041.257	3041.95	361	REMOTE	26
3041.95	3042.096	99999	sp	26
3042.096	3043.072	109	COUNTRYSIDE	26
3052.826	3052.95	434	THE	27
3052.95	3053.448	369	ROSE	27
3053.448	3054.352	106	CORSAGE	27
3054.352	3054.617	99999	sp	27
3054.617	3055.2	393	SMELLED	27
3055.2	3056.022	421	SWEET	27
3064.834	3065.338	433	THAT	28
3065.338	3066.26	326	PICKPOCKET	28
3066.26	3066.388	99999	sp	28
3066.388	3066.728	472	WAS	28
3066.728	3067.242	80	CAUGHT	28
3067.242	3067.531	99999	sp	28
3067.531	3067.891	356	RED	28
3067.891	3068.572	199	HANDED	28
3077.567	3077.691	19	AN	29
3077.691	3078.162	9	ADULT	29
3078.162	3078.317	99999	sp	29
3078.317	3078.712	255	MALE	29
3078.712	3079.338	42	BABOON'S	29
3079.338	3079.84	430	TEETH	29
3079.84	3080.114	99999	sp	29
3080.114	3080.29	30	ARE	29
3080.29	3080.54	285	NOT	29
3080.54	3081.281	415	SUITABLE	29
3081.281	3081.522	99999	sp	29
3081.522	3081.811	161	FOR	29
3081.811	3082.237	135	EATING	29
3082.237	3083.15	376	SHELLFISH	29
3093.802	3094.046	204	HER	30
3094.046	3094.612	470	WARDROBE	30
3094.612	3095.591	102	CONSISTS	30
3095.591	3095.831	294	OF	30
3095.831	3096.249	298	ONLY	30
3096.249	3097.12	385	SKIRTS	30
3097.12	3097.206	99999	sp	30
3097.206	3097.51	20	AND	30
3097.51	3098.358	54	BLOUSES	30
3108.513	3108.684	434	THE	31
3108.684	3108.942	453	TWO	31
3108.942	3109.712	33	ARTISTS	31
3109.712	3110.534	147	EXCHANGED	31
3110.534	3111.482	39	AUTOGRAPHS	31
3120.125	3120.832	71	BUTTERSCOTCH	32
3120.832	3121.543	169	FUDGE	32
3121.543	3121.9	186	GOES	32
3121.9	3122.422	481	WELL	32
3122.422	3122.633	487	WITH	32
3122.633	3123.012	463	VANILLA	32
3123.012	3123.352	212	ICE	32
3123.352	3123.752	112	CREAM	32
3133.611	3134.159	366	RICH	33
3134.159	3134.615	349	PURCHASED	33
3134.615	3135.36	374	SEVERAL	33
3135.36	3135.931	382	SIGNED	33
3135.931	3136.972	245	LITHOGRAPHS	33
3147.613	3147.901	24	ANY	34
3147.901	3148.992	105	CONTRIBUTIONS	34
3148.992	3149.16	485	WILL	34
3149.16	3149.288	47	BE	34
3149.288	3149.931	195	GREATLY	34
3149.931	3150.931	28	APPRECIATED	34
3159.803	3159.91	434	THE	35
3159.91	3160.552	111	CRANBERRY	35
3160.552	3161.112	57	BOG	35
3161.112	3161.282	99999	sp	35
3161.282	3161.552	178	GETS	35
3161.552	3161.904	465	VERY	35
3161.904	3162.407	340	PRETTY	35
3162.407	3162.73	99999	sp	35
3162.73	3162.924	217	IN	35
3162.924	3163.342	40	AUTUMN	35
3172.288	3172.573	210	HOW	36
3172.573	3172.732	128	DO	36
3172.732	3173.322	318	OYSTERS	36
3173.322	3173.645	253	MAKE	36
3173.645	3174.332	320	PEARLS	36
3182.898	3183.132	257	MAY	37
3183.132	3183.312	211	I	37
3183.312	3183.671	304	ORDER	37
3183.671	3183.841	1	A	37
3183.841	3184.657	319	PARFAIT	37
3184.657	3185.136	10	AFTER	37
3185.136	3185.302	211	I	37
3185.302	3185.689	134	EAT	37
3185.689	3186.142	124	DINNER	37
3194.87	3194.983	224	IS	38
3194.983	3195.296	375	SHE	38
3195.296	3195.643	187	GOING	38
3195.643	3195.897	487	WITH	38
3195.897	3196.252	495	YOU	38
3203.038	3203.341	76	CAN	39
3203.341	3203.512	434	THE	39
3203.512	3204.292	11	AGENCY	39
3204.292	3205.043	315	OVERTHROW	39
3205.043	3205.532	13	ALIEN	39
3205.532	3206.181	162	FORCES	39
3214.48	3214.594	1	A	40
3214.594	3215.482	371	SCREWDRIVER	40
3215.482	3215.642	224	IS	40
3215.642	3216.202	252	MADE	40
3216.202	3216.365	99999	sp	40
3216.365	3216.702	166	FROM	40
3216.702	3217.332	469	VODKA	40
3217.332	3217.671	99999	sp	40
3217.671	3217.892	20	AND	40
3217.892	3218.452	303	ORANGE	40
3218.452	3219.012	230	JUICE	40
3228.651	3228.907	210	HOW	41
3228.907	3229.162	269	MUCH	41
3229.162	3230.052	16	ALLOWANCE	41
3230.052	3230.127	99999	sp	41
3230.127	3230.232	128	DO	41
3230.232	3230.538	495	YOU	41
3230.538	3231.0190000000002	177	GET	41
3238.641	3239.899	115	CYCLICAL	42
3239.899	3240.76	346	PROGRAMS	42
3240.76	3240.887	99999	sp	42
3240.887	3241.147	485	WILL	42
3241.147	3241.4610000000002	281	NEVER	42
3241.4610000000002	3242.101	100	COMPILE	42
3250.776	3250.956	434	THE	43
3250.956	3251.483	61	BOSTON	43
3251.483	3252.274	45	BALLET	43
3252.274	3253.005	312	OVERCAME	43
3253.005	3253.172	435	THEIR	43
3253.172	3253.69	170	FUNDING	43
3253.69	3254.512	380	SHORTAGE	43
3263.55	3263.932	145	EVERY	44
3263.932	3264.411	74	CAB	44
3264.411	3264.601	99999	sp	44
3264.601	3265.046	280	NEEDS	44
3265.046	3266.242	364	REPAINTING	44
3266.242	3266.841	296	OFTEN	44
3275.521	3275.918	203	HELP	45
3275.918	3276.4809999999998	196	GREG	45
3276.4809999999998	3276.62	99999	sp	45
3276.62	3276.849	446	TO	45
3276.849	3277.281	325	PICK	45
3277.281	3277.552	99999	sp	45
3277.552	3277.733	1	A	45
3277.733	3278.132	321	PECK	45
3278.132	3278.512	99999	sp	45
3278.512	3278.761	294	OF	45
3278.761	3279.5950000000003	338	POTATOES	45
3289.077	3289.281	476	WE	46
3289.281	3289.607	241	LIKE	46
3289.607	3289.841	55	BLUE	46
3289.841	3290.622	88	CHEESE	46
3290.622	3291.053	99999	sp	46
3291.053	3291.232	70	BUT	46
3291.232	3291.812	466	VICTOR	46
3291.812	3292.252	99999	sp	46
3292.252	3292.802	242	LIKES	46
3292.802	3293.351	64	BRIE	46
3302.877	3303.257	108	COUNT	47
3303.257	3303.351	434	THE	47
3303.351	3304.047	289	NUMBER	47
3304.047	3304.281	294	OF	47
3304.281	3305.112	429	TEASPOONS	47
3305.112	3305.249	294	OF	47
3305.249	3306.098	395	SOYSAUCE	47
3306.098	3306.245	99999	sp	47
3306.245	3306.488	433	THAT	47
3306.488	3306.721	495	YOU	47
3306.721	3307.172	7	ADD	47
3316.632	3317.732	44	BAGPIPES	48
3317.732	3317.886	99999	sp	48
3317.886	3318.123	20	AND	48
3318.123	3319.041	59	BONGOS	48
3319.041	3319.283	99999	sp	48
3319.283	3319.444	30	ARE	48
3319.444	3320.182	273	MUSICAL	48
3320.182	3320.6440000000002	99999	sp	48
3320.6440000000002	3321.712	220	INSTRUMENTS	48
3332.091	3332.459	210	HOW	49
3332.459	3332.682	189	GOOD	49
3332.682	3332.882	224	IS	49
3332.882	3333.262	496	YOUR	49
3333.262	3334.382	138	ENDURANCE	49
3351.346	3351.601	30	ARE	0
3351.601	3351.995	496	YOUR	0
3351.995	3352.471	192	GRADES	0
3352.471	3353.223	206	HIGHER	0
3353.223	3353.901	99999	sp	0
3353.901	3354.142	302	OR	0
3354.142	3354.862	251	LOWER	0
3354.862	3355.067	99999	sp	0
3355.067	3355.372	432	THAN	0
3355.372	3356.272	275	NANCY'S	0
3367.035	3367.524	375	SHE	1
3367.524	3367.952	490	WORE	1
3367.952	3368.531	471	WARM	1
3368.531	3369.315	99999	sp	1
3369.315	3370.206	158	FLEECY	1
3370.206	3370.651	99999	sp	1
3370.651	3371.552	489	WOOLEN	1
3371.552	3371.724	99999	sp	1
3371.724	3372.781	311	OVERALLS	1
3381.41	3382.067	354	READING	2
3382.067	3382.355	217	IN	2
3382.355	3382.721	335	POOR	2
3382.721	3383.442	240	LIGHT	2
3383.442	3383.666	99999	sp	2
3383.666	3384.132	181	GIVES	2
3384.132	3384.632	495	YOU	2
3384.632	3384.966	99999	sp	2
3384.966	3386.082	150	EYESTRAIN	2
3394.355	3394.75	142	EVEN	3
3394.75	3395.401	211	I	3
3395.401	3395.509	99999	sp	3
3395.509	3396.233	293	OCCASIONALLY	3
3396.233	3396.442	177	GET	3
3396.442	3396.522	99999	sp	3
3396.522	3396.612	434	THE	3
3396.612	3397.192	265	MONDAY	3
3397.192	3398.022	56	BLUES	3
3406.716	3406.952	476	WE	4
3406.952	3407.192	30	ARE	4
3407.192	3407.642	301	OPEN	4
3407.642	3408.022	145	EVERY	4
3408.022	3408.673	265	MONDAY	4
3408.673	3409.492	143	EVENING	4
3418.98	3419.259	226	IT'S	5
3419.259	3419.54	285	NOT	5
3419.54	3420.052	133	EASY	5
3420.052	3420.19	99999	sp	5
3420.19	3420.339	446	TO	5
3420.339	3421.192	113	CREATE	5
3421.192	3422.069	215	ILLUMINATING	5
3422.069	3423.091	146	EXAMPLES	5
3432.728	3433.12	270	MUM	6
3433.12	3433.716	407	STRONGLY	6
3433.716	3434.541	126	DISLIKES	6
3434.541	3434.666	99999	sp	6
3434.666	3435.732	27	APPETIZERS	6
3446.488	3446.862	443	THOSE	7
3446.862	3447.041	484	WHO	7
3447.041	3447.459	427	TEACH	7
3447.459	3448.232	462	VALUES	7
3448.232	3448.754	156	FIRST	7
3448.754	3449.43	4	ABOLISH	7
3449.43	3450.075	87	CHEATING	7
3457.308	3457.427	434	THE	8
3457.427	3457.971	165	FRIGHTENED	8
3457.971	3458.642	89	CHILD	8
3458.642	3458.784	99999	sp	8
3458.784	3459.119	472	WAS	8
3459.119	3459.589	176	GENTLY	8
3459.589	3460.422	410	SUBDUED	8
3460.422	3460.764	99999	sp	8
3460.764	3460.952	73	BY	8
3460.952	3461.266	208	HIS	8
3461.266	3461.584	52	BIG	8
3461.584	3462.112	66	BROTHER	8
3470.978	3471.332	142	EVEN	9
3471.332	3471.45	1	A	9
3471.45	3471.945	383	SIMPLE	9
3471.945	3472.992	468	VOCABULARY	9
3472.992	3473.142	99999	sp	9
3473.142	3473.832	104	CONTAINS	9
3473.832	3475.041	88888	SYLLABLES	9
3475.041	3475.272	99999	sp	9
3485.694	3485.841	1	A	10
3485.841	3486.293	110	CRAB	10
3486.293	3486.851	85	CHALLENGED	10
3486.851	3487.212	258	ME	10
3487.212	3487.649	99999	sp	10
3487.649	3487.782	70	BUT	10
3487.782	3487.919	1	A	10
3487.919	3488.16	350	QUICK	10
3488.16	3488.745	402	STAB	10
3488.745	3489.099	99999	sp	10
3489.099	3489.642	464	VANQUISHED	10
3489.642	3490.0	207	HIM	10
3498.802	3499.4809999999998	183	GLUCOSE	11
3499.4809999999998	3499.692	20	AND	11
3499.692	3500.596	167	FRUCTOSE	11
3500.596	3500.736	99999	sp	11
3500.736	3500.932	30	ARE	11
3500.932	3501.422	276	NATURAL	11
3501.422	3502.142	414	SUGARS	11
3502.142	3502.4809999999998	99999	sp	11
3502.4809999999998	3502.87	163	FOUND	11
3502.87	3503.051	217	IN	11
3503.051	3503.697	168	FRUIT	11
3511.998	3512.25	30	ARE	12
3512.25	3512.4809999999998	495	YOU	12
3512.4809999999998	3512.971	250	LOOKING	12
3512.971	3513.322	161	FOR	12
3513.322	3514.142	136	EMPLOYMENT	12
3523.275	3523.712	98	COFFEE	13
3523.712	3523.932	224	IS	13
3523.932	3524.432	198	GROWN	13
3524.432	3524.672	297	ON	13
3524.672	3525.152	404	STEEP	13
3525.152	3525.774	99999	sp	13
3525.774	3526.1620000000003	231	JUNGLE	13
3526.1620000000003	3526.402	241	LIKE	13
3526.402	3527.172	390	SLOPES	13
3527.172	3527.448	99999	sp	13
3527.448	3527.677	217	IN	13
3527.677	3528.202	431	TEMPERATE	13
3528.202	3528.922	497	ZONES	13
3537.562	3537.841	476	WE	14
3537.841	3538.361	480	WELCOME	14
3538.361	3538.74	256	MANY	14
3538.74	3539.022	282	NEW	14
3539.022	3539.812	408	STUDENTS	14
3539.812	3539.889	99999	sp	14
3539.889	3540.2309999999998	132	EACH	14
3540.2309999999998	3540.74	491	YEAR	14
3548.791	3549.275	298	ONLY	15
3549.275	3549.442	434	THE	15
3549.442	3549.839	51	BEST	15
3549.839	3550.6059999999998	330	PLAYERS	15
3550.6059999999998	3551.2	139	ENJOY	15
3551.2	3552.202	336	POPULARITY	15
3559.691	3560.432	75	CALCIUM	16
3560.432	3561.006	254	MAKES	16
3561.006	3561.663	58	BONES	16
3561.663	3561.966	20	AND	16
3561.966	3562.466	430	TEETH	16
3562.466	3563.392	406	STRONG	16
3571.482	3572.353	286	NOTHING	17
3572.353	3572.49	99999	sp	17
3572.49	3572.664	224	IS	17
3572.664	3572.913	34	AS	17
3572.913	3573.853	295	OFFENSIVE	17
3573.853	3574.135	99999	sp	17
3574.135	3574.503	34	AS	17
3574.503	3574.572	99999	sp	17
3574.572	3575.373	219	INNOCENCE	17
3584.71	3584.739	99999	sp	18
3584.739	3585.434	405	STEVE	18
3585.434	3585.511	99999	sp	18
3585.511	3585.819	490	WORE	18
3585.819	3585.928	1	A	18
3585.928	3586.356	65	BRIGHT	18
3586.356	3586.824	356	RED	18
3586.824	3587.274	99999	sp	18
3587.274	3588.352	78	CASHMERE	18
3588.352	3588.642	99999	sp	18
3588.642	3589.242	420	SWEATER	18
3598.501	3598.545	99999	sp	19
3598.545	3599.082	46	BARB'S	19
3599.082	3599.492	188	GOLD	19
3599.492	3600.322	63	BRACELET	19
3600.322	3600.512	99999	sp	19
3600.512	3600.758	472	WAS	19
3600.758	3600.852	1	A	19
3600.852	3601.841	193	GRADUATION	19
3601.841	3602.41	339	PRESENT	19
3611.79	3612.401	130	DRAW	20
3612.401	3613.026	145	EVERY	20
3613.026	3613.35	308	OUTER	20
3613.35	3613.809	244	LINE	20
3613.809	3614.537	156	FIRST	20
3614.537	3614.8	99999	sp	20
3614.8	3615.3	436	THEN	20
3615.3	3615.54	99999	sp	20
3615.54	3615.92	154	FILL	20
3615.92	3616.238	217	IN	20
3616.238	3616.502	434	THE	20
3616.502	3617.28	222	INTERIOR	20
3626.358	3626.48	434	THE	21
3626.48	3626.929	475	WATER	21
3626.929	3627.673	103	CONTAINED	21
3627.673	3628.03	448	TOO	21
3628.03	3628.41	269	MUCH	21
3628.41	3629.172	90	CHLORINE	21
3629.172	3629.642	99999	sp	21
3629.642	3629.85	20	AND	21
3629.85	3630.392	409	STUNG	21
3630.392	3630.767	208	HIS	21
3630.767	3631.48	149	EYES	21
3641.081	3641.102	99999	sp	22
3641.102	3641.724	229	JOHN'S	22
3641.724	3642.322	66	BROTHER	22
3642.322	3642.492	99999	sp	22
3642.492	3643.441	363	REPAINTED	22
3643.441	3643.572	434	THE	22
3643.572	3644.111	173	GARAGE	22
3644.111	3644.593	129	DOOR	22
3654.123	3654.903	84	CHALLENGE	23
3654.903	3655.272	132	EACH	23
3655.272	3656.171	175	GENERAL'S	23
3656.171	3656.334	99999	sp	23
3656.334	3657.421	221	INTELLIGENCE	23
3666.233	3667.147	17	AMBIDEXTROUS	24
3667.147	3668.212	327	PICKPOCKETS	24
3668.212	3668.311	99999	sp	24
3668.311	3668.8940000000002	6	ACCOMPLISH	24
3668.8940000000002	3669.364	267	MORE	24
3678.215	3678.311	1	A	25
3678.311	3678.971	271	MUSCULAR	25
3678.971	3679.68	2	ABDOMEN	25
3679.68	3679.87	99999	sp	25
3679.87	3680.162	224	IS	25
3680.162	3680.379	189	GOOD	25
3680.379	3680.593	161	FOR	25
3680.593	3680.811	496	YOUR	25
3680.811	3681.346	43	BACK	25
3691.322	3691.662	438	THEY	26
3691.662	3692.212	317	OWN	26
3692.212	3692.29	99999	sp	26
3692.29	3692.412	1	A	26
3692.412	3692.703	52	BIG	26
3692.703	3693.352	209	HOUSE	26
3693.352	3693.492	99999	sp	26
3693.492	3693.712	217	IN	26
3693.712	3693.816	434	THE	26
3693.816	3694.361	361	REMOTE	26
3694.361	3695.453	109	COUNTRYSIDE	26
3703.799	3703.901	434	THE	27
3703.901	3704.346	369	ROSE	27
3704.346	3705.181	106	CORSAGE	27
3705.181	3705.3360000000002	99999	sp	27
3705.3360000000002	3705.822	393	SMELLED	27
3705.822	3706.472	421	SWEET	27
3713.877	3714.405	433	THAT	28
3714.405	3715.312	326	PICKPOCKET	28
3715.312	3715.465	99999	sp	28
3715.465	3715.74	472	WAS	28
3715.74	3716.212	80	CAUGHT	28
3716.212	3716.522	99999	sp	28
3716.522	3716.852	356	RED	28
3716.852	3717.593	199	HANDED	28
3726.035	3726.169	19	AN	29
3726.169	3726.681	9	ADULT	29
3726.681	3727.041	255	MALE	29
3727.041	3727.742	42	BABOON'S	29
3727.742	3728.292	430	TEETH	29
3728.292	3728.657	99999	sp	29
3728.657	3728.8360000000002	30	ARE	29
3728.8360000000002	3729.069	285	NOT	29
3729.069	3729.852	415	SUITABLE	29
3729.852	3730.112	99999	sp	29
3730.112	3730.403	161	FOR	29
3730.403	3730.854	135	EATING	29
3730.854	3731.854	376	SHELLFISH	29
3740.642	3740.66	99999	sp	30
3740.66	3740.862	204	HER	30
3740.862	3741.524	470	WARDROBE	30
3741.524	3742.431	102	CONSISTS	30
3742.431	3742.608	99999	sp	30
3742.608	3742.752	294	OF	30
3742.752	3743.273	298	ONLY	30
3743.273	3744.062	385	SKIRTS	30
3744.062	3744.337	99999	sp	30
3744.337	3744.651	20	AND	30
3744.651	3745.512	54	BLOUSES	30
3753.292	3753.314	88888		31
3753.314	3753.492	434	THE	31
3753.492	3753.853	453	TWO	31
3753.853	3754.612	33	ARTISTS	31
3754.612	3755.535	147	EXCHANGED	31
3755.535	3756.602	39	AUTOGRAPHS	31
3766.645	3767.111	88888	SCLO	32
3767.111	3767.582	88888	SCOTCH	32
3767.582	3768.166	169	FUDGE	32
3768.166	3768.335	99999	sp	32
3768.335	3768.615	186	GOES	32
3768.615	3769.069	481	WELL	32
3769.069	3769.343	99999	sp	32
3769.343	3769.596	487	WITH	32
3769.596	3769.938	463	VANILLA	32
3769.938	3770.294	212	ICE	32
3770.294	3770.732	112	CREAM	32
3779.51	3780.142	366	RICH	33
3780.142	3780.282	99999	sp	33
3780.282	3780.793	349	PURCHASED	33
3780.793	3781.501	374	SEVERAL	33
3781.501	3781.657	99999	sp	33
3781.657	3782.204	382	SIGNED	33
3782.204	3783.2	245	LITHOGRAPHS	33
3791.77	3792.102	24	ANY	34
3792.102	3793.305	105	CONTRIBUTIONS	34
3793.305	3793.382	99999	sp	34
3793.382	3793.623	485	WILL	34
3793.623	3793.792	47	BE	34
3793.792	3794.572	195	GREATLY	34
3794.572	3795.692	28	APPRECIATED	34
3803.482	3803.617	434	THE	35
3803.617	3804.27	111	CRANBERRY	35
3804.27	3804.82	57	BOG	35
3804.82	3804.931	99999	sp	35
3804.931	3805.242	178	GETS	35
3805.242	3805.596	465	VERY	35
3805.596	3806.171	340	PRETTY	35
3806.171	3806.52	99999	sp	35
3806.52	3806.725	217	IN	35
3806.725	3807.242	40	AUTUMN	35
3816.138	3816.442	210	HOW	36
3816.442	3816.662	128	DO	36
3816.662	3817.272	318	OYSTERS	36
3817.272	3817.552	253	MAKE	36
3817.552	3818.31	320	PEARLS	36
3826.863	3827.072	257	MAY	37
3827.072	3827.303	211	I	37
3827.303	3827.692	304	ORDER	37
3827.692	3827.831	1	A	37
3827.831	3828.654	319	PARFAIT	37
3828.654	3829.082	10	AFTER	37
3829.082	3829.281	211	I	37
3829.281	3829.582	134	EAT	37
3829.582	3829.966	124	DINNER	37
3838.635	3838.748	224	IS	38
3838.748	3839.053	375	SHE	38
3839.053	3839.452	187	GOING	38
3839.452	3839.714	487	WITH	38
3839.714	3840.081	495	YOU	38
3849.452	3849.781	76	CAN	39
3849.781	3849.892	434	THE	39
3849.892	3850.593	11	AGENCY	39
3850.593	3851.444	315	OVERTHROW	39
3851.444	3851.944	13	ALIEN	39
3851.944	3852.661	162	FORCES	39
3861.82	3861.93	1	A	40
3861.93	3862.958	371	SCREWDRIVER	40
3862.958	3863.062	99999	sp	40
3863.062	3863.303	224	IS	40
3863.303	3863.81	252	MADE	40
3863.81	3863.933	99999	sp	40
3863.933	3864.212	166	FROM	40
3864.212	3864.822	469	VODKA	40
3864.822	3865.082	99999	sp	40
3865.082	3865.291	20	AND	40
3865.291	3865.851	303	ORANGE	40
3865.851	3866.346	230	JUICE	40
3874.935	3875.212	210	HOW	41
3875.212	3875.516	269	MUCH	41
3875.516	3876.459	16	ALLOWANCE	41
3876.459	3876.546	99999	sp	41
3876.546	3876.673	128	DO	41
3876.673	3876.923	495	YOU	41
3876.923	3877.423	177	GET	41
3885.123	3886.041	115	CYCLICAL	42
3886.041	3886.962	346	PROGRAMS	42
3886.962	3887.046	99999	sp	42
3887.046	3887.341	485	WILL	42
3887.341	3887.867	281	NEVER	42
3887.867	3888.113	99999	sp	42
3888.113	3888.906	100	COMPILE	42
3898.052	3898.161	434	THE	43
3898.161	3898.886	61	BOSTON	43
3898.886	3899.659	45	BALLET	43
3899.659	3900.101	99999	sp	43
3900.101	3901.065	312	OVERCAME	43
3901.065	3901.212	99999	sp	43
3901.212	3901.459	435	THEIR	43
3901.459	3902.161	170	FUNDING	43
3902.161	3902.24	99999	sp	43
3902.24	3903.062	380	SHORTAGE	43
3913.052	3913.401	145	EVERY	44
3913.401	3913.928	74	CAB	44
3913.928	3914.06	99999	sp	44
3914.06	3914.471	280	NEEDS	44
3914.471	3915.392	364	REPAINTING	44
3915.392	3915.493	99999	sp	44
3915.493	3916.096	296	OFTEN	44
3923.764	3924.079	203	HELP	45
3924.079	3924.661	196	GREG	45
3924.661	3924.796	99999	sp	45
3924.796	3924.962	446	TO	45
3924.962	3925.322	325	PICK	45
3925.322	3925.538	1	A	45
3925.538	3926.05	321	PECK	45
3926.05	3926.432	99999	sp	45
3926.432	3926.651	294	OF	45
3926.651	3927.632	338	POTATOES	45
3936.3	3936.613	476	WE	46
3936.613	3936.938	241	LIKE	46
3936.938	3937.252	55	BLUE	46
3937.252	3937.952	88	CHEESE	46
3937.952	3938.344	99999	sp	46
3938.344	3938.541	70	BUT	46
3938.541	3939.252	466	VICTOR	46
3939.252	3939.531	99999	sp	46
3939.531	3940.012	242	LIKES	46
3940.012	3940.702	64	BRIE	46
3949.918	3950.272	108	COUNT	47
3950.272	3950.382	434	THE	47
3950.382	3950.999	289	NUMBER	47
3950.999	3951.2690000000002	294	OF	47
3951.2690000000002	3952.216	429	TEASPOONS	47
3952.216	3952.476	99999	sp	47
3952.476	3952.637	294	OF	47
3952.637	3953.584	395	SOYSAUCE	47
3953.584	3953.959	99999	sp	47
3953.959	3954.173	433	THAT	47
3954.173	3954.476	495	YOU	47
3954.476	3955.048	7	ADD	47
3964.285	3965.005	44	BAGPIPES	48
3965.005	3965.322	20	AND	48
3965.322	3966.19	59	BONGOS	48
3966.19	3966.329	99999	sp	48
3966.329	3966.553	30	ARE	48
3966.553	3967.281	273	MUSICAL	48
3967.281	3967.454	99999	sp	48
3967.454	3968.452	220	INSTRUMENTS	48
3975.248	3975.512	210	HOW	49
3975.512	3976.108	189	GOOD	49
3976.108	3976.31	99999	sp	49
3976.31	3976.623	224	IS	49
3976.623	3977.137	496	YOUR	49
3977.137	3977.236	99999	sp	49
3977.236	3978.212	138	ENDURANCE	49
