34.641375	34.94430034488838	375	SHE	1
34.94430034488838	35.182039223155215	490	WORE	1
35.182039223155215	35.63273205839948	471	WARM	1
35.63273205839948	36.083093027563315	158	FLEECY	1
36.083093027563315	36.490694863867674	489	WOOLEN	1
36.490694863867674	37.34122731167518	311	OVERALLS	1
37.34122731167518	46.4771875	99999	sp	1
46.4771875	46.706128254107185	354	READING	1
46.706128254107185	46.873690373949465	217	IN	1
46.4771875	46.706128254107185	354	READING	1
46.706128254107185	46.873690373949465	217	IN	1
46.4771875	46.706128254107185	354	READING	2
46.706128254107185	46.873690373949465	217	IN	2
46.4771875	46.706128254107185	354	READING	2
46.706128254107185	46.873690373949465	217	IN	2
46.873690373949465	47.096128254107185	335	POOR	2
47.096128254107185	47.55129891622581	240	LIGHT	2
47.55129891622581	47.80308895375305	181	GIVES	2
47.80308895375305	47.92612825410719	495	YOU	2
47.92612825410719	48.596128254107185	150	EYESTRAIN	2
58.6398125	58.87998919712417	142	EVEN	3
58.87998919712417	59.109989197124165	211	I	3
59.109989197124165	59.696908065494895	293	OCCASIONALLY	3
59.696908065494895	59.90891767460189	177	GET	3
59.90891767460189	59.959989197124166	434	THE	3
59.959989197124166	60.30538852418076	265	MONDAY	3
60.30538852418076	60.80142012917901	56	BLUES	3
69.933375	70.080110642769	476	WE	4
70.080110642769	70.1186472762235	30	ARE	4
70.1186472762235	70.39619287039855	301	OPEN	4
70.39619287039855	70.75932653179659	145	EVERY	4
70.75932653179659	71.16815678808837	265	MONDAY	4
71.16815678808837	71.60302603908217	143	EVENING	4
82.5969375	82.78390965833783	226	IT'S	5
82.78390965833783	82.93390965833783	285	NOT	5
82.93390965833783	83.38241259429918	133	EASY	5
83.38241259429918	83.55320006809795	446	TO	5
83.55320006809795	83.95129955759113	113	CREATE	5
83.95129955759113	84.71390965833783	215	ILLUMINATING	5
84.71390965833783	85.67390965833783	146	EXAMPLES	5
96.23425	96.44832517437054	270	MUM	6
96.44832517437054	96.87032778304177	407	STRONGLY	6
96.87032778304177	97.36706715868335	126	DISLIKES	6
97.36706715868335	98.32832517437053	27	APPETIZERS	6
108.801	108.9964804486261	443	THOSE	7
108.9964804486261	109.10955247283141	484	WHO	7
109.10955247283141	109.43152027056853	427	TEACH	7
109.43152027056853	109.88445274260704	462	VALUES	7
109.88445274260704	110.23445274260705	156	FIRST	7
110.23445274260705	110.78332232815971	4	ABOLISH	7
110.78332232815971	111.13400269699461	87	CHEATING	7
119.8182813036428	119.92605354801769	434	THE	8
119.92605354801769	120.29363388151057	165	FRIGHTENED	8
120.29363388151057	120.62980220503262	89	CHILD	8
120.62980220503262	120.86404323289203	472	WAS	8
120.86404323289203	121.18433385906638	176	GENTLY	8
121.18433385906638	121.74731418342445	410	SUBDUED	8
121.74731418342445	121.89433385906638	73	BY	8
121.89433385906638	122.09435192150589	208	HIS	8
122.09435192150589	122.2885699638689	52	BIG	8
122.2885699638689	122.65897343401484	66	BROTHER	8
131.624125	131.83160925570982	142	EVEN	9
131.83160925570982	131.88170456501774	1	A	9
131.88170456501774	132.26362567756448	383	SIMPLE	9
132.26362567756448	133.139943545765	468	VOCABULARY	9
133.139943545765	133.69160925570984	104	CONTAINS	9
133.69160925570984	134.30160925570982	422	SYMBOLS	9
147.980375	148.18188312386093	1	A	10
148.18188312386093	148.62541276295406	110	CRAB	10
148.62541276295406	149.2095830516945	85	CHALLENGED	10
149.2095830516945	149.42882854408197	258	ME	10
149.42882854408197	150.1875525367098	99999	sp	10
150.1875525367098	150.278828544082	70	BUT	10
150.278828544082	150.39778503424003	1	A	10
150.39778503424003	150.57882854408197	350	QUICK	10
150.57882854408197	151.19882854408198	402	STAB	10
151.19882854408198	151.67882854408197	464	VANQUISHED	10
151.67882854408197	151.92882854408197	207	HIM	10
162.49929306635738	162.89172706174716	183	GLUCOSE	11
162.89172706174716	162.9632677004037	20	AND	11
162.9632677004037	163.49605598237218	167	FRUCTOSE	11
163.49605598237218	163.59403483469083	30	ARE	11
163.59403483469083	164.14403483469084	276	NATURAL	11
164.14403483469084	164.69403483469083	414	SUGARS	11
164.69403483469083	165.02403483469084	163	FOUND	11
165.02403483469084	165.26387999628395	217	IN	11
165.26387999628395	165.75774519728122	168	FRUIT	11
173.609375	173.72130640520422	30	ARE	12
173.72130640520422	173.84132923729047	495	YOU	12
173.84132923729047	174.12973808451005	250	LOOKING	12
174.12973808451005	174.33973808451006	161	FOR	12
174.33973808451006	174.76968592438	136	EMPLOYMENT	12
186.7659375	187.100652096374	98	COFFEE	13
187.100652096374	187.20425172740423	224	IS	13
187.20425172740423	187.36292383271268	198	GROWN	13
187.36292383271268	187.56502810648124	297	ON	13
187.56502810648124	187.94970006147219	404	STEEP	13
187.94970006147219	188.31403541858722	99999	sp	13
188.31403541858722	188.68708937311703	231	JUNGLE	13
188.68708937311703	188.9067757959557	241	LIKE	13
188.9067757959557	189.73292383271266	390	SLOPES	13
189.73292383271266	190.02043149881663	99999	sp	13
190.02043149881663	190.18546192967182	217	IN	13
190.18546192967182	190.62274252370307	431	TEMPERATE	13
190.62274252370307	191.18292383271267	497	ZONES	13
200.08958174336098	200.18245640297022	476	WE	14
200.18245640297022	200.49245640297022	480	WELCOME	14
200.49245640297022	200.80245640297022	256	MANY	14
200.80245640297022	200.999187173439	282	NEW	14
200.999187173439	201.51245640297023	408	STUDENTS	14
201.51245640297023	201.75999916912463	132	EACH	14
201.75999916912463	202.0008505462112	491	YEAR	14
210.2556875	210.51297030866317	298	ONLY	15
210.51297030866317	210.6882772538184	434	THE	15
210.6882772538184	211.0046122199918	51	BEST	15
211.0046122199918	211.39695572976964	330	PLAYERS	15
211.39695572976964	211.8604390976207	139	ENJOY	15
211.8604390976207	212.60297030866317	336	POPULARITY	15
221.836625	222.21908004492016	75	CALCIUM	16
222.21908004492016	222.48611983603058	254	MAKES	16
222.48611983603058	222.90852878523663	58	BONES	16
222.90852878523663	223.22266960876382	20	AND	16
223.22266960876382	223.67779302316444	430	TEETH	16
223.67779302316444	225.12090232539856	406	STRONG	16
235.691	236.12621722340154	286	NOTHING	17
236.12621722340154	236.3452849803759	224	IS	17
236.3452849803759	237.07515118541053	295	OFFENSIVE	17
237.07515118541053	237.2859413613851	34	AS	17
237.2859413613851	238.13264102733177	219	INNOCENCE	17
249.23225	249.60864475348922	405	STEVE	18
249.60864475348922	250.27941675116	490	WORE	18
250.27941675116	250.4300862305206	99999	sp	18
250.4300862305206	250.62511677710236	1	A	18
250.62511677710236	250.95225	65	BRIGHT	18
250.95225	251.26099856179138	356	RED	18
251.26099856179138	251.81562616465916	78	CASHMERE	18
251.81562616465916	252.27224999999999	420	SWEATER	18
261.1774375	261.5294445827156	46	BARB'S	19
261.5294445827156	261.8322622876918	188	GOLD	19
261.8322622876918	262.24905193862134	63	BRACELET	19
262.24905193862134	262.3998340018555	472	WAS	19
262.3998340018555	262.5160438132492	1	A	19
262.5160438132492	263.1713390696541	193	GRADUATION	19
263.1713390696541	263.47223421563297	339	PRESENT	19
273.2385625	273.4460022178367	130	DRAW	20
273.4460022178367	273.8951662207092	145	EVERY	20
273.8951662207092	274.24916973365566	308	OUTER	20
274.24916973365566	274.47725135264847	244	LINE	20
274.47725135264847	275.30285418202203	156	FIRST	20
275.30285418202203	275.5191697336557	436	THEN	20
275.5191697336557	275.79084263452415	154	FILL	20
275.79084263452415	276.0391697336557	434	THE	20
276.0391697336557	276.2291697336557	217	IN	20
276.2291697336557	276.37916973365566	434	THE	20
276.37916973365566	276.94693170297126	222	INTERIOR	20
288.891625	288.94573839583114	434	THE	21
288.94573839583114	289.26426326677694	475	WATER	21
289.26426326677694	289.70595335845996	103	CONTAINED	21
289.70595335845996	289.8445847932767	448	TOO	21
289.8445847932767	290.16106814464075	269	MUCH	21
290.16106814464075	290.61028158356527	90	CHLORINE	21
290.61028158356527	290.72666711628693	20	AND	21
290.72666711628693	291.0384350981837	409	STUNG	21
291.0384350981837	291.20242182912466	208	HIS	21
291.20242182912466	291.74557038834	149	EYES	21
300.9665	301.3236564090861	229	JOHN'S	22
301.3236564090861	301.64870473427567	66	BROTHER	22
301.64870473427567	302.22690195579247	363	REPAINTED	22
302.22690195579247	302.29741484385374	434	THE	22
302.29741484385374	302.7173295857956	173	GARAGE	22
302.7173295857956	303.0774148438537	129	DOOR	22
310.6615	311.0843784036447	84	CHALLENGE	23
311.0843784036447	311.38857478171894	132	EACH	23
311.38857478171894	311.828574781719	175	GENERAL'S	23
311.828574781719	312.6852938802152	221	INTELLIGENCE	23
320.7141875	321.5172619688182	17	AMBIDEXTROUS	24
321.5172619688182	322.2052817869048	327	PICKPOCKETS	24
322.2052817869048	322.7493008133926	6	ACCOMPLISH	24
322.7493008133926	323.0652817869048	267	MORE	24
333.98677264476015	334.0240668919062	1	A	25
334.0240668919062	334.56397860692425	271	MUSCULAR	25
334.56397860692425	335.2093382690978	2	ABDOMEN	25
335.2093382690978	335.46103945836387	224	IS	25
335.46103945836387	335.58957349171055	189	GOOD	25
335.58957349171055	335.7940668919062	161	FOR	25
335.7940668919062	335.9462196083917	496	YOUR	25
335.9462196083917	336.4108730559585	43	BACK	25
344.6420625	344.786160173896	438	THEY	26
344.786160173896	344.9281278800219	317	OWN	26
344.9281278800219	345.0351775033635	1	A	26
345.0351775033635	345.2108061850081	52	BIG	26
345.2108061850081	345.576160173896	209	HOUSE	26
345.576160173896	345.6813175235792	217	IN	26
345.6813175235792	345.75187943981547	434	THE	26
345.75187943981547	346.10913289500695	361	REMOTE	26
346.10913289500695	346.786160173896	109	COUNTRYSIDE	26
354.5055625	354.5677580697324	434	THE	27
354.5677580697324	355.09775806973244	369	ROSE	27
355.09775806973244	355.7377580697324	106	CORSAGE	27
355.7377580697324	356.1280409239205	393	SMELLED	27
356.1280409239205	356.50064999828277	421	SWEET	27
364.2385154283115	364.4228061005833	433	THAT	28
364.4228061005833	364.8789820352278	326	PICKPOCKET	28
364.8789820352278	365.0965737270161	472	WAS	28
365.0965737270161	365.3079286972505	80	CAUGHT	28
365.3079286972505	365.54239664540046	356	RED	28
365.54239664540046	365.9299335225047	199	HANDED	28
383.39375	383.61053193227826	19	AN	29
383.61053193227826	383.9294451863234	9	ADULT	29
383.9294451863234	384.1770823768247	255	MALE	29
384.1770823768247	384.5965963416545	88888	BAL	29
384.5965963416545	384.889895503312	99999	sp	29
384.889895503312	385.48094569765254	42	BABOON'S	29
385.48094569765254	385.7194451863234	430	TEETH	29
385.7194451863234	385.7991745955741	30	ARE	29
385.7991745955741	386.0193467609902	285	NOT	29
386.0193467609902	386.4894451863234	415	SUITABLE	29
386.4894451863234	386.7266506976997	161	FOR	29
386.7266506976997	387.0276361087266	135	EATING	29
387.0276361087266	387.69944518632343	376	SHELLFISH	29
395.590125	395.725167794977	204	HER	30
395.725167794977	396.125167794977	470	WARDROBE	30
396.125167794977	396.5593885918444	102	CONSISTS	30
396.5593885918444	396.645167794977	294	OF	30
396.645167794977	396.911374461458	298	ONLY	30
396.911374461458	397.315167794977	385	SKIRTS	30
397.315167794977	397.42516779497697	20	AND	30
397.42516779497697	398.055167794977	54	BLOUSES	30
405.296625	405.4268099390281	434	THE	31
405.4268099390281	405.5718674615983	453	TWO	31
405.5718674615983	406.0044853055828	33	ARTISTS	31
406.0044853055828	406.46690682279467	147	EXCHANGED	31
406.46690682279467	407.2918674615983	39	AUTOGRAPHS	31
417.5639375	418.0843855433931	71	BUTTERSCOTCH	32
418.0843855433931	418.50944996187434	169	FUDGE	32
418.50944996187434	418.75267132703067	186	GOES	32
418.75267132703067	419.02267132703065	481	WELL	32
419.02267132703065	419.22533061315164	487	WITH	32
419.22533061315164	419.8038799350189	463	VANILLA	32
419.8038799350189	420.0566039705144	212	ICE	32
420.0566039705144	420.51437321789354	112	CREAM	32
427.8564375	428.14531657183716	366	RICH	33
428.14531657183716	428.52200253972734	349	PURCHASED	33
428.52200253972734	428.85526137760326	374	SEVERAL	33
428.85526137760326	429.2404384847663	382	SIGNED	33
429.2404384847663	430.14200253972734	245	LITHOGRAPHS	33
438.18545816267687	438.42664044070307	24	ANY	34
438.42664044070307	439.1077687858478	105	CONTRIBUTIONS	34
439.1077687858478	439.2177687858478	485	WILL	34
439.2177687858478	439.4042909387797	47	BE	34
439.4042909387797	439.7277687858478	195	GREATLY	34
439.7277687858478	440.356098713886	28	APPRECIATED	34
449.08189823135274	449.23389694649586	434	THE	35
449.23389694649586	449.7155886744838	111	CRANBERRY	35
449.7155886744838	450.1898542198397	57	BOG	35
450.1898542198397	450.4140509643213	178	GETS	35
450.4140509643213	450.74753897628636	465	VERY	35
450.74753897628636	451.0010088885339	340	PRETTY	35
451.0010088885339	451.0940509643213	217	IN	35
451.0940509643213	451.4240509643213	40	AUTUMN	35
458.62775	458.74564369873303	210	HOW	36
458.74564369873303	458.8995504463081	128	DO	36
458.8995504463081	459.3634708194155	318	OYSTERS	36
459.3634708194155	459.6201996835702	253	MAKE	36
459.6201996835702	460.13955044630814	320	PEARLS	36
468.7913125	468.95784866964635	257	MAY	37
468.95784866964635	469.0484583783012	211	I	37
469.0484583783012	469.3570247449806	304	ORDER	37
469.3570247449806	469.41969567893415	1	A	37
469.41969567893415	469.9084583783012	319	PARFAIT	37
469.9084583783012	470.1884583783012	10	AFTER	37
470.1884583783012	470.4884583783012	88888	WHY	37
470.4884583783012	470.6564451228401	134	EAT	37
470.6564451228401	471.0084583783012	124	DINNER	37
477.9425	478.02049442782055	224	IS	38
478.02049442782055	478.2238616039865	375	SHE	38
478.2238616039865	478.4404944278205	187	GOING	38
478.4404944278205	478.6684660253802	487	WITH	38
478.6684660253802	478.8224186011464	495	YOU	38
488.7606875	488.99074628060765	76	CAN	39
488.99074628060765	489.06962453668194	434	THE	39
489.06962453668194	489.80074628060765	11	AGENCY	39
489.80074628060765	490.4795266483249	315	OVERTHROW	39
490.4795266483249	490.93074628060765	13	ALIEN	39
490.93074628060765	491.5807462806077	162	FORCES	39
501.00794546323715	501.06364352688735	1	A	40
501.06364352688735	501.6259885278562	371	SCREWDRIVER	40
501.6259885278562	501.71852754091077	224	IS	40
501.71852754091077	501.9268493493618	252	MADE	40
501.9268493493618	502.1536435268873	166	FROM	40
502.1536435268873	502.5525937443056	469	VODKA	40
502.5525937443056	502.6572346526981	20	AND	40
502.6572346526981	502.98364352688736	303	ORANGE	40
502.98364352688736	503.43364352688735	230	JUICE	40
511.8118125	511.95631418974995	210	HOW	41
511.95631418974995	512.3563141897499	269	MUCH	41
512.3563141897499	512.9347702245846	16	ALLOWANCE	41
512.9347702245846	513.0363141897499	128	DO	41
513.0363141897499	513.14631418975	495	YOU	41
513.14631418975	513.3134642142019	177	GET	41
521.9074375	522.5141627670095	115	CYCLICAL	42
522.5141627670095	523.0348229405553	346	PROGRAMS	42
523.0348229405553	523.1348229405553	485	WILL	42
523.1348229405553	523.4503391494812	281	NEVER	42
523.4503391494812	523.9699609343219	100	COMPILE	42
532.1146472917258	532.5182313682401	61	BOSTON	43
532.5182313682401	533.0046472917257	45	BALLET	43
533.0046472917257	533.5146472917257	312	OVERCAME	43
533.5146472917257	533.6246472917258	435	THEIR	43
533.6246472917258	533.9812292781102	170	FUNDING	43
533.9812292781102	534.6246472917258	380	SHORTAGE	43
541.8118125	542.1160456293215	145	EVERY	44
542.1160456293215	542.4495149682235	74	CAB	44
542.4495149682235	542.741441196851	280	NEEDS	44
542.741441196851	543.2695149682236	364	REPAINTING	44
551.297125	551.5815350866628	203	HELP	45
551.5815350866628	551.9001963597302	196	GREG	45
551.9001963597302	552.0463996375794	446	TO	45
552.0463996375794	552.2354195635374	325	PICK	45
552.2354195635374	552.3498150443174	1	A	45
552.3498150443174	552.5677894532276	321	PECK	45
552.5677894532276	552.7296989930721	294	OF	45
552.7296989930721	553.3892789840572	338	POTATOES	45
561.501375	561.5958547481467	476	WE	46
561.5958547481467	561.8720384645617	241	LIKE	46
561.8720384645617	562.0675127294548	55	BLUE	46
562.0675127294548	562.589973432919	88	CHEESE	46
562.589973432919	562.7393452768468	70	BUT	46
562.7393452768468	563.0838799855508	466	VICTOR	46
563.0838799855508	563.3690778757814	242	LIKES	46
563.3690778757814	563.4554817924115	99999	sp	46
563.4554817924115	563.7814994960597	64	BRIE	46
572.128875	572.4092140358525	108	COUNT	47
572.4092140358525	572.435716973225	434	THE	47
572.435716973225	572.7596082373911	289	NUMBER	47
572.7596082373911	572.8118834337142	294	OF	47
572.8118834337142	573.2810732406938	429	TEASPOONS	47
573.2810732406938	573.3637122806367	294	OF	47
573.3637122806367	573.9042005367862	395	SOYSAUCE	47
573.9042005367862	574.0144253429539	433	THAT	47
574.0144253429539	574.1496082373912	495	YOU	47
574.1496082373912	574.4197199987449	7	ADD	47
582.26725	582.7485313219433	44	BAGPIPES	48
582.7485313219433	582.8882597335031	20	AND	48
582.8882597335031	583.4297582997926	59	BONGOS	48
583.4297582997926	583.5382597335031	30	ARE	48
583.5382597335031	584.089775391123	273	MUSICAL	48
584.089775391123	584.8258805664518	220	INSTRUMENTS	48
592.235625	592.3986638892526	210	HOW	49
592.3986638892526	592.6186638892526	189	GOOD	49
592.6186638892526	592.7529319724674	224	IS	49
592.7529319724674	592.8786638892526	496	YOUR	49
592.8786638892526	593.5708438547027	138	ENDURANCE	49
618.196375	618.6192534036447	84	CHALLENGE	23
1213.9782680714272	1214.3809258899648	471	WARM	1
1214.3809258899648	1215.0590923173759	158	FLEECY	1
1215.0590923173759	1215.5915280902186	489	WOOLEN	1
1215.5915280902186	1216.296242161782	311	OVERALLS	1
1223.6875	1223.9403754286657	354	READING	2
1223.9403754286657	1224.1142684615838	217	IN	2
1224.1142684615838	1224.3311073632328	335	POOR	2
1224.3311073632328	1224.6772504789915	240	LIGHT	2
1224.6772504789915	1224.9175498873742	181	GIVES	2
1224.9175498873742	1225.036296257254	495	YOU	2
1225.036296257254	1225.5789941653443	150	EYESTRAIN	2
1233.6673125	1233.8790883833726	142	EVEN	3
1233.8790883833726	1234.1136973794685	211	I	3
1234.1136973794685	1234.7586068966607	293	OCCASIONALLY	3
1234.7586068966607	1234.9231293347227	177	GET	3
1234.9231293347227	1234.9836973794684	434	THE	3
1234.9836973794684	1235.3748509554239	265	MONDAY	3
1235.3748509554239	1235.8018987636653	56	BLUES	3
1243.73525	1243.8092581646883	476	WE	4
1243.8092581646883	1243.9065110195927	30	ARE	4
1243.9065110195927	1244.163682586407	301	OPEN	4
1244.163682586407	1244.5086157422902	145	EVERY	4
1244.5086157422902	1244.8584432625546	265	MONDAY	4
1244.8584432625546	1245.2089983942597	143	EVENING	4
1252.84375	1253.0237675361413	226	IT'S	5
1253.0237675361413	1253.2050276224488	285	NOT	5
1253.2050276224488	1253.4737675361414	133	EASY	5
1253.4737675361414	1253.6321786024955	446	TO	5
1253.6321786024955	1253.9615710924866	113	CREATE	5
1253.9615710924866	1254.6637675361412	215	ILLUMINATING	5
1254.6637675361412	1255.4898768250046	146	EXAMPLES	5
1279.4040625	1279.5610217996395	270	MUM	6
1279.5610217996395	1279.9578986043543	407	STRONGLY	6
1279.9578986043543	1280.3978605460993	126	DISLIKES	6
1280.3978605460993	1281.2860365490594	27	APPETIZERS	6
1288.9553125	1289.1672847675034	443	THOSE	7
1289.1672847675034	1289.2394849284872	484	WHO	7
1289.2394849284872	1289.4570110545278	427	TEACH	7
1289.4570110545278	1289.9394012240855	462	VALUES	7
1289.9394012240855	1290.22362807099	156	FIRST	7
1290.22362807099	1290.682518219367	4	ABOLISH	7
1290.682518219367	1290.9278361981915	87	CHEATING	7
1299.1483494956776	1299.1896321853376	434	THE	8
1299.1896321853376	1299.487343889617	165	FRIGHTENED	8
1299.487343889617	1299.8182558288097	89	CHILD	8
1299.8182558288097	1300.0089744280363	472	WAS	8
1300.0089744280363	1300.2582558288098	176	GENTLY	8
1300.2582558288098	1300.8730549495742	410	SUBDUED	8
1300.8730549495742	1300.9882558288095	73	BY	8
1300.9882558288095	1301.2176911731	208	HIS	8
1301.2176911731	1301.6135465344073	52	BIG	8
1301.6135465344073	1301.7432740377449	99999	sp	8
1301.7432740377449	1302.0861358278096	66	BROTHER	8
1310.5839375	1310.77282832007	142	EVEN	9
1310.77282832007	1310.8135013768738	1	A	9
1310.8135013768738	1311.3428283200699	383	SIMPLE	9
1311.3428283200699	1312.3658187026429	468	VOCABULARY	9
1312.3658187026429	1313.0166445090217	104	CONTAINS	9
1313.0166445090217	1313.78282832007	422	SYMBOLS	9
1322.449875	1322.5932933011509	1	A	10
1322.5932933011509	1322.9403239833207	110	CRAB	10
1322.9403239833207	1323.455022126301	85	CHALLENGED	10
1323.455022126301	1323.6176421005332	258	ME	10
1323.6176421005332	1324.1607561208534	99999	sp	10
1324.1607561208534	1324.2581817320736	70	BUT	10
1324.2581817320736	1324.3937054284231	1	A	10
1324.3937054284231	1324.5971513870802	350	QUICK	10
1324.5971513870802	1325.164918629357	402	STAB	10
1325.164918629357	1325.6710430385453	464	VANQUISHED	10
1325.6710430385453	1325.8449186293572	207	HIM	10
1334.1534345223295	1334.5512857705935	183	GLUCOSE	11
1334.5512857705935	1334.6116723235077	20	AND	11
1334.6116723235077	1335.125690766295	167	FRUCTOSE	11
1335.125690766295	1335.201542593094	30	ARE	11
1335.201542593094	1335.681542593094	276	NATURAL	11
1335.681542593094	1336.3815425930939	414	SUGARS	11
1336.3815425930939	1336.6514550933798	163	FOUND	11
1336.6514550933798	1336.7313035687307	217	IN	11
1336.7313035687307	1337.0332135667013	168	FRUIT	11
1343.11325	1343.200544723792	30	ARE	12
1343.200544723792	1343.3246818381158	495	YOU	12
1343.3246818381158	1343.6208209011068	250	LOOKING	12
1343.6208209011068	1343.8197202717724	161	FOR	12
1343.8197202717724	1344.1920593858156	136	EMPLOYMENT	12
1353.18525	1353.4672962974882	98	COFFEE	13
1353.4672962974882	1353.5772943535087	224	IS	13
1353.5772943535087	1353.781695804563	198	GROWN	13
1353.781695804563	1353.9188371842733	297	ON	13
1353.9188371842733	1354.8066559169836	404	STEEP	13
1354.8066559169836	1355.301695804563	231	JUNGLE	13
1355.301695804563	1355.471695804563	241	LIKE	13
1355.471695804563	1356.135503818837	390	SLOPES	13
1356.135503818837	1356.511463852521	217	IN	13
1356.511463852521	1356.958341525996	431	TEMPERATE	13
1356.958341525996	1357.501695804563	497	ZONES	13
1364.367605606873	1364.4612891542884	476	WE	14
1364.4612891542884	1364.8012891542885	480	WELCOME	14
1364.8012891542885	1365.1212891542884	256	MANY	14
1365.1212891542884	1365.286072170013	282	NEW	14
1365.286072170013	1365.7512891542885	408	STUDENTS	14
1365.7512891542885	1365.965153219062	132	EACH	14
1365.965153219062	1366.1815738765436	491	YEAR	14
1374.1945625	1374.404568403445	298	ONLY	15
1374.404568403445	1374.527724407838	434	THE	15
1374.527724407838	1374.7889859894115	51	BEST	15
1374.7889859894115	1375.2921934372987	330	PLAYERS	15
1375.2921934372987	1375.7241499542015	139	ENJOY	15
1375.7241499542015	1376.4113865899703	336	POPULARITY	15
1384.3493125	1384.7810322325686	75	CALCIUM	16
1384.7810322325686	1385.1135581837477	254	MAKES	16
1385.1135581837477	1385.4371431181346	58	BONES	16
1385.4371431181346	1385.7069119882763	20	AND	16
1385.7069119882763	1386.0675201938348	430	TEETH	16
1386.0675201938348	1386.474089216138	406	STRONG	16
1398.7092453633459	1399.2762453633457	286	NOTHING	17
1399.2762453633457	1399.5813180686025	224	IS	17
1399.5813180686025	1399.8762453633456	34	AS	17
1399.8762453633456	1400.6057660701028	295	OFFENSIVE	17
1400.6057660701028	1400.724173025919	34	AS	17
1400.724173025919	1401.4262453633457	219	INNOCENCE	17
1410.05725	1410.3372500000003	405	STEVE	18
1410.3372500000003	1410.5458125952025	490	WORE	18
1410.5458125952025	1410.6474043028186	1	A	18
1410.6474043028186	1410.938169025839	65	BRIGHT	18
1410.938169025839	1411.8166177901014	356	RED	18
1411.8166177901014	1412.499408569196	78	CASHMERE	18
1412.499408569196	1413.1823731568531	420	SWEATER	18
1422.1516875	1422.4766432624524	46	BARB'S	19
1422.4766432624524	1422.7734966684911	184	GO	19
1422.7734966684911	1423.4233494987081	99999	sp	19
1423.4233494987081	1423.8977827191202	63	BRACELET	19
1423.8977827191202	1424.057725631163	472	WAS	19
1424.057725631163	1424.2014272674803	1	A	19
1424.2014272674803	1424.8986680396008	193	GRADUATION	19
1434.0006875	1434.1639002856336	130	DRAW	20
1434.1639002856336	1434.537748296032	145	EVERY	20
1434.537748296032	1434.8641380603597	308	OUTER	20
1434.8641380603597	1435.0566226919373	244	LINE	20
1435.0566226919373	1435.537748296032	156	FIRST	20
1435.537748296032	1435.9977482960321	436	THEN	20
1435.9977482960321	1436.2836577569328	154	FILL	20
1436.2836577569328	1436.4323909960547	434	THE	20
1436.4323909960547	1436.7395236433433	217	IN	20
1436.7395236433433	1437.1447740289711	434	THE	20
1437.1447740289711	1437.9251770869366	222	INTERIOR	20
1447.673625	1447.7445704640122	434	THE	21
1447.7445704640122	1448.0147670184424	475	WATER	21
1448.0147670184424	1448.4004235724478	103	CONTAINED	21
1448.4004235724478	1448.60695889288	448	TOO	21
1448.60695889288	1448.8820792349923	269	MUCH	21
1448.8820792349923	1449.429728984307	90	CHLORINE	21
1449.429728984307	1449.6643134619135	20	AND	21
1449.6643134619135	1450.0797289843072	409	STUNG	21
1450.0797289843072	1450.26380444145	208	HIS	21
1450.26380444145	1450.8197289843072	149	EYES	21
1458.5940625	1458.9583595927515	229	JOHN'S	22
1458.9583595927515	1459.3345433087934	66	BROTHER	22
1459.3345433087934	1459.881088713077	363	REPAINTED	22
1459.881088713077	1460.011952081926	434	THE	22
1460.011952081926	1460.375907129748	173	GARAGE	22
1460.375907129748	1460.6561909602233	129	DOOR	22
1469.4441875	1469.8333932090773	84	CHALLENGE	23
1469.8333932090773	1470.1605516312004	132	EACH	23
1470.1605516312004	1470.6245454064567	175	GENERAL'S	23
1470.6245454064567	1471.4645454064569	221	INTELLIGENCE	23
1479.087625	1479.805926880226	17	AMBIDEXTROUS	24
1479.805926880226	1480.3668130123833	327	PICKPOCKETS	24
1480.3668130123833	1481.0973406585474	6	ACCOMPLISH	24
1481.0973406585474	1481.4697878687755	267	MORE	24
1488.4386918473153	1488.5062225917604	1	A	25
1488.5062225917604	1488.9862225917605	271	MUSCULAR	25
1488.9862225917605	1489.5770666014066	2	ABDOMEN	25
1489.5770666014066	1489.7758494951645	224	IS	25
1489.7758494951645	1489.8660551034577	189	GOOD	25
1489.8660551034577	1490.0562225917606	161	FOR	25
1490.0562225917606	1490.212558794712	496	YOUR	25
1490.212558794712	1490.6639823943988	43	BACK	25
1504.7331875	1504.9521421294346	438	THEY	26
1504.9521421294346	1505.2136060087353	317	OWN	26
1505.2136060087353	1505.3110859060484	1	A	26
1505.3110859060484	1505.4421421294348	52	BIG	26
1505.4421421294348	1505.9665363416784	209	HOUSE	26
1505.9665363416784	1506.1121421294347	217	IN	26
1506.1121421294347	1506.2132252515146	434	THE	26
1506.2132252515146	1506.7903062436096	361	REMOTE	26
1506.7903062436096	1507.4799374934953	109	COUNTRYSIDE	26
1515.1168125	1515.1782248353074	434	THE	27
1515.1782248353074	1515.4829623754094	369	ROSE	27
1515.4829623754094	1515.9585738711196	106	CORSAGE	27
1515.9585738711196	1516.4129623754093	393	SMELLED	27
1516.4129623754093	1517.2457798362434	421	SWEET	27
1524.4775978271302	1524.6244991752153	434	THE	28
1524.6244991752153	1524.8601609815407	88888	PIT	28
1524.8601609815407	1525.333257523176	99999	sp	28
1525.333257523176	1525.5174492134672	433	THAT	28
1525.5174492134672	1525.9964683514575	326	PICKPOCKET	28
1525.9964683514575	1526.190407136135	472	WAS	28
1526.190407136135	1526.3590258140837	80	CAUGHT	28
1526.3590258140837	1526.6060151183367	356	RED	28
1526.6060151183367	1526.9833747179914	199	HANDED	28
1535.7105	1535.8313856101802	19	AN	29
1535.8313856101802	1536.1401222404968	9	ADULT	29
1536.1401222404968	1536.4863951484576	255	MALE	29
1536.4863951484576	1537.003393945157	42	BABOON'S	29
1537.003393945157	1537.2420306983322	430	TEETH	29
1537.2420306983322	1537.3976608880387	30	ARE	29
1537.3976608880387	1537.6285307277992	285	NOT	29
1537.6285307277992	1538.0650752814865	415	SUITABLE	29
1538.0650752814865	1538.2376608880386	161	FOR	29
1538.2376608880386	1538.5172740868518	135	EATING	29
1538.5172740868518	1539.1659740489258	376	SHELLFISH	29
1549.244375	1549.4038521772313	204	HER	30
1549.4038521772313	1549.8625252335355	470	WARDROBE	30
1549.8625252335355	1550.3554590196463	102	CONSISTS	30
1550.3554590196463	1550.456435314736	294	OF	30
1550.456435314736	1550.7138521772313	298	ONLY	30
1550.7138521772313	1551.1332802090642	385	SKIRTS	30
1551.1332802090642	1551.276269656873	20	AND	30
1551.276269656873	1552.006906279595	54	BLOUSES	30
1559.24725	1559.3189083249883	434	THE	31
1559.3189083249883	1559.4789083249884	453	TWO	31
1559.4789083249884	1559.8961799361746	33	ARTISTS	31
1559.8961799361746	1560.3601270514096	147	EXCHANGED	31
1560.3601270514096	1561.1189083249883	39	AUTOGRAPHS	31
1568.7501875	1569.2514948457788	71	BUTTERSCOTCH	32
1569.2514948457788	1569.541902838507	169	FUDGE	32
1569.541902838507	1569.7914948457787	186	GOES	32
1569.7914948457787	1570.2914948457787	481	WELL	32
1570.2914948457787	1570.4814948457788	487	WITH	32
1570.4814948457788	1571.2867652392192	463	VANILLA	32
1571.2867652392192	1571.6083973525742	212	ICE	32
1571.6083973525742	1571.8852337601872	112	CREAM	32
1579.0979375	1579.3179260288464	366	RICH	33
1579.3179260288464	1579.6816326212997	349	PURCHASED	33
1579.6816326212997	1580.0941277278084	374	SEVERAL	33
1580.0941277278084	1580.5616326212999	382	SIGNED	33
1580.5616326212999	1581.3735047273399	245	LITHOGRAPHS	33
1588.5035079703937	1588.7375600439457	24	ANY	34
1588.7375600439457	1589.4261054043398	105	CONTRIBUTIONS	34
1589.4261054043398	1589.5606555563656	485	WILL	34
1589.5606555563656	1589.7286437039684	47	BE	34
1589.7286437039684	1590.0661054043396	195	GREATLY	34
1590.0661054043396	1590.6545244103552	28	APPRECIATED	34
1598.5268881901843	1598.6237987452978	434	THE	35
1598.6237987452978	1599.123140744151	111	CRANBERRY	35
1599.123140744151	1599.4243371964901	57	BOG	35
1599.4243371964901	1599.6282213545996	178	GETS	35
1599.6282213545996	1599.9256978703243	465	VERY	35
1599.9256978703243	1600.176716804344	340	PRETTY	35
1600.176716804344	1600.2982213545997	217	IN	35
1600.2982213545997	1600.5749517953907	40	AUTUMN	35
1606.651	1606.8104943915125	210	HOW	36
1606.8104943915125	1606.9693046595023	128	DO	36
1606.9693046595023	1607.3293046595022	318	OYSTERS	36
1607.3293046595022	1607.5573385121652	253	MAKE	36
1607.5573385121652	1608.0593046595022	320	PEARLS	36
1618.352375	1618.543683902167	257	MAY	37
1618.543683902167	1618.8505656336758	211	I	37
1618.8505656336758	1619.269380588497	304	ORDER	37
1619.269380588497	1619.4251744191356	1	A	37
1619.4251744191356	1620.4149553905213	319	PARFAIT	37
1620.4149553905213	1620.708612290483	10	AFTER	37
1620.708612290483	1621.0986122904828	124	DINNER	37
1629.63225	1629.7185097005715	224	IS	38
1629.7185097005715	1629.8618543206044	375	SHE	38
1629.8618543206044	1630.1169702323866	187	GOING	38
1630.1169702323866	1630.2723971683067	487	WITH	38
1630.2723971683067	1630.3816502399195	495	YOU	38
1637.6483125	1637.786185263847	76	CAN	39
1637.786185263847	1637.8455080814206	434	THE	39
1637.8455080814206	1638.2573021587186	11	AGENCY	39
1638.2573021587186	1638.7509962472193	315	OVERTHROW	39
1638.7509962472193	1639.1222968174375	13	ALIEN	39
1639.1222968174375	1639.7534836436816	162	FORCES	39
1647.2123028467818	1647.2758398659762	1	A	40
1647.2758398659762	1647.9658398659762	371	SCREWDRIVER	40
1647.9658398659762	1648.155839865976	224	IS	40
1648.155839865976	1648.412144436065	252	MADE	40
1648.412144436065	1648.6792600610754	166	FROM	40
1648.6792600610754	1649.135839865976	469	VODKA	40
1649.135839865976	1649.5313865415435	20	AND	40
1649.5313865415435	1649.8058398659762	303	ORANGE	40
1649.8058398659762	1650.223504935713	230	JUICE	40
1655.9541875	1656.0222767771052	210	HOW	41
1656.0222767771052	1656.2304354242556	269	MUCH	41
1656.2304354242556	1656.6420455822356	16	ALLOWANCE	41
1656.6420455822356	1656.8053033737046	128	DO	41
1656.8053033737046	1656.8966980191367	495	YOU	41
1656.8966980191367	1656.9871594872907	177	GET	41
1663.72125	1664.5053201185628	115	CYCLICAL	42
1664.5053201185628	1664.9690795164097	346	PROGRAMS	42
1664.9690795164097	1665.063771775717	485	WILL	42
1665.063771775717	1665.3974856250502	281	NEVER	42
1665.3974856250502	1665.9423508470195	100	COMPILE	42
1673.651125	1673.739443485567	434	THE	43
1673.739443485567	1674.0652466846373	61	BOSTON	43
1674.0652466846373	1674.4252466846372	45	BALLET	43
1674.4252466846372	1675.0552466846373	312	OVERCAME	43
1675.0552466846373	1675.1957380562023	435	THEIR	43
1675.1957380562023	1675.7836172931	170	FUNDING	43
1675.7836172931	1676.7852466846373	380	SHORTAGE	43
1683.3623125	1683.6483308043369	145	EVERY	44
1683.6483308043369	1684.0014103323106	74	CAB	44
1684.0014103323106	1684.2485370393917	280	NEEDS	44
1684.2485370393917	1684.7814103323105	364	REPAINTING	44
1693.613125	1693.8849827692552	203	HELP	45
1693.8849827692552	1694.1550397324781	196	GREG	45
1694.1550397324781	1694.2851470802584	446	TO	45
1694.2851470802584	1694.440452299936	325	PICK	45
1694.440452299936	1694.5480004742785	1	A	45
1694.5480004742785	1694.7281987275055	321	PECK	45
1694.7281987275055	1694.8849521519883	294	OF	45
1694.8849521519883	1695.5363583244607	338	POTATOES	45
1702.8695	1702.952793358779	476	WE	46
1702.952793358779	1703.1939566882668	241	LIKE	46
1703.1939566882668	1703.3748564450825	55	BLUE	46
1703.3748564450825	1703.9377785068034	88	CHEESE	46
1703.9377785068034	1704.0919970940372	70	BUT	46
1704.0919970940372	1704.404044809696	466	VICTOR	46
1704.404044809696	1704.7501813259305	242	LIKES	46
1704.7501813259305	1704.951997094037	64	BRIE	46
1712.40375	1712.6840890358526	108	COUNT	47
1712.6840890358526	1712.7551082977666	434	THE	47
1712.7551082977666	1713.0231350084232	289	NUMBER	47
1713.0231350084232	1713.0867584337143	294	OF	47
1713.0867584337143	1713.5434526097756	429	TEASPOONS	47
1713.5434526097756	1713.6243783586515	294	OF	47
1713.6243783586515	1714.1790755367863	395	SOYSAUCE	47
1714.1790755367863	1714.289300342954	433	THAT	47
1714.289300342954	1714.4244832373913	495	YOU	47
1714.4244832373913	1714.6945949987448	7	ADD	47
1723.4509375	1724.0908868668573	44	BAGPIPES	48
1724.0908868668573	1724.3829439653534	20	AND	48
1724.3829439653534	1725.3529439653532	59	BONGOS	48
1725.3529439653532	1725.6174549854725	30	ARE	48
1725.6174549854725	1726.1029439653532	273	MUSICAL	48
1726.1029439653532	1726.7929439653533	220	INSTRUMENTS	48
1732.638	1732.7642918149331	210	HOW	49
1732.7642918149331	1732.9562369601388	189	GOOD	49
1732.9562369601388	1733.1141708864761	224	IS	49
1733.1141708864761	1733.2560198244287	496	YOUR	49
1733.2560198244287	1733.834009013658	138	ENDURANCE	49
2285.2635	2285.414933153558	30	ARE	0
2285.414933153558	2285.6695309212178	496	YOUR	0
2285.6695309212178	2286.026486358529	192	GRADES	0
2286.026486358529	2286.3374881070404	206	HIGHER	0
2286.3374881070404	2286.4116542911856	302	OR	0
2286.4116542911856	2286.7588368291053	251	LOWER	0
2286.7588368291053	2286.918836829105	432	THAN	0
2286.918836829105	2287.668836829105	275	NANCY'S	0
2296.546	2296.746	375	SHE	1
2296.746	2296.986	490	WORE	1
2296.986	2297.306	471	WARM	1
2297.306	2297.756	158	FLEECY	1
2297.756	2298.186	489	WOOLEN	1
2298.186	2298.926	311	OVERALLS	1
2309.1848125	2309.452534335451	354	READING	2
2309.452534335451	2309.6451280158276	217	IN	2
2309.6451280158276	2309.878153350376	335	POOR	2
2309.878153350376	2310.1470879432704	240	LIGHT	2
2310.1470879432704	2310.403956190798	181	GIVES	2
2310.403956190798	2310.5143010013558	495	YOU	2
2310.5143010013558	2311.0708612241506	150	EYESTRAIN	2
2319.6235	2319.8333283242196	142	EVEN	3
2319.8333283242196	2320.0196559592155	211	I	3
2320.0196559592155	2320.5733283242193	293	OCCASIONALLY	3
2320.5733283242193	2320.746797887076	177	GET	3
2320.746797887076	2320.8133283242196	434	THE	3
2320.8133283242196	2321.1433283242195	265	MONDAY	3
2321.1433283242195	2321.6433283242195	56	BLUES	3
2328.4843125	2328.609783354337	476	WE	4
2328.609783354337	2328.6851038765885	30	ARE	4
2328.6851038765885	2328.9670389010703	301	OPEN	4
2328.9670389010703	2329.3449772539993	145	EVERY	4
2329.3449772539993	2329.7870389010704	265	MONDAY	4
2329.7870389010704	2330.2570389010702	143	EVENING	4
2337.70775	2337.89775	226	IT'S	5
2337.89775	2338.0807114953514	285	NOT	5
2338.0807114953514	2338.33775	133	EASY	5
2338.33775	2338.442770513805	446	TO	5
2338.442770513805	2338.6577500000003	113	CREATE	5
2338.6577500000003	2339.3785842604793	215	ILLUMINATING	5
2339.3785842604793	2340.2477500000005	146	EXAMPLES	5
2347.166375	2347.4434142111577	270	MUM	6
2347.4434142111577	2347.9105413243587	407	STRONGLY	6
2347.9105413243587	2348.4360564157287	126	DISLIKES	6
2348.4360564157287	2349.4534142111575	27	APPETIZERS	6
2357.026	2357.3065816888584	443	THOSE	7
2357.3065816888584	2357.416464947273	484	WHO	7
2357.416464947273	2357.6865816888585	427	TEACH	7
2357.6865816888585	2358.2065816888585	462	VALUES	7
2358.2065816888585	2358.5265816888586	156	FIRST	7
2358.5265816888586	2358.945688421145	4	ABOLISH	7
2358.945688421145	2359.2515345189695	87	CHEATING	7
2367.0616885081686	2367.135855014659	434	THE	8
2367.135855014659	2367.5102070011394	165	FRIGHTENED	8
2367.5102070011394	2367.8358550146586	89	CHILD	8
2367.8358550146586	2368.075855014659	472	WAS	8
2368.075855014659	2368.3826409187195	176	GENTLY	8
2368.3826409187195	2368.9211703123456	410	SUBDUED	8
2368.9211703123456	2369.0340837646513	73	BY	8
2369.0340837646513	2369.219230887844	208	HIS	8
2369.219230887844	2369.4508441396783	52	BIG	8
2369.4508441396783	2369.8758616494983	66	BROTHER	8
2377.0181875	2377.3053922820927	142	EVEN	9
2377.3053922820927	2377.33990202006	1	A	9
2377.33990202006	2377.7341262241603	383	SIMPLE	9
2377.7341262241603	2378.4253922820926	468	VOCABULARY	9
2378.4253922820926	2378.815392282093	104	CONTAINS	9
2378.815392282093	2379.435392282093	422	SYMBOLS	9
2387.25875	2387.372783426816	1	A	10
2387.372783426816	2387.6991626373406	110	CRAB	10
2387.6991626373406	2388.1187443221675	85	CHALLENGED	10
2388.1187443221675	2388.359476205964	258	ME	10
2388.359476205964	2388.4577156408686	70	BUT	10
2388.4577156408686	2388.588568902981	1	A	10
2388.588568902981	2388.7682426873257	350	QUICK	10
2388.7682426873257	2389.2682426873257	402	STAB	10
2389.2682426873257	2389.7433269114103	464	VANQUISHED	10
2389.7433269114103	2389.9282426873256	207	HIM	10
2398.5972136899945	2399.084736979088	20	AND	11
2399.084736979088	2399.5749959199943	167	FRUCTOSE	11
2399.5749959199943	2399.6594869394607	30	ARE	11
2399.6594869394607	2400.071082544499	276	NATURAL	11
2400.071082544499	2400.6018251840587	414	SUGARS	11
2400.6018251840587	2400.717100707446	433	THAT	11
2400.717100707446	2400.8399693731308	30	ARE	11
2400.8399693731308	2401.235022202725	163	FOUND	11
2401.235022202725	2401.346641196823	217	IN	11
2401.346641196823	2401.6283227134513	168	FRUIT	11
2407.883625	2407.9668683904792	30	ARE	12
2407.9668683904792	2408.1062352614504	495	YOU	12
2408.1062352614504	2408.376868390479	250	LOOKING	12
2408.376868390479	2408.546588921533	161	FOR	12
2408.546588921533	2409.0372586786825	136	EMPLOYMENT	12
2424.522700553107	2424.9334053260873	98	COFFEE	13
2424.9334053260873	2425.065749005373	224	IS	13
2425.065749005373	2425.2505484690364	198	GROWN	13
2425.2505484690364	2425.3957854086157	297	ON	13
2425.3957854086157	2425.7524676658973	404	STEEP	13
2425.7524676658973	2426.0457854086158	231	JUNGLE	13
2426.0457854086158	2426.2153835238137	241	LIKE	13
2426.2153835238137	2427.0491364967475	390	SLOPES	13
2427.0491364967475	2427.192506506713	217	IN	13
2427.192506506713	2427.5277431011095	431	TEMPERATE	13
2427.5277431011095	2428.1016806263237	497	ZONES	13
2437.6403434522485	2437.7324114459298	476	WE	14
2437.7324114459298	2438.022987186829	480	WELCOME	14
2438.022987186829	2438.2490912945286	256	MANY	14
2438.2490912945286	2438.4029871868293	282	NEW	14
2438.4029871868293	2438.852987186829	408	STUDENTS	14
2438.852987186829	2439.084584602675	132	EACH	14
2439.084584602675	2439.322465086141	491	YEAR	14
2446.2444375	2446.37486248415	298	ONLY	15
2446.37486248415	2446.4310897344703	434	THE	15
2446.4310897344703	2446.74486248415	51	BEST	15
2446.74486248415	2447.1280017652175	330	PLAYERS	15
2447.1280017652175	2447.472280598215	139	ENJOY	15
2447.472280598215	2448.15486248415	336	POPULARITY	15
2455.1575625	2455.5692331584446	75	CALCIUM	16
2455.5692331584446	2455.8317968335937	254	MAKES	16
2455.8317968335937	2456.1165097582393	58	BONES	16
2456.1165097582393	2456.245236618685	20	AND	16
2456.245236618685	2456.4192331584445	430	TEETH	16
2456.4192331584445	2456.78444445374	406	STRONG	16
2464.31225	2464.68078534613	286	NOTHING	17
2464.68078534613	2465.011905936308	224	IS	17
2465.011905936308	2465.4137878301913	34	AS	17
2465.4137878301913	2466.062726408942	295	OFFENSIVE	17
2466.062726408942	2466.3942671941586	34	AS	17
2466.3942671941586	2467.234744542135	219	INNOCENCE	17
2473.4385625	2473.770751492403	405	STEVE	18
2473.770751492403	2473.954843471023	490	WORE	18
2473.954843471023	2474.0261926801563	1	A	18
2474.0261926801563	2474.231133483964	65	BRIGHT	18
2474.231133483964	2474.553825363644	356	RED	18
2474.553825363644	2474.965985650215	78	CASHMERE	18
2474.965985650215	2475.333860772233	420	SWEATER	18
2484.7936875	2485.1810059714066	46	BARB'S	19
2485.1810059714066	2485.436536634714	188	GOLD	19
2485.436536634714	2485.7744436763255	63	BRACELET	19
2485.7744436763255	2485.9667471644298	472	WAS	19
2485.9667471644298	2486.0806427657876	1	A	19
2486.0806427657876	2486.677759530114	193	GRADUATION	19
2486.677759530114	2487.002465892185	339	PRESENT	19
2495.7065	2495.9234183345816	130	DRAW	20
2495.9234183345816	2496.310080072448	145	EVERY	20
2496.310080072448	2496.5900800724476	308	OUTER	20
2496.5900800724476	2496.8309052390837	244	LINE	20
2496.8309052390837	2497.290080072448	156	FIRST	20
2497.290080072448	2497.4400800724475	436	THEN	20
2497.4400800724475	2497.7800800724476	154	FILL	20
2497.7800800724476	2497.8800800724475	217	IN	20
2497.8800800724475	2498.0100800724476	434	THE	20
2498.0100800724476	2498.7500800724474	222	INTERIOR	20
2505.989	2506.0652214044003	434	THE	21
2506.0652214044003	2506.401680628569	475	WATER	21
2506.401680628569	2506.797071910863	103	CONTAINED	21
2506.797071910863	2506.9145164836355	448	TOO	21
2506.9145164836355	2507.210300715181	269	MUCH	21
2507.210300715181	2507.6745164836357	90	CHLORINE	21
2507.6745164836357	2507.785190947216	20	AND	21
2507.785190947216	2508.0945164836357	409	STUNG	21
2508.0945164836357	2508.2352577089514	208	HIS	21
2508.2352577089514	2508.7545164836356	149	EYES	21
2517.1426875	2517.5026875000003	229	JOHN'S	22
2517.5026875000003	2517.8025831126074	66	BROTHER	22
2517.8025831126074	2518.2901568771886	363	REPAINTED	22
2518.2901568771886	2518.3719220012845	434	THE	22
2518.3719220012845	2518.7673273185005	173	GARAGE	22
2518.7673273185005	2519.0326875000005	129	DOOR	22
2526.7303125	2527.2989951293853	84	CHALLENGE	23
2527.2989951293853	2527.7897307718945	132	EACH	23
2527.7897307718945	2528.3013068929486	175	GENERAL'S	23
2528.3013068929486	2529.333660311707	221	INTELLIGENCE	23
2538.032125	2538.7187404651077	17	AMBIDEXTROUS	24
2538.7187404651077	2539.274573851343	327	PICKPOCKETS	24
2539.274573851343	2539.801779292384	6	ACCOMPLISH	24
2539.801779292384	2540.159514701498	267	MORE	24
2547.069409907734	2547.118949924778	1	A	25
2547.118949924778	2547.5485367091073	271	MUSCULAR	25
2547.5485367091073	2548.0735965880804	2	ABDOMEN	25
2548.0735965880804	2548.2210478257125	224	IS	25
2548.2210478257125	2548.3737585499757	189	GOOD	25
2548.3737585499757	2548.5635965880806	161	FOR	25
2548.5635965880806	2548.724134600046	496	YOUR	25
2548.724134600046	2549.1635965880805	43	BACK	25
2556.2541875	2556.352024494514	438	THEY	26
2556.352024494514	2556.478926295028	317	OWN	26
2556.478926295028	2556.6037878053717	1	A	26
2556.6037878053717	2556.7438119767285	52	BIG	26
2556.7438119767285	2557.1317919926178	209	HOUSE	26
2557.1317919926178	2557.202024494514	217	IN	26
2557.202024494514	2557.2620244945138	434	THE	26
2557.2620244945138	2557.6153315677698	361	REMOTE	26
2557.6153315677698	2558.2332799028754	109	COUNTRYSIDE	26
2564.42625	2564.5036207872777	434	THE	27
2564.5036207872777	2564.816892474475	369	ROSE	27
2564.816892474475	2565.3668461349066	106	CORSAGE	27
2565.3668461349066	2565.7668461349067	393	SMELLED	27
2565.7668461349067	2566.0796203548516	421	SWEET	27
2574.044125	2574.5568538405564	326	PICKPOCKET	28
2574.5568538405564	2574.7750366303967	472	WAS	28
2574.7750366303967	2574.869387830613	99999	sp	28
2574.869387830613	2575.365450012841	80	CAUGHT	28
2575.365450012841	2575.795966166374	356	RED	28
2575.795966166374	2576.7802405283137	199	HANDED	28
2585.842625	2586.0087266311816	19	AN	29
2586.0087266311816	2586.3072779141326	9	ADULT	29
2586.3072779141326	2586.6472779141327	255	MALE	29
2586.6472779141327	2587.467277914133	42	BABOON'S	29
2587.467277914133	2587.7672779141326	430	TEETH	29
2587.7672779141326	2587.947277914133	30	ARE	29
2587.947277914133	2588.255885148573	285	NOT	29
2588.255885148573	2588.7373438609247	415	SUITABLE	29
2588.7373438609247	2588.906368143897	161	FOR	29
2588.906368143897	2589.1872779141327	135	EATING	29
2589.1872779141327	2589.9357252763934	376	SHELLFISH	29
2597.9536875	2598.1192161531453	204	HER	30
2598.1192161531453	2598.6174342828826	470	WARDROBE	30
2598.6174342828826	2599.096908311581	102	CONSISTS	30
2599.096908311581	2599.1801462684025	294	OF	30
2599.1801462684025	2599.4001462684023	298	ONLY	30
2599.4001462684023	2599.873115465157	385	SKIRTS	30
2599.873115465157	2600.006494941585	20	AND	30
2600.006494941585	2600.8714161714292	54	BLOUSES	30
2606.8439375	2606.9721395838674	434	THE	31
2606.9721395838674	2607.1238034870044	453	TWO	31
2607.1238034870044	2607.546875419055	33	ARTISTS	31
2607.546875419055	2607.992784947475	147	EXCHANGED	31
2607.992784947475	2608.835844641552	39	AUTOGRAPHS	31
2616.5500625	2617.051971914975	71	BUTTERSCOTCH	32
2617.051971914975	2617.398785558189	169	FUDGE	32
2617.398785558189	2617.6411417174263	186	GOES	32
2617.6411417174263	2617.881971914975	481	WELL	32
2617.881971914975	2618.051971914975	487	WITH	32
2618.051971914975	2618.483834779673	463	VANILLA	32
2618.483834779673	2618.90732573817	212	ICE	32
2618.90732573817	2619.7219719149753	112	CREAM	32
2626.1156875	2626.3683175530514	366	RICH	33
2626.3683175530514	2626.725905019448	349	PURCHASED	33
2626.725905019448	2627.0175889937445	374	SEVERAL	33
2627.0175889937445	2627.3201608419135	382	SIGNED	33
2627.3201608419135	2628.1139367757355	245	LITHOGRAPHS	33
2635.3373117479714	2635.500522332023	24	ANY	34
2635.500522332023	2636.2330190146245	105	CONTRIBUTIONS	34
2636.2330190146245	2636.3569497806675	485	WILL	34
2636.3569497806675	2636.4724358309477	47	BE	34
2636.4724358309477	2636.7900409897047	195	GREATLY	34
2636.7900409897047	2637.387019326826	28	APPRECIATED	34
2645.571348380147	2645.6967768691484	434	THE	35
2645.6967768691484	2646.0959678771874	111	CRANBERRY	35
2646.0959678771874	2646.6638548691717	57	BOG	35
2646.6638548691717	2646.9610714353685	178	GETS	35
2646.9610714353685	2647.302044477886	465	VERY	35
2647.302044477886	2647.5724535346017	340	PRETTY	35
2647.5724535346017	2647.671436441185	217	IN	35
2647.671436441185	2648.055095646613	40	AUTUMN	35
2654.3195	2654.4400176930003	210	HOW	36
2654.4400176930003	2654.5569107937304	128	DO	36
2654.5569107937304	2654.929854524141	318	OYSTERS	36
2654.929854524141	2655.192363598495	253	MAKE	36
2655.192363598495	2655.739854524141	320	PEARLS	36
2663.2758125	2663.3835740763056	257	MAY	37
2663.3835740763056	2663.5170576748765	211	I	37
2663.5170576748765	2663.8135740763055	304	ORDER	37
2663.8135740763055	2663.8923232572706	1	A	37
2663.8923232572706	2664.3347327801066	319	PARFAIT	37
2664.3347327801066	2664.633995789212	10	AFTER	37
2664.633995789212	2664.7668265167317	211	I	37
2664.7668265167317	2664.9604800829225	134	EAT	37
2664.9604800829225	2665.2935740763055	124	DINNER	37
2671.4655625	2671.537398923422	224	IS	38
2671.537398923422	2671.744902457191	375	SHE	38
2671.744902457191	2672.035364712607	187	GOING	38
2672.035364712607	2672.105150742395	446	TO	38
2672.105150742395	2672.461793243681	47	BE	38
2672.461793243681	2672.705375501877	487	WITH	38
2672.705375501877	2672.8672290908507	495	YOU	38
2683.044875	2683.1846241064436	76	CAN	39
2683.1846241064436	2683.27232186963	434	THE	39
2683.27232186963	2683.689032776956	11	AGENCY	39
2683.689032776956	2684.240712072896	88888	OVERFLOW	39
2684.240712072896	2685.4374807171125	99999	sp	39
2685.4374807171125	2686.0404845694447	315	OVERTHROW	39
2686.0404845694447	2686.4329563124493	99999	sp	39
2686.4329563124493	2686.7704845694448	13	ALIEN	39
2686.7704845694448	2687.4491934605635	162	FORCES	39
2695.024726792895	2695.0754933488092	1	A	40
2695.0754933488092	2695.7854933488093	371	SCREWDRIVER	40
2695.7854933488093	2695.9163544666835	224	IS	40
2695.9163544666835	2696.098105587931	252	MADE	40
2696.098105587931	2696.315493348809	166	FROM	40
2696.315493348809	2696.9550843143065	469	VODKA	40
2696.9550843143065	2697.359591382937	20	AND	40
2697.359591382937	2697.585493348809	303	ORANGE	40
2697.585493348809	2698.0375800052893	230	JUICE	40
2703.8471875	2703.932503645061	210	HOW	41
2703.932503645061	2704.1198615620888	269	MUCH	41
2704.1198615620888	2704.512503645061	16	ALLOWANCE	41
2704.512503645061	2704.622503645061	128	DO	41
2704.622503645061	2704.682503645061	495	YOU	41
2704.682503645061	2704.872503645061	177	GET	41
2711.6005625	2712.1598566663265	115	CYCLICAL	42
2712.1598566663265	2712.5923536333125	346	PROGRAMS	42
2712.5923536333125	2712.6852141766426	485	WILL	42
2712.6852141766426	2713.015384997372	281	NEVER	42
2713.015384997372	2713.5325288440695	100	COMPILE	42
2721.154625	2721.213382020812	434	THE	43
2721.213382020812	2721.6433820208117	61	BOSTON	43
2721.6433820208117	2722.0333820208116	45	BALLET	43
2722.0333820208116	2722.543382020812	312	OVERCAME	43
2722.543382020812	2722.629025124677	435	THEIR	43
2722.629025124677	2723.0055647447957	170	FUNDING	43
2723.0055647447957	2723.6133820208115	380	SHORTAGE	43
2731.53825	2732.0915401933303	145	EVERY	44
2732.0915401933303	2732.6317572435223	74	CAB	44
2732.6317572435223	2732.9491605839617	280	NEEDS	44
2732.9491605839617	2733.801854725441	364	REPAINTING	44
2733.801854725441	2733.8932555311867	99999	sp	44
2746.991098319436	2747.08776447123	476	WE	46
2747.08776447123	2747.3097810508116	241	LIKE	46
2747.3097810508116	2747.4677644712297	55	BLUE	46
2747.4677644712297	2747.8868526528486	88	CHEESE	46
2747.8868526528486	2747.9907957659493	70	BUT	46
2747.9907957659493	2748.3824967387886	466	VICTOR	46
2748.3824967387886	2748.6677398108986	242	LIKES	46
2748.6677398108986	2748.8477644712298	64	BRIE	46
2756.758	2757.0192025808383	108	COUNT	47
2757.0192025808383	2757.064841973225	434	THE	47
2757.064841973225	2757.388733237391	289	NUMBER	47
2757.388733237391	2757.4813216924344	294	OF	47
2757.4813216924344	2757.9101982406937	429	TEASPOONS	47
2757.9101982406937	2757.9928372806366	294	OF	47
2757.9928372806366	2758.533325536786	395	SOYSAUCE	47
2758.533325536786	2758.6487332373913	433	THAT	47
2758.6487332373913	2758.778733237391	495	YOU	47
2758.778733237391	2759.0487332373914	7	ADD	47
2768.288192238593	2769.0129423816634	44	BAGPIPES	48
2769.0129423816634	2769.1902611920173	20	AND	48
2769.1902611920173	2769.578000945765	59	BONGOS	48
2769.578000945765	2769.6854065100065	30	ARE	48
2769.6854065100065	2770.15342584952	273	MUSICAL	48
2770.15342584952	2770.8637363269186	220	INSTRUMENTS	48
2777.043	2777.175338115344	210	HOW	49
2777.175338115344	2777.3628766011484	189	GOOD	49
2777.3628766011484	2777.4948637547677	224	IS	49
2777.4948637547677	2777.576251808142	496	YOUR	49
2777.576251808142	2778.2014265706975	138	ENDURANCE	49
