618.6192534036447	618.923449781719	132	EACH	23
618.923449781719	619.363449781719	175	GENERAL'S	23
619.363449781719	620.2201688802152	221	INTELLIGENCE	23
628.47825	628.7824831293216	145	EVERY	44
628.7824831293216	629.1159524682236	74	CAB	44
629.1159524682236	629.4078786968511	280	NEEDS	44
629.4078786968511	629.9359524682236	364	REPAINTING	44
629.9359524682236	630.3731753096592	296	OFTEN	44
638.276875	638.3947686987331	210	HOW	36
638.3947686987331	638.5486754463082	128	DO	36
638.5486754463082	639.0125958194155	318	OYSTERS	36
639.0125958194155	639.2693246835702	253	MAKE	36
639.2693246835702	639.7886754463082	320	PEARLS	36
648.532125	648.676222673896	438	THEY	26
648.676222673896	648.8181903800219	317	OWN	26
648.8181903800219	648.9252400033635	1	A	26
648.9252400033635	649.100868685008	52	BIG	26
649.100868685008	649.466222673896	209	HOUSE	26
649.466222673896	649.5713800235792	217	IN	26
649.5713800235792	649.6419419398154	434	THE	26
649.6419419398154	649.9991953950068	361	REMOTE	26
649.9991953950068	650.676222673896	109	COUNTRYSIDE	26
658.3050079632371	658.3607060268873	1	A	40
658.3607060268873	658.9230510278562	371	SCREWDRIVER	40
658.9230510278562	659.0155900409108	224	IS	40
659.0155900409108	659.2239118493618	252	MADE	40
659.2239118493618	659.4507060268872	166	FROM	40
659.4507060268872	659.8496562443056	469	VODKA	40
659.8496562443056	659.954297152698	20	AND	40
659.954297152698	660.2807060268874	303	ORANGE	40
660.2807060268874	660.7307060268873	230	JUICE	40
670.9565625	671.0106758958311	434	THE	21
671.0106758958311	671.3292007667769	475	WATER	21
671.3292007667769	671.77089085846	103	CONTAINED	21
671.77089085846	671.9095222932767	448	TOO	21
671.9095222932767	672.2260056446407	269	MUCH	21
672.2260056446407	672.6752190835653	90	CHLORINE	21
672.6752190835653	672.791604616287	20	AND	21
672.791604616287	673.1033725981838	409	STUNG	21
673.1033725981838	673.2673593291247	208	HIS	21
673.2673593291247	673.81050788834	149	EYES	21
682.2163972917257	682.61998136824	61	BOSTON	43
682.61998136824	683.1063972917257	45	BALLET	43
683.1063972917257	683.6163972917257	312	OVERCAME	43
683.6163972917257	683.7263972917257	435	THEIR	43
683.7263972917257	684.0829792781101	170	FUNDING	43
684.0829792781101	684.7263972917257	380	SHORTAGE	43
692.1990625	692.2770569278205	224	IS	38
692.2770569278205	692.4804241039865	375	SHE	38
692.4804241039865	692.6970569278205	187	GOING	38
692.6970569278205	692.9250285253802	487	WITH	38
692.9250285253802	693.0789811011464	495	YOU	38
701.8347081626769	702.0758904407031	24	ANY	34
702.0758904407031	702.7570187858478	105	CONTRIBUTIONS	34
702.7570187858478	702.8670187858479	485	WILL	34
702.8670187858479	703.0535409387797	47	BE	34
703.0535409387797	703.3770187858479	195	GREATLY	34
703.3770187858479	704.0053487138861	28	APPRECIATED	34
712.2060154283115	712.3903061005833	433	THAT	28
712.3903061005833	712.8464820352278	326	PICKPOCKET	28
712.8464820352278	713.0640737270162	472	WAS	28
713.0640737270162	713.2754286972505	80	CAUGHT	28
713.2754286972505	713.5098966454004	356	RED	28
713.5098966454004	713.8974335225048	199	HANDED	28
723.351	723.6398790718372	366	RICH	33
723.6398790718372	724.0165650397273	349	PURCHASED	33
724.0165650397273	724.3498238776033	374	SEVERAL	33
724.3498238776033	724.7350009847662	382	SIGNED	33
724.7350009847662	725.6365650397273	245	LITHOGRAPHS	33
734.40475	734.6891600866628	203	HELP	45
734.6891600866628	735.0078213597302	196	GREG	45
735.0078213597302	735.1540246375794	446	TO	45
735.1540246375794	735.3430445635374	325	PICK	45
735.3430445635374	735.4574400443174	1	A	45
735.4574400443174	735.6754144532276	321	PECK	45
735.6754144532276	735.8373239930721	294	OF	45
735.8373239930721	736.4969039840572	338	POTATOES	45
744.654625	744.8415971583379	226	IT'S	5
744.8415971583379	744.9915971583379	285	NOT	5
744.9915971583379	745.4401000942992	133	EASY	5
745.4401000942992	745.610887568098	446	TO	5
745.610887568098	746.0089870575912	113	CREATE	5
746.0089870575912	746.7715971583378	215	ILLUMINATING	5
746.7715971583378	747.7315971583379	146	EXAMPLES	5
757.4175	758.2205744688183	17	AMBIDEXTROUS	24
758.2205744688183	758.9085942869049	327	PICKPOCKETS	24
758.9085942869049	759.4526133133927	6	ACCOMPLISH	24
759.4526133133927	759.7685942869048	267	MORE	24
770.963625	771.1777001743706	270	MUM	6
771.1777001743706	771.5997027830417	407	STRONGLY	6
771.5997027830417	772.0964421586833	126	DISLIKES	6
772.0964421586833	773.0577001743704	27	APPETIZERS	6
786.3069375	786.5024179486262	443	THOSE	7
786.5024179486262	786.6154899728315	484	WHO	7
786.6154899728315	786.9374577705686	427	TEACH	7
786.9374577705686	787.390390242607	462	VALUES	7
787.390390242607	787.7403902426071	156	FIRST	7
787.7403902426071	788.2892598281597	4	ABOLISH	7
788.2892598281597	788.6399401969946	87	CHEATING	7
797.6794375	797.9823628448883	375	SHE	1
797.9823628448883	798.2201017231552	490	WORE	1
798.2201017231552	798.6707945583994	471	WARM	1
798.6707945583994	799.1211555275632	158	FLEECY	1
799.1211555275632	799.5287573638676	489	WOOLEN	1
799.5287573638676	800.3792898116751	311	OVERALLS	1
808.2801482313528	808.4321469464959	434	THE	35
808.4321469464959	808.9138386744838	111	CRANBERRY	35
808.9138386744838	809.3881042198398	57	BOG	35
809.3881042198398	809.6123009643213	178	GETS	35
809.6123009643213	809.9457889762864	465	VERY	35
809.9457889762864	810.1992588885339	340	PRETTY	35
810.1992588885339	810.2923009643214	217	IN	35
810.2923009643214	810.6223009643213	40	AUTUMN	35
819.2406875	819.4808641971241	142	EVEN	3
819.4808641971241	819.7108641971241	211	I	3
819.7108641971241	820.2977830654949	293	OCCASIONALLY	3
820.2977830654949	820.5097926746018	177	GET	3
820.5097926746018	820.5608641971241	434	THE	3
820.5608641971241	820.9062635241808	265	MONDAY	3
820.9062635241808	821.402295129179	56	BLUES	3
832.766125	832.9291638892525	210	HOW	49
832.9291638892525	833.1491638892526	189	GOOD	49
833.1491638892526	833.2834319724674	224	IS	49
833.2834319724674	833.4091638892526	496	YOUR	49
833.4091638892526	834.1013438547027	138	ENDURANCE	49
844.6448125	844.9795270963739	98	COFFEE	13
844.9795270963739	845.0831267274041	224	IS	13
845.0831267274041	845.2417988327126	198	GROWN	13
845.2417988327126	845.4439031064811	297	ON	13
845.4439031064811	845.8285750614721	404	STEEP	13
845.8285750614721	846.1929104185872	99999	sp	13
846.1929104185872	846.5659643731169	231	JUNGLE	13
846.5659643731169	846.7856507959556	241	LIKE	13
846.7856507959556	847.6117988327126	390	SLOPES	13
847.6117988327126	847.8993064988165	99999	sp	13
847.8993064988165	848.0643369296718	217	IN	13
848.0643369296718	848.501617523703	431	TEMPERATE	13
848.501617523703	849.0617988327126	497	ZONES	13
860.7766875	861.0067462806076	76	CAN	39
861.0067462806076	861.085624536682	434	THE	39
861.085624536682	861.8167462806076	11	AGENCY	39
861.8167462806076	862.4955266483248	315	OVERTHROW	39
862.4955266483248	862.9467462806076	13	ALIEN	39
862.9467462806076	863.5967462806077	162	FORCES	39
871.8559180663574	872.2483520617473	183	GLUCOSE	11
872.2483520617473	872.3198927004038	20	AND	11
872.3198927004038	872.8526809823722	167	FRUCTOSE	11
872.8526809823722	872.9506598346909	30	ARE	11
872.9506598346909	873.5006598346909	276	NATURAL	11
873.5006598346909	874.0506598346909	414	SUGARS	11
874.0506598346909	874.380659834691	163	FOUND	11
874.380659834691	874.620504996284	217	IN	11
874.620504996284	875.1143701972812	168	FRUIT	11
883.9358125	884.3182675449202	75	CALCIUM	16
884.3182675449202	884.5853073360306	254	MAKES	16
884.5853073360306	885.0077162852367	58	BONES	16
885.0077162852367	885.3218571087639	20	AND	16
885.3218571087639	885.7769805231644	430	TEETH	16
885.7769805231644	887.2200898253986	406	STRONG	16
895.2515	895.398235642769	476	WE	4
895.398235642769	895.4367722762235	30	ARE	4
895.4367722762235	895.7143178703985	301	OPEN	4
895.7143178703985	896.0774515317966	145	EVERY	4
896.0774515317966	896.4862817880884	265	MONDAY	4
896.4862817880884	896.9211510390821	143	EVENING	4
905.2600938036428	905.3678660480176	434	THE	8
905.3678660480176	905.7354463815105	165	FRIGHTENED	8
905.7354463815105	906.0716147050326	89	CHILD	8
906.0716147050326	906.305855732892	472	WAS	8
906.305855732892	906.6261463590663	176	GENTLY	8
906.6261463590663	907.1891266834244	410	SUBDUED	8
907.1891266834244	907.3361463590663	73	BY	8
907.3361463590663	907.5361644215059	208	HIS	8
907.5361644215059	907.7303824638689	52	BIG	8
907.7303824638689	908.1007859340148	66	BROTHER	8
917.72725	917.9347342557098	142	EVEN	9
917.9347342557098	917.9848295650178	1	A	9
917.9848295650178	918.3667506775645	383	SIMPLE	9
918.3667506775645	919.243068545765	468	VOCABULARY	9
919.243068545765	919.7947342557098	104	CONTAINS	9
919.7947342557098	920.4047342557099	422	SYMBOLS	9
928.9286875	929.1576282541072	354	READING	2
929.1576282541072	929.3251903739495	217	IN	2
929.3251903739495	929.5476282541072	335	POOR	2
929.5476282541072	930.0027989162259	240	LIGHT	2
930.0027989162259	930.2545889537531	181	GIVES	2
930.2545889537531	930.3776282541072	495	YOU	2
930.3776282541072	931.0476282541072	150	EYESTRAIN	2
938.4069375	939.0136627670095	115	CYCLICAL	42
939.0136627670095	939.5343229405553	346	PROGRAMS	42
939.5343229405553	939.6343229405553	485	WILL	42
939.6343229405553	939.9498391494812	281	NEVER	42
939.9498391494812	940.4694609343219	100	COMPILE	42
951.7656875	951.900730294977	204	HER	30
951.900730294977	952.300730294977	470	WARDROBE	30
952.300730294977	952.7349510918446	102	CONSISTS	30
952.7349510918446	952.820730294977	294	OF	30
952.820730294977	953.0869369614582	298	ONLY	30
953.0869369614582	953.4907302949771	385	SKIRTS	30
953.4907302949771	953.600730294977	20	AND	30
953.600730294977	954.2307302949771	54	BLOUSES	30
962.42325	962.6844525808385	108	COUNT	47
962.6844525808385	962.7746082977668	434	THE	47
962.7746082977668	963.0539832373913	289	NUMBER	47
963.0539832373913	963.1062584337143	294	OF	47
963.1062584337143	963.5629526097756	429	TEASPOONS	47
963.5629526097756	963.6438783586516	294	OF	47
963.6438783586516	964.1985755367864	395	SOYSAUCE	47
964.1985755367864	964.308800342954	433	THAT	47
964.308800342954	964.4439832373914	495	YOU	47
964.4439832373914	964.7140949987449	7	ADD	47
976.452375	976.5643064052042	30	ARE	12
976.5643064052042	976.6843292372904	495	YOU	12
976.6843292372904	976.97273808451	250	LOOKING	12
976.97273808451	977.18273808451	161	FOR	12
977.18273808451	977.61268592438	136	EMPLOYMENT	12
987.968	988.1125016897499	210	HOW	41
988.1125016897499	988.5125016897499	269	MUCH	41
988.5125016897499	989.0909577245845	16	ALLOWANCE	41
989.0909577245845	989.1925016897499	128	DO	41
989.1925016897499	989.30250168975	495	YOU	41
989.30250168975	989.4696517142019	177	GET	41
997.8955625	998.1528453086631	298	ONLY	15
998.1528453086631	998.3281522538184	434	THE	15
998.3281522538184	998.6444872199918	51	BEST	15
998.6444872199918	999.0368307297696	330	PLAYERS	15
999.0368307297696	999.5003140976207	139	ENJOY	15
999.5003140976207	1000.2428453086632	336	POPULARITY	15
1008.31125	1008.7925313219433	44	BAGPIPES	48
1008.7925313219433	1008.9322597335031	20	AND	48
1008.9322597335031	1009.4737582997926	59	BONGOS	48
1009.4737582997926	1009.5822597335031	30	ARE	48
1009.5822597335031	1010.133775391123	273	MUSICAL	48
1010.133775391123	1010.8698805664518	220	INSTRUMENTS	48
1018.6392726447602	1018.6765668919063	1	A	25
1018.6765668919063	1019.2164786069243	271	MUSCULAR	25
1019.2164786069243	1019.8618382690979	2	ABDOMEN	25
1019.8618382690979	1020.1135394583639	224	IS	25
1020.1135394583639	1020.2420734917106	189	GOOD	25
1020.2420734917106	1020.4465668919063	161	FOR	25
1020.4465668919063	1020.5987196083918	496	YOUR	25
1020.5987196083918	1021.0633730559586	43	BACK	25
1029.0438125	1029.173997439028	434	THE	31
1029.173997439028	1029.3190549615983	453	TWO	31
1029.3190549615983	1029.7516728055828	33	ARTISTS	31
1029.7516728055828	1030.2140943227946	147	EXCHANGED	31
1030.2140943227946	1031.0390549615984	39	AUTOGRAPHS	31
1044.473375	1044.5355705697325	434	THE	27
1044.5355705697325	1045.0655705697325	369	ROSE	27
1045.0655705697325	1045.7055705697326	106	CORSAGE	27
1045.7055705697326	1046.0958534239205	393	SMELLED	27
1046.0958534239205	1046.4684624982829	421	SWEET	27
1056.349	1056.5564397178366	130	DRAW	20
1056.5564397178366	1057.0056037207091	145	EVERY	20
1057.0056037207091	1057.3596072336557	308	OUTER	20
1057.3596072336557	1057.5876888526484	244	LINE	20
1057.5876888526484	1058.413291682022	156	FIRST	20
1058.413291682022	1058.6296072336556	436	THEN	20
1058.6296072336556	1058.901280134524	154	FILL	20
1058.901280134524	1059.1496072336556	434	THE	20
1059.1496072336556	1059.3396072336557	217	IN	20
1059.3396072336557	1059.4896072336555	434	THE	20
1059.4896072336555	1060.0573692029711	222	INTERIOR	20
1070.3525	1070.5190361696464	257	MAY	37
1070.5190361696464	1070.609645878301	211	I	37
1070.609645878301	1070.9182122449806	304	ORDER	37
1070.9182122449806	1070.9808831789342	1	A	37
1070.9808831789342	1071.4696458783012	319	PARFAIT	37
1071.4696458783012	1071.7496458783012	10	AFTER	37
1071.7496458783012	1072.0496458783011	88888	WHY	37
1072.0496458783011	1072.21763262284	134	EAT	37
1072.21763262284	1072.5696458783011	124	DINNER	37
1080.4767692433609	1080.5696439029703	476	WE	14
1080.5696439029703	1080.8796439029702	480	WELCOME	14
1080.8796439029702	1081.1896439029701	256	MANY	14
1081.1896439029701	1081.386374673439	282	NEW	14
1081.386374673439	1081.8996439029702	408	STUDENTS	14
1081.8996439029702	1082.1471866691245	132	EACH	14
1082.1471866691245	1082.3880380462112	491	YEAR	14
1091.367875	1091.744269753489	405	STEVE	18
1091.744269753489	1092.4150417511598	490	WORE	18
1092.4150417511598	1092.5657112305205	99999	sp	18
1092.5657112305205	1092.7607417771023	1	A	18
1092.7607417771023	1093.087875	65	BRIGHT	18
1093.087875	1093.3966235617913	356	RED	18
1093.3966235617913	1093.951251164659	78	CASHMERE	18
1093.951251164659	1094.4078749999999	420	SWEATER	18
1103.497875	1103.9330922234017	286	NOTHING	17
1103.9330922234017	1104.152159980376	224	IS	17
1104.152159980376	1104.8820261854105	295	OFFENSIVE	17
1104.8820261854105	1105.092816361385	34	AS	17
1105.092816361385	1105.9395160273318	219	INNOCENCE	17
1116.401875	1116.9223230433931	71	BUTTERSCOTCH	32
1116.9223230433931	1117.3473874618744	169	FUDGE	32
1117.3473874618744	1117.5906088270308	186	GOES	32
1117.5906088270308	1117.8606088270308	481	WELL	32
1117.8606088270308	1118.0632681131517	487	WITH	32
1118.0632681131517	1118.641817435019	463	VANILLA	32
1118.641817435019	1118.8945414705145	212	ICE	32
1118.8945414705145	1119.3523107178935	112	CREAM	32
1127.127375	1127.4793820827156	46	BARB'S	19
1127.4793820827156	1127.7821997876918	188	GOLD	19
1127.7821997876918	1128.1989894386213	63	BRACELET	19
1128.1989894386213	1128.3497715018555	472	WAS	19
1128.3497715018555	1128.4659813132491	1	A	19
1128.4659813132491	1129.1212765696541	193	GRADUATION	19
1129.1212765696541	1129.4221717156329	339	PRESENT	19
1141.783875	1142.0006569322784	19	AN	29
1142.0006569322784	1142.3195701863235	9	ADULT	29
1142.3195701863235	1142.5672073768249	255	MALE	29
1142.5672073768249	1142.9867213416546	88888	BAL	29
1142.9867213416546	1143.280020503312	99999	sp	29
1143.280020503312	1143.8710706976526	42	BABOON'S	29
1143.8710706976526	1144.1095701863235	430	TEETH	29
1144.1095701863235	1144.189299595574	30	ARE	29
1144.189299595574	1144.4094717609903	285	NOT	29
1144.4094717609903	1144.8795701863235	415	SUITABLE	29
1144.8795701863235	1145.1167756976997	161	FOR	29
1145.1167756976997	1145.4177611087266	135	EATING	29
1145.4177611087266	1146.0895701863235	376	SHELLFISH	29
1156.18975	1156.391258123861	1	A	10
1156.391258123861	1156.834787762954	110	CRAB	10
1156.834787762954	1157.4189580516945	85	CHALLENGED	10
1157.4189580516945	1157.638203544082	258	ME	10
1157.638203544082	1158.3969275367099	99999	sp	10
1158.3969275367099	1158.488203544082	70	BUT	10
1158.488203544082	1158.60716003424	1	A	10
1158.60716003424	1158.788203544082	350	QUICK	10
1158.788203544082	1159.408203544082	402	STAB	10
1159.408203544082	1159.888203544082	464	VANQUISHED	10
1159.888203544082	1160.138203544082	207	HIM	10
1169.794625	1170.1517814090862	229	JOHN'S	22
1170.1517814090862	1170.4768297342757	66	BROTHER	22
1170.4768297342757	1171.0550269557925	363	REPAINTED	22
1171.0550269557925	1171.1255398438539	434	THE	22
1171.1255398438539	1171.5454545857956	173	GARAGE	22
1171.5454545857956	1171.9055398438538	129	DOOR	22
1178.6370625	1178.7315422481465	476	WE	46
1178.7315422481465	1179.0077259645616	241	LIKE	46
1179.0077259645616	1179.2032002294548	55	BLUE	46
1179.2032002294548	1179.7256609329188	88	CHEESE	46
1179.7256609329188	1179.8750327768466	70	BUT	46
1179.8750327768466	1180.2195674855507	466	VICTOR	46
1180.2195674855507	1180.5047653757813	242	LIKES	46
1180.5047653757813	1180.5911692924115	99999	sp	46
1180.5911692924115	1180.9171869960596	64	BRIE	46
1202.9325	1203.0067491261025	30	ARE	0
1203.0067491261025	1203.1239270855217	496	YOUR	0
1203.1239270855217	1203.3735372071421	192	GRADES	0
1203.3735372071421	1203.7261236581471	206	HIGHER	0
1203.7261236581471	1203.7561236581473	302	OR	0
1203.7561236581473	1204.091800728218	251	LOWER	0
1204.091800728218	1204.2561236581473	432	THAN	0
1204.2561236581473	1204.8870020106704	275	NANCY'S	0
1213.576	1213.7471073712127	375	SHE	1
1213.7471073712127	1213.9782680714272	490	WORE	1
1752.0805915966057	1752.4676432090773	84	CHALLENGE	23
1752.4676432090773	1752.7948016312005	132	EACH	23
1752.7948016312005	1753.2587954064568	175	GENERAL'S	23
1753.2587954064568	1754.098795406457	221	INTELLIGENCE	23
1760.9154375	1761.201455804337	145	EVERY	44
1761.201455804337	1761.5545353323107	74	CAB	44
1761.5545353323107	1761.8016620393919	280	NEEDS	44
1761.8016620393919	1762.3345353323107	364	REPAINTING	44
1762.3345353323107	1762.7144236364654	296	OFTEN	44
1769.5785	1769.7379943915125	210	HOW	36
1769.7379943915125	1769.8968046595023	128	DO	36
1769.8968046595023	1770.2568046595022	318	OYSTERS	36
1770.2568046595022	1770.4848385121652	253	MAKE	36
1770.4848385121652	1770.9868046595022	320	PEARLS	36
1781.007625	1781.2265796294346	438	THEY	26
1781.2265796294346	1781.4880435087352	317	OWN	26
1781.4880435087352	1781.5855234060484	1	A	26
1781.5855234060484	1781.7165796294348	52	BIG	26
1781.7165796294348	1782.2409738416784	209	HOUSE	26
1782.2409738416784	1782.3865796294347	217	IN	26
1782.3865796294347	1782.4876627515146	434	THE	26
1782.4876627515146	1783.0647437436096	361	REMOTE	26
1783.0647437436096	1783.7543749934953	109	COUNTRYSIDE	26
1790.8466778467816	1790.910214865976	1	A	40
1790.910214865976	1791.600214865976	371	SCREWDRIVER	40
1791.600214865976	1791.790214865976	224	IS	40
1791.790214865976	1792.046519436065	252	MADE	40
1792.046519436065	1792.3136350610753	166	FROM	40
1792.3136350610753	1792.770214865976	469	VODKA	40
1792.770214865976	1793.1657615415434	20	AND	40
1793.1657615415434	1793.440214865976	303	ORANGE	40
1793.440214865976	1793.8578799357128	230	JUICE	40
1801.379375	1801.4503204640123	434	THE	21
1801.4503204640123	1801.7205170184425	475	WATER	21
1801.7205170184425	1802.106173572448	103	CONTAINED	21
1802.106173572448	1802.31270889288	448	TOO	21
1802.31270889288	1802.5878292349923	269	MUCH	21
1802.5878292349923	1803.1354789843072	90	CHLORINE	21
1803.1354789843072	1803.3700634619136	20	AND	21
1803.3700634619136	1803.7854789843072	409	STUNG	21
1803.7854789843072	1803.96955444145	208	HIS	21
1803.96955444145	1804.5254789843073	149	EYES	21
1811.4595625	1811.547880985567	434	THE	43
1811.547880985567	1811.873684184637	61	BOSTON	43
1811.873684184637	1812.233684184637	45	BALLET	43
1812.233684184637	1812.8636841846371	312	OVERCAME	43
1812.8636841846371	1813.0041755562022	435	THEIR	43
1813.0041755562022	1813.5920547930998	170	FUNDING	43
1813.5920547930998	1814.5936841846371	380	SHORTAGE	43
1820.9184375	1821.0046972005714	224	IS	38
1821.0046972005714	1821.1480418206042	375	SHE	38
1821.1480418206042	1821.4031577323865	187	GOING	38
1821.4031577323865	1821.5585846683066	487	WITH	38
1821.5585846683066	1821.6678377399194	495	YOU	38
1829.2801329703937	1829.5141850439456	24	ANY	34
1829.5141850439456	1830.2027304043397	105	CONTRIBUTIONS	34
1830.2027304043397	1830.3372805563656	485	WILL	34
1830.3372805563656	1830.5052687039683	47	BE	34
1830.5052687039683	1830.8427304043396	195	GREATLY	34
1830.8427304043396	1831.4311494103551	28	APPRECIATED	34
1838.5856603271302	1838.7325616752153	434	THE	28
1838.7325616752153	1838.9682234815407	88888	PIT	28
1838.9682234815407	1839.4413200231759	99999	sp	28
1839.4413200231759	1839.6255117134672	433	THAT	28
1839.6255117134672	1840.1045308514574	326	PICKPOCKET	28
1840.1045308514574	1840.298469636135	472	WAS	28
1840.298469636135	1840.4670883140836	80	CAUGHT	28
1840.4670883140836	1840.7140776183367	356	RED	28
1840.7140776183367	1841.0914372179914	199	HANDED	28
1849.1434375	1849.3634260288463	366	RICH	33
1849.3634260288463	1849.7271326212997	349	PURCHASED	33
1849.7271326212997	1850.1396277278084	374	SEVERAL	33
1850.1396277278084	1850.6071326212998	382	SIGNED	33
1850.6071326212998	1851.4190047273398	245	LITHOGRAPHS	33
1859.9940625	1860.265920269255	203	HELP	45
1860.265920269255	1860.535977232478	196	GREG	45
1860.535977232478	1860.6660845802583	446	TO	45
1860.6660845802583	1860.8213897999358	325	PICK	45
1860.8213897999358	1860.9289379742784	1	A	45
1860.9289379742784	1861.1091362275054	321	PECK	45
1861.1091362275054	1861.2658896519881	294	OF	45
1861.2658896519881	1861.9172958244606	338	POTATOES	45
1867.60175	1867.7817675361414	226	IT'S	5
1867.7817675361414	1867.9630276224489	285	NOT	5
1867.9630276224489	1868.2317675361414	133	EASY	5
1868.2317675361414	1868.3901786024956	446	TO	5
1868.3901786024956	1868.7195710924866	113	CREATE	5
1868.7195710924866	1869.4217675361413	215	ILLUMINATING	5
1869.4217675361413	1870.2478768250046	146	EXAMPLES	5
1877.3349375	1878.0532393802262	17	AMBIDEXTROUS	24
1878.0532393802262	1878.6141255123835	327	PICKPOCKETS	24
1878.6141255123835	1879.3446531585475	6	ACCOMPLISH	24
1879.3446531585475	1879.7171003687756	267	MORE	24
1894.5798125	1894.7367717996394	270	MUM	6
1894.7367717996394	1895.1336486043542	407	STRONGLY	6
1895.1336486043542	1895.5736105460992	126	DISLIKES	6
1895.5736105460992	1896.4617865490593	27	APPETIZERS	6
1904.293625	1904.5055972675034	443	THOSE	7
1904.5055972675034	1904.5777974284872	484	WHO	7
1904.5777974284872	1904.7953235545278	427	TEACH	7
1904.7953235545278	1905.2777137240855	462	VALUES	7
1905.2777137240855	1905.56194057099	156	FIRST	7
1905.56194057099	1906.020830719367	4	ABOLISH	7
1906.020830719367	1906.2661486981915	87	CHEATING	7
1914.631875	1914.8029823712127	375	SHE	1
1914.8029823712127	1915.0341430714273	490	WORE	1
1915.0341430714273	1915.4368008899648	471	WARM	1
1915.4368008899648	1916.1149673173759	158	FLEECY	1
1916.1149673173759	1916.6474030902186	489	WOOLEN	1
1916.6474030902186	1917.352117161782	311	OVERALLS	1
1925.7638881901844	1925.8607987452979	434	THE	35
1925.8607987452979	1926.360140744151	111	CRANBERRY	35
1926.360140744151	1926.6613371964902	57	BOG	35
1926.6613371964902	1926.8652213545997	178	GETS	35
1926.8652213545997	1927.1626978703243	465	VERY	35
1927.1626978703243	1927.4137168043442	340	PRETTY	35
1927.4137168043442	1927.5352213545998	217	IN	35
1927.5352213545998	1927.8119517953908	40	AUTUMN	35
1935.72125	1935.9330258833727	142	EVEN	3
1935.9330258833727	1936.1676348794686	211	I	3
1936.1676348794686	1936.8125443966608	293	OCCASIONALLY	3
1936.8125443966608	1936.9770668347228	177	GET	3
1936.9770668347228	1937.0376348794684	434	THE	3
1937.0376348794684	1937.428788455424	265	MONDAY	3
1937.428788455424	1937.8558362636654	56	BLUES	3
1944.789	1944.9152918149332	210	HOW	49
1944.9152918149332	1945.1072369601388	189	GOOD	49
1945.1072369601388	1945.2651708864762	224	IS	49
1945.2651708864762	1945.4070198244287	496	YOUR	49
1945.4070198244287	1945.985009013658	138	ENDURANCE	49
1953.711550856837	1953.9970462974882	98	COFFEE	13
1953.9970462974882	1954.1070443535086	224	IS	13
1954.1070443535086	1954.311445804563	198	GROWN	13
1954.311445804563	1954.4485871842733	297	ON	13
1954.4485871842733	1955.3364059169835	404	STEEP	13
1955.3364059169835	1955.831445804563	231	JUNGLE	13
1955.831445804563	1956.001445804563	241	LIKE	13
1956.001445804563	1956.6652538188368	390	SLOPES	13
1956.6652538188368	1957.041213852521	217	IN	13
1957.041213852521	1957.488091525996	431	TEMPERATE	13
1957.488091525996	1958.031445804563	497	ZONES	13
1965.9015625	1966.039435263847	76	CAN	39
1966.039435263847	1966.0987580814206	434	THE	39
1966.0987580814206	1966.5105521587186	11	AGENCY	39
1966.5105521587186	1967.0042462472193	315	OVERTHROW	39
1967.0042462472193	1967.3755468174375	13	ALIEN	39
1967.3755468174375	1968.0067336436816	162	FORCES	39
1974.8843095223294	1975.2821607705935	183	GLUCOSE	11
1975.2821607705935	1975.3425473235077	20	AND	11
1975.3425473235077	1975.856565766295	167	FRUCTOSE	11
1975.856565766295	1975.932417593094	30	ARE	11
1975.932417593094	1976.412417593094	276	NATURAL	11
1976.412417593094	1977.1124175930938	414	SUGARS	11
1977.1124175930938	1977.3823300933798	163	FOUND	11
1977.3823300933798	1977.4621785687307	217	IN	11
1977.4621785687307	1977.7640885667013	168	FRUIT	11
1984.855875	1985.2875947325686	75	CALCIUM	16
1985.2875947325686	1985.6201206837477	254	MAKES	16
1985.6201206837477	1985.9437056181346	58	BONES	16
1985.9437056181346	1986.2134744882762	20	AND	16
1986.2134744882762	1986.5740826938347	430	TEETH	16
1986.5740826938347	1986.980651716138	406	STRONG	16
1994.253375	1994.3273831646884	476	WE	4
1994.3273831646884	1994.4246360195928	30	ARE	4
1994.4246360195928	1994.681807586407	301	OPEN	4
1994.681807586407	1995.0267407422903	145	EVERY	4
1995.0267407422903	1995.3765682625547	265	MONDAY	4
1995.3765682625547	1995.7271233942597	143	EVENING	4
2003.1519744956777	2003.1932571853376	434	THE	8
2003.1932571853376	2003.490968889617	165	FRIGHTENED	8
2003.490968889617	2003.8218808288098	89	CHILD	8
2003.8218808288098	2004.0125994280363	472	WAS	8
2004.0125994280363	2004.2618808288098	176	GENTLY	8
2004.2618808288098	2004.8766799495743	410	SUBDUED	8
2004.8766799495743	2004.9918808288096	73	BY	8
2004.9918808288096	2005.2213161731001	208	HIS	8
2005.2213161731001	2005.6171715344074	52	BIG	8
2005.6171715344074	2005.746899037745	99999	sp	8
2005.746899037745	2006.0897608278096	66	BROTHER	8
2013.2413125	2013.43020332007	142	EVEN	9
2013.43020332007	2013.4708763768738	1	A	9
2013.4708763768738	2014.0002033200699	383	SIMPLE	9
2014.0002033200699	2015.0231937026429	468	VOCABULARY	9
2015.0231937026429	2015.6740195090217	104	CONTAINS	9
2015.6740195090217	2016.44020332007	422	SYMBOLS	9
2023.4358125	2023.6886879286658	354	READING	2
2023.6886879286658	2023.862580961584	217	IN	2
2023.862580961584	2024.079419863233	335	POOR	2
2024.079419863233	2024.4255629789916	240	LIGHT	2
2024.4255629789916	2024.6658623873743	181	GIVES	2
2024.6658623873743	2024.784608757254	495	YOU	2
2024.784608757254	2025.3273066653444	150	EYESTRAIN	2
2032.2685	2033.0525701185627	115	CYCLICAL	42
2033.0525701185627	2033.5163295164095	346	PROGRAMS	42
2033.5163295164095	2033.6110217757168	485	WILL	42
2033.6110217757168	2033.94473562505	281	NEVER	42
2033.94473562505	2034.4896008470193	100	COMPILE	42
2043.6921875	2043.8516646772314	204	HER	30
2043.8516646772314	2044.3103377335356	470	WARDROBE	30
2044.3103377335356	2044.8032715196464	102	CONSISTS	30
2044.8032715196464	2044.904247814736	294	OF	30
2044.904247814736	2045.1616646772313	298	ONLY	30
2045.1616646772313	2045.5810927090643	385	SKIRTS	30
2045.5810927090643	2045.724082156873	20	AND	30
2045.724082156873	2046.454718779595	54	BLOUSES	30
2054.0960625	2054.3572650808383	108	COUNT	47
2054.3572650808383	2054.402904473225	434	THE	47
2054.402904473225	2054.715447508423	289	NUMBER	47
2054.715447508423	2054.779070933714	294	OF	47
2054.779070933714	2055.2357651097755	429	TEASPOONS	47
2055.2357651097755	2055.3166908586513	294	OF	47
2055.3166908586513	2055.871388036786	395	SOYSAUCE	47
2055.871388036786	2055.981612842954	433	THAT	47
2055.981612842954	2056.116795737391	495	YOU	47
2056.116795737391	2056.3869074987447	7	ADD	47
2062.8538125	2062.9411072237917	30	ARE	12
2062.9411072237917	2063.065244338116	495	YOU	12
2063.065244338116	2063.3613834011067	250	LOOKING	12
2063.3613834011067	2063.560282771772	161	FOR	12
2063.560282771772	2063.9326218858155	136	EMPLOYMENT	12
2071.480125	2071.548214277105	210	HOW	41
2071.548214277105	2071.7563729242556	269	MUCH	41
2071.7563729242556	2072.167983082236	16	ALLOWANCE	41
2072.167983082236	2072.3312408737047	128	DO	41
2072.3312408737047	2072.4226355191367	495	YOU	41
2072.4226355191367	2072.5130969872907	177	GET	41
2080.3799375	2080.5899434034445	298	ONLY	15
2080.5899434034445	2080.713099407838	434	THE	15
2080.713099407838	2080.9743609894113	51	BEST	15
2080.9743609894113	2081.4775684372985	330	PLAYERS	15
2081.4775684372985	2081.9095249542015	139	ENJOY	15
2081.9095249542015	2082.59676158997	336	POPULARITY	15
2089.886	2090.5259493668573	44	BAGPIPES	48
2090.5259493668573	2090.8180064653534	20	AND	48
2090.8180064653534	2091.788006465353	59	BONGOS	48
2091.788006465353	2092.0525174854724	30	ARE	48
2092.0525174854724	2092.538006465353	273	MUSICAL	48
2092.538006465353	2093.2280064653532	220	INSTRUMENTS	48
2100.202441847315	2100.26997259176	1	A	25
2100.26997259176	2100.7499725917605	271	MUSCULAR	25
2100.7499725917605	2101.3408166014065	2	ABDOMEN	25
2101.3408166014065	2101.539599495164	224	IS	25
2101.539599495164	2101.6298051034573	189	GOOD	25
2101.6298051034573	2101.8199725917602	161	FOR	25
2101.8199725917602	2101.976308794712	496	YOUR	25
2101.976308794712	2102.427732394399	43	BACK	25
2108.86725	2108.938908324988	434	THE	31
2108.938908324988	2109.0989083249883	453	TWO	31
2109.0989083249883	2109.5161799361745	33	ARTISTS	31
2109.5161799361745	2109.9801270514095	147	EXCHANGED	31
2109.9801270514095	2110.738908324988	39	AUTOGRAPHS	31
2118.5724375	2118.6466866261026	30	ARE	0
2118.6466866261026	2118.763864585522	496	YOUR	0
2118.763864585522	2119.0134747071424	192	GRADES	0
2119.0134747071424	2119.366061158147	206	HIGHER	0
2119.366061158147	2119.3960611581474	302	OR	0
2119.3960611581474	2119.731738228218	251	LOWER	0
2119.731738228218	2119.8960611581474	432	THAN	0
2119.8960611581474	2120.5269395106707	275	NANCY'S	0
2126.2538125	2126.3152248353076	434	THE	27
2126.3152248353076	2126.6199623754096	369	ROSE	27
2126.6199623754096	2127.09557387112	106	CORSAGE	27
2127.09557387112	2127.5499623754095	393	SMELLED	27
2127.5499623754095	2128.3827798362436	421	SWEET	27
2135.6599375	2135.823150285634	130	DRAW	20
2135.823150285634	2136.1969982960322	145	EVERY	20
2136.1969982960322	2136.52338806036	308	OUTER	20
2136.52338806036	2136.7158726919374	244	LINE	20
2136.7158726919374	2137.1969982960322	156	FIRST	20
2137.1969982960322	2137.6569982960323	436	THEN	20
2137.6569982960323	2137.942907756933	154	FILL	20
2137.942907756933	2138.0916409960546	434	THE	20
2138.0916409960546	2138.3987736433437	217	IN	20
2138.3987736433437	2138.804024028971	434	THE	20
2138.804024028971	2139.5844270869366	222	INTERIOR	20
2146.711125	2146.902433902167	257	MAY	37
2146.902433902167	2147.209315633676	211	I	37
2147.209315633676	2147.628130588497	304	ORDER	37
2147.628130588497	2147.7839244191355	1	A	37
2147.7839244191355	2148.773705390521	319	PARFAIT	37
2148.773705390521	2149.067362290483	10	AFTER	37
2149.067362290483	2149.4573622904827	124	DINNER	37
2156.9436681068732	2157.0373516542886	476	WE	14
2157.0373516542886	2157.3773516542888	480	WELCOME	14
2157.3773516542888	2157.6973516542885	256	MANY	14
2157.6973516542885	2157.8621346700133	282	NEW	14
2157.8621346700133	2158.3273516542886	408	STUDENTS	14
2158.3273516542886	2158.541215719062	132	EACH	14
2158.541215719062	2158.757636376544	491	YEAR	14
2166.4476875	2166.7276875000002	405	STEVE	18
2166.7276875000002	2166.9362500952025	490	WORE	18
2166.9362500952025	2167.0378418028185	1	A	18
2167.0378418028185	2167.328606525839	65	BRIGHT	18
2167.328606525839	2168.2070552901014	356	RED	18
2168.2070552901014	2168.889846069196	78	CASHMERE	18
2168.889846069196	2169.572810656853	420	SWEATER	18
2180.462125	2180.734370363346	286	NOTHING	17
2180.734370363346	2181.039443068603	224	IS	17
2181.039443068603	2181.3343703633454	34	AS	17
2181.3343703633454	2182.0638910701027	295	OFFENSIVE	17
2182.0638910701027	2182.1822980259194	34	AS	17
2182.1822980259194	2182.8843703633456	219	INNOCENCE	17
2189.9290625	2190.430369845779	71	BUTTERSCOTCH	32
2190.430369845779	2190.720777838507	169	FUDGE	32
2190.720777838507	2190.970369845779	186	GOES	32
2190.970369845779	2191.470369845779	481	WELL	32
2191.470369845779	2191.6603698457784	487	WITH	32
2191.6603698457784	2192.4656402392193	463	VANILLA	32
2192.4656402392193	2192.7872723525743	212	ICE	32
2192.7872723525743	2193.064108760187	112	CREAM	32
2200.5226875	2200.847643262452	46	BARB'S	19
2200.847643262452	2201.1444966684912	184	GO	19
2201.1444966684912	2201.794349498708	99999	sp	19
2201.794349498708	2202.2687827191203	63	BRACELET	19
2202.2687827191203	2202.4287256311627	472	WAS	19
2202.4287256311627	2202.57242726748	1	A	19
2202.57242726748	2203.2696680396007	193	GRADUATION	19
2203.2696680396007	2203.545993571826	339	PRESENT	19
2210.7933125	2210.91419811018	19	AN	29
2210.91419811018	2211.222934740497	9	ADULT	29
2211.222934740497	2211.5692076484574	255	MALE	29
2211.5692076484574	2212.086206445157	42	BABOON'S	29
2212.086206445157	2212.324843198332	430	TEETH	29
2212.324843198332	2212.4804733880387	30	ARE	29
2212.4804733880387	2212.7113432277993	285	NOT	29
2212.7113432277993	2213.1478877814866	415	SUITABLE	29
2213.1478877814866	2213.3204733880384	161	FOR	29
2213.3204733880384	2213.600086586852	135	EATING	29
2213.600086586852	2214.2487865489256	376	SHELLFISH	29
2221.9350625	2222.0784808011513	1	A	10
2222.0784808011513	2222.425511483321	110	CRAB	10
2222.425511483321	2222.940209626301	85	CHALLENGED	10
2222.940209626301	2223.1028296005334	258	ME	10
2223.1028296005334	2223.6459436208534	99999	sp	10
2223.6459436208534	2223.7433692320737	70	BUT	10
2223.7433692320737	2223.8788929284233	1	A	10
2223.8788929284233	2224.0823388870804	350	QUICK	10
2224.0823388870804	2224.6501061293575	402	STAB	10
2224.6501061293575	2225.1562305385455	464	VANQUISHED	10
2225.1562305385455	2225.3301061293573	207	HIM	10
2233.228125	2233.592422092752	229	JOHN'S	22
2233.592422092752	2233.9686058087937	66	BROTHER	22
2233.9686058087937	2234.515151213077	363	REPAINTED	22
2234.515151213077	2234.646014581926	434	THE	22
2234.646014581926	2235.009969629748	173	GARAGE	22
2235.009969629748	2235.2902534602235	129	DOOR	22
2241.62175	2241.7050433587788	476	WE	46
2241.7050433587788	2241.9462066882666	241	LIKE	46
2241.9462066882666	2242.127106445082	55	BLUE	46
2242.127106445082	2242.690028506803	88	CHEESE	46
2242.690028506803	2242.844247094037	70	BUT	46
2242.844247094037	2243.1562948096957	466	VICTOR	46
2243.1562948096957	2243.50243132593	242	LIKES	46
2243.50243132593	2243.704247094037	64	BRIE	46
2819.5793024894806	2820.1397451293856	84	CHALLENGE	23
2820.1397451293856	2820.630480771895	132	EACH	23
2820.630480771895	2821.142056892949	175	GENERAL'S	23
2821.142056892949	2822.174410311707	221	INTELLIGENCE	23
2830.9865	2831.53979019333	145	EVERY	44
2831.53979019333	2832.0800072435222	74	CAB	44
2832.0800072435222	2832.3974105839616	280	NEEDS	44
2832.3974105839616	2833.250104725441	364	REPAINTING	44
2833.250104725441	2833.3415055311866	99999	sp	44
2840.6690625	2840.7895801930003	210	HOW	36
2840.7895801930003	2840.9064732937304	128	DO	36
2840.9064732937304	2841.279417024141	318	OYSTERS	36
2841.279417024141	2841.541926098495	253	MAKE	36
2841.541926098495	2842.089417024141	320	PEARLS	36
2848.8164375	2848.914274494514	438	THEY	26
2848.914274494514	2849.041176295028	317	OWN	26
2849.041176295028	2849.1660378053716	1	A	26
2849.1660378053716	2849.3060619767284	52	BIG	26
2849.3060619767284	2849.6940419926177	209	HOUSE	26
2849.6940419926177	2849.7642744945138	217	IN	26
2849.7642744945138	2849.8242744945137	434	THE	26
2849.8242744945137	2850.1775815677697	361	REMOTE	26
2850.1775815677697	2850.7955299028754	109	COUNTRYSIDE	26
2857.606414292895	2857.6571808488093	1	A	40
2857.6571808488093	2858.3671808488093	371	SCREWDRIVER	40
2858.3671808488093	2858.4980419666836	224	IS	40
2858.4980419666836	2858.679793087931	252	MADE	40
2858.679793087931	2858.897180848809	166	FROM	40
2858.897180848809	2859.5367718143066	469	VODKA	40
2859.5367718143066	2859.9412788829372	20	AND	40
2859.9412788829372	2860.167180848809	303	ORANGE	40
2860.167180848809	2860.6192675052894	230	JUICE	40
2867.812375	2867.8885964044002	434	THE	21
2867.8885964044002	2868.225055628569	475	WATER	21
2868.225055628569	2868.620446910863	103	CONTAINED	21
2868.620446910863	2868.7378914836354	448	TOO	21
2868.7378914836354	2869.033675715181	269	MUCH	21
2869.033675715181	2869.4978914836356	90	CHLORINE	21
2869.4978914836356	2869.608565947216	20	AND	21
2869.608565947216	2869.9178914836357	409	STUNG	21
2869.9178914836357	2870.0586327089513	208	HIS	21
2870.0586327089513	2870.5778914836355	149	EYES	21
2878.8155625	2878.8743195208117	434	THE	43
2878.8743195208117	2879.3043195208115	61	BOSTON	43
2879.3043195208115	2879.6943195208114	45	BALLET	43
2879.6943195208114	2880.2043195208116	312	OVERCAME	43
2880.2043195208116	2880.2899626246767	435	THEIR	43
2880.2899626246767	2880.6665022447955	170	FUNDING	43
2880.6665022447955	2881.2743195208113	380	SHORTAGE	43
2889.1496875	2889.221523923422	224	IS	38
2889.221523923422	2889.429027457191	375	SHE	38
2889.429027457191	2889.719489712607	187	GOING	38
2889.719489712607	2889.7892757423947	446	TO	38
2889.7892757423947	2890.1459182436806	47	BE	38
2890.1459182436806	2890.3895005018767	487	WITH	38
2890.3895005018767	2890.5513540908505	495	YOU	38
2898.769999247971	2898.933209832023	24	ANY	34
2898.933209832023	2899.665706514624	105	CONTRIBUTIONS	34
2899.665706514624	2899.789637280667	485	WILL	34
2899.789637280667	2899.9051233309474	47	BE	34
2899.9051233309474	2900.2227284897044	195	GREATLY	34
2900.2227284897044	2900.8197068268255	28	APPRECIATED	34
2908.0376875	2908.5504163405567	326	PICKPOCKET	28
2908.5504163405567	2908.768599130397	472	WAS	28
2908.768599130397	2908.8629503306133	99999	sp	28
2908.8629503306133	2909.359012512841	80	CAUGHT	28
2909.359012512841	2909.7895286663743	356	RED	28
2909.7895286663743	2910.773803028314	199	HANDED	28
2921.115125	2921.367755053051	366	RICH	33
2921.367755053051	2921.7253425194476	349	PURCHASED	33
2921.7253425194476	2922.017026493744	374	SEVERAL	33
2922.017026493744	2922.319598341913	382	SIGNED	33
2922.319598341913	2923.113374275735	245	LITHOGRAPHS	33
2939.504875	2939.694875	226	IT'S	5
2939.694875	2939.8778364953514	285	NOT	5
2939.8778364953514	2940.134875	133	EASY	5
2940.134875	2940.239895513805	446	TO	5
2940.239895513805	2940.4548750000004	113	CREATE	5
2940.4548750000004	2941.1757092604794	215	ILLUMINATING	5
2941.1757092604794	2942.0448750000005	146	EXAMPLES	5
2952.4511875	2953.1378029651073	17	AMBIDEXTROUS	24
2953.1378029651073	2953.693636351343	327	PICKPOCKETS	24
2953.693636351343	2954.2208417923835	6	ACCOMPLISH	24
2954.2208417923835	2954.578577201498	267	MORE	24
2961.752625	2962.029664211158	270	MUM	6
2962.029664211158	2962.496791324359	407	STRONGLY	6
2962.496791324359	2963.022306415729	126	DISLIKES	6
2963.022306415729	2964.0396642111577	27	APPETIZERS	6
2970.846375	2971.1269566888586	443	THOSE	7
2971.1269566888586	2971.2368399472734	484	WHO	7
2971.2368399472734	2971.5069566888587	427	TEACH	7
2971.5069566888587	2972.0269566888587	462	VALUES	7
2972.0269566888587	2972.346956688859	156	FIRST	7
2972.346956688859	2972.766063421145	4	ABOLISH	7
2972.766063421145	2973.0719095189697	87	CHEATING	7
2980.114875	2980.3148750000005	375	SHE	1
2980.3148750000005	2980.5548750000003	490	WORE	1
2980.5548750000003	2980.8748750000004	471	WARM	1
2980.8748750000004	2981.3248750000002	158	FLEECY	1
2981.3248750000002	2981.7548750000005	489	WOOLEN	1
2981.7548750000005	2982.4948750000003	311	OVERALLS	1
2993.955598380147	2994.0810268691484	434	THE	35
2994.0810268691484	2994.4802178771874	111	CRANBERRY	35
2994.4802178771874	2995.0481048691718	57	BOG	35
2995.0481048691718	2995.3453214353685	178	GETS	35
2995.3453214353685	2995.686294477886	465	VERY	35
2995.686294477886	2995.9567035346017	340	PRETTY	35
2995.9567035346017	2996.055686441185	217	IN	35
2996.055686441185	2996.439345646613	40	AUTUMN	35
3004.1208125	3004.3306408242192	142	EVEN	3
3004.3306408242192	3004.516968459215	211	I	3
3004.516968459215	3005.070640824219	293	OCCASIONALLY	3
3005.070640824219	3005.2441103870756	177	GET	3
3005.2441103870756	3005.3106408242193	434	THE	3
3005.3106408242193	3005.640640824219	265	MONDAY	3
3005.640640824219	3006.140640824219	56	BLUES	3
3013.753	3013.885338115344	210	HOW	49
3013.885338115344	3014.0728766011484	189	GOOD	49
3014.0728766011484	3014.2048637547678	224	IS	49
3014.2048637547678	3014.286251808142	496	YOUR	49
3014.286251808142	3014.9114265706976	138	ENDURANCE	49
3025.637849688514	3026.060280326087	98	COFFEE	13
3026.060280326087	3026.192624005373	224	IS	13
3026.192624005373	3026.3774234690363	198	GROWN	13
3026.3774234690363	3026.5226604086156	297	ON	13
3026.5226604086156	3026.879342665897	404	STEEP	13
3026.879342665897	3027.1726604086157	231	JUNGLE	13
3027.1726604086157	3027.3422585238136	241	LIKE	13
3027.3422585238136	3028.1760114967474	390	SLOPES	13
3028.1760114967474	3028.319381506713	217	IN	13
3028.319381506713	3028.6546181011095	431	TEMPERATE	13
3028.6546181011095	3029.2285556263237	497	ZONES	13
3040.5045625	3040.6443116064434	76	CAN	39
3040.6443116064434	3040.73200936963	434	THE	39
3040.73200936963	3041.148720276956	11	AGENCY	39
3041.148720276956	3041.7003995728955	88888	OVERFLOW	39
3041.7003995728955	3042.8971682171123	99999	sp	39
3042.8971682171123	3043.5001720694445	315	OVERTHROW	39
3043.5001720694445	3043.892643812449	99999	sp	39
3043.892643812449	3044.2301720694445	13	ALIEN	39
3044.2301720694445	3044.9088809605632	162	FORCES	39
3064.615401189995	3065.1029244790884	20	AND	11
3065.1029244790884	3065.5931834199946	167	FRUCTOSE	11
3065.5931834199946	3065.677674439461	30	ARE	11
3065.677674439461	3066.0892700444992	276	NATURAL	11
3066.0892700444992	3066.620012684059	414	SUGARS	11
3066.620012684059	3066.7352882074465	433	THAT	11
3066.7352882074465	3066.858156873131	30	ARE	11
3066.858156873131	3067.253209702725	163	FOUND	11
3067.253209702725	3067.364828696823	217	IN	11
3067.364828696823	3067.6465102134516	168	FRUIT	11
3074.5944375	3075.0061081584445	75	CALCIUM	16
3075.0061081584445	3075.2686718335935	254	MAKES	16
3075.2686718335935	3075.553384758239	58	BONES	16
3075.553384758239	3075.6821116186848	20	AND	16
3075.6821116186848	3075.8561081584444	430	TEETH	16
3075.8561081584444	3076.22131945374	406	STRONG	16
3084.4444375	3084.569908354337	476	WE	4
3084.569908354337	3084.645228876588	30	ARE	4
3084.645228876588	3084.92716390107	301	OPEN	4
3084.92716390107	3085.305102253999	145	EVERY	4
3085.305102253999	3085.74716390107	265	MONDAY	4
3085.74716390107	3086.21716390107	143	EVENING	4
3094.1475010081685	3094.2216675146587	434	THE	8
3094.2216675146587	3094.5960195011394	165	FRIGHTENED	8
3094.5960195011394	3094.9216675146586	89	CHILD	8
3094.9216675146586	3095.161667514659	472	WAS	8
3095.161667514659	3095.4684534187195	176	GENTLY	8
3095.4684534187195	3096.0069828123455	410	SUBDUED	8
3096.0069828123455	3096.1198962646513	73	BY	8
3096.1198962646513	3096.305043387844	208	HIS	8
3096.305043387844	3096.5366566396783	52	BIG	8
3096.5366566396783	3096.9616741494983	66	BROTHER	8
3103.8719375	3104.159142282093	142	EVEN	9
3104.159142282093	3104.19365202006	1	A	9
3104.19365202006	3104.5878762241605	383	SIMPLE	9
3104.5878762241605	3105.279142282093	468	VOCABULARY	9
3105.279142282093	3105.669142282093	104	CONTAINS	9
3105.669142282093	3106.289142282093	422	SYMBOLS	9
3115.2570625	3115.524784335451	354	READING	2
3115.524784335451	3115.7173780158273	217	IN	2
3115.7173780158273	3115.950403350376	335	POOR	2
3115.950403350376	3116.21933794327	240	LIGHT	2
3116.21933794327	3116.4762061907977	181	GIVES	2
3116.4762061907977	3116.5865510013555	495	YOU	2
3116.5865510013555	3117.1431112241503	150	EYESTRAIN	2
3125.0646875	3125.623981666327	115	CYCLICAL	42
3125.623981666327	3126.056478633313	346	PROGRAMS	42
3126.056478633313	3126.149339176643	485	WILL	42
3126.149339176643	3126.4795099973726	281	NEVER	42
3126.4795099973726	3126.99665384407	100	COMPILE	42
3137.6381875	3137.8037161531456	204	HER	30
3137.8037161531456	3138.301934282883	470	WARDROBE	30
3138.301934282883	3138.7814083115813	102	CONSISTS	30
3138.7814083115813	3138.864646268403	294	OF	30
3138.864646268403	3139.0846462684026	298	ONLY	30
3139.0846462684026	3139.557615465157	385	SKIRTS	30
3139.557615465157	3139.6909949415854	20	AND	30
3139.6909949415854	3140.5559161714295	54	BLOUSES	30
3147.075	3147.3362025808383	108	COUNT	47
3147.3362025808383	3147.381841973225	434	THE	47
3147.381841973225	3147.705733237391	289	NUMBER	47
3147.705733237391	3147.7983216924345	294	OF	47
3147.7983216924345	3148.2271982406937	429	TEASPOONS	47
3148.2271982406937	3148.3098372806367	294	OF	47
3148.3098372806367	3148.850325536786	395	SOYSAUCE	47
3148.850325536786	3148.9657332373913	433	THAT	47
3148.9657332373913	3149.095733237391	495	YOU	47
3149.095733237391	3149.3657332373914	7	ADD	47
3157.3520047940942	3157.4279308904793	30	ARE	12
3157.4279308904793	3157.5672977614504	495	YOU	12
3157.5672977614504	3157.837930890479	250	LOOKING	12
3157.837930890479	3158.007651421533	161	FOR	12
3158.007651421533	3158.4983211786825	136	EMPLOYMENT	12
3168.1894375	3168.274753645061	210	HOW	41
3168.274753645061	3168.462111562089	269	MUCH	41
3168.462111562089	3168.854753645061	16	ALLOWANCE	41
3168.854753645061	3168.964753645061	128	DO	41
3168.964753645061	3169.024753645061	495	YOU	41
3169.024753645061	3169.214753645061	177	GET	41
3177.603875	3177.73429998415	298	ONLY	15
3177.73429998415	3177.79052723447	434	THE	15
3177.79052723447	3178.1042999841497	51	BEST	15
3178.1042999841497	3178.4874392652173	330	PLAYERS	15
3178.4874392652173	3178.831718098215	139	ENJOY	15
3178.831718098215	3179.5142999841496	336	POPULARITY	15
3188.232458554546	3188.9528173816634	44	BAGPIPES	48
3188.9528173816634	3189.1301361920173	20	AND	48
3189.1301361920173	3189.517875945765	59	BONGOS	48
3189.517875945765	3189.6252815100065	30	ARE	48
3189.6252815100065	3190.09330084952	273	MUSICAL	48
3190.09330084952	3190.8036113269186	220	INSTRUMENTS	48
3198.606847407734	3198.656387424778	1	A	25
3198.656387424778	3199.0859742091075	271	MUSCULAR	25
3199.0859742091075	3199.6110340880805	2	ABDOMEN	25
3199.6110340880805	3199.7584853257126	224	IS	25
3199.7584853257126	3199.911196049976	189	GOOD	25
3199.911196049976	3200.1010340880807	161	FOR	25
3200.1010340880807	3200.261572100046	496	YOUR	25
3200.261572100046	3200.7010340880806	43	BACK	25
3207.1550625	3207.2832645838675	434	THE	31
3207.2832645838675	3207.4349284870045	453	TWO	31
3207.4349284870045	3207.8580004190553	33	ARTISTS	31
3207.8580004190553	3208.303909947475	147	EXCHANGED	31
3208.303909947475	3209.146969641552	39	AUTOGRAPHS	31
3216.6509375	3216.8023706535582	30	ARE	0
3216.8023706535582	3217.056968421218	496	YOUR	0
3217.056968421218	3217.413923858529	192	GRADES	0
3217.413923858529	3217.7249256070404	206	HIGHER	0
3217.7249256070404	3217.7990917911857	302	OR	0
3217.7990917911857	3218.1462743291054	251	LOWER	0
3218.1462743291054	3218.3062743291052	432	THAN	0
3218.3062743291052	3219.0562743291052	275	NANCY'S	0
3225.7354375	3225.8128082872777	434	THE	27
3225.8128082872777	3226.126079974475	369	ROSE	27
3226.126079974475	3226.6760336349066	106	CORSAGE	27
3226.6760336349066	3227.0760336349067	393	SMELLED	27
3227.0760336349067	3227.3888078548516	421	SWEET	27
3236.9769375	3237.193855834582	130	DRAW	20
3237.193855834582	3237.580517572448	145	EVERY	20
3237.580517572448	3237.860517572448	308	OUTER	20
3237.860517572448	3238.101342739084	244	LINE	20
3238.101342739084	3238.560517572448	156	FIRST	20
3238.560517572448	3238.7105175724478	436	THEN	20
3238.7105175724478	3239.050517572448	154	FILL	20
3239.050517572448	3239.150517572448	217	IN	20
3239.150517572448	3239.280517572448	434	THE	20
3239.280517572448	3240.0205175724477	222	INTERIOR	20
3247.176875	3247.2846365763057	257	MAY	37
3247.2846365763057	3247.4181201748765	211	I	37
3247.4181201748765	3247.7146365763056	304	ORDER	37
3247.7146365763056	3247.7933857572707	1	A	37
3247.7933857572707	3248.2357952801067	319	PARFAIT	37
3248.2357952801067	3248.535058289212	10	AFTER	37
3248.535058289212	3248.667889016732	211	I	37
3248.667889016732	3248.8615425829225	134	EAT	37
3248.8615425829225	3249.1946365763056	124	DINNER	37
3255.0887184522485	3255.1807864459297	476	WE	14
3255.1807864459297	3255.471362186829	480	WELCOME	14
3255.471362186829	3255.6974662945286	256	MANY	14
3255.6974662945286	3255.851362186829	282	NEW	14
3255.851362186829	3256.301362186829	408	STUDENTS	14
3256.301362186829	3256.532959602675	132	EACH	14
3256.532959602675	3256.770840086141	491	YEAR	14
3264.4961875	3264.828376492403	405	STEVE	18
3264.828376492403	3265.012468471023	490	WORE	18
3265.012468471023	3265.0838176801562	1	A	18
3265.0838176801562	3265.288758483964	65	BRIGHT	18
3265.288758483964	3265.611450363644	356	RED	18
3265.611450363644	3266.023610650215	78	CASHMERE	18
3266.023610650215	3266.391485772233	420	SWEATER	18
3273.79925	3274.16778534613	286	NOTHING	17
3274.16778534613	3274.498905936308	224	IS	17
3274.498905936308	3274.9007878301913	34	AS	17
3274.9007878301913	3275.549726408942	295	OFFENSIVE	17
3275.549726408942	3275.8812671941587	34	AS	17
3275.8812671941587	3276.721744542135	219	INNOCENCE	17
3283.4530625	3283.9549719149754	71	BUTTERSCOTCH	32
3283.9549719149754	3284.3017855581893	169	FUDGE	32
3284.3017855581893	3284.5441417174266	186	GOES	32
3284.5441417174266	3284.7849719149754	481	WELL	32
3284.7849719149754	3284.9549719149754	487	WITH	32
3284.9549719149754	3285.3868347796733	463	VANILLA	32
3285.3868347796733	3285.8103257381704	212	ICE	32
3285.8103257381704	3286.6249719149755	112	CREAM	32
3293.305875	3293.6931934714066	46	BARB'S	19
3293.6931934714066	3293.9487241347138	188	GOLD	19
3293.9487241347138	3294.2866311763255	63	BRACELET	19
3294.2866311763255	3294.4789346644297	472	WAS	19
3294.4789346644297	3294.5928302657876	1	A	19
3294.5928302657876	3295.189947030114	193	GRADUATION	19
3295.189947030114	3295.5146533921848	339	PRESENT	19
3304.2271875	3304.3932891311815	19	AN	29
3304.3932891311815	3304.6918404141325	9	ADULT	29
3304.6918404141325	3305.0318404141326	255	MALE	29
3305.0318404141326	3305.8518404141328	42	BABOON'S	29
3305.8518404141328	3306.1518404141325	430	TEETH	29
3306.1518404141325	3306.331840414133	30	ARE	29
3306.331840414133	3306.6404476485727	285	NOT	29
3306.6404476485727	3307.1219063609246	415	SUITABLE	29
3307.1219063609246	3307.290930643897	161	FOR	29
3307.290930643897	3307.5718404141326	135	EATING	29
3307.5718404141326	3308.3202877763933	376	SHELLFISH	29
3316.626875	3316.740908426816	1	A	10
3316.740908426816	3317.0672876373405	110	CRAB	10
3317.0672876373405	3317.4868693221674	85	CHALLENGED	10
3317.4868693221674	3317.7276012059638	258	ME	10
3317.7276012059638	3317.8258406408686	70	BUT	10
3317.8258406408686	3317.956693902981	1	A	10
3317.956693902981	3318.1363676873257	350	QUICK	10
3318.1363676873257	3318.6363676873257	402	STAB	10
3318.6363676873257	3319.1114519114103	464	VANQUISHED	10
3319.1114519114103	3319.2963676873255	207	HIM	10
3329.9720625	3330.3320625	229	JOHN'S	22
3330.3320625	3330.631958112607	66	BROTHER	22
3330.631958112607	3331.1195318771884	363	REPAINTED	22
3331.1195318771884	3331.2012970012843	434	THE	22
3331.2012970012843	3331.5967023185003	173	GARAGE	22
3331.5967023185003	3331.8620625000003	129	DOOR	22
3338.644535819436	3338.74120197123	476	WE	46
3338.74120197123	3338.9632185508117	241	LIKE	46
3338.9632185508117	3339.1212019712298	55	BLUE	46
3339.1212019712298	3339.5402901528487	88	CHEESE	46
3339.5402901528487	3339.6442332659494	70	BUT	46
3339.6442332659494	3340.0359342387887	466	VICTOR	46
3340.0359342387887	3340.3211773108987	242	LIKES	46
3340.3211773108987	3340.50120197123	64	BRIE	46
