20.52200424724643	20.580914416442276	30	ARE	0
20.580914416442276	20.77909926150602	495	YOUR	0
20.77909926150602	21.063266442169553	192	GRADES	0
21.063266442169553	21.383464844651222	206	HIGHER	0
21.383464844651222	21.55777347158051	301	OR	0
21.55777347158051	21.980740213920093	250	LOWER	0
21.980740213920093	22.192	431	THAN	0
22.192	23.010378718279306	274	NANCY'S	0
29.25028197243668	29.553207317325068	374	SHE	1
29.553207317325068	29.790946195591903	489	WORE	1
29.790946195591903	30.241639030836172	470	WARM	1
30.241639030836172	30.692	158	FLEECY	1
30.692	31.09960183630436	488	WOOLEN	1
31.09960183630436	31.950134284111872	310	OVERALLS	1
41.12305924589281	41.352	353	READING	2
41.352	41.51956211984228	217	IN	2
41.51956211984228	41.742	334	POOR	2
41.742	42.19717066211862	239	LIGHT	2
42.19717066211862	42.44896069964586	181	GIVES	2
42.44896069964586	42.572	494	YOU	2
42.572	43.242	150	EYESTRAIN	2
52.76182330287583	53.002	142	EVEN	3
53.002	53.232	211	I	3
53.232	53.81891886837073	292	OCCASIONALLY	3
53.81891886837073	54.03092847747772	177	GET	3
54.03092847747772	54.082	433	THE	3
54.082	54.4273993270566	264	MONDAY	3
54.4273993270566	54.92343093205484	56	BLUES	3
65.22888154770294	65.37561719047194	475	WE	4
65.37561719047194	65.41415382392644	30	ARE	4
65.41415382392644	65.69169941810149	300	OPEN	4
65.69169941810149	66.05483307949953	145	EVERY	4
66.05483307949953	66.46366333579131	264	MONDAY	4
66.46366333579131	66.89853258678511	143	EVENING	4
75.97502784166217	76.162	226	IT'S	5
76.162	76.312	284	NOT	5
76.312	76.76050293596136	133	EASY	5
76.76050293596136	76.93129040976012	445	TO	5
76.93129040976012	77.3293898992533	113	CREATE	5
77.3293898992533	78.092	215	ILLUMINATING	5
78.092	79.052	146	EXAMPLES	5
90.04792482562947	90.262	269	MUM	6
90.262	90.68400260867124	406	STRONGLY	6
90.68400260867124	91.18074198431282	126	DISLIKES	6
91.18074198431282	92.142	27	APPETIZERS	6
103.16854725739296	103.36402770601906	442	THOSE	7
103.36402770601906	103.47709973022437	483	WHO	7
103.47709973022437	103.79906752796148	426	TEACH	7
103.79906752796148	104.252	461	VALUES	7
104.252	104.602	156	FIRST	7
104.602	105.15086958555267	4	ABOLISH	7
105.15086958555267	105.50154995438757	87	CHEATING	7
114.51594744457643	114.62371968895131	433	THE	8
114.62371968895131	114.9913000224442	165	FRIGHTENED	8
114.9913000224442	115.32746834596624	89	CHILD	8
115.32746834596624	115.56170937382565	471	WAS	8
115.56170937382565	115.882	176	GENTLY	8
115.882	116.44498032435807	409	SUBDUED	8
116.44498032435807	116.592	73	BY	8
116.592	116.79201806243951	208	HIS	8
116.79201806243951	116.98623610480252	52	BIG	8
116.98623610480252	117.35663957494846	66	BROTHER	8
125.99451574429017	126.202	142	EVEN	9
126.202	126.2520953093079	1	A	9
126.2520953093079	126.63401642185465	382	SIMPLE	9
126.63401642185465	127.51033429005518	467	VOCABULARY	9
127.51033429005518	128.062	104	CONTAINS	9
128.062	128.672	421	SYMBOLS	9
139.73354645591803	139.93505457977895	1	A	10
139.93505457977895	140.37858421887208	110	CRAB	10
140.37858421887208	140.96275450761252	85	CHALLENGED	10
140.96275450761252	141.182	257	ME	10
141.182	141.94072399262782	99999	sp	10
141.94072399262782	142.032	70	BUT	10
142.032	142.15095649015805	1	A	10
142.15095649015805	142.332	349	QUICK	10
142.332	142.952	401	STAB	10
142.952	143.432	463	VANQUISHED	10
143.432	143.682	207	HIM	10
155.85725823166655	156.24969222705633	183	GLUCOSE	11
156.24969222705633	156.32123286571286	20	AND	11
156.32123286571286	156.85402114768135	167	FRUCTOSE	11
156.85402114768135	156.952	30	ARE	11
156.952	157.502	275	NATURAL	11
157.502	158.052	413	SUGARS	11
158.052	158.382	163	FOUND	11
158.382	158.62184516159311	217	IN	11
158.62184516159311	159.1157103625904	168	FRUIT	11
169.47163691548994	169.58356832069416	30	ARE	12
169.58356832069416	169.7035911527804	494	YOU	12
169.7035911527804	169.992	249	LOOKING	12
169.992	170.202	161	FOR	12
170.202	170.63194783986995	136	EMPLOYMENT	12
178.49501366728734	178.82972826366134	98	COFFEE	13
178.82972826366134	178.93332789469156	224	IS	13
178.93332789469156	179.092	198	GROWN	13
179.092	179.29410427376857	296	ON	13
179.29410427376857	179.67877622875952	403	STEEP	13
179.67877622875952	180.04311158587456	99999	sp	13
180.04311158587456	180.41616554040436	88888	JUNGLE	13
180.41616554040436	180.63585196324303	240	LIKE	13
180.63585196324303	181.462	389	SLOPES	13
181.462	181.74950766610397	99999	sp	13
181.74950766610397	181.91453809695915	217	IN	13
181.91453809695915	182.3518186909904	430	TEMPERATE	13
182.3518186909904	182.912	496	ZONES	13
195.30912534039075	195.402	475	WE	14
195.402	195.712	479	WELCOME	14
195.712	196.022	255	MANY	14
196.022	196.21873077046877	281	NEW	14
196.21873077046877	196.732	407	STUDENTS	14
196.732	196.9795427661544	132	EACH	14
196.9795427661544	197.22039414324098	490	YEAR	14
205.4547171913368	205.712	297	ONLY	15
205.712	205.88730694515522	433	THE	15
205.88730694515522	206.20364191132862	51	BEST	15
206.20364191132862	206.59598542110646	329	PLAYERS	15
206.59598542110646	207.05946878895753	139	ENJOY	15
207.05946878895753	207.802	335	POPULARITY	15
216.14954495507985	216.532	75	CALCIUM	16
216.532	216.79903979111043	253	MAKES	16
216.79903979111043	217.22144874031648	58	BONES	16
217.22144874031648	217.53558956384367	20	AND	16
217.53558956384367	217.9907129782443	429	TEETH	16
217.9907129782443	219.4338222804784	405	STRONG	16
229.04784881458946	229.483066037991	285	NOTHING	17
229.483066037991	229.70213379496536	224	IS	17
229.70213379496536	230.432	294	OFFENSIVE	17
230.432	230.64279017597457	34	AS	17
230.64279017597457	231.48948984192123	219	INNOCENCE	17
242.892	243.26839475348922	404	STEVE	18
243.26839475348922	243.93916675116	489	WORE	18
243.93916675116	244.0898362305206	99999	sp	18
244.0898362305206	244.28486677710237	1	A	18
244.28486677710237	244.612	65	BRIGHT	18
244.612	244.92074856179138	355	RED	18
244.92074856179138	245.47537616465917	78	CASHMERE	18
245.47537616465917	245.932	419	SWEATER	18
256.3503855613787	256.7023926440943	46	BARB'S	19
256.7023926440943	257.00521034907047	188	GOLD	19
257.00521034907047	257.422	63	BRACELET	19
257.422	257.5727820632342	471	WAS	19
257.5727820632342	257.6889918746279	1	A	19
257.6889918746279	258.3442871310328	193	GRADUATION	19
258.3442871310328	258.64518227701166	338	PRESENT	19
267.2013927663443	267.408832484181	130	DRAW	20
267.408832484181	267.8579964870535	145	EVERY	20
267.8579964870535	268.212	307	OUTER	20
268.212	268.4400816189928	243	LINE	20
268.4400816189928	269.26568444836636	156	FIRST	20
269.26568444836636	269.482	435	THEN	20
269.482	269.7536729008685	154	FILL	20
269.7536729008685	270.002	433	THE	20
270.002	270.192	217	IN	20
270.192	270.342	433	THE	20
270.342	270.9097619693156	222	INTERIOR	20
281.9233434164347	281.97745681226587	433	THE	21
281.97745681226587	282.29598168321166	474	WATER	21
282.29598168321166	282.7376717748947	103	CONTAINED	21
282.7376717748947	282.8763032097114	447	TOO	21
282.8763032097114	283.1927865610755	268	MUCH	21
283.1927865610755	283.642	90	CHLORINE	21
283.642	283.75838553272166	20	AND	21
283.75838553272166	284.0701535146184	408	STUNG	21
284.0701535146184	284.2341402455594	208	HIS	21
284.2341402455594	284.77728880477474	149	EYES	21
296.04108515614627	296.39824156523235	229	JOHN'S	22
296.39824156523235	296.72328989042194	66	BROTHER	22
296.72328989042194	297.30148711193874	362	REPAINTED	22
297.30148711193874	297.372	433	THE	22
297.372	297.79191474194187	173	GARAGE	22
297.79191474194187	298.152	129	DOOR	22
306.064925218281	306.4878036219257	84	CHALLENGE	23
306.4878036219257	306.792	132	EACH	23
306.792	307.232	175	GENERAL'S	23
307.232	308.08871909849626	221	INTELLIGENCE	23
315.8509057130952	316.6539801819134	17	AMBIDEXTROUS	24
316.6539801819134	317.342	326	PICKPOCKETS	24
317.342	317.8860190264878	6	ACCOMPLISH	24
317.8860190264878	318.202	266	MORE	24
328.9847057528539	329.022	1	A	25
329.022	329.561911715018	270	MUSCULAR	25
329.561911715018	330.2072713771916	2	ABDOMEN	25
330.2072713771916	330.45897256645765	224	IS	25
330.45897256645765	330.5875065998043	189	GOOD	25
330.5875065998043	330.792	161	FOR	25
330.792	330.94415271648546	495	YOUR	25
330.94415271648546	331.4088061640523	43	BACK	25
339.827902326104	339.972	437	THEY	26
339.972	340.1139677061259	316	OWN	26
340.1139677061259	340.2210173294675	1	A	26
340.2210173294675	340.39664601111207	52	BIG	26
340.39664601111207	340.762	209	HOUSE	26
340.762	340.86715734968317	217	IN	26
340.86715734968317	340.93771926591944	433	THE	26
340.93771926591944	341.2949727211109	360	REMOTE	26
341.2949727211109	341.972	109	COUNTRYSIDE	26
350.1398044302676	350.202	433	THE	27
350.202	350.732	368	ROSE	27
350.732	351.372	106	CORSAGE	27
351.372	351.7622828541881	392	SMELLED	27
351.7622828541881	352.13489192855036	420	SWEET	27
359.588118782911	359.7724094551828	432	THAT	28
359.7724094551828	360.22858538982734	325	PICKPOCKET	28
360.22858538982734	360.44617708161564	471	WAS	28
360.44617708161564	360.65753205185	80	CAUGHT	28
360.65753205185	360.892	355	RED	28
360.892	361.27953687710425	199	HANDED	28
373.0063048136766	373.22308674595484	19	AN	29
373.22308674595484	373.542	9	ADULT	29
373.542	373.7896371905013	254	MALE	29
373.7896371905013	374.2091511553311	88888	BAL	29
374.2091511553311	374.5024503169886	99999	sp	29
374.5024503169886	375.0935005113291	42	BABOON'S	29
375.0935005113291	375.332	429	TEETH	29
375.332	375.41172940925065	30	ARE	29
375.41172940925065	375.63190157466676	284	NOT	29
375.63190157466676	376.102	414	SUITABLE	29
376.102	376.3392055113763	161	FOR	29
376.3392055113763	376.6401909224032	135	EATING	29
376.6401909224032	377.312	375	SHELLFISH	29
390.456957205023	390.592	204	HER	30
390.592	390.992	469	WARDROBE	30
390.992	391.4262207968674	102	CONSISTS	30
391.4262207968674	391.512	293	OF	30
391.512	391.778206666481	297	ONLY	30
391.778206666481	392.182	384	SKIRTS	30
392.182	392.292	20	AND	30
392.292	392.922	54	BLOUSES	30
401.1167575384017	401.2469424774298	433	THE	31
401.2469424774298	401.392	452	TWO	31
401.392	401.8246178439845	33	ARTISTS	31
401.8246178439845	402.2870393611964	147	EXCHANGED	31
402.2870393611964	403.112	39	AUTOGRAPHS	31
412.38326617296934	412.90371421636246	71	BUTTERSCOTCH	32
412.90371421636246	413.3287786348437	169	FUDGE	32
413.3287786348437	413.572	186	GOES	32
413.572	413.842	480	WELL	32
413.842	414.044659286121	486	WITH	32
414.044659286121	414.62320860798826	462	VANILLA	32
414.62320860798826	414.87593264348374	212	ICE	32
414.87593264348374	415.33370189086287	112	CREAM	32
423.202	423.4764349602727	99999	sp	33
423.4764349602727	423.7653140321098	365	RICH	33
423.7653140321098	424.142	348	PURCHASED	33
424.142	424.4752588378759	373	SEVERAL	33
424.4752588378759	424.86043594503894	381	SIGNED	33
424.86043594503894	425.762	244	LITHOGRAPHS	33
433.1396893768291	433.3808716548553	24	ANY	34
433.3808716548553	434.062	105	CONTRIBUTIONS	34
434.062	434.172	484	WILL	34
434.172	434.3585221529319	47	BE	34
434.3585221529319	434.682	195	GREATLY	34
434.682	435.31032992803824	28	APPRECIATED	34
444.23984726703145	444.3918459821746	433	THE	35
444.3918459821746	444.8735377101625	111	CRANBERRY	35
444.8735377101625	445.3478032555184	57	BOG	35
445.3478032555184	445.572	178	GETS	35
445.572	445.9054880119651	464	VERY	35
445.9054880119651	446.1589579242126	339	PRETTY	35
446.1589579242126	446.252	217	IN	35
446.252	446.582	40	AUTUMN	35
454.93019955369186	455.0480932524249	210	HOW	36
455.0480932524249	455.202	128	DO	36
455.202	455.6659203731074	317	OYSTERS	36
455.6659203731074	455.9226492372621	252	MAKE	36
455.9226492372621	456.442	319	PEARLS	36
464.0248541216988	464.19139029134516	256	MAY	37
464.19139029134516	464.282	211	I	37
464.282	464.5905663666794	303	ORDER	37
464.5905663666794	464.65323730063295	1	A	37
464.65323730063295	465.142	318	PARFAIT	37
465.142	465.422	10	AFTER	37
465.422	465.722	88888	WHY	37
465.722	465.88998674453893	134	EAT	37
465.88998674453893	466.242	124	DINNER	37
474.65400557217947	474.732	224	IS	38
474.732	474.935367176166	374	SHE	38
474.935367176166	475.152	187	GOING	38
475.152	475.3799715975597	486	WITH	38
475.3799715975597	475.5339241733259	494	YOU	38
482.99194121939234	483.222	76	CAN	39
483.222	483.30087825607427	433	THE	39
483.30087825607427	484.032	11	AGENCY	39
484.032	484.71078036771723	314	OVERTHROW	39
484.71078036771723	485.162	13	ALIEN	39
485.162	485.812	162	FORCES	39
496.1463019363498	496.202	1	A	40
496.202	496.76434500096883	370	SCREWDRIVER	40
496.76434500096883	496.8568840140234	224	IS	40
496.8568840140234	497.06520582247447	251	MADE	40
497.06520582247447	497.292	166	FROM	40
497.292	497.6909502174183	468	VODKA	40
497.6909502174183	497.79559112581074	20	AND	40
497.79559112581074	498.122	302	ORANGE	40
498.122	498.572	230	JUICE	40
507.09749831025005	507.242	210	HOW	41
507.242	507.642	268	MUCH	41
507.642	508.22045603483457	16	ALLOWANCE	41
508.22045603483457	508.322	128	DO	41
508.322	508.432	494	YOU	41
508.432	508.59915002445194	177	GET	41
517.3146145594447	517.9213398264542	115	CYCLICAL	42
517.9213398264542	518.442	345	PROGRAMS	42
518.442	518.542	484	WILL	42
518.542	518.857516208926	280	NEVER	42
518.857516208926	519.3771379937666	100	COMPILE	42
527.232	527.6355840765143	61	BOSTON	43
527.6355840765143	528.122	45	BALLET	43
528.122	528.632	311	OVERCAME	43
528.632	528.742	434	THEIR	43
528.742	529.0985819863844	170	FUNDING	43
529.0985819863844	529.742	379	SHORTAGE	43
537.8642975317764	538.168530661098	145	EVERY	44
538.168530661098	538.502	74	CAB	44
538.502	538.7939262286275	279	NEEDS	44
538.7939262286275	539.322	363	REPAINTING	44
539.322	539.772	295	OFTEN	44
546.7613355467724	547.0457456334352	203	HELP	45
547.0457456334352	547.3644069065026	196	GREG	45
547.3644069065026	547.5106101843518	445	TO	45
547.5106101843518	547.6996301103098	324	PICK	45
547.6996301103098	547.8140255910898	1	A	45
547.8140255910898	548.032	320	PECK	45
548.032	548.1939095398445	293	OF	45
548.1939095398445	548.8534895308296	337	POTATOES	45
556.8075202518534	556.902	475	WE	46
556.902	557.178183716415	240	LIKE	46
557.178183716415	557.3736579813082	55	BLUE	46
557.3736579813082	557.8961186847723	88	CHEESE	46
557.8961186847723	558.0454905287002	70	BUT	46
558.0454905287002	558.3900252374041	465	VICTOR	46
558.3900252374041	558.6752231276347	241	LIKES	46
558.6752231276347	558.7616270442649	99999	sp	46
558.7616270442649	559.087644747913	64	BRIE	46
567.4606417022333	567.7409807380858	108	COUNT	47
567.7409807380858	567.812	433	THE	47
567.812	568.0800267106565	288	NUMBER	47
568.0800267106565	568.1436501359475	293	OF	47
568.1436501359475	568.6003443120088	428	TEASPOONS	47
568.6003443120088	568.6812700608848	293	OF	47
568.6812700608848	569.242	394	SOYSAUCE	47
569.242	569.3461920451872	432	THAT	47
569.3461920451872	569.492	494	YOU	47
569.492	569.7514867009781	7	ADD	47
577.5209902664969	578.0022715884403	44	BAGPIPES	48
578.0022715884403	578.142	20	AND	48
578.142	578.6834985662896	59	BONGOS	48
578.6834985662896	578.792	30	ARE	48
578.792	579.34351565762	272	MUSICAL	48
579.34351565762	580.0796208329488	220	INSTRUMENTS	48
588.3089611107474	588.472	210	HOW	49
588.472	588.692	189	GOOD	49
588.692	588.8262680832148	224	IS	49
588.8262680832148	588.952	495	YOUR	49
588.952	589.6441799654501	138	ENDURANCE	49
613.6705787440239	613.7567506920535	30	ARE	0
613.7567506920535	613.9482161861306	495	YOUR	0
613.9482161861306	614.202	192	GRADES	0
614.202	614.5237040155981	206	HIGHER	0
614.5237040155981	614.572	301	OR	0
614.572	614.962	250	LOWER	0
614.962	615.122	431	THAN	0
615.122	615.792	274	NANCY'S	0
624.0691567996226	624.262	374	SHE	1
624.262	624.522	489	WORE	1
624.522	624.842	470	WARM	1
624.842	625.282	158	FLEECY	1
625.282	625.672	488	WOOLEN	1
625.672	626.462	310	OVERALLS	1
633.5844550863965	633.882	353	READING	2
633.882	634.0091539542545	217	IN	2
634.0091539542545	634.2269232653563	334	POOR	2
634.2269232653563	634.523451459443	239	LIGHT	2
634.523451459443	634.712	181	GIVES	2
634.712	634.902	494	YOU	2
634.902	634.9617730711612	99999	sp	2
634.9617730711612	635.572	150	EYESTRAIN	2
643.2286628813476	643.4326723072975	142	EVEN	3
643.4326723072975	643.5943401542767	211	I	3
643.5943401542767	644.132	292	OCCASIONALLY	3
644.132	644.302	177	GET	3
644.302	644.382	433	THE	3
644.382	644.7740641038447	264	MONDAY	3
644.7740641038447	645.272	56	BLUES	3
654.0843441691013	654.1805750303984	475	WE	4
654.1805750303984	654.2793720479968	30	ARE	4
654.2793720479968	654.5805162595714	300	OPEN	4
654.5805162595714	654.972	145	EVERY	4
654.972	655.372	264	MONDAY	4
655.372	655.712	143	EVENING	4
663.9857272806205	664.0819581419177	226	IT'S	5
664.0819581419177	664.252	284	NOT	5
664.252	664.542	133	EASY	5
664.542	664.683093137156	445	TO	5
664.683093137156	665.002	113	CREATE	5
665.002	666.0270186662158	88888	ILLUMINATY	5
666.0270186662158	667.062	146	EXAMPLES	5
677.6107222839122	677.9834564177808	269	MUM	6
677.9834564177808	678.3847990687328	406	STRONGLY	6
678.3847990687328	678.8670030700337	126	DISLIKES	6
678.8670030700337	679.712	27	APPETIZERS	6
687.6543746076744	687.852	442	THOSE	7
687.852	687.922	483	WHO	7
687.922	688.202	426	TEACH	7
688.202	688.682	461	VALUES	7
688.682	689.0059624587808	156	FIRST	7
689.0059624587808	689.491826532718	4	ABOLISH	7
689.491826532718	689.5354511898395	99999	sp	7
689.5354511898395	689.872	87	CHEATING	7
696.3328316576552	696.3995517214879	433	THE	8
696.3995517214879	696.732	165	FRIGHTENED	8
696.732	697.062	89	CHILD	8
697.062	697.232	471	WAS	8
697.232	697.2656029091881	99999	sp	8
697.2656029091881	697.597893586227	176	GENTLY	8
697.597893586227	698.1187701874342	409	SUBDUED	8
698.1187701874342	698.222	73	BY	8
698.222	698.392	208	HIS	8
698.392	698.552	52	BIG	8
698.552	699.002	66	BROTHER	8
707.2088971353515	707.4026419360965	142	EVEN	9
707.4026419360965	707.462	1	A	9
707.462	707.872	382	SIMPLE	9
707.872	708.5988261292651	467	VOCABULARY	9
708.5988261292651	709.112	104	CONTAINS	9
709.112	709.732	421	SYMBOLS	9
717.3883223016308	717.5278308509794	1	A	10
717.5278308509794	717.8518132021914	110	CRAB	10
717.8518132021914	718.322	85	CHALLENGED	10
718.322	718.522	257	ME	10
718.522	718.8669344843463	99999	sp	10
718.8669344843463	718.9554668767397	70	BUT	10
718.9554668767397	719.0831498092541	1	A	10
719.0831498092541	719.272	349	QUICK	10
719.272	719.8530332625969	401	STAB	10
719.8530332625969	720.452	463	VANQUISHED	10
720.452	720.602	207	HIM	10
728.748827071245	729.1558521138074	183	GLUCOSE	11
729.1558521138074	729.2023605283329	20	AND	11
729.2023605283329	729.692	167	FRUCTOSE	11
729.692	729.762	30	ARE	11
729.762	730.169489169475	275	NATURAL	11
730.169489169475	730.7719999999999	413	SUGARS	11
730.7719999999999	731.112	163	FOUND	11
731.112	731.1928283635705	217	IN	11
731.1928283635705	731.5219999999999	168	FRUIT	11
739.7334843104347	739.8072613040958	30	ARE	12
739.8072613040958	739.972	494	YOU	12
739.972	740.182	249	LOOKING	12
740.182	740.362	161	FOR	12
740.362	740.8282359262828	136	EMPLOYMENT	12
750.8340920767259	751.1381815984249	98	COFFEE	13
751.1381815984249	751.2827341341392	224	IS	13
751.2827341341392	751.5077081058059	198	GROWN	13
751.5077081058059	751.6220000000001	296	ON	13
751.6220000000001	752.2063728835079	403	STEEP	13
752.2063728835079	752.3865006628646	99999	sp	13
752.3865006628646	752.822	88888	JUNGLE	13
752.822	752.9736690602815	240	LIKE	13
752.9736690602815	753.576963509686	389	SLOPES	13
753.576963509686	753.7139578688183	217	IN	13
753.7139578688183	754.2280424779512	430	TEMPERATE	13
754.2280424779512	754.832	496	ZONES	13
765.3583878438283	765.462	475	WE	14
765.462	765.802	479	WELCOME	14
765.802	766.102	255	MANY	14
766.102	766.301888272389	281	NEW	14
766.301888272389	766.752	407	STUDENTS	14
766.752	766.9888682054436	132	EACH	14
766.9888682054436	767.2719999999999	490	YEAR	14
781.4287816611616	781.6066448659443	297	ONLY	15
781.6066448659443	781.722	433	THE	15
781.722	782.0431843220233	51	BEST	15
782.0431843220233	782.4010849973504	329	PLAYERS	15
782.4010849973504	782.7359645800959	139	ENJOY	15
782.7359645800959	783.452	335	POPULARITY	15
792.8681418088566	793.2719999999999	75	CALCIUM	16
793.2719999999999	793.5039284942236	253	MAKES	16
793.5039284942236	793.5864523914001	99999	sp	16
793.5864523914001	794.0149169788062	58	BONES	16
794.0149169788062	794.3101733875952	20	AND	16
794.3101733875952	794.582	429	TEETH	16
794.582	795.0219999999999	405	STRONG	16
803.4536112865976	803.822	285	NOTHING	17
803.822	804.1240270194257	224	IS	17
804.1240270194257	804.462	34	AS	17
804.462	805.2212858757105	294	OFFENSIVE	17
805.2212858757105	805.2700428454343	99999	sp	17
805.2700428454343	805.482	34	AS	17
805.482	806.212	219	INNOCENCE	17
813.902	814.2207601819571	404	STEVE	18
814.2207601819571	814.462	489	WORE	18
814.462	814.492	1	A	18
814.492	814.762	65	BRIGHT	18
814.762	815.0252380902386	355	RED	18
815.0252380902386	815.7029439951164	78	CASHMERE	18
815.7029439951164	816.842	419	SWEATER	18
827.8397543605025	828.1758299417579	46	BARB'S	19
828.1758299417579	828.4317736228562	188	GOLD	19
828.4317736228562	828.842	63	BRACELET	19
828.842	829.0471655648734	471	WAS	19
829.0471655648734	829.102	1	A	19
829.102	829.7513737075207	193	GRADUATION	19
829.7513737075207	830.0874492887759	338	PRESENT	19
837.4903016335179	837.7456341854929	130	DRAW	20
837.7456341854929	838.0933483643132	145	EVERY	20
838.0933483643132	838.4487610120373	307	OUTER	20
838.4487610120373	838.6301130191247	243	LINE	20
838.6301130191247	839.2049474733041	156	FIRST	20
839.2049474733041	839.3601999295302	99999	sp	20
839.3601999295302	839.812	435	THEN	20
839.812	840.102	154	FILL	20
840.102	840.242	217	IN	20
840.242	840.602	433	THE	20
840.602	840.9016302189814	154	FILL	20
840.9016302189814	841.142	217	IN	20
841.142	841.352	433	THE	20
841.352	842.012	222	INTERIOR	20
855.008504386074	855.0872199182918	433	THE	21
855.0872199182918	855.3620000000001	474	WATER	21
855.3620000000001	855.8406778620872	103	CONTAINED	21
855.8406778620872	855.982	447	TOO	21
855.982	856.247298381084	268	MUCH	21
856.247298381084	856.6857086835806	90	CHLORINE	21
856.6857086835806	856.8422442179574	20	AND	21
856.8422442179574	857.172	408	STUNG	21
857.172	857.332	208	HIS	21
857.332	857.8820000000001	149	EYES	21
866.8147717568999	867.1853084759474	229	JOHN'S	22
867.1853084759474	867.432	66	BROTHER	22
867.432	867.972	362	REPAINTED	22
867.972	868.125192731131	433	THE	22
868.125192731131	868.482	173	GARAGE	22
868.482	868.7919999999999	129	DOOR	22
878.9928995154967	879.402	84	CHALLENGE	23
879.402	879.702	132	EACH	23
879.702	880.142	175	GENERAL'S	23
880.142	881.012	221	INTELLIGENCE	23
890.2228029807607	890.9217529361198	17	AMBIDEXTROUS	24
890.9217529361198	891.5676142373568	326	PICKPOCKETS	24
891.5676142373568	892.0870229906867	6	ACCOMPLISH	24
892.0870229906867	892.3041076466527	266	MORE	24
900.6234088883	900.6607567861006	1	A	25
900.6607567861006	901.1320000000001	270	MUSCULAR	25
901.1320000000001	901.652	2	ABDOMEN	25
901.652	901.8714651738305	224	IS	25
901.8714651738305	902.082	189	GOOD	25
902.082	902.2919999999999	161	FOR	25
902.2919999999999	902.392	495	YOUR	25
902.392	902.9583949430069	43	BACK	25
913.0213010391028	913.142	437	THEY	26
913.142	913.2842633689138	316	OWN	26
913.2842633689138	913.342	1	A	26
913.342	913.5226268192498	52	BIG	26
913.5226268192498	914.002	209	HOUSE	26
914.002	914.092	217	IN	26
914.092	914.2012755326625	433	THE	26
914.2012755326625	914.572	360	REMOTE	26
914.572	915.244547879653	109	COUNTRYSIDE	26
924.1712759212676	924.262	433	THE	27
924.262	924.6188219499658	368	ROSE	27
924.6188219499658	925.202	106	CORSAGE	27
925.202	925.5929694838821	392	SMELLED	27
925.5929694838821	925.9145320630621	420	SWEET	27
934.17317285677	934.2957401714143	433	THE	28
934.2957401714143	934.7919999999999	325	PICKPOCKET	28
934.7919999999999	935.0021227160844	471	WAS	28
935.0021227160844	935.2034820087345	80	CAUGHT	28
935.2034820087345	935.5718363849342	355	RED	28
935.5718363849342	936.082	199	HANDED	28
944.8586899378734	945.6319248313755	19	AN	29
945.6319248313755	946.2272031548238	9	ADULT	29
946.2272031548238	946.692	254	MALE	29
946.692	947.272486725974	42	BABOON'S	29
947.272486725974	947.531159568425	429	TEETH	29
947.531159568425	947.662	30	ARE	29
947.662	947.9600407721115	284	NOT	29
947.9600407721115	948.442	414	SUITABLE	29
948.442	948.582	161	FOR	29
948.582	948.852	135	EATING	29
948.852	949.592	375	SHELLFISH	29
957.7919999999999	957.932	204	HER	30
957.932	958.434553820892	469	WARDROBE	30
958.434553820892	958.9141505136389	102	CONSISTS	30
958.9141505136389	958.992	293	OF	30
958.992	959.182	297	ONLY	30
959.182	959.592	384	SKIRTS	30
959.592	959.702	20	AND	30
959.702	960.322	54	BLOUSES	30
972.0279092567039	972.1717419841766	433	THE	31
972.1717419841766	972.365881535268	452	TWO	31
972.365881535268	972.7716556657215	33	ARTISTS	31
972.7716556657215	973.3022079158563	147	EXCHANGED	31
973.3022079158563	974.0419999999999	39	AUTOGRAPHS	31
981.2160743035327	981.7792369425185	71	BUTTERSCOTCH	32
981.7792369425185	982.3209984126222	169	FUDGE	32
982.3209984126222	982.5882729197003	186	GOES	32
982.5882729197003	982.9850994386304	480	WELL	32
982.9850994386304	983.146402773383	99999	sp	32
983.146402773383	983.3720000000001	486	WITH	32
983.3720000000001	983.8720000000001	462	VANILLA	32
983.8720000000001	984.162	212	ICE	32
984.162	984.3720000000001	112	CREAM	32
984.3720000000001	984.8720000000001	99999	sp	32
993.3900279627678	993.6928114874241	365	RICH	33
993.6928114874241	994.052	348	PURCHASED	33
994.052	994.4268307322845	373	SEVERAL	33
994.4268307322845	994.8155831088511	381	SIGNED	33
994.8155831088511	995.652	244	LITHOGRAPHS	33
1003.2639257577092	1003.5253610423133	24	ANY	34
1003.5253610423133	1003.6210650304273	99999	sp	34
1003.6210650304273	1004.312	105	CONTRIBUTIONS	34
1004.312	1004.442	484	WILL	34
1004.442	1004.6638453857986	47	BE	34
1004.6638453857986	1005.0419999999999	195	GREATLY	34
1005.0419999999999	1005.7719999999999	28	APPRECIATED	34
1013.712480356688	1013.8225117996365	433	THE	35
1013.8225117996365	1014.3176526103998	111	CRANBERRY	35
1014.3176526103998	1014.6555849639685	57	BOG	35
1014.6555849639685	1014.8620000000001	178	GETS	35
1014.8620000000001	1015.2174702672432	464	VERY	35
1015.2174702672432	1015.4714138114341	339	PRETTY	35
1015.4714138114341	1015.602	217	IN	35
1015.602	1015.982	40	AUTUMN	35
1024.3211358539133	1024.4868671504034	210	HOW	36
1024.4868671504034	1024.732	128	DO	36
1024.732	1025.3020000000001	317	OYSTERS	36
1025.3020000000001	1025.5520000000001	252	MAKE	36
1025.5520000000001	1026.1242188442075	99999	sp	36
1026.1242188442075	1026.682	319	PEARLS	36
1034.3411111573746	1034.5257084074508	256	MAY	37
1034.5257084074508	1034.6019999999999	211	I	37
1034.6019999999999	1034.8909503832845	303	ORDER	37
1034.8909503832845	1035.015204161137	1	A	37
1035.015204161137	1035.4533301585923	318	PARFAIT	37
1035.4533301585923	1035.812	10	AFTER	37
1035.812	1035.912	211	I	37
1035.912	1036.0720000000001	134	EAT	37
1036.0720000000001	1036.4162611266313	124	DINNER	37
1041.0479545212788	1041.122	224	IS	38
1041.122	1041.292	374	SHE	38
1041.292	1041.512	187	GOING	38
1041.512	1041.7137127173296	486	WITH	38
1041.7137127173296	1041.862	494	YOU	38
1051.7326561009502	1051.882	76	CAN	39
1051.882	1051.942	433	THE	39
1051.942	1052.562	11	AGENCY	39
1052.562	1053.172	314	OVERTHROW	39
1053.172	1053.5749121193717	13	ALIEN	39
1053.5749121193717	1054.212	162	FORCES	39
1065.477248228296	1065.5659494855727	1	A	40
1065.5659494855727	1066.1898889261413	88888	SHREWDRIVER	40
1066.1898889261413	1066.312	224	IS	40
1066.312	1066.502	251	MADE	40
1066.502	1066.682	166	FROM	40
1066.682	1067.1270282789258	468	VODKA	40
1067.1270282789258	1067.212	20	AND	40
1067.212	1067.472	302	ORANGE	40
1067.472	1067.952	230	JUICE	40
1076.707245401809	1076.7982809026978	210	HOW	41
1076.7982809026978	1077.0100150228395	268	MUCH	41
1077.0100150228395	1077.44043655376	16	ALLOWANCE	41
1077.44043655376	1077.512	128	DO	41
1077.512	1077.632	494	YOU	41
1077.632	1077.820336218661	177	GET	41
1086.0325335202251	1086.6525176701643	115	CYCLICAL	42
1086.6525176701643	1087.162	345	PROGRAMS	42
1087.162	1087.282	484	WILL	42
1087.282	1087.692	280	NEVER	42
1087.692	1088.262	100	COMPILE	42
1097.6356502206027	1097.7266857214918	433	THE	43
1097.7266857214918	1098.0720000000001	61	BOSTON	43
1098.0720000000001	1098.422	45	BALLET	43
1098.422	1098.912	311	OVERCAME	43
1098.912	1099.0520000000001	434	THEIR	43
1099.0520000000001	1099.3519999999999	170	FUNDING	43
1099.3519999999999	1099.992	379	SHORTAGE	43
1110.4608097675805	1110.7760721301997	145	EVERY	44
1110.7760721301997	1111.172	110	CRAB	44
1111.172	1111.922	279	NEEDS	44
1111.922	1112.062	99999	sp	44
1112.062	1112.152	88888	OH	44
1112.152	1112.4896323396915	88888	JEEZ	44
1112.4896323396915	1112.780212452867	145	EVERY	44
1112.780212452867	1113.092	74	CAB	44
1113.092	1113.3519999999999	279	NEEDS	44
1113.3519999999999	1113.7820000000002	363	REPAINTING	44
1113.7820000000002	1114.192	295	OFTEN	44
1122.2795838322388	1122.5165095589114	203	HELP	45
1122.5165095589114	1122.5877039890938	99999	sp	45
1122.5877039890938	1122.9213737757643	196	GREG	45
1122.9213737757643	1123.1251445883322	445	TO	45
1123.1251445883322	1123.310911210774	324	PICK	45
1123.310911210774	1123.4486563322655	1	A	45
1123.4486563322655	1123.762	320	PECK	45
1123.762	1124.094055146826	293	OF	45
1124.094055146826	1124.732	337	POTATOES	45
1132.672865178392	1132.7825746281812	475	WE	46
1132.7825746281812	1133.0674772964608	240	LIKE	46
1133.0674772964608	1133.3800280164896	55	BLUE	46
1133.3800280164896	1134.0900531945051	88	CHEESE	46
1134.0900531945051	1134.2148347146308	99999	sp	46
1134.2148347146308	1134.412	70	BUT	46
1134.412	1134.9756635845047	465	VICTOR	46
1134.9756635845047	1135.3008107845092	241	LIKES	46
1135.3008107845092	1135.4658547431375	64	BRIE	46
1149.8097278578855	1149.9944068536688	108	COUNT	47
1149.9944068536688	1150.06910264927	433	THE	47
1150.06910264927	1150.3151299875003	288	NUMBER	47
1150.3151299875003	1150.4401891678965	293	OF	47
1150.4401891678965	1150.8982825924286	428	TEASPOONS	47
1150.8982825924286	1150.982	293	OF	47
1150.982	1151.562	394	SOYSAUCE	47
1151.562	1151.702	432	THAT	47
1151.702	1151.812	494	YOU	47
1151.812	1152.1219999999998	7	ADD	47
1163.853088202974	1164.3541729879985	44	BAGPIPES	48
1164.3541729879985	1164.5562420492843	20	AND	48
1164.5562420492843	1164.658292840352	99999	sp	48
1164.658292840352	1165.4108362966867	59	BONGOS	48
1165.4108362966867	1165.6019999999999	30	ARE	48
1165.6019999999999	1166.2269614561194	272	MUSICAL	48
1166.2269614561194	1167.0802064595405	220	INSTRUMENTS	48
1175.2319347389098	1175.392997548175	210	HOW	49
1175.392997548175	1175.5720000000001	189	GOOD	49
1175.5720000000001	1175.732	224	IS	49
1175.732	1175.932	495	YOUR	49
1175.932	1176.522	138	ENDURANCE	49
1198.0283763418527	1198.1026254679552	30	ARE	0
1198.1026254679552	1198.2198034273745	495	YOUR	0
1198.2198034273745	1198.469413548995	192	GRADES	0
1198.469413548995	1198.822	206	HIGHER	0
1198.822	1198.852	301	OR	0
1198.852	1199.1876770700708	250	LOWER	0
1199.1876770700708	1199.352	431	THAN	0
1199.352	1199.9828783525231	274	NANCY'S	0
1208.4308926287874	1208.602	374	SHE	1
1208.602	1208.8331607002146	489	WORE	1
1208.8331607002146	1209.2358185187522	470	WARM	1
1209.2358185187522	1209.9139849461633	158	FLEECY	1
1209.9139849461633	1210.446420719006	488	WOOLEN	1
1210.446420719006	1211.1511347905694	310	OVERALLS	1
1219.0183926367672	1219.2712680654329	353	READING	2
1219.2712680654329	1219.445161098351	217	IN	2
1219.445161098351	1219.662	334	POOR	2
1219.662	1220.0081431157587	239	LIGHT	2
1220.0081431157587	1220.2484425241414	181	GIVES	2
1220.2484425241414	1220.3671888940212	494	YOU	2
1220.3671888940212	1220.9098868021115	150	EYESTRAIN	2
1229.1356151205316	1229.3473910039042	142	EVEN	3
1229.3473910039042	1229.582	211	I	3
1229.582	1230.2269095171923	292	OCCASIONALLY	3
1230.2269095171923	1230.3914319552543	177	GET	3
1230.3914319552543	1230.452	433	THE	3
1230.452	1230.8431535759555	264	MONDAY	3
1230.8431535759555	1231.270201384197	56	BLUES	3
1239.6907389804073	1239.7647471450957	475	WE	4
1239.7647471450957	1239.862	30	ARE	4
1239.862	1240.1191715668144	300	OPEN	4
1240.1191715668144	1240.4641047226976	145	EVERY	4
1240.4641047226976	1240.813932242962	264	MONDAY	4
1240.813932242962	1241.164487374667	143	EVENING	4
1247.9919824638587	1248.172	226	IT'S	5
1248.172	1248.3532600863075	284	NOT	5
1248.3532600863075	1248.622	133	EASY	5
1248.622	1248.7804110663542	445	TO	5
1248.7804110663542	1249.1098035563452	113	CREATE	5
1249.1098035563452	1249.812	215	ILLUMINATING	5
1249.812	1250.6381092888632	146	EXAMPLES	5
1266.7550407003605	1266.912	269	MUM	6
1266.912	1267.3088768047148	406	STRONGLY	6
1267.3088768047148	1267.7488387464598	126	DISLIKES	6
1267.7488387464598	1268.63701474942	27	APPETIZERS	6
1284.6036844290102	1284.8156566965135	442	THOSE	7
1284.8156566965135	1284.8878568574974	483	WHO	7
1284.8878568574974	1285.105382983538	426	TEACH	7
1285.105382983538	1285.5877731530957	461	VALUES	7
1285.5877731530957	1285.872	156	FIRST	7
1285.872	1286.3308901483772	4	ABOLISH	7
1286.3308901483772	1286.5762081272017	87	CHEATING	7
1293.962093666868	1294.003376356528	433	THE	8
1294.003376356528	1294.3010880608074	165	FRIGHTENED	8
1294.3010880608074	1294.632	89	CHILD	8
1294.632	1294.8227185992266	471	WAS	8
1294.8227185992266	1295.0720000000001	176	GENTLY	8
1295.0720000000001	1295.6867991207646	409	SUBDUED	8
1295.6867991207646	1295.802	73	BY	8
1295.802	1296.0314353442905	208	HIS	8
1296.0314353442905	1296.4272907055977	52	BIG	8
1296.4272907055977	1296.5570182089352	99999	sp	8
1296.5570182089352	1296.899879999	66	BROTHER	8
1305.25310917993	1305.442	142	EVEN	9
1305.442	1305.4826730568038	1	A	9
1305.4826730568038	1306.012	382	SIMPLE	9
1306.012	1307.034990382573	467	VOCABULARY	9
1307.034990382573	1307.6858161889518	104	CONTAINS	9
1307.6858161889518	1308.452	421	SYMBOLS	9
1316.476956370643	1316.6203746717938	1	A	10
1316.6203746717938	1316.9674053539636	110	CRAB	10
1316.9674053539636	1317.4821034969439	85	CHALLENGED	10
1317.4821034969439	1317.6447234711761	257	ME	10
1317.6447234711761	1318.1878374914963	99999	sp	10
1318.1878374914963	1318.2852631027165	70	BUT	10
1318.2852631027165	1318.420786799066	1	A	10
1318.420786799066	1318.6242327577231	349	QUICK	10
1318.6242327577231	1319.192	401	STAB	10
1319.192	1319.6981244091883	463	VANQUISHED	10
1319.6981244091883	1319.872	207	HIM	10
1328.8238919292355	1329.2217431774995	183	GLUCOSE	11
1329.2217431774995	1329.2821297304138	20	AND	11
1329.2821297304138	1329.7961481732011	167	FRUCTOSE	11
1329.7961481732011	1329.872	30	ARE	11
1329.872	1330.352	275	NATURAL	11
1330.352	1331.052	413	SUGARS	11
1331.052	1331.3219125002859	163	FOUND	11
1331.3219125002859	1331.4017609756368	217	IN	11
1331.4017609756368	1331.7036709736074	168	FRUIT	11
1339.7837840205934	1339.8710787443854	30	ARE	12
1339.8710787443854	1339.9952158587091	494	YOU	12
1339.9952158587091	1340.2913549217	249	LOOKING	12
1340.2913549217	1340.4902542923658	161	FOR	12
1340.4902542923658	1340.862593406409	136	EMPLOYMENT	12
1346.805554195437	1347.0876004929253	98	COFFEE	13
1347.0876004929253	1347.1975985489457	224	IS	13
1347.1975985489457	1347.402	198	GROWN	13
1347.402	1347.5391413797104	296	ON	13
1347.5391413797104	1348.4269601124206	403	STEEP	13
1348.4269601124206	1348.922	88888	JUNGLE	13
1348.922	1349.092	240	LIKE	13
1349.092	1349.755808014274	389	SLOPES	13
1349.755808014274	1350.131768047958	217	IN	13
1350.131768047958	1350.578645721433	430	TEMPERATE	13
1350.578645721433	1351.122	496	ZONES	13
1360.1883164525846	1360.282	475	WE	14
1360.282	1360.622	479	WELCOME	14
1360.622	1360.942	255	MANY	14
1360.942	1361.1067830157247	281	NEW	14
1361.1067830157247	1361.5720000000001	407	STUDENTS	14
1361.5720000000001	1361.7858640647735	132	EACH	14
1361.7858640647735	1362.0022847222551	490	YEAR	14
1369.3944092894315	1369.6044151928763	297	ONLY	15
1369.6044151928763	1369.7275711972693	433	THE	15
1369.7275711972693	1369.9888327788428	51	BEST	15
1369.9888327788428	1370.49204022673	329	PLAYERS	15
1370.49204022673	1370.9239967436329	139	ENJOY	15
1370.9239967436329	1371.6112333794017	335	POPULARITY	15
1379.4172232838619	1379.8489430164304	75	CALCIUM	16
1379.8489430164304	1380.1814689676096	253	MAKES	16
1380.1814689676096	1380.5050539019965	58	BONES	16
1380.5050539019965	1380.7748227721381	20	AND	16
1380.7748227721381	1381.1354309776966	429	TEETH	16
1381.1354309776966	1381.542	405	STRONG	16
1391.9397546366542	1392.212	285	NOTHING	17
1392.212	1392.5170727052569	224	IS	17
1392.5170727052569	1392.812	34	AS	17
1392.812	1393.5415207067572	294	OFFENSIVE	17
1393.5415207067572	1393.6599276625734	34	AS	17
1393.6599276625734	1394.362	219	INNOCENCE	17
1404.292	1404.5720000000001	404	STEVE	18
1404.5720000000001	1404.7805625952024	489	WORE	18
1404.7805625952024	1404.8821543028184	1	A	18
1404.8821543028184	1405.1729190258388	65	BRIGHT	18
1405.1729190258388	1406.0513677901013	355	RED	18
1406.0513677901013	1406.7341585691959	78	CASHMERE	18
1406.7341585691959	1407.417123156853	419	SWEATER	18
1416.3401908315088	1416.6651465939613	46	BARB'S	19
1416.6651465939613	1416.962	184	GO	19
1416.962	1417.611852830217	99999	sp	19
1417.611852830217	1418.086286050629	63	BRACELET	19
1418.086286050629	1418.246228962672	471	WAS	19
1418.246228962672	1418.3899305989892	1	A	19
1418.3899305989892	1419.0871713711097	193	GRADUATION	19
1419.0871713711097	1419.402	338	PRESENT	19
1427.8949392039679	1428.0581519896016	130	DRAW	20
1428.0581519896016	1428.432	145	EVERY	20
1428.432	1428.7583897643276	307	OUTER	20
1428.7583897643276	1428.9508743959052	243	LINE	20
1428.9508743959052	1429.432	156	FIRST	20
1429.432	1429.892	435	THEN	20
1429.892	1430.1779094609008	154	FILL	20
1430.1779094609008	1430.3266427000226	433	THE	20
1430.3266427000226	1430.6337753473113	217	IN	20
1430.6337753473113	1431.039025732939	433	THE	20
1431.039025732939	1431.8194287909046	222	INTERIOR	20
1441.9958960156928	1442.066841479705	433	THE	21
1442.066841479705	1442.3370380341353	474	WATER	21
1442.3370380341353	1442.7226945881407	103	CONTAINED	21
1442.7226945881407	1442.9292299085728	447	TOO	21
1442.9292299085728	1443.2043502506851	268	MUCH	21
1443.2043502506851	1443.752	90	CHLORINE	21
1443.752	1443.9865844776064	20	AND	21
1443.9865844776064	1444.402	408	STUNG	21
1444.402	1444.586075457143	208	HIS	21
1444.586075457143	1445.142	149	EYES	21
1454.0898715397768	1454.4541686325283	229	JOHN'S	22
1454.4541686325283	1454.8303523485702	66	BROTHER	22
1454.8303523485702	1455.3768977528537	362	REPAINTED	22
1455.3768977528537	1455.5077611217027	433	THE	22
1455.5077611217027	1455.8717161695247	173	GARAGE	22
1455.8717161695247	1456.152	129	DOOR	22
1464.8816420935432	1465.2708478026204	84	CHALLENGE	23
1465.2708478026204	1465.5980062247436	132	EACH	23
1465.5980062247436	1466.062	175	GENERAL'S	23
1466.062	1466.902	221	INTELLIGENCE	23
1474.5859727067636	1475.3042745869898	17	AMBIDEXTROUS	24
1475.3042745869898	1475.865160719147	326	PICKPOCKETS	24
1475.865160719147	1476.5956883653112	6	ACCOMPLISH	24
1476.5956883653112	1476.9681355755392	266	MORE	24
1484.0144692555548	1484.0819999999999	1	A	25
1484.0819999999999	1484.562	270	MUSCULAR	25
1484.562	1485.152844009646	2	ABDOMEN	25
1485.152844009646	1485.351626903404	224	IS	25
1485.351626903404	1485.4418325116972	189	GOOD	25
1485.4418325116972	1485.632	161	FOR	25
1485.632	1485.7883362029515	495	YOUR	25
1485.7883362029515	1486.2397598026382	43	BACK	25
1496.3430453705653	1496.562	437	THEY	26
1496.562	1496.8234638793006	316	OWN	26
1496.8234638793006	1496.9209437766137	1	A	26
1496.9209437766137	1497.0520000000001	52	BIG	26
1497.0520000000001	1497.5763942122437	209	HOUSE	26
1497.5763942122437	1497.722	217	IN	26
1497.722	1497.8230831220799	433	THE	26
1497.8230831220799	1498.400164114175	360	REMOTE	26
1498.400164114175	1499.0897953640606	109	COUNTRYSIDE	26
1510.4958501245906	1510.557262459898	433	THE	27
1510.557262459898	1510.862	368	ROSE	27
1510.862	1511.3376114957102	106	CORSAGE	27
1511.3376114957102	1511.792	392	SMELLED	27
1511.792	1512.624817460834	420	SWEET	27
1519.7194368455894	1519.8663381936744	433	THE	28
1519.8663381936744	1520.1019999999999	88888	PIT	28
1520.1019999999999	1520.575096541635	99999	sp	28
1520.575096541635	1520.7592882319263	432	THAT	28
1520.7592882319263	1521.2383073699166	325	PICKPOCKET	28
1521.2383073699166	1521.4322461545942	471	WAS	28
1521.4322461545942	1521.6008648325428	80	CAUGHT	28
1521.6008648325428	1521.8478541367958	355	RED	28
1521.8478541367958	1522.2252137364505	199	HANDED	28
1530.2548391119612	1530.3757247221415	19	AN	29
1530.3757247221415	1530.6844613524581	9	ADULT	29
1530.6844613524581	1531.030734260419	254	MALE	29
1531.030734260419	1531.5477330571184	42	BABOON'S	29
1531.5477330571184	1531.7863698102935	429	TEETH	29
1531.7863698102935	1531.942	30	ARE	29
1531.942	1532.1728698397606	284	NOT	29
1532.1728698397606	1532.6094143934479	414	SUITABLE	29
1532.6094143934479	1532.782	161	FOR	29
1532.782	1533.0616131988131	135	EATING	29
1533.0616131988131	1533.7103131608872	375	SHELLFISH	29
1544.1325228227686	1544.292	204	HER	30
1544.292	1544.750673056304	469	WARDROBE	30
1544.750673056304	1545.243606842415	102	CONSISTS	30
1545.243606842415	1545.3445831375045	293	OF	30
1545.3445831375045	1545.6019999999999	297	ONLY	30
1545.6019999999999	1546.0214280318328	384	SKIRTS	30
1546.0214280318328	1546.1644174796415	20	AND	30
1546.1644174796415	1546.8950541023635	54	BLOUSES	30
1555.1503416750115	1555.222	433	THE	31
1555.222	1555.382	452	TWO	31
1555.382	1555.7992716111862	33	ARTISTS	31
1555.7992716111862	1556.2632187264212	147	EXCHANGED	31
1556.2632187264212	1557.022	39	AUTOGRAPHS	31
1563.4306926542213	1563.932	71	BUTTERSCOTCH	32
1563.932	1564.2224079927282	169	FUDGE	32
1564.2224079927282	1564.472	186	GOES	32
1564.472	1564.972	480	WELL	32
1564.972	1565.162	486	WITH	32
1565.162	1565.9672703934405	462	VANILLA	32
1565.9672703934405	1566.2889025067955	212	ICE	32
1566.2889025067955	1566.5657389144085	112	CREAM	32
1574.6083048787002	1574.8282934075467	365	RICH	33
1574.8282934075467	1575.192	348	PURCHASED	33
1575.192	1575.6044951065087	373	SEVERAL	33
1575.6044951065087	1576.0720000000001	381	SIGNED	33
1576.0720000000001	1576.8838721060401	244	LITHOGRAPHS	33
1583.999402566054	1584.233454639606	24	ANY	34
1584.233454639606	1584.922	105	CONTRIBUTIONS	34
1584.922	1585.056550152026	484	WILL	34
1585.056550152026	1585.2245382996286	47	BE	34
1585.2245382996286	1585.562	195	GREATLY	34
1585.562	1586.1504190060155	28	APPRECIATED	34
1594.0506668355847	1594.1475773906982	433	THE	35
1594.1475773906982	1594.6469193895514	111	CRANBERRY	35
1594.6469193895514	1594.9481158418905	57	BOG	35
1594.9481158418905	1595.152	178	GETS	35
1595.152	1595.4494765157247	464	VERY	35
1595.4494765157247	1595.7004954497445	339	PRETTY	35
1595.7004954497445	1595.8220000000001	217	IN	35
1595.8220000000001	1596.098730440791	40	AUTUMN	35
1603.2536953404979	1603.4131897320103	210	HOW	36
1603.4131897320103	1603.5720000000001	128	DO	36
1603.5720000000001	1603.932	317	OYSTERS	36
1603.932	1604.160033852663	252	MAKE	36
1604.160033852663	1604.662	319	PEARLS	36
1612.005762709517	1612.1970716116841	256	MAY	37
1612.1970716116841	1612.503953343193	211	I	37
1612.503953343193	1612.922768298014	303	ORDER	37
1612.922768298014	1613.0785621286527	1	A	37
1613.0785621286527	1614.0683431000384	318	PARFAIT	37
1614.0683431000384	1614.362	10	AFTER	37
1614.362	1614.752	124	DINNER	37
1626.4057402994285	1626.492	224	IS	38
1626.492	1626.6353446200328	374	SHE	38
1626.6353446200328	1626.890460531815	187	GOING	38
1626.890460531815	1627.0458874677352	486	WITH	38
1627.0458874677352	1627.155140539348	494	YOU	38
1633.3048044185794	1633.4426771824265	76	CAN	39
1633.4426771824265	1633.502	433	THE	39
1633.502	1633.913794077298	11	AGENCY	39
1633.913794077298	1634.4074881657987	314	OVERTHROW	39
1634.4074881657987	1634.7787887360168	13	ALIEN	39
1634.7787887360168	1635.409975562261	162	FORCES	39
1642.1384629808056	1642.202	1	A	40
1642.202	1642.892	370	SCREWDRIVER	40
1642.892	1643.0819999999999	224	IS	40
1643.0819999999999	1643.338304570089	251	MADE	40
1643.338304570089	1643.6054201950992	166	FROM	40
1643.6054201950992	1644.062	468	VODKA	40
1644.062	1644.4575466755673	20	AND	40
1644.4575466755673	1644.732	302	ORANGE	40
1644.732	1645.1496650697368	230	JUICE	40
1652.6908841262953	1652.7589734034004	210	HOW	41
1652.7589734034004	1652.9671320505508	268	MUCH	41
1652.9671320505508	1653.3787422085309	16	ALLOWANCE	41
1653.3787422085309	1653.542	128	DO	41
1653.542	1653.633394645432	494	YOU	41
1653.633394645432	1653.723856113586	177	GET	41
1659.4297242187658	1660.2137943373286	115	CYCLICAL	42
1660.2137943373286	1660.6775537351755	345	PROGRAMS	42
1660.6775537351755	1660.7722459944828	484	WILL	42
1660.7722459944828	1661.105959843816	280	NEVER	42
1661.105959843816	1661.6508250657853	100	COMPILE	42
1668.957878315363	1669.04619680093	433	THE	43
1669.04619680093	1669.372	61	BOSTON	43
1669.372	1669.732	45	BALLET	43
1669.732	1670.362	311	OVERCAME	43
1670.362	1670.5024913715652	434	THEIR	43
1670.5024913715652	1671.0903706084628	170	FUNDING	43
1671.0903706084628	1672.092	379	SHORTAGE	43
1678.8529021676893	1679.1389204720263	145	EVERY	44
1679.1389204720263	1679.492	74	CAB	44
1679.492	1679.7391267070811	279	NEEDS	44
1679.7391267070811	1680.272	363	REPAINTING	44
1680.272	1680.752	295	OFTEN	44
1688.840142230745	1689.112	203	HELP	45
1689.112	1689.382056963223	196	GREG	45
1689.382056963223	1689.5121643110033	445	TO	45
1689.5121643110033	1689.6674695306808	324	PICK	45
1689.6674695306808	1689.7750177050234	1	A	45
1689.7750177050234	1689.9552159582504	320	PECK	45
1689.9552159582504	1690.1119693827332	293	OF	45
1690.1119693827332	1690.7633755552056	337	POTATOES	45
1698.149502905963	1698.2327962647419	475	WE	46
1698.2327962647419	1698.4739595942297	240	LIKE	46
1698.4739595942297	1698.6548593510454	55	BLUE	46
1698.6548593510454	1699.2177814127663	88	CHEESE	46
1699.2177814127663	1699.372	70	BUT	46
1699.372	1699.6840477156588	465	VICTOR	46
1699.6840477156588	1700.0301842318934	241	LIKES	46
1700.0301842318934	1700.232	64	BRIE	46
1707.9112667626086	1708.1724693434471	108	COUNT	47
1708.1724693434471	1708.2181087358338	433	THE	47
1708.2181087358338	1708.542	288	NUMBER	47
1708.542	1708.6345884550433	293	OF	47
1708.6345884550433	1709.0634650033026	428	TEASPOONS	47
1709.0634650033026	1709.1461040432455	293	OF	47
1709.1461040432455	1709.686592299395	394	SOYSAUCE	47
1709.686592299395	1709.8020000000001	432	THAT	47
1709.8020000000001	1709.932	494	YOU	47
1709.932	1710.202	7	ADD	47
1717.5999935346467	1718.239942901504	44	BAGPIPES	48
1718.239942901504	1718.5320000000002	20	AND	48
1718.5320000000002	1719.502	59	BONGOS	48
1719.502	1719.7665110201192	30	ARE	48
1719.7665110201192	1720.252	272	MUSICAL	48
1720.252	1720.942	220	INSTRUMENTS	48
1729.302466168684	1729.4287579836173	210	HOW	49
1729.4287579836173	1729.620703128823	189	GOOD	49
1729.620703128823	1729.7786370551603	224	IS	49
1729.7786370551603	1729.9204859931128	495	YOUR	49
1729.9204859931128	1730.4984751823422	138	ENDURANCE	49
1747.2327609356535	1747.392	30	ARE	0
1747.392	1747.9389056067178	495	YOUR	0
1747.9389056067178	1748.262	192	GRADES	0
1748.262	1748.667721683429	206	HIGHER	0
1748.667721683429	1748.7117846519636	301	OR	0
1748.7117846519636	1749.092	250	LOWER	0
1749.092	1749.222	431	THAN	0
1749.222	1749.8551793556626	274	NANCY'S	0
1756.52185446653	1756.692	374	SHE	1
1756.692	1756.972	489	WORE	1
1756.972	1757.2682544486763	470	WARM	1
1757.2682544486763	1757.6985865722304	158	FLEECY	1
1757.6985865722304	1758.0520000000001	488	WOOLEN	1
1758.0520000000001	1758.762	310	OVERALLS	1
1765.732436412493	1765.982	353	READING	2
1765.982	1766.12532132358	217	IN	2
1766.12532132358	1766.3376974199923	334	POOR	2
1766.3376974199923	1766.57136903041	239	LIGHT	2
1766.57136903041	1766.808305183095	181	GIVES	2
1766.808305183095	1766.9252352161566	494	YOU	2
1766.9252352161566	1767.398887909448	150	EYESTRAIN	2
1773.556454232301	1773.7828307763084	142	EVEN	3
1773.7828307763084	1774.019289710201	211	I	3
1774.019289710201	1774.492	292	OCCASIONALLY	3
1774.492	1774.6733117356894	177	GET	3
1774.6733117356894	1774.732	433	THE	3
1774.732	1775.1108332166891	264	MONDAY	3
1775.1108332166891	1775.562	56	BLUES	3
1787.3702619504757	1787.4955678327717	475	WE	4
1787.4955678327717	1787.592	30	ARE	4
1787.592	1787.843124085512	300	OPEN	4
1787.843124085512	1788.1391052212798	145	EVERY	4
1788.1391052212798	1788.4791796534041	264	MONDAY	4
1788.4791796534041	1788.8719999999998	143	EVENING	4
1796.308549097585	1796.462	226	IT'S	5
1796.462	1796.63920633524	284	NOT	5
1796.63920633524	1796.882	133	EASY	5
1796.882	1796.972	445	TO	5
1796.972	1797.222	113	CREATE	5
1797.222	1798.052	215	ILLUMINATING	5
1798.052	1798.892	146	EXAMPLES	5
1807.3473639262454	1807.542	269	MUM	6
1807.542	1808.002	406	STRONGLY	6
1808.002	1808.4382577785998	126	DISLIKES	6
1808.4382577785998	1809.322	27	APPETIZERS	6
1816.5711266941933	1816.7662442533501	442	THOSE	7
1816.7662442533501	1816.854592986039	483	WHO	7
1816.854592986039	1817.0665019925764	426	TEACH	7
1817.0665019925764	1817.572	461	VALUES	7
1817.572	1817.8645542850059	156	FIRST	7
1817.8645542850059	1818.3401150625134	4	ABOLISH	7
1818.3401150625134	1818.712	87	CHEATING	7
1824.3824477251078	1824.4360626192738	433	THE	8
1824.4360626192738	1824.7801300785036	165	FRIGHTENED	8
1824.7801300785036	1825.0988717400269	89	CHILD	8
1825.0988717400269	1825.2959909888743	471	WAS	8
1825.2959909888743	1825.592	176	GENTLY	8
1825.592	1826.142	409	SUBDUED	8
1826.142	1826.265719249288	73	BY	8
1826.265719249288	1826.479244451122	208	HIS	8
1826.479244451122	1826.6610242150236	52	BIG	8
1826.6610242150236	1827.042	66	BROTHER	8
1833.919056438537	1834.1580079861799	142	EVEN	9
1834.1580079861799	1834.202	1	A	9
1834.202	1834.662	382	SIMPLE	9
1834.662	1835.3883721229045	467	VOCABULARY	9
1835.3883721229045	1835.852	104	CONTAINS	9
1835.852	1836.462	421	SYMBOLS	9
1843.8457598356656	1844.0251147055435	1	A	10
1844.0251147055435	1844.3515148340962	110	CRAB	10
1844.3515148340962	1844.782	85	CHALLENGED	10
1844.782	1844.986226171535	257	ME	10
1844.986226171535	1845.0991523646405	99999	sp	10
1845.0991523646405	1845.205609021953	70	BUT	10
1845.205609021953	1845.337173381462	1	A	10
1845.337173381462	1845.542	349	QUICK	10
1845.542	1846.2654416575547	401	STAB	10
1846.2654416575547	1846.812	463	VANQUISHED	10
1846.812	1846.942	207	HIM	10
1854.3859840449802	1854.6981570507694	183	GLUCOSE	11
1854.6981570507694	1854.7961884549306	20	AND	11
1854.7961884549306	1855.371145631233	167	FRUCTOSE	11
1855.371145631233	1855.452	30	ARE	11
1855.452	1855.8409671174693	275	NATURAL	11
1855.8409671174693	1856.342	413	SUGARS	11
1856.342	1856.5665892989389	163	FOUND	11
1856.5665892989389	1856.662	217	IN	11
1856.662	1856.934891222671	168	FRUIT	11
1864.344634384545	1864.3993910295271	30	ARE	12
1864.3993910295271	1864.4842534405068	494	YOU	12
1864.4842534405068	1864.752	249	LOOKING	12
1864.752	1864.922	161	FOR	12
1864.922	1865.3654974126055	136	EMPLOYMENT	12
1872.5412726281497	1872.812	98	COFFEE	13
1872.812	1872.9523208927176	224	IS	13
1872.9523208927176	1873.1266415853381	198	GROWN	13
1873.1266415853381	1873.252	296	ON	13
1873.252	1873.619613743265	403	STEEP	13
1873.619613743265	1873.6804368158396	99999	sp	13
1873.6804368158396	1874.032	88888	JUNGLE	13
1874.032	1874.1917649234967	240	LIKE	13
1874.1917649234967	1874.652	389	SLOPES	13
1874.652	1874.7900614531925	217	IN	13
1874.7900614531925	1875.172	430	TEMPERATE	13
1875.172	1875.722	496	ZONES	13
1882.1517345848079	1882.232	475	WE	14
1882.232	1882.552	479	WELCOME	14
1882.552	1882.814072521304	255	MANY	14
1882.814072521304	1882.9740055266118	281	NEW	14
1882.9740055266118	1883.412	407	STUDENTS	14
1883.412	1883.6788790822202	132	EACH	14
1883.6788790822202	1883.9468799195417	490	YEAR	14
1899.3074213678906	1899.47597139763	297	ONLY	15
1899.47597139763	1899.542	433	THE	15
1899.542	1899.8480941818837	51	BEST	15
1899.8480941818837	1900.282	329	PLAYERS	15
1900.282	1900.60807259137	139	ENJOY	15
1900.60807259137	1901.292	335	POPULARITY	15
1910.0968504797038	1910.502	75	CALCIUM	16
1910.502	1910.782	253	MAKES	16
1910.782	1911.1547384045266	58	BONES	16
1911.1547384045266	1911.2929472273674	20	AND	16
1911.2929472273674	1911.472	429	TEETH	16
1911.472	1911.922	405	STRONG	16
1920.2295203402987	1920.522	285	NOTHING	17
1920.522	1920.7719605570214	224	IS	17
1920.7719605570214	1920.914786401289	224	IS	17
1920.914786401289	1921.024935082202	99999	sp	17
1921.024935082202	1921.5076324287347	34	AS	17
1921.5076324287347	1922.1509195630038	294	OFFENSIVE	17
1922.1509195630038	1922.409084226457	34	AS	17
1922.409084226457	1923.172	219	INNOCENCE	17
1930.460027815101	1930.762	404	STEVE	18
1930.762	1930.9800820772584	489	WORE	18
1930.9800820772584	1931.1798271449502	1	A	18
1931.1798271449502	1931.4117683326303	65	BRIGHT	18
1931.4117683326303	1931.516214376913	99999	sp	18
1931.516214376913	1932.1445687423331	355	RED	18
1932.1445687423331	1933.022	78	CASHMERE	18
1933.022	1933.472	419	SWEATER	18
1940.4204028505428	1940.7576047262305	46	BARB'S	19
1940.7576047262305	1940.9924382143167	188	GOLD	19
1940.9924382143167	1941.382	63	BRACELET	19
1941.382	1941.5294035004029	471	WAS	19
1941.5294035004029	1941.6582285464685	1	A	19
1941.6582285464685	1942.2793732902855	193	GRADUATION	19
1942.2793732902855	1942.5819999999999	338	PRESENT	19
1948.5063811267264	1948.6369386820797	130	DRAW	20
1948.6369386820797	1949.0129991892886	145	EVERY	20
1949.0129991892886	1949.3014516165692	307	OUTER	20
1949.3014516165692	1949.532	243	LINE	20
1949.532	1950.0869292342545	156	FIRST	20
1950.0869292342545	1950.1707036656062	99999	sp	20
1950.1707036656062	1950.3319999999999	435	THEN	20
1950.3319999999999	1950.590225123102	154	FILL	20
1950.590225123102	1950.792	217	IN	20
1950.792	1950.952	433	THE	20
1950.952	1951.5352766582491	222	INTERIOR	20
1960.4432036670078	1960.5073944650564	433	THE	21
1960.5073944650564	1960.7829027274959	474	WATER	21
1960.7829027274959	1961.1787036791786	103	CONTAINED	21
1961.1787036791786	1961.341100351692	447	TOO	21
1961.341100351692	1961.5805336470964	268	MUCH	21
1961.5805336470964	1961.942	90	CHLORINE	21
1961.942	1962.1350811727282	20	AND	21
1962.1350811727282	1962.942	408	STUNG	21
1962.942	1963.1358775761412	208	HIS	21
1963.1358775761412	1963.762	149	EYES	21
1970.5330482781742	1970.8569454067979	229	JOHN'S	22
1970.8569454067979	1971.1270405200787	66	BROTHER	22
1971.1270405200787	1971.692	362	REPAINTED	22
1971.692	1971.782	433	THE	22
1971.782	1972.1870166771073	173	GARAGE	22
1972.1870166771073	1972.406737501864	129	DOOR	22
1980.500206448183	1980.902	84	CHALLENGE	23
1980.902	1981.242	132	EACH	23
1981.242	1981.7042553696117	175	GENERAL'S	23
1981.7042553696117	1982.502	221	INTELLIGENCE	23
1989.8483711623207	1990.5138713839578	17	AMBIDEXTROUS	24
1990.5138713839578	1991.0442713952782	326	PICKPOCKETS	24
1991.0442713952782	1991.5458067745453	6	ACCOMPLISH	24
1991.5458067745453	1991.862	266	MORE	24
1998.845060221802	1998.892	1	A	25
1998.892	1999.352	270	MUSCULAR	25
1999.352	1999.872	2	ABDOMEN	25
1999.872	2000.0472925010772	224	IS	25
2000.0472925010772	2000.192	189	GOOD	25
2000.192	2000.372	161	FOR	25
2000.372	2000.515520440988	495	YOUR	25
2000.515520440988	2000.962	43	BACK	25
2008.734935920872	2008.8319999999999	437	THEY	26
2008.8319999999999	2009.0014909297183	316	OWN	26
2009.0014909297183	2009.1078878704968	1	A	26
2009.1078878704968	2009.292	52	BIG	26
2009.292	2009.652	209	HOUSE	26
2009.652	2009.742	217	IN	26
2009.742	2009.802	433	THE	26
2009.802	2010.2284822750999	360	REMOTE	26
2010.2284822750999	2010.902	109	COUNTRYSIDE	26
2018.6857161616308	2018.742	433	THE	27
2018.742	2019.051796381948	368	ROSE	27
2019.051796381948	2019.542	106	CORSAGE	27
2019.542	2020.302	392	SMELLED	27
2020.302	2021.092	420	SWEET	27
2028.4828942528807	2028.6743052986599	432	THAT	28
2028.6743052986599	2029.132	325	PICKPOCKET	28
2029.132	2029.2897073591932	471	WAS	28
2029.2897073591932	2029.482	80	CAUGHT	28
2029.482	2029.742	355	RED	28
2029.742	2030.202	199	HANDED	28
2037.0406393261778	2037.122	19	AN	29
2037.122	2037.4006721566661	9	ADULT	29
2037.4006721566661	2037.712	254	MALE	29
2037.712	2038.2860487320038	42	BABOON'S	29
2038.2860487320038	2038.5399830055478	429	TEETH	29
2038.5399830055478	2038.6813398048732	30	ARE	29
2038.6813398048732	2038.892	99999	sp	29
2038.892	2039.192	284	NOT	29
2039.192	2039.8312673191808	414	SUITABLE	29
2039.8312673191808	2040.1533452064066	99999	sp	29
2040.1533452064066	2040.3383376605116	161	FOR	29
2040.3383376605116	2040.612	135	EATING	29
2040.612	2041.372	375	SHELLFISH	29
2049.2093179968724	2049.3491615762923	204	HER	30
2049.3491615762923	2049.756875062787	469	WARDROBE	30
2049.756875062787	2050.219612392342	102	CONSISTS	30
2050.219612392342	2050.292	293	OF	30
2050.292	2050.492	297	ONLY	30
2050.492	2050.912	384	SKIRTS	30
2050.912	2051.002	20	AND	30
2051.002	2051.7219999999998	54	BLOUSES	30
2059.0766596153862	2059.1632528762766	433	THE	31
2059.1632528762766	2059.32363099093	452	TWO	31
2059.32363099093	2059.7206989201763	33	ARTISTS	31
2059.7206989201763	2060.1613306694935	147	EXCHANGED	31
2060.1613306694935	2060.952	39	AUTOGRAPHS	31
2066.5065725760414	2066.962	71	BUTTERSCOTCH	32
2066.962	2067.2819798415367	169	FUDGE	32
2067.2819798415367	2067.3781640734715	99999	sp	32
2067.3781640734715	2067.742	186	GOES	32
2067.742	2068.312	480	WELL	32
2068.312	2068.512	486	WITH	32
2068.512	2068.6131313432743	99999	sp	32
2068.6131313432743	2068.8794610268665	462	VANILLA	32
2068.8794610268665	2069.132	212	ICE	32
2069.132	2069.332	112	CREAM	32
2075.2582862315894	2075.4726182182944	365	RICH	33
2075.4726182182944	2075.8178200038133	348	PURCHASED	33
2075.8178200038133	2076.5999534172147	373	SEVERAL	33
2076.5999534172147	2077.0099430448936	381	SIGNED	33
2077.0099430448936	2077.922	244	LITHOGRAPHS	33
2085.2442758643797	2085.431408360386	24	ANY	34
2085.431408360386	2086.172	105	CONTRIBUTIONS	34
2086.172	2086.262	484	WILL	34
2086.262	2086.372	47	BE	34
2086.372	2086.752	195	GREATLY	34
2086.752	2087.462	28	APPRECIATED	34
2095.7979715235115	2095.862	433	THE	35
2095.862	2096.3408766719035	111	CRANBERRY	35
2096.3408766719035	2096.592	57	BOG	35
2096.592	2096.812	178	GETS	35
2096.812	2097.08429519336	464	VERY	35
2097.08429519336	2097.282	339	PRETTY	35
2097.282	2097.412	217	IN	35
2097.412	2097.762	40	AUTUMN	35
2104.8001299522793	2104.912	210	HOW	36
2104.912	2105.072	128	DO	36
2105.072	2105.5209340607375	317	OYSTERS	36
2105.5209340607375	2105.7289761644	252	MAKE	36
2105.7289761644	2106.262	319	PEARLS	36
2113.293851778349	2113.392	256	MAY	37
2113.392	2113.4962159891465	211	I	37
2113.4962159891465	2113.7991266044837	303	ORDER	37
2113.7991266044837	2113.9067336974704	1	A	37
2113.9067336974704	2114.342	318	PARFAIT	37
2114.342	2114.6885523914675	10	AFTER	37
2114.6885523914675	2114.782	211	I	37
2114.782	2114.909876916023	134	EAT	37
2114.909876916023	2115.332	124	DINNER	37
2122.990958061305	2123.072	224	IS	38
2123.072	2123.182	374	SHE	38
2123.182	2123.402	187	GOING	38
2123.402	2123.566262260928	486	WITH	38
2123.566262260928	2123.702	494	YOU	38
2131.0436253304365	2131.155826019253	76	CAN	39
2131.155826019253	2131.231984593209	433	THE	39
2131.231984593209	2131.702	11	AGENCY	39
2131.702	2132.452	88888	OVERFTHROW	39
2132.452	2132.812	13	ALIEN	39
2132.812	2133.492	162	FORCES	39
2142.070153448835	2142.124552430232	1	A	40
2142.124552430232	2142.662	370	SCREWDRIVER	40
2142.662	2142.792	224	IS	40
2142.792	2142.982	251	MADE	40
2142.982	2143.152	166	FROM	40
2143.152	2143.572344705675	468	VODKA	40
2143.572344705675	2143.7051852542986	20	AND	40
2143.7051852542986	2143.912	302	ORANGE	40
2143.912	2144.322	230	JUICE	40
2152.890914630414	2152.985568858045	210	HOW	41
2152.985568858045	2153.192	268	MUCH	41
2153.192	2153.644259625639	16	ALLOWANCE	41
2153.644259625639	2153.7309290553712	128	DO	41
2153.7309290553712	2153.8174226938286	494	YOU	41
2153.8174226938286	2154.016049396013	177	GET	41
2161.67117087068	2162.246851698149	115	CYCLICAL	42
2162.246851698149	2162.852	345	PROGRAMS	42
2162.852	2163.012	484	WILL	42
2163.012	2163.332	280	NEVER	42
2163.332	2163.842	100	COMPILE	42
2172.31216558241	2172.377444360087	433	THE	43
2172.377444360087	2172.7219999999998	61	BOSTON	43
2172.7219999999998	2173.112	45	BALLET	43
2173.112	2173.712	311	OVERCAME	43
2173.712	2173.822	434	THEIR	43
2173.822	2174.185615445892	170	FUNDING	43
2174.185615445892	2174.762	379	SHORTAGE	43
2185.3687822821876	2185.8340322835043	145	EVERY	44
2185.8340322835043	2186.4196511498585	74	CAB	44
2186.4196511498585	2186.712	279	NEEDS	44
2186.712	2187.282	363	REPAINTING	44
2187.282	2187.692	295	OFTEN	44
2195.9930412468593	2196.261844068225	203	HELP	45
2196.261844068225	2196.521337359153	196	GREG	45
2196.521337359153	2196.648096566996	445	TO	45
2196.648096566996	2196.824154812825	324	PICK	45
2196.824154812825	2196.9343740281324	1	A	45
2196.9343740281324	2197.0989167449734	320	PECK	45
2197.0989167449734	2197.2274195086293	293	OF	45
2197.2274195086293	2197.892	337	POTATOES	45
2206.2297407903234	2206.322	475	WE	46
2206.322	2206.5489871706163	240	LIKE	46
2206.5489871706163	2206.678472382929	55	BLUE	46
2206.678472382929	2207.0900725853253	88	CHEESE	46
2207.0900725853253	2207.4345641997497	99999	sp	46
2207.4345641997497	2207.546384444506	70	BUT	46
2207.546384444506	2207.8542603617384	465	VICTOR	46
2207.8542603617384	2208.117975722219	241	LIKES	46
2208.117975722219	2208.3451350570167	64	BRIE	46
2216.864815582108	2217.0304660598313	108	COUNT	47
2217.0304660598313	2217.1020756933067	433	THE	47
2217.1020756933067	2217.3544790910464	288	NUMBER	47
2217.3544790910464	2217.446576479967	293	OF	47
2217.446576479967	2217.877344171664	428	TEASPOONS	47
2217.877344171664	2217.962	293	OF	47
2217.962	2218.723912684711	394	SOYSAUCE	47
2218.723912684711	2218.832	432	THAT	47
2218.832	2219.0544721713068	494	YOU	47
2219.0544721713068	2219.502	7	ADD	47
2228.112	2228.283388093028	99999	sp	48
2228.283388093028	2228.807297359976	88888	BYPOPS	48
2228.807297359976	2229.002	20	AND	48
2229.002	2229.572	59	BONGOS	48
2229.572	2229.712232436027	30	ARE	48
2229.712232436027	2230.2751224817116	272	MUSICAL	48
2230.2751224817116	2231.562	220	INSTRUMENTS	48
2238.248473173566	2238.358676095656	210	HOW	49
2238.358676095656	2238.5589996462986	189	GOOD	49
2238.5589996462986	2238.691733160908	224	IS	49
2238.691733160908	2238.822	495	YOUR	49
2238.822	2239.452	138	ENDURANCE	49
2280.4066631708947	2280.558096324453	30	ARE	0
2280.558096324453	2280.8126940921125	495	YOUR	0
2280.8126940921125	2281.1696495294236	192	GRADES	0
2281.1696495294236	2281.480651277935	206	HIGHER	0
2281.480651277935	2281.5548174620803	301	OR	0
2281.5548174620803	2281.902	250	LOWER	0
2281.902	2282.062	431	THAN	0
2282.062	2282.812	274	NANCY'S	0
2291.682	2291.882	374	SHE	1
2291.882	2292.122	489	WORE	1
2292.122	2292.442	470	WARM	1
2292.442	2292.892	158	FLEECY	1
2292.892	2293.322	488	WOOLEN	1
2293.322	2294.062	310	OVERALLS	1
2303.1159512758495	2303.3836731113006	353	READING	2
2303.3836731113006	2303.576266791677	217	IN	2
2303.576266791677	2303.8092921262255	334	POOR	2
2303.8092921262255	2304.07822671912	239	LIGHT	2
2304.07822671912	2304.3350949666474	181	GIVES	2
2304.3350949666474	2304.445439777205	494	YOU	2
2304.445439777205	2305.002	150	EYESTRAIN	2
2315.5221716757806	2315.732	142	EVEN	3
2315.732	2315.918327634996	211	I	3
2315.918327634996	2316.4719999999998	292	OCCASIONALLY	3
2316.4719999999998	2316.6454695628563	177	GET	3
2316.6454695628563	2316.712	433	THE	3
2316.712	2317.042	264	MONDAY	3
2317.042	2317.542	56	BLUES	3
2323.99927359893	2324.124744453267	475	WE	4
2324.124744453267	2324.200064975518	30	ARE	4
2324.200064975518	2324.482	300	OPEN	4
2324.482	2324.859938352929	145	EVERY	4
2324.859938352929	2325.302	264	MONDAY	4
2325.302	2325.772	143	EVENING	4
2333.122	2333.312	226	IT'S	5
2333.312	2333.494961495351	284	NOT	5
2333.494961495351	2333.752	133	EASY	5
2333.752	2333.857020513805	445	TO	5
2333.857020513805	2334.072	113	CREATE	5
2334.072	2334.792834260479	215	ILLUMINATING	5
2334.792834260479	2335.6620000000003	146	EXAMPLES	5
2342.6749607888423	2342.952	269	MUM	6
2342.952	2343.4191271132013	406	STRONGLY	6
2343.4191271132013	2343.944642204571	126	DISLIKES	6
2343.944642204571	2344.962	27	APPETIZERS	6
2352.0714183111413	2352.352	442	THOSE	7
2352.352	2352.4618832584147	483	WHO	7
2352.4618832584147	2352.732	426	TEACH	7
2352.732	2353.252	461	VALUES	7
2353.252	2353.572	156	FIRST	7
2353.572	2353.9911067322864	4	ABOLISH	7
2353.9911067322864	2354.296952830111	87	CHEATING	7
2361.9878334935097	2362.062	433	THE	8
2362.062	2362.4363519864805	165	FRIGHTENED	8
2362.4363519864805	2362.7619999999997	89	CHILD	8
2362.7619999999997	2363.002	471	WAS	8
2363.002	2363.3087859040606	176	GENTLY	8
2363.3087859040606	2363.8473152976867	409	SUBDUED	8
2363.8473152976867	2363.9602287499924	73	BY	8
2363.9602287499924	2364.145375873185	208	HIS	8
2364.145375873185	2364.3769891250195	52	BIG	8
2364.3769891250195	2364.8020066348395	66	BROTHER	8
2372.444795217907	2372.732	142	EVEN	9
2372.732	2372.766509737967	1	A	9
2372.766509737967	2373.1607339420675	382	SIMPLE	9
2373.1607339420675	2373.852	467	VOCABULARY	9
2373.852	2374.242	104	CONTAINS	9
2374.242	2374.862	421	SYMBOLS	9
2382.1225073126743	2382.2365407394905	1	A	10
2382.2365407394905	2382.562919950015	110	CRAB	10
2382.562919950015	2382.982501634842	85	CHALLENGED	10
2382.982501634842	2383.223233518638	257	ME	10
2383.223233518638	2383.321472953543	70	BUT	10
2383.321472953543	2383.4523262156554	1	A	10
2383.4523262156554	2383.632	349	QUICK	10
2383.632	2384.132	401	STAB	10
2384.132	2384.6070842240847	463	VANQUISHED	10
2384.6070842240847	2384.792	207	HIM	10
2392.8921129825485	2393.379636271642	20	AND	11
2393.379636271642	2393.8698952125483	167	FRUCTOSE	11
2393.8698952125483	2393.9543862320147	30	ARE	11
2393.9543862320147	2394.365981837053	275	NATURAL	11
2394.365981837053	2394.8967244766127	413	SUGARS	11
2394.8967244766127	2395.012	432	THAT	11
2395.012	2395.1348686656847	30	ARE	11
2395.1348686656847	2395.529921495279	163	FOUND	11
2395.529921495279	2395.641540489377	217	IN	11
2395.641540489377	2395.9232220060053	168	FRUIT	11
2404.258756609521	2404.342	30	ARE	12
2404.342	2404.481366870971	494	YOU	12
2404.481366870971	2404.752	249	LOOKING	12
2404.752	2404.921720531054	161	FOR	12
2404.921720531054	2405.4123902882034	136	EMPLOYMENT	12
2414.858915144491	2415.2696199174716	98	COFFEE	13
2415.2696199174716	2415.4019635967575	224	IS	13
2415.4019635967575	2415.5867630604207	198	GROWN	13
2415.5867630604207	2415.732	296	ON	13
2415.732	2416.0886822572816	403	STEEP	13
2416.0886822572816	2416.382	88888	JUNGLE	13
2416.382	2416.551598115198	240	LIKE	13
2416.551598115198	2417.3853510881318	389	SLOPES	13
2417.3853510881318	2417.5287210980973	217	IN	13
2417.5287210980973	2417.863957692494	430	TEMPERATE	13
2417.863957692494	2418.437895217708	496	ZONES	13
2433.5193562654194	2433.6114242591007	475	WE	14
2433.6114242591007	2433.902	479	WELCOME	14
2433.902	2434.1281041076995	255	MANY	14
2434.1281041076995	2434.282	281	NEW	14
2434.282	2434.732	407	STUDENTS	14
2434.732	2434.963597415846	132	EACH	14
2434.963597415846	2435.201477899312	490	YEAR	14
2442.13157501585	2442.262	297	ONLY	15
2442.262	2442.3182272503204	433	THE	15
2442.3182272503204	2442.632	51	BEST	15
2442.632	2443.0151392810676	329	PLAYERS	15
2443.0151392810676	2443.359418114065	139	ENJOY	15
2443.359418114065	2444.042	335	POPULARITY	15
2451.1303293415554	2451.542	75	CALCIUM	16
2451.542	2451.804563675149	253	MAKES	16
2451.804563675149	2452.0892765997946	58	BONES	16
2452.0892765997946	2452.21800346024	20	AND	16
2452.21800346024	2452.392	429	TEETH	16
2452.392	2452.7572112952953	405	STRONG	16
2459.359505457865	2459.728040803995	285	NOTHING	17
2459.728040803995	2460.059161394173	224	IS	17
2460.059161394173	2460.4610432880563	34	AS	17
2460.4610432880563	2461.109981866807	294	OFFENSIVE	17
2461.109981866807	2461.4415226520237	34	AS	17
2461.4415226520237	2462.282	219	INNOCENCE	17
2469.2927408192895	2469.6249298116927	404	STEVE	18
2469.6249298116927	2469.8090217903127	489	WORE	18
2469.8090217903127	2469.880370999446	1	A	18
2469.880370999446	2470.0853118032537	65	BRIGHT	18
2470.0853118032537	2470.4080036829337	355	RED	18
2470.4080036829337	2470.8201639695044	78	CASHMERE	18
2470.8201639695044	2471.1880390915226	419	SWEATER	18
2478.962	2479.2813339432555	99999	sp	19
2479.2813339432555	2479.668652414662	46	BARB'S	19
2479.668652414662	2479.9241830779692	188	GOLD	19
2479.9241830779692	2480.262090119581	63	BRACELET	19
2480.262090119581	2480.4543936076852	471	WAS	19
2480.4543936076852	2480.568289209043	1	A	19
2480.568289209043	2481.1654059733696	193	GRADUATION	19
2481.1654059733696	2481.4901123354402	338	PRESENT	19
2490.388419927552	2490.605338262134	130	DRAW	20
2490.605338262134	2490.992	145	EVERY	20
2490.992	2491.272	307	OUTER	20
2491.272	2491.512825166636	243	LINE	20
2491.512825166636	2491.972	156	FIRST	20
2491.972	2492.122	435	THEN	20
2492.122	2492.462	154	FILL	20
2492.462	2492.562	217	IN	20
2492.562	2492.692	433	THE	20
2492.692	2493.432	222	INTERIOR	20
2501.1764835163644	2501.2527049207647	433	THE	21
2501.2527049207647	2501.5891641449334	474	WATER	21
2501.5891641449334	2501.9845554272274	103	CONTAINED	21
2501.9845554272274	2502.102	447	TOO	21
2502.102	2502.3977842315453	268	MUCH	21
2502.3977842315453	2502.862	90	CHLORINE	21
2502.862	2502.9726744635805	20	AND	21
2502.9726744635805	2503.282	408	STUNG	21
2503.282	2503.422741225316	208	HIS	21
2503.422741225316	2503.942	149	EYES	21
2512.312	2512.672	229	JOHN'S	22
2512.672	2512.971895612607	66	BROTHER	22
2512.971895612607	2513.4594693771883	362	REPAINTED	22
2513.4594693771883	2513.541234501284	433	THE	22
2513.541234501284	2513.9366398185	173	GARAGE	22
2513.9366398185	2514.202	129	DOOR	22
2521.7433173706145	2522.312	84	CHALLENGE	23
2522.312	2522.802735642509	132	EACH	23
2522.802735642509	2523.314311763563	175	GENERAL'S	23
2523.314311763563	2524.3466651823214	221	INTELLIGENCE	23
2532.706248743537	2533.3928642086444	17	AMBIDEXTROUS	24
2533.3928642086444	2533.94869759488	326	PICKPOCKETS	24
2533.94869759488	2534.4759030359205	6	ACCOMPLISH	24
2534.4759030359205	2534.833638445035	266	MORE	24
2542.6778133196535	2542.7273533366974	1	A	25
2542.7273533366974	2543.1569401210268	270	MUSCULAR	25
2543.1569401210268	2543.682	2	ABDOMEN	25
2543.682	2543.829451237632	224	IS	25
2543.829451237632	2543.982161961895	189	GOOD	25
2543.982161961895	2544.172	161	FOR	25
2544.172	2544.3325380119654	495	YOUR	25
2544.3325380119654	2544.772	43	BACK	25
2552.0141630054864	2552.112	437	THEY	26
2552.112	2552.238901800514	316	OWN	26
2552.238901800514	2552.363763310858	1	A	26
2552.363763310858	2552.5037874822146	52	BIG	26
2552.5037874822146	2552.891767498104	209	HOUSE	26
2552.891767498104	2552.962	217	IN	26
2552.962	2553.022	433	THE	26
2553.022	2553.375307073256	360	REMOTE	26
2553.375307073256	2553.9932554083616	109	COUNTRYSIDE	26
2560.5614038650933	2560.638774652371	433	THE	27
2560.638774652371	2560.9520463395684	368	ROSE	27
2560.9520463395684	2561.502	106	CORSAGE	27
2561.502	2561.902	392	SMELLED	27
2561.902	2562.214774219945	420	SWEET	27
2568.6950755340617	2568.820158833626	433	THE	28
2568.820158833626	2569.3328876741825	325	PICKPOCKET	28
2569.3328876741825	2569.551070464023	471	WAS	28
2569.551070464023	2569.645421664239	99999	sp	28
2569.645421664239	2570.141483846467	80	CAUGHT	28
2570.141483846467	2570.572	355	RED	28
2570.572	2571.55627436194	199	HANDED	28
2579.2173470858675	2579.383448717049	19	AN	29
2579.383448717049	2579.682	9	ADULT	29
2579.682	2580.022	254	MALE	29
2580.022	2580.842	42	BABOON'S	29
2580.842	2581.142	429	TEETH	29
2581.142	2581.322	30	ARE	29
2581.322	2581.63060723444	284	NOT	29
2581.63060723444	2582.112065946792	414	SUITABLE	29
2582.112065946792	2582.2810902297642	161	FOR	29
2582.2810902297642	2582.562	135	EATING	29
2582.562	2583.3104473622607	375	SHELLFISH	29
2592.9955412315976	2593.161069884743	204	HER	30
2593.161069884743	2593.6592880144804	469	WARDROBE	30
2593.6592880144804	2594.1387620431788	102	CONSISTS	30
2594.1387620431788	2594.222	293	OF	30
2594.222	2594.442	297	ONLY	30
2594.442	2594.9149691967546	384	SKIRTS	30
2594.9149691967546	2595.0483486731828	20	AND	30
2595.0483486731828	2595.913269903027	54	BLOUSES	30
2602.870092858448	2602.9982949423156	433	THE	31
2602.9982949423156	2603.1499588454526	452	TWO	31
2603.1499588454526	2603.5730307775034	33	ARTISTS	31
2603.5730307775034	2604.018940305923	147	EXCHANGED	31
2604.018940305923	2604.862	39	AUTOGRAPHS	31
2611.2300905850248	2611.732	71	BUTTERSCOTCH	32
2611.732	2612.078813643214	169	FUDGE	32
2612.078813643214	2612.321169802451	186	GOES	32
2612.321169802451	2612.562	480	WELL	32
2612.562	2612.732	486	WITH	32
2612.732	2613.163862864698	462	VANILLA	32
2613.163862864698	2613.587353823195	212	ICE	32
2613.587353823195	2614.402	112	CREAM	32
2622.017775268049	2622.2704053211	365	RICH	33
2622.2704053211	2622.6279927874966	348	PURCHASED	33
2622.6279927874966	2622.919676761793	373	SEVERAL	33
2622.919676761793	2623.222248609962	381	SIGNED	33
2623.222248609962	2624.016024543784	244	LITHOGRAPHS	33
2630.9492707582667	2631.1124813423185	24	ANY	34
2631.1124813423185	2631.84497802492	105	CONTRIBUTIONS	34
2631.84497802492	2631.968908790963	484	WILL	34
2631.968908790963	2632.084394841243	47	BE	34
2632.084394841243	2632.402	195	GREATLY	34
2632.402	2632.998978337121	28	APPRECIATED	34
2640.340938709363	2640.4663671983644	433	THE	35
2640.4663671983644	2640.8655582064034	111	CRANBERRY	35
2640.8655582064034	2641.4334451983877	57	BOG	35
2641.4334451983877	2641.7306617645845	178	GETS	35
2641.7306617645845	2642.071634807102	464	VERY	35
2642.071634807102	2642.3420438638177	339	PRETTY	35
2642.3420438638177	2642.441026770401	217	IN	35
2642.441026770401	2642.824685975829	40	AUTUMN	35
2650.7316454758593	2650.8521631688595	210	HOW	36
2650.8521631688595	2650.9690562695896	128	DO	36
2650.9690562695896	2651.342	317	OYSTERS	36
2651.342	2651.604509074354	252	MAKE	36
2651.604509074354	2652.152	319	PEARLS	36
2659.0042384236945	2659.112	256	MAY	37
2659.112	2659.245483598571	211	I	37
2659.245483598571	2659.542	303	ORDER	37
2659.542	2659.620749180965	1	A	37
2659.620749180965	2660.063158703801	318	PARFAIT	37
2660.063158703801	2660.3624217129063	10	AFTER	37
2660.3624217129063	2660.495252440426	211	I	37
2660.495252440426	2660.688906006617	134	EAT	37
2660.688906006617	2661.022	124	DINNER	37
2667.6700312699986	2667.7418676934208	224	IS	38
2667.7418676934208	2667.9493712271897	374	SHE	38
2667.9493712271897	2668.2398334826057	187	GOING	38
2668.2398334826057	2668.3096195123935	445	TO	38
2668.3096195123935	2668.6662620136794	47	BE	38
2668.6662620136794	2668.9098442718755	486	WITH	38
2668.9098442718755	2669.0716978608493	494	YOU	38
2676.2763904305552	2676.416139536999	76	CAN	39
2676.416139536999	2676.5038373001853	433	THE	39
2676.5038373001853	2676.9205482075113	11	AGENCY	39
2676.9205482075113	2677.472227503451	88888	OVERFLOW	39
2677.472227503451	2678.6689961476677	99999	sp	39
2678.6689961476677	2679.272	314	OVERTHROW	39
2679.272	2679.6644717430045	99999	sp	39
2679.6644717430045	2680.002	13	ALIEN	39
2680.002	2680.6807088911187	162	FORCES	39
2689.8112334440857	2689.862	1	A	40
2689.862	2690.572	370	SCREWDRIVER	40
2690.572	2690.7028611178744	224	IS	40
2690.7028611178744	2690.884612239122	251	MADE	40
2690.884612239122	2691.102	166	FROM	40
2691.102	2691.7415909654974	468	VODKA	40
2691.7415909654974	2692.146098034128	20	AND	40
2692.146098034128	2692.372	302	ORANGE	40
2692.372	2692.82408665648	230	JUICE	40
2700.546683854939	2700.632	210	HOW	41
2700.632	2700.819357917028	268	MUCH	41
2700.819357917028	2701.212	16	ALLOWANCE	41
2701.212	2701.322	128	DO	41
2701.322	2701.382	494	YOU	41
2701.382	2701.572	177	GET	41
2707.395588728314	2707.954882894641	115	CYCLICAL	42
2707.954882894641	2708.387379861627	345	PROGRAMS	42
2708.387379861627	2708.480240404957	484	WILL	42
2708.480240404957	2708.8104112256865	280	NEVER	42
2708.8104112256865	2709.327555072384	100	COMPILE	42
2716.1432429791885	2716.202	433	THE	43
2716.202	2716.632	61	BOSTON	43
2716.632	2717.022	45	BALLET	43
2717.022	2717.532	311	OVERCAME	43
2717.532	2717.6176431038652	434	THEIR	43
2717.6176431038652	2717.994182723984	170	FUNDING	43
2717.994182723984	2718.602	379	SHORTAGE	43
2726.3784927564775	2726.9317829498077	145	EVERY	44
2726.9317829498077	2727.4719999999998	74	CAB	44
2727.4719999999998	2727.789403340439	279	NEEDS	44
2727.789403340439	2728.6420974819184	363	REPAINTING	44
2728.6420974819184	2728.733498287664	99999	sp	44
2742.745333848206	2742.842	475	WE	46
2742.842	2743.0640165795817	240	LIKE	46
2743.0640165795817	2743.2219999999998	55	BLUE	46
2743.2219999999998	2743.6410881816187	88	CHEESE	46
2743.6410881816187	2743.7450312947194	70	BUT	46
2743.7450312947194	2744.1367322675587	465	VICTOR	46
2744.1367322675587	2744.4219753396687	241	LIKES	46
2744.4219753396687	2744.602	64	BRIE	46
2752.0405553585224	2752.278123364072	108	COUNT	47
2752.278123364072	2752.3201847014134	433	THE	47
2752.3201847014134	2752.612848533858	288	NUMBER	47
2752.612848533858	2752.6559156464846	293	OF	47
2752.6559156464846	2752.8281840969903	99999	sp	47
2752.8281840969903	2753.301922335882	428	TEASPOONS	47
2753.301922335882	2753.432	293	OF	47
2753.432	2754.1181176731097	394	SOYSAUCE	47
2754.1181176731097	2754.267797578367	432	THAT	47
2754.267797578367	2754.3774943494145	494	YOU	47
2754.3774943494145	2754.702	7	ADD	47
2762.4808472276277	2763.201206054745	44	BAGPIPES	48
2763.201206054745	2763.378524865099	20	AND	48
2763.378524865099	2763.7662646188464	59	BONGOS	48
2763.7662646188464	2763.873670183088	30	ARE	48
2763.873670183088	2764.3416895226014	272	MUSICAL	48
2764.3416895226014	2765.052	220	INSTRUMENTS	48
2773.738748191858	2773.871086307202	210	HOW	49
2773.871086307202	2774.0586247930064	189	GOOD	49
2774.0586247930064	2774.1906119466257	224	IS	49
2774.1906119466257	2774.272	495	YOUR	49
2774.272	2774.8971747625556	138	ENDURANCE	49
2814.6147267022347	2814.7864112822867	30	ARE	0
2814.7864112822867	2814.989576172658	495	YOUR	0
2814.989576172658	2815.2662879655804	192	GRADES	0
2815.2662879655804	2815.6960171324235	206	HIGHER	0
2815.6960171324235	2815.7525991095254	301	OR	0
2815.7525991095254	2816.052	250	LOWER	0
2816.052	2816.172	431	THAN	0
2816.172	2816.792	274	NANCY'S	0
2824.7219999999998	2824.920760880997	374	SHE	1
2824.920760880997	2825.102	489	WORE	1
2825.102	2825.4932427517833	470	WARM	1
2825.4932427517833	2826.012	158	FLEECY	1
2826.012	2827.122	488	WOOLEN	1
2827.122	2827.4544831700164	99999	sp	1
2827.4544831700164	2828.582	310	OVERALLS	1
2836.5201107713265	2836.702	353	READING	2
2836.702	2836.8455796680864	217	IN	2
2836.8455796680864	2837.032	334	POOR	2
2837.032	2837.399271852056	239	LIGHT	2
2837.399271852056	2837.738692450735	181	GIVES	2
2837.738692450735	2837.902	494	YOU	2
2837.902	2838.426811705313	150	EYESTRAIN	2
2844.6400587684134	2844.8238279075495	142	EVEN	3
2844.8238279075495	2845.042	211	I	3
2845.042	2845.552	292	OCCASIONALLY	3
2845.552	2845.789416619178	177	GET	3
2845.789416619178	2845.832	433	THE	3
2845.832	2846.273860860433	264	MONDAY	3
2846.273860860433	2846.752	56	BLUES	3
2853.4838891278	2853.602	475	WE	4
2853.602	2853.712	30	ARE	4
2853.712	2853.942	300	OPEN	4
2853.942	2854.242	145	EVERY	4
2854.242	2854.552987847964	264	MONDAY	4
2854.552987847964	2854.942	143	EVENING	4
2863.179786896407	2863.352	226	IT'S	5
2863.352	2863.5457091498965	284	NOT	5
2863.5457091498965	2863.8648694585168	133	EASY	5
2863.8648694585168	2863.942	445	TO	5
2863.942	2864.132	113	CREATE	5
2864.132	2864.7973211983694	215	ILLUMINATING	5
2864.7973211983694	2865.612	146	EXAMPLES	5
2873.9692558499764	2874.2534784808313	269	MUM	6
2874.2534784808313	2874.702	406	STRONGLY	6
2874.702	2875.278997440093	126	DISLIKES	6
2875.278997440093	2876.2496143219573	27	APPETIZERS	6
2884.548890031631	2884.7559688203514	442	THOSE	7
2884.7559688203514	2884.848024733179	483	WHO	7
2884.848024733179	2885.082	426	TEACH	7
2885.082	2885.522	461	VALUES	7
2885.522	2885.962	156	FIRST	7
2885.962	2886.5437288951216	4	ABOLISH	7
2886.5437288951216	2886.8107630805807	87	CHEATING	7
2893.733505512797	2893.792	433	THE	8
2893.792	2894.146534059026	165	FRIGHTENED	8
2894.146534059026	2894.492221681168	89	CHILD	8
2894.492221681168	2894.649629759654	471	WAS	8
2894.649629759654	2894.969799932902	176	GENTLY	8
2894.969799932902	2895.492	409	SUBDUED	8
2895.492	2895.702	73	BY	8
2895.702	2896.041500924484	208	HIS	8
2896.041500924484	2896.2320410298507	99999	sp	8
2896.2320410298507	2896.3975240393106	52	BIG	8
2896.3975240393106	2896.704338618425	66	BROTHER	8
2903.3321402359998	2903.542	142	EVEN	9
2903.542	2903.582	1	A	9
2903.582	2903.935568725449	382	SIMPLE	9
2903.935568725449	2904.7564617737253	467	VOCABULARY	9
2904.7564617737253	2905.192	104	CONTAINS	9
2905.192	2905.862	421	SYMBOLS	9
2914.092	2914.229699465576	1	A	10
2914.229699465576	2914.7302175290315	110	CRAB	10
2914.7302175290315	2914.9319742919865	99999	sp	10
2914.9319742919865	2915.4120000000003	85	CHALLENGED	10
2915.4120000000003	2915.612	257	ME	10
2915.612	2916.520754788303	99999	sp	10
2916.520754788303	2916.9680783541685	70	BUT	10
2916.9680783541685	2917.1455389012117	1	A	10
2917.1455389012117	2917.382	349	QUICK	10
2917.382	2917.992	401	STAB	10
2917.992	2918.502279256966	463	VANQUISHED	10
2918.502279256966	2918.7086852640646	207	HIM	10
2925.380255211872	2925.871401117867	183	GLUCOSE	11
2925.871401117867	2926.043568410173	99999	sp	11
2926.043568410173	2926.58864269071	20	AND	11
2926.58864269071	2927.602	167	FRUCTOSE	11
2927.602	2927.6590392337007	99999	sp	11
2927.6590392337007	2927.802	30	ARE	11
2927.802	2928.1744841364416	275	NATURAL	11
2928.1744841364416	2928.802	413	SUGARS	11
2928.802	2929.0395464568774	163	FOUND	11
2929.0395464568774	2929.122	217	IN	11
2929.122	2929.442	168	FRUIT	11
2935.191908509842	2935.735348542718	30	ARE	12
2935.735348542718	2936.124888297153	494	YOU	12
2936.124888297153	2936.448578171371	249	LOOKING	12
2936.448578171371	2936.642	161	FOR	12
2936.642	2937.0895006566943	136	EMPLOYMENT	12
2945.039737313598	2945.368627025153	98	COFFEE	13
2945.368627025153	2945.501222877242	224	IS	13
2945.501222877242	2945.692	198	GROWN	13
2945.692	2945.812	296	ON	13
2945.812	2946.252	403	STEEP	13
2946.252	2946.3397661127738	99999	sp	13
2946.3397661127738	2946.8702615196567	88888	JUNGLE	13
2946.8702615196567	2947.147152857843	240	LIKE	13
2947.147152857843	2948.1381386603134	389	SLOPES	13
2948.1381386603134	2948.2762122096083	217	IN	13
2948.2762122096083	2948.652	430	TEMPERATE	13
2948.652	2949.202	496	ZONES	13
2949.202	2949.322	99999	sp	13
2956.9520919087568	2957.0579129722287	475	WE	14
2957.0579129722287	2957.362	479	WELCOME	14
2957.362	2957.6157747888956	255	MANY	14
2957.6157747888956	2957.802	88888	S	14
2957.802	2957.8861958093	99999	sp	14
2957.8861958093	2958.202	281	NEW	14
2958.202	2958.7219999999998	407	STUDENTS	14
2958.7219999999998	2958.991655845262	132	EACH	14
2958.991655845262	2959.2219999999998	490	YEAR	14
2966.4004078101734	2966.5961924597614	297	ONLY	15
2966.5961924597614	2966.7368831399117	433	THE	15
2966.7368831399117	2966.986060414218	51	BEST	15
2966.986060414218	2967.4562451970114	329	PLAYERS	15
2967.4562451970114	2967.825998603346	139	ENJOY	15
2967.825998603346	2968.5450368893767	335	POPULARITY	15
2976.05652387215	2976.4314700731807	75	CALCIUM	16
2976.4314700731807	2976.694838747715	253	MAKES	16
2976.694838747715	2976.9902437765663	58	BONES	16
2976.9902437765663	2977.124308501805	20	AND	16
2977.124308501805	2977.3018614240045	429	TEETH	16
2977.3018614240045	2977.7619999999997	405	STRONG	16
2986.0641417511315	2986.852	285	NOTHING	17
2986.852	2988.322145169236	99999	sp	17
2988.322145169236	2988.5758403257287	224	IS	17
2988.5758403257287	2988.9734032286733	34	AS	17
2988.9734032286733	2990.0	294	OFFENSIVE	17
2990.0	2990.0829792369727	99999	sp	17
2999.398283760586	2999.88090267682	404	STEVE	18
2999.88090267682	3000.092	489	WORE	18
3000.092	3000.122	1	A	18
3000.122	3000.3424389462443	65	BRIGHT	18
3000.3424389462443	3000.615128224944	355	RED	18
3000.615128224944	3000.9663942268453	78	CASHMERE	18
3000.9663942268453	3001.4638619249363	419	SWEATER	18
3008.512	3008.825979820768	99999	sp	19
3008.825979820768	3009.402	46	BARB'S	19
3009.402	3009.6882760836334	188	GOLD	19
3009.6882760836334	3010.232	63	BRACELET	19
3010.232	3010.502	471	WAS	19
3010.502	3010.602	1	A	19
3010.602	3011.3480342650173	193	GRADUATION	19
3011.3480342650173	3011.7442877154367	338	PRESENT	19
3017.378498265298	3017.574004242876	130	DRAW	20
3017.574004242876	3017.9362796130945	145	EVERY	20
3017.9362796130945	3017.9981898393276	99999	sp	20
3017.9981898393276	3018.350100598968	307	OUTER	20
3018.350100598968	3018.575013764558	243	LINE	20
3018.575013764558	3019.2270870707457	156	FIRST	20
3019.2270870707457	3019.5473838493135	99999	sp	20
3019.5473838493135	3019.9670426663756	435	THEN	20
3019.9670426663756	3020.2707664093687	154	FILL	20
3020.2707664093687	3020.6094080885027	217	IN	20
3020.6094080885027	3020.895417602823	99999	sp	20
3020.895417602823	3021.1179032622913	433	THE	20
3021.1179032622913	3022.0503435555406	222	INTERIOR	20
3034.0679381589416	3034.1431716374286	433	THE	21
3034.1431716374286	3034.4235064883965	474	WATER	21
3034.4235064883965	3034.86449510928	103	CONTAINED	21
3034.86449510928	3035.4997370659717	447	TOO	21
3035.4997370659717	3036.0054985448774	268	MUCH	21
3036.0054985448774	3036.7297782896194	90	CHLORINE	21
3036.7297782896194	3036.882924638722	99999	sp	21
3036.882924638722	3037.022	20	AND	21
3037.022	3037.592	408	STUNG	21
3037.592	3037.742	208	HIS	21
3037.742	3038.372	149	EYES	21
3059.848387073677	3060.092	229	JOHN'S	22
3060.092	3060.352	66	BROTHER	22
3060.352	3060.842	362	REPAINTED	22
3060.842	3060.932	433	THE	22
3060.932	3061.343652365315	173	GARAGE	22
3061.343652365315	3061.6434114197714	129	DOOR	22
3070.4763308750576	3070.922	84	CHALLENGE	23
3070.922	3071.202	132	EACH	23
3071.202	3071.642	175	GENERAL'S	23
3071.642	3072.512	221	INTELLIGENCE	23
3079.102	3079.1758227565506	99999	sp	24
3079.1758227565506	3080.0390810107997	17	AMBIDEXTROUS	24
3080.0390810107997	3080.592	326	PICKPOCKETS	24
3080.592	3081.411301653599	6	ACCOMPLISH	24
3081.411301653599	3081.962	266	MORE	24
3089.612	3089.6804787793894	99999	sp	25
3089.6804787793894	3089.742	1	A	25
3089.742	3090.1997143195376	270	MUSCULAR	25
3090.1997143195376	3090.732	2	ABDOMEN	25
3090.732	3090.870177085457	224	IS	25
3090.870177085457	3090.99276734302	189	GOOD	25
3090.99276734302	3091.182	161	FOR	25
3091.182	3091.282	495	YOUR	25
3091.282	3091.862	43	BACK	25
3099.5381596999246	3099.622	437	THEY	26
3099.622	3099.7660227704264	316	OWN	26
3099.7660227704264	3099.822	1	A	26
3099.822	3100.007562771352	52	BIG	26
3100.007562771352	3100.41624633756	209	HOUSE	26
3100.41624633756	3100.502	217	IN	26
3100.502	3100.5968018690705	433	THE	26
3100.5968018690705	3100.94291886267	360	REMOTE	26
3100.94291886267	3101.652	109	COUNTRYSIDE	26
3108.7119514699802	3108.7948117963756	433	THE	27
3108.7948117963756	3109.2206437860104	368	ROSE	27
3109.2206437860104	3110.362587779331	106	CORSAGE	27
3110.362587779331	3111.542	392	SMELLED	27
3111.542	3112.472	420	SWEET	27
3120.882195029412	3121.0711841410707	432	THAT	28
3121.0711841410707	3121.1542741815415	99999	sp	28
3121.1542741815415	3121.612	325	PICKPOCKET	28
3121.612	3121.772	471	WAS	28
3121.772	3122.012	80	CAUGHT	28
3122.012	3122.33405230644	355	RED	28
3122.33405230644	3122.972	199	HANDED	28
3129.5974371010802	3129.686810755184	19	AN	29
3129.686810755184	3130.042	9	ADULT	29
3130.042	3130.642	254	MALE	29
3130.642	3131.264088636878	42	BABOON'S	29
3131.264088636878	3131.5116026688584	429	TEETH	29
3131.5116026688584	3131.702	30	ARE	29
3131.702	3132.194504398582	284	NOT	29
3132.194504398582	3132.932	414	SUITABLE	29
3132.932	3133.6058912882954	99999	sp	29
3133.6058912882954	3133.7443746890795	161	FOR	29
3133.7443746890795	3134.052	135	EATING	29
3134.052	3134.812	375	SHELLFISH	29
3142.6960525845207	3142.822	204	HER	30
3142.822	3143.202	469	WARDROBE	30
3143.202	3143.661086201037	102	CONSISTS	30
3143.661086201037	3143.742	293	OF	30
3143.742	3143.932	297	ONLY	30
3143.932	3144.345843036244	384	SKIRTS	30
3144.345843036244	3144.452	20	AND	30
3144.452	3145.062	54	BLOUSES	30
3153.174301881083	3153.276333349073	433	THE	31
3153.276333349073	3153.442	452	TWO	31
3153.442	3153.8390108026656	33	ARTISTS	31
3153.8390108026656	3154.2754848820246	147	EXCHANGED	31
3154.2754848820246	3155.022	39	AUTOGRAPHS	31
3161.365032034424	3161.8858675155357	71	BUTTERSCOTCH	32
3161.8858675155357	3162.4890477623353	169	FUDGE	32
3162.4890477623353	3162.772	186	GOES	32
3162.772	3163.642	480	WELL	32
3163.642	3164.2292862061704	99999	sp	32
3164.2292862061704	3164.477646541244	486	WITH	32
3164.477646541244	3165.2203886194116	462	VANILLA	32
3165.2203886194116	3165.592	212	ICE	32
3165.592	3165.792	112	CREAM	32
3172.549176826595	3173.060666374014	365	RICH	33
3173.060666374014	3173.412	348	PURCHASED	33
3173.412	3173.772	373	SEVERAL	33
3173.772	3174.292	381	SIGNED	33
3174.292	3175.0883459526826	244	LITHOGRAPHS	33
3182.509895091555	3182.8985670907996	24	ANY	34
3182.8985670907996	3183.852	105	CONTRIBUTIONS	34
3183.852	3183.952	484	WILL	34
3183.952	3184.118290682532	47	BE	34
3184.118290682532	3184.6035488905495	195	GREATLY	34
3184.6035488905495	3185.402	28	APPRECIATED	34
3193.899962162378	3194.007476522692	433	THE	35
3194.007476522692	3194.466453170129	111	CRANBERRY	35
3194.466453170129	3194.762	57	BOG	35
3194.762	3195.002	178	GETS	35
3195.002	3195.296833392378	464	VERY	35
3195.296833392378	3195.552	339	PRETTY	35
3195.552	3195.653513240318	217	IN	35
3195.653513240318	3196.002	40	AUTUMN	35
3203.022	3203.299052577565	99999	sp	36
3203.299052577565	3203.471829052932	210	HOW	36
3203.471829052932	3203.5780805095865	128	DO	36
3203.5780805095865	3204.042	317	OYSTERS	36
3204.042	3204.26729732011	252	MAKE	36
3204.26729732011	3204.7148176667615	319	PEARLS	36
3212.1601118346	3212.292	256	MAY	37
3212.292	3212.4452247185673	211	I	37
3212.4452247185673	3212.735606582718	303	ORDER	37
3212.735606582718	3212.848995688605	1	A	37
3212.848995688605	3213.2989861977157	318	PARFAIT	37
3213.2989861977157	3213.638123250198	10	AFTER	37
3213.638123250198	3213.732	211	I	37
3213.732	3213.857400055829	134	EAT	37
3213.857400055829	3214.232	124	DINNER	37
3222.044967542769	3222.132	224	IS	38
3222.132	3222.483608106583	374	SHE	38
3222.483608106583	3222.719844496156	99999	sp	38
3222.719844496156	3222.952	187	GOING	38
3222.952	3223.1295927559913	486	WITH	38
3223.1295927559913	3223.2668539479328	494	YOU	38
3230.855006760959	3230.982825746678	76	CAN	39
3230.982825746678	3231.042	433	THE	39
3231.042	3231.5406551074293	11	AGENCY	39
3231.5406551074293	3232.478438603365	88888	OVERFTHROW	39
3232.478438603365	3233.286267373419	99999	sp	39
3233.286267373419	3233.672	13	ALIEN	39
3233.672	3234.312	162	FORCES	39
3242.4146119544234	3242.482	1	A	40
3242.482	3243.072	370	SCREWDRIVER	40
3243.072	3243.192	224	IS	40
3243.192	3243.372	251	MADE	40
3243.372	3243.562	166	FROM	40
3243.562	3244.032	468	VODKA	40
3244.032	3244.212	20	AND	40
3244.212	3244.542	302	ORANGE	40
3244.542	3244.972	230	JUICE	40
3251.5530957524957	3251.6651824025844	210	HOW	41
3251.6651824025844	3251.8590591636826	268	MUCH	41
3251.8590591636826	3252.3026146897937	16	ALLOWANCE	41
3252.3026146897937	3252.372	128	DO	41
3252.372	3252.442	494	YOU	41
3252.442	3252.6208345577174	177	GET	41
3259.586544414719	3260.129758923253	115	CYCLICAL	42
3260.129758923253	3260.512	345	PROGRAMS	42
3260.512	3260.652	484	WILL	42
3260.652	3261.5725739854943	280	NEVER	42
3261.5725739854943	3262.072	100	COMPILE	42
3269.2837559724826	3269.352	433	THE	43
3269.352	3269.7603386427854	61	BOSTON	43
3269.7603386427854	3270.0736833530686	45	BALLET	43
3270.0736833530686	3270.602	311	OVERCAME	43
3270.602	3270.712	434	THEIR	43
3270.712	3271.042	170	FUNDING	43
3271.042	3271.586285339129	379	SHORTAGE	43
3278.7208197608293	3279.3919633881637	145	EVERY	44
3279.3919633881637	3279.772	74	CAB	44
3279.772	3280.0328282503597	279	NEEDS	44
3280.0328282503597	3280.569703222127	363	REPAINTING	44
3280.569703222127	3280.975625977772	295	OFTEN	44
3288.8192241339184	3289.0550005930954	203	HELP	45
3289.0550005930954	3289.3322800325855	196	GREG	45
3289.3322800325855	3289.4330661297954	445	TO	45
3289.4330661297954	3289.598521724386	324	PICK	45
3289.598521724386	3289.711032115691	1	A	45
3289.711032115691	3289.88388738463	320	PECK	45
3289.88388738463	3290.018205222721	293	OF	45
3290.018205222721	3290.682	337	POTATOES	45
3300.032	3300.111008129243	99999	sp	46
3300.111008129243	3300.522006965178	475	WE	46
3300.522006965178	3300.751472116824	240	LIKE	46
3300.751472116824	3300.872	55	BLUE	46
3300.872	3301.2797782278153	88	CHEESE	46
3301.2797782278153	3301.3689544490126	70	BUT	46
3301.3689544490126	3301.682	465	VICTOR	46
3301.682	3301.9526370548474	241	LIKES	46
3301.9526370548474	3302.142814089371	64	BRIE	46
3311.701957129634	3312.0445569017156	108	COUNT	47
3312.0445569017156	3312.101907042493	99999	sp	47
3312.101907042493	3312.154807640063	433	THE	47
3312.154807640063	3312.4518707150614	288	NUMBER	47
3312.4518707150614	3312.5525043642547	293	OF	47
3312.5525043642547	3312.9846122088893	428	TEASPOONS	47
3312.9846122088893	3313.0920364714584	293	OF	47
3313.0920364714584	3313.802	394	SOYSAUCE	47
3313.802	3313.902	432	THAT	47
3313.902	3314.082	494	YOU	47
3314.082	3314.3634132174075	7	ADD	47
3323.2380522904264	3323.925494795012	88888	BYEPIPES	48
3323.925494795012	3324.0192380652634	99999	sp	48
3324.0192380652634	3324.797492073058	20	AND	48
3324.797492073058	3325.6174112347817	59	BONGOS	48
3325.6174112347817	3325.6721702034138	30	ARE	48
3325.6721702034138	3326.042	272	MUSICAL	48
3326.042	3326.672	220	INSTRUMENTS	48
3334.5656670052886	3334.71412465358	210	HOW	49
3334.71412465358	3334.8345943845707	189	GOOD	49
3334.8345943845707	3334.998004228633	224	IS	49
3334.998004228633	3335.092	495	YOUR	49
3335.092	3335.7750899814932	138	ENDURANCE	49
3335.7750899814932	3335.822	99999	sp	49
3335.822	3336.012	88888	HARDLY	49
3336.012	3336.172	99999	sp	49
3336.172	3336.272	88888	THERE	49
