592.7431875	592.8448099001571	476	WE	46
592.8448099001571	593.1258269454895	241	LIKE	46
593.1258269454895	593.3095297201368	55	BLUE	46
593.3095297201368	593.9866741837864	88	CHEESE	46
593.9866741837864	594.1549663485636	70	BUT	46
594.1549663485636	594.5740210519377	466	VICTOR	46
594.5740210519377	594.9737804586856	242	LIKES	46
594.9737804586856	595.4049663485636	64	BRIE	46
603.075625	603.1416182214596	434	THE	27
603.1416182214596	603.7128134401758	369	ROSE	27
603.7128134401758	604.5675199868695	106	CORSAGE	27
604.5675199868695	604.9916182214595	393	SMELLED	27
604.9916182214595	605.4416182214595	421	SWEET	27
613.2640625	613.4075883700373	210	HOW	41
613.4075883700373	613.6275883700373	269	MUCH	41
613.6275883700373	614.1164779002485	16	ALLOWANCE	41
614.1164779002485	614.1875883700372	128	DO	41
614.1875883700372	614.3688277652034	495	YOU	41
614.3688277652034	614.6275883700373	177	GET	41
622.083125	622.2434315459657	438	THEY	26
622.2434315459657	622.4534315459656	317	OWN	26
622.4534315459656	622.5987180460816	1	A	26
622.5987180460816	622.7734315459657	52	BIG	26
622.7734315459657	623.2325819456016	209	HOUSE	26
623.2325819456016	623.4134315459655	217	IN	26
623.4134315459655	623.4934315459657	434	THE	26
623.4934315459657	623.9400583502288	361	REMOTE	26
623.9400583502288	624.7134315459656	109	COUNTRYSIDE	26
631.9125	633.040754918504	17	AMBIDEXTROUS	24
633.040754918504	633.8880589017668	327	PICKPOCKETS	24
633.8880589017668	634.4661375444791	6	ACCOMPLISH	24
634.4661375444791	634.8092488263758	267	MORE	24
643.1085625	643.2456686911286	434	THE	43
643.2456686911286	643.6466785283395	61	BOSTON	43
643.6466785283395	644.0852921034482	45	BALLET	43
644.0852921034482	644.7952921034481	312	OVERCAME	43
644.7952921034481	644.9352921034481	435	THEIR	43
644.9352921034481	645.3252921034482	170	FUNDING	43
645.3252921034482	646.0252921034481	380	SHORTAGE	43
654.1984375	654.4794545453324	108	COUNT	47
654.4794545453324	654.5484077449743	434	THE	47
654.5484077449743	654.9384077449743	289	NUMBER	47
654.9384077449743	655.0184077449743	294	OF	47
655.0184077449743	655.1127960698112	99999	sp	47
655.1127960698112	656.0037778633384	429	TEASPOONS	47
656.0037778633384	656.1484077449743	294	OF	47
656.1484077449743	657.1037252728601	395	SOYSAUCE	47
657.1037252728601	657.3384077449742	433	THAT	47
657.3384077449742	657.5684077449743	495	YOU	47
657.5684077449743	658.0084077449742	7	ADD	47
666.576	666.9021390946052	210	HOW	49
666.9021390946052	667.2724952572962	189	GOOD	49
667.2724952572962	667.456	224	IS	49
667.456	667.626	496	YOUR	49
667.626	668.226	138	ENDURANCE	49
686.5826875	686.6689848145843	30	ARE	12
686.6689848145843	686.9889848145842	495	YOU	12
686.9889848145842	687.3789848145842	250	LOOKING	12
687.3789848145842	687.7189848145842	161	FOR	12
687.7189848145842	688.4589848145843	136	EMPLOYMENT	12
697.529402887776	697.5753454038437	1	A	40
697.5753454038437	698.4183694680265	371	SCREWDRIVER	40
698.4183694680265	698.6094894384071	224	IS	40
698.6094894384071	698.8153454038437	252	MADE	40
698.8153454038437	699.0253454038437	166	FROM	40
699.0253454038437	699.6959479874857	469	VODKA	40
699.6959479874857	699.8053454038437	20	AND	40
699.8053454038437	700.0953454038438	303	ORANGE	40
700.0953454038438	700.6353454038438	230	JUICE	40
709.3258125	710.0561142099933	115	CYCLICAL	42
710.0561142099933	710.7066999756086	346	PROGRAMS	42
710.7066999756086	710.7797797008378	485	WILL	42
710.7797797008378	711.1342361032923	281	NEVER	42
711.1342361032923	711.8097797008378	100	COMPILE	42
719.6388125	719.8876733559307	433	THAT	28
719.8876733559307	720.5052856005502	326	PICKPOCKET	28
720.5052856005502	720.7133949847407	472	WAS	28
720.7133949847407	721.0118758809153	80	CAUGHT	28
721.0118758809153	721.2952856005502	356	RED	28
721.2952856005502	721.8552856005501	199	HANDED	28
731.1414375	731.4616049383559	203	HELP	45
731.4616049383559	731.8465542864923	196	GREG	45
731.8465542864923	731.9409529792049	99999	sp	45
731.9409529792049	732.1193106611133	446	TO	45
732.1193106611133	732.4793322265592	325	PICK	45
732.4793322265592	732.733047539435	1	A	45
732.733047539435	733.1532405594277	321	PECK	45
733.1532405594277	733.4142146151718	294	OF	45
733.4142146151718	734.3505117996499	338	POTATOES	45
741.6478125	741.7302013631727	19	AN	29
741.7302013631727	742.1602013631727	9	ADULT	29
742.1602013631727	742.5139996328996	255	MALE	29
742.5139996328996	743.1592440583634	42	BABOON'S	29
743.1592440583634	743.5256065040395	430	TEETH	29
743.5256065040395	743.6302013631728	30	ARE	29
743.6302013631728	743.8602013631728	285	NOT	29
743.8602013631728	744.4802013631727	415	SUITABLE	29
744.4802013631727	744.7402013631727	161	FOR	29
744.7402013631727	745.0002013631727	135	EATING	29
745.0002013631727	745.7902013631726	376	SHELLFISH	29
755.0691875	755.3300220256554	142	EVEN	9
755.3300220256554	755.3882973663136	1	A	9
755.3882973663136	755.8600220256554	383	SIMPLE	9
755.8600220256554	756.6957115580685	468	VOCABULARY	9
756.6957115580685	757.2100220256555	104	CONTAINS	9
757.2100220256555	757.9000220256554	422	SYMBOLS	9
768.7198125	768.9826774443441	375	SHE	1
768.9826774443441	769.3362422983407	490	WORE	1
769.3362422983407	769.7619843396624	471	WARM	1
769.7619843396624	770.3026774443441	158	FLEECY	1
770.3026774443441	770.6826774443441	489	WOOLEN	1
770.6826774443441	771.5326774443441	311	OVERALLS	1
779.5245	779.616724275449	224	IS	38
779.616724275449	779.8909428105744	375	SHE	38
779.8909428105744	780.1418066546878	187	GOING	38
780.1418066546878	780.2790186541416	487	WITH	38
780.2790186541416	780.5373321664031	495	YOU	38
789.0171875	789.4110303560825	366	RICH	33
789.4110303560825	790.1359526612845	349	PURCHASED	33
790.1359526612845	790.701499820703	374	SEVERAL	33
790.701499820703	791.271499820703	382	SIGNED	33
791.271499820703	791.441499820703	99999	sp	33
791.441499820703	792.441499820703	245	LITHOGRAPHS	33
800.2723125	800.9993214060177	44	BAGPIPES	48
800.9993214060177	801.2084748834824	20	AND	48
801.2084748834824	801.7810683221014	59	BONGOS	48
801.7810683221014	801.8810683221014	30	ARE	48
801.8810683221014	802.3810683221014	273	MUSICAL	48
802.3810683221014	803.1110683221013	220	INSTRUMENTS	48
812.9329375	813.2448432374102	443	THOSE	7
813.2448432374102	813.4364892073598	484	WHO	7
813.4364892073598	813.7548432374102	427	TEACH	7
813.7548432374102	814.4148432374102	462	VALUES	7
814.4148432374102	814.9197319794881	156	FIRST	7
814.9197319794881	815.5624028896542	4	ABOLISH	7
815.5624028896542	816.1048432374103	87	CHEATING	7
825.4840625	826.1513184090225	183	GLUCOSE	11
826.1513184090225	826.3184865191055	20	AND	11
826.3184865191055	827.0825745015329	167	FRUCTOSE	11
827.0825745015329	827.2084865191055	30	ARE	11
827.2084865191055	827.5884865191056	276	NATURAL	11
827.5884865191056	828.1384865191055	414	SUGARS	11
828.1384865191055	828.4084865191055	163	FOUND	11
828.4084865191055	828.5284865191055	217	IN	11
828.5284865191055	828.9084865191055	168	FRUIT	11
836.549875	836.6554446753984	476	WE	4
836.6554446753984	836.7954446753984	30	ARE	4
836.7954446753984	837.0689274989664	301	OPEN	4
837.0689274989664	837.369676259349	145	EVERY	4
837.369676259349	837.7143438751166	265	MONDAY	4
837.7143438751166	838.2154446753984	143	EVENING	4
846.481625	846.7721476393865	354	READING	2
846.7721476393865	846.9337310796866	217	IN	2
846.9337310796866	847.1276253470154	434	THE	2
847.1276253470154	847.5821476393864	335	POOR	2
847.5821476393864	848.0304662107695	240	LIGHT	2
848.0304662107695	848.2421476393865	181	GIVES	2
848.2421476393865	848.4021476393865	495	YOU	2
848.4021476393865	849.0721476393865	150	EYESTRAIN	2
857.4630625	857.7144261916321	257	MAY	37
857.7144261916321	857.82142000057	211	I	37
857.82142000057	858.3444261916322	304	ORDER	37
858.3444261916322	858.706522064584	1	A	37
858.706522064584	859.3244261916323	319	PARFAIT	37
859.3244261916323	859.6544261916322	10	AFTER	37
859.6544261916322	859.7144261916321	211	I	37
859.7144261916321	859.9965672435312	134	EAT	37
859.9965672435312	860.3244261916323	124	DINNER	37
868.4423125	868.6762329101985	98	COFFEE	13
868.6762329101985	868.9363037145945	224	IS	13
868.9363037145945	869.1979147836139	198	GROWN	13
869.1979147836139	869.4387216124799	297	ON	13
869.4387216124799	870.1489874345032	404	STEEP	13
870.1489874345032	870.459483019774	99999	sp	13
870.459483019774	870.8279147836138	231	JUNGLE	13
870.8279147836138	871.1479147836138	241	LIKE	13
871.1479147836138	871.9041096457072	390	SLOPES	13
871.9041096457072	872.1507541412007	217	IN	13
872.1507541412007	872.5778014090339	431	TEMPERATE	13
872.5778014090339	873.2579147836138	497	ZONES	13
882.0633125	882.1338441651715	434	THE	8
882.1338441651715	882.5738441651714	165	FRIGHTENED	8
882.5738441651714	883.0738441651714	89	CHILD	8
883.0738441651714	883.3667706630375	472	WAS	8
883.3667706630375	883.6738441651714	176	GENTLY	8
883.6738441651714	884.3603903581214	410	SUBDUED	8
884.3603903581214	884.5538441651714	73	BY	8
884.5538441651714	884.8238441651714	208	HIS	8
884.8238441651714	884.9280771178122	99999	sp	8
884.9280771178122	885.1138441651715	52	BIG	8
885.1138441651715	885.251670963512	99999	sp	8
885.251670963512	885.7138441651714	66	BROTHER	8
893.322375	893.5391006703301	24	ANY	34
893.5391006703301	894.6800601970945	105	CONTRIBUTIONS	34
894.6800601970945	894.8175195372123	485	WILL	34
894.8175195372123	895.148191132266	47	BE	34
895.148191132266	895.7275195372122	195	GREATLY	34
895.7275195372122	896.5575195372122	28	APPRECIATED	34
904.7069375	904.998674733755	145	EVERY	44
904.998674733755	905.3055904961598	74	CAB	44
905.3055904961598	905.7037448820113	280	NEEDS	44
905.7037448820113	906.2355904961598	364	REPAINTING	44
906.2355904961598	906.7255904961597	296	OFTEN	44
915.5671875	916.0647738929913	229	JOHN'S	22
916.0647738929913	916.4309318841536	66	BROTHER	22
916.4309318841536	916.9751949609465	363	REPAINTED	22
916.9751949609465	917.089536435293	434	THE	22
917.089536435293	917.4809318841536	88888	GAR	22
917.4809318841536	917.659555397257	99999	sp	22
917.659555397257	918.1059430298501	173	GARAGE	22
918.1059430298501	918.5109318841537	129	DOOR	22
926.996375	927.1166951135281	434	THE	35
927.1166951135281	927.7428284011432	111	CRANBERRY	35
927.7428284011432	928.180479758636	57	BOG	35
928.180479758636	928.4546557399658	178	GETS	35
928.4546557399658	928.8153103672826	465	VERY	35
928.8153103672826	929.0846557399657	340	PRETTY	35
929.0846557399657	929.2146557399658	217	IN	35
929.2146557399658	929.6646557399657	40	AUTUMN	35
938.5566875	939.1662857116144	71	BUTTERSCOTCH	32
939.1662857116144	939.7913339017167	169	FUDGE	32
939.7913339017167	940.1479127799378	186	GOES	32
940.1479127799378	940.3362857116142	481	WELL	32
940.3362857116142	940.5262857116143	487	WITH	32
940.5262857116143	940.9462857116143	463	VANILLA	32
940.9462857116143	941.2176504349713	212	ICE	32
941.2176504349713	941.5462857116142	112	CREAM	32
950.3576875000001	950.7668122645771	405	STEVE	18
950.7668122645771	951.0568122645772	490	WORE	18
951.0568122645772	951.1578133349069	1	A	18
951.1578133349069	951.4668122645771	65	BRIGHT	18
951.4668122645771	951.722916731618	356	RED	18
951.722916731618	952.2368122645771	78	CASHMERE	18
952.2368122645771	952.7768122645771	420	SWEATER	18
962.3410625000001	962.5470290598904	226	IT'S	5
962.5470290598904	962.7704163408508	285	NOT	5
962.7704163408508	963.147914303986	133	EASY	5
963.147914303986	963.28506215484	446	TO	5
963.28506215484	963.7170290598904	113	CREATE	5
963.7170290598904	963.9177471385955	99999	sp	5
963.9177471385955	964.5970290598904	215	ILLUMINATING	5
964.5970290598904	965.4670290598904	146	EXAMPLES	5
974.6275	974.8392373378318	142	EVEN	3
974.8392373378318	975.0192373378319	211	I	3
975.0192373378319	975.5121852970858	293	OCCASIONALLY	3
975.5121852970858	975.6594966567613	177	GET	3
975.6594966567613	975.7192373378318	434	THE	3
975.7192373378318	976.054544019252	265	MONDAY	3
976.054544019252	976.5792373378318	56	BLUES	3
984.6694375	985.1499835207718	286	NOTHING	17
985.1499835207718	985.3799835207718	224	IS	17
985.3799835207718	985.8099835207718	34	AS	17
985.8099835207718	985.9480728282873	99999	sp	17
985.9480728282873	986.5499835207718	295	OFFENSIVE	17
986.5499835207718	986.8999835207718	34	AS	17
986.8999835207718	987.6599835207718	219	INNOCENCE	17
995.5910625	995.7284919967819	1	A	10
995.7284919967819	996.1110603210748	110	CRAB	10
996.1110603210748	996.6610625	85	CHALLENGED	10
996.6610625	997.0010625	258	ME	10
997.0010625	997.4125020258697	99999	sp	10
997.4125020258697	997.5110625	70	BUT	10
997.5110625	997.6419323044605	1	A	10
997.6419323044605	997.9110625	350	QUICK	10
997.9110625	998.4768474234935	402	STAB	10
998.4768474234935	999.0010625	464	VANQUISHED	10
999.0010625	999.2510625	207	HIM	10
1007.1878124999998	1007.2476321744537	434	THE	21
1007.2476321744537	1007.6100538921946	475	WATER	21
1007.6100538921946	1008.1472354449504	103	CONTAINED	21
1008.1472354449504	1008.3876321744536	448	TOO	21
1008.3876321744536	1008.6504006727334	269	MUCH	21
1008.6504006727334	1009.2076321744537	90	CHLORINE	21
1009.2076321744537	1009.3894320334114	20	AND	21
1009.3894320334114	1009.7076321744537	409	STUNG	21
1009.7076321744537	1009.8776321744535	208	HIS	21
1009.8776321744535	1010.4776321744537	149	EYES	21
1017.325125	1017.6133409645048	270	MUM	6
1017.6133409645048	1018.2822413719331	407	STRONGLY	6
1018.2822413719331	1018.6333409645049	88888	DISA	6
1018.6333409645049	1018.9074469044901	99999	sp	6
1018.9074469044901	1019.4476434060927	126	DISLIKES	6
1019.4476434060927	1020.3833409645049	27	APPETIZERS	6
1029.353	1029.5018494169842	76	CAN	39
1029.5018494169842	1029.5618494169844	434	THE	39
1029.5618494169844	1030.2518494169842	11	AGENCY	39
1030.2518494169842	1030.8718494169843	315	OVERTHROW	39
1030.8718494169843	1031.2318494169842	13	ALIEN	39
1031.2318494169842	1031.9018494169843	162	FORCES	39
1044.8126875	1045.37092345654	84	CHALLENGE	23
1045.37092345654	1045.677952769558	132	EACH	23
1045.677952769558	1046.217952769558	175	GENERAL'S	23
1046.217952769558	1047.0779527695581	221	INTELLIGENCE	23
1054.7893125	1054.953886025618	210	HOW	36
1054.953886025618	1055.124428612344	128	DO	36
1055.124428612344	1055.644428612344	318	OYSTERS	36
1055.644428612344	1055.9167555052818	253	MAKE	36
1055.9167555052818	1056.464428612344	320	PEARLS	36
1064.87025	1065.284296392576	46	BARB'S	19
1065.284296392576	1065.6051777086473	188	GOLD	19
1065.6051777086473	1066.1809492003226	63	BRACELET	19
1066.1809492003226	1066.32332893848	99999	sp	19
1066.32332893848	1066.5009492003228	472	WAS	19
1066.5009492003228	1066.585190669668	1	A	19
1066.585190669668	1067.2844525976425	193	GRADUATION	19
1067.2844525976425	1067.7309492003228	339	PRESENT	19
1076.2665625	1076.5176653456238	298	ONLY	15
1076.5176653456238	1076.641702631606	434	THE	15
1076.641702631606	1076.930641251075	51	BEST	15
1076.930641251075	1077.2706412510752	330	PLAYERS	15
1077.2706412510752	1077.6903797306338	139	ENJOY	15
1077.6903797306338	1078.5806412510751	336	POPULARITY	15
1087.515625	1087.715625	204	HER	30
1087.715625	1088.3114870486145	470	WARDROBE	30
1088.3114870486145	1088.8369173774236	102	CONSISTS	30
1088.8369173774236	1088.985625	294	OF	30
1088.985625	1089.305625	298	ONLY	30
1089.305625	1089.875625	385	SKIRTS	30
1089.875625	1089.9597544092617	99999	sp	30
1089.9597544092617	1090.1599998677739	20	AND	30
1090.1599998677739	1090.875625	54	BLOUSES	30
1098.7415	1098.9694356187956	130	DRAW	20
1098.9694356187956	1099.3791015264749	145	EVERY	20
1099.3791015264749	1099.6591015264748	308	OUTER	20
1099.6591015264748	1099.9107483732625	244	LINE	20
1099.9107483732625	1100.489101526475	156	FIRST	20
1100.489101526475	1100.649296889562	99999	sp	20
1100.649296889562	1100.818425130112	436	THEN	20
1100.818425130112	1101.299101526475	154	FILL	20
1101.299101526475	1101.4215521390252	99999	sp	20
1101.4215521390252	1101.756471775026	217	IN	20
1101.756471775026	1101.8891015264749	434	THE	20
1101.8891015264749	1102.6591015264748	222	INTERIOR	20
1110.852375	1110.8939675521394	1	A	25
1110.8939675521394	1111.6860855740124	271	MUSCULAR	25
1111.6860855740124	1112.4239675521394	2	ABDOMEN	25
1112.4239675521394	1112.6479114567824	224	IS	25
1112.6479114567824	1112.7739675521395	189	GOOD	25
1112.7739675521395	1112.9639675521394	161	FOR	25
1112.9639675521394	1113.119437668156	496	YOUR	25
1113.119437668156	1113.5733498582376	43	BACK	25
1122.4024375	1122.8373968346089	75	CALCIUM	16
1122.8373968346089	1123.2531172824301	254	MAKES	16
1123.2531172824301	1123.7573968346087	58	BONES	16
1123.7573968346087	1124.478782400562	99999	sp	16
1124.478782400562	1124.760525771991	20	AND	16
1124.760525771991	1125.0767621605498	430	TEETH	16
1125.0767621605498	1125.6873968346088	406	STRONG	16
1135.3192783949135	1135.4471643339875	434	THE	31
1135.4471643339875	1135.9371643339875	33	ARTISTS	31
1135.9371643339875	1136.7165525995513	147	EXCHANGED	31
1136.7165525995513	1137.5671643339876	39	AUTOGRAPHS	31
1145.019125	1145.1717313037045	476	WE	14
1145.1717313037045	1145.6217313037046	480	WELCOME	14
1145.6217313037046	1145.9317313037045	256	MANY	14
1145.9317313037045	1146.1617313037045	282	NEW	14
1146.1617313037045	1146.7617313037044	408	STUDENTS	14
1146.7617313037044	1147.0738557646318	132	EACH	14
1147.0738557646318	1147.4017313037045	491	YEAR	14
1748.6026875	1748.698011446551	476	WE	46
1748.698011446551	1748.9842744729388	241	LIKE	46
1748.9842744729388	1749.1728023561514	55	BLUE	46
1749.1728023561514	1749.6659650758122	88	CHEESE	46
1749.6659650758122	1749.828011446551	70	BUT	46
1749.828011446551	1750.128011446551	466	VICTOR	46
1750.128011446551	1750.4850782460935	242	LIKES	46
1750.4850782460935	1750.818011446551	64	BRIE	46
1759.349625	1759.4016070014177	434	THE	27
1759.4016070014177	1759.7485831548568	369	ROSE	27
1759.7485831548568	1760.3616070014177	106	CORSAGE	27
1760.3616070014177	1760.6916070014177	393	SMELLED	27
1760.6916070014177	1761.1616070014177	421	SWEET	27
1768.3799375	1768.5029841443236	210	HOW	41
1768.5029841443236	1768.8029841443235	269	MUCH	41
1768.8029841443235	1769.2440666371465	16	ALLOWANCE	41
1769.2440666371465	1769.3129841443235	128	DO	41
1769.3129841443235	1769.4583141679468	495	YOU	41
1769.4583141679468	1769.7329841443236	177	GET	41
1776.950875	1777.067597714758	438	THEY	26
1777.067597714758	1777.227597714758	317	OWN	26
1777.227597714758	1777.3198811038872	1	A	26
1777.3198811038872	1777.5162831658022	52	BIG	26
1777.5162831658022	1777.846301129247	209	HOUSE	26
1777.846301129247	1777.9175977147581	217	IN	26
1777.9175977147581	1777.977597714758	434	THE	26
1777.977597714758	1778.380283486249	361	REMOTE	26
1778.380283486249	1779.2558788012475	109	COUNTRYSIDE	26
1789.6408125	1790.4197691587206	17	AMBIDEXTROUS	24
1790.4197691587206	1791.1369075915575	327	PICKPOCKETS	24
1791.1369075915575	1791.9200891521232	6	ACCOMPLISH	24
1791.9200891521232	1792.2971268870863	267	MORE	24
1800.34875	1800.466394849502	434	THE	43
1800.466394849502	1800.8613884029057	61	BOSTON	43
1800.8613884029057	1801.3401167224224	45	BALLET	43
1801.3401167224224	1801.9101167224223	312	OVERCAME	43
1801.9101167224223	1802.0301167224225	435	THEIR	43
1802.0301167224225	1802.3701167224224	170	FUNDING	43
1802.3701167224224	1803.0401167224225	380	SHORTAGE	43
1810.2998125	1810.5546670783776	108	COUNT	47
1810.5546670783776	1810.6163598203818	434	THE	47
1810.6163598203818	1811.006359820382	289	NUMBER	47
1811.006359820382	1811.2033161898862	294	OF	47
1811.2033161898862	1811.856359820382	429	TEASPOONS	47
1811.856359820382	1811.916359820382	294	OF	47
1811.916359820382	1812.633800869058	395	SOYSAUCE	47
1812.633800869058	1812.8063598203819	433	THAT	47
1812.8063598203819	1812.966359820382	495	YOU	47
1812.966359820382	1813.3063598203819	7	ADD	47
1822.19275	1822.4499996446777	210	HOW	49
1822.4499996446777	1822.6323764130268	189	GOOD	49
1822.6323764130268	1822.8223764130266	224	IS	49
1822.8223764130266	1822.9523764130265	496	YOUR	49
1822.9523764130265	1823.6223764130266	138	ENDURANCE	49
1832.3723125	1832.4502982968659	30	ARE	0
1832.4502982968659	1832.6518767216808	496	YOUR	0
1832.6518767216808	1832.9550185779508	192	GRADES	0
1832.9550185779508	1833.4984081498492	206	HIGHER	0
1833.4984081498492	1833.6150185779507	302	OR	0
1833.6150185779507	1833.8050185779507	251	LOWER	0
1833.8050185779507	1833.9503426953006	432	THAN	0
1833.9503426953006	1834.6450185779506	275	NANCY'S	0
1845.3074375	1845.3858705034222	30	ARE	12
1845.3858705034222	1845.6158705034222	495	YOU	12
1845.6158705034222	1845.9158705034222	250	LOOKING	12
1845.9158705034222	1846.1158705034222	161	FOR	12
1846.1158705034222	1846.785870503422	136	EMPLOYMENT	12
1855.8464754058575	1855.8864754058575	1	A	40
1855.8864754058575	1856.5164754058576	371	SCREWDRIVER	40
1856.5164754058576	1856.6897456691431	224	IS	40
1856.6897456691431	1856.859995939154	252	MADE	40
1856.859995939154	1857.0657832364373	166	FROM	40
1857.0657832364373	1857.3364754058575	469	VODKA	40
1857.3364754058575	1857.5064754058576	20	AND	40
1857.5064754058576	1857.7664754058576	303	ORANGE	40
1857.7664754058576	1858.2964754058576	230	JUICE	40
1866.9430625	1867.6913117858237	115	CYCLICAL	42
1867.6913117858237	1868.3583519590384	346	PROGRAMS	42
1868.3583519590384	1868.442669207337	485	WILL	42
1868.442669207337	1868.747408150075	281	NEVER	42
1868.747408150075	1869.342669207337	100	COMPILE	42
1876.1859375	1876.7882020737957	433	THAT	28
1876.7882020737957	1877.3382020737956	326	PICKPOCKET	28
1877.3382020737956	1877.523342587455	472	WAS	28
1877.523342587455	1877.7900931413972	80	CAUGHT	28
1877.7900931413972	1877.9600067962378	356	RED	28
1877.9600067962378	1878.516622806086	199	HANDED	28
1887.15775	1887.463233953055	203	HELP	45
1887.463233953055	1887.94415294335	196	GREG	45
1887.94415294335	1888.1613624855022	99999	sp	45
1888.1613624855022	1888.3414372367768	446	TO	45
1888.3414372367768	1888.6737338732478	325	PICK	45
1888.6737338732478	1888.8812445391222	1	A	45
1888.8812445391222	1889.1237338732478	321	PECK	45
1889.1237338732478	1889.283398910322	294	OF	45
1889.283398910322	1890.0937338732479	338	POTATOES	45
1898.4021875	1898.4621175478167	19	AN	29
1898.4621175478167	1898.8775455837647	9	ADULT	29
1898.8775455837647	1899.1667186200846	255	MALE	29
1899.1667186200846	1899.7969242033862	42	BABOON'S	29
1899.7969242033862	1900.0475455837648	430	TEETH	29
1900.0475455837648	1900.1175455837647	30	ARE	29
1900.1175455837647	1900.3475455837647	285	NOT	29
1900.3475455837647	1901.0694369344706	415	SUITABLE	29
1901.0694369344706	1901.2575455837648	161	FOR	29
1901.2575455837648	1901.5675455837647	135	EATING	29
1901.5675455837647	1902.3375455837647	376	SHELLFISH	29
1909.567875	1909.8198302217477	142	EVEN	9
1909.8198302217477	1909.8498302217477	1	A	9
1909.8498302217477	1910.2598302217477	383	SIMPLE	9
1910.2598302217477	1910.941051793642	468	VOCABULARY	9
1910.941051793642	1911.3698302217479	104	CONTAINS	9
1911.3698302217479	1912.0598302217477	422	SYMBOLS	9
1929.2676875	1929.4907149940202	375	SHE	1
1929.4907149940202	1929.7707149940204	490	WORE	1
1929.7707149940204	1930.1007149940203	471	WARM	1
1930.1007149940203	1930.6007149940203	158	FLEECY	1
1930.6007149940203	1930.9507149940202	489	WOOLEN	1
1930.9507149940202	1931.7407149940202	311	OVERALLS	1
1939.09025	1939.1836544574699	224	IS	38
1939.1836544574699	1939.404747631027	375	SHE	38
1939.404747631027	1939.6379336190053	187	GOING	38
1939.6379336190053	1939.790011107386	487	WITH	38
1939.790011107386	1940.042517125829	495	YOU	38
1947.713	1947.9751610446176	366	RICH	33
1947.9751610446176	1948.3873250153622	349	PURCHASED	33
1948.3873250153622	1948.8689679356694	374	SEVERAL	33
1948.8689679356694	1948.9579948194896	99999	sp	33
1948.9579948194896	1949.5689679356694	382	SIGNED	33
1949.5689679356694	1949.7622237218814	99999	sp	33
1949.7622237218814	1950.6989679356695	245	LITHOGRAPHS	33
1958.542875	1959.1087956559431	44	BAGPIPES	48
1959.1087956559431	1959.2567142016328	20	AND	48
1959.2567142016328	1959.7065202975148	59	BONGOS	48
1959.7065202975148	1959.7572233946782	30	ARE	48
1959.7572233946782	1960.2372233946783	273	MUSICAL	48
1960.2372233946783	1960.9072233946783	220	INSTRUMENTS	48
1969.8753125	1970.107314704626	443	THOSE	7
1970.107314704626	1970.2385790638948	484	WHO	7
1970.2385790638948	1970.517314704626	427	TEACH	7
1970.517314704626	1971.027314704626	462	VALUES	7
1971.027314704626	1971.4057066953028	156	FIRST	7
1971.4057066953028	1971.8163373049065	4	ABOLISH	7
1971.8163373049065	1972.3173147046261	87	CHEATING	7
1981.6774375	1982.229171136145	183	GLUCOSE	11
1982.229171136145	1982.4191711361448	20	AND	11
1982.4191711361448	1982.9691711361447	167	FRUCTOSE	11
1982.9691711361447	1983.0991711361448	30	ARE	11
1983.0991711361448	1983.4191711361448	276	NATURAL	11
1983.4191711361448	1983.9537646395709	414	SUGARS	11
1983.9537646395709	1984.1291711361448	163	FOUND	11
1984.1291711361448	1984.239171136145	217	IN	11
1984.239171136145	1984.5891711361448	168	FRUIT	11
1992.00175	1992.0847323630196	476	WE	4
1992.0847323630196	1992.2647323630197	30	ARE	4
1992.2647323630197	1992.5347323630197	301	OPEN	4
1992.5347323630197	1992.8347323630196	145	EVERY	4
1992.8347323630196	1993.0847323630196	265	MONDAY	4
1993.0847323630196	1993.6847323630195	143	EVENING	4
2001.3308125	2001.5389101510461	354	READING	2
2001.5389101510461	2001.6851654566017	217	IN	2
2001.6851654566017	2001.9125678576804	335	POOR	2
2001.9125678576804	2002.1785922476934	240	LIGHT	2
2002.1785922476934	2002.3689101510463	181	GIVES	2
2002.3689101510463	2002.5089101510462	495	YOU	2
2002.5089101510462	2003.1589101510463	150	EYESTRAIN	2
2010.671	2010.9252285187865	257	MAY	37
2010.9252285187865	2011.0052285187867	211	I	37
2011.0052285187867	2011.2600624394488	304	ORDER	37
2011.2600624394488	2011.4400549357913	1	A	37
2011.4400549357913	2011.8652285187866	319	PARFAIT	37
2011.8652285187866	2012.2552285187867	10	AFTER	37
2012.2552285187867	2012.3552285187866	211	I	37
2012.3552285187866	2012.721750434581	134	EAT	37
2012.721750434581	2013.1452285187868	124	DINNER	37
2020.6054375	2020.8292224707886	98	COFFEE	13
2020.8292224707886	2021.0443188187346	224	IS	13
2021.0443188187346	2021.2892224707887	198	GROWN	13
2021.2892224707887	2021.4592224707887	297	ON	13
2021.4592224707887	2021.9644446950506	404	STEEP	13
2021.9644446950506	2022.2792224707887	231	JUNGLE	13
2022.2792224707887	2022.4792224707887	241	LIKE	13
2022.4792224707887	2022.9492224707885	390	SLOPES	13
2022.9492224707885	2023.1016337999827	217	IN	13
2023.1016337999827	2023.4592224707887	431	TEMPERATE	13
2023.4592224707887	2024.0092224707887	497	ZONES	13
2032.8709375	2032.929330378514	434	THE	8
2032.929330378514	2033.259330378514	165	FRIGHTENED	8
2033.259330378514	2033.609330378514	89	CHILD	8
2033.609330378514	2033.769330378514	472	WAS	8
2033.769330378514	2033.9996267128338	88888	SO	8
2033.9996267128338	2034.629330378514	176	GENTLY	8
2034.629330378514	2035.5265625512047	99999	sp	8
2035.5265625512047	2036.0573633138124	410	SUBDUED	8
2036.0573633138124	2036.139330378514	73	BY	8
2036.139330378514	2036.3418524943222	208	HIS	8
2036.3418524943222	2036.5537602653546	52	BIG	8
2036.5537602653546	2036.919330378514	66	BROTHER	8
2044.518875	2044.7226867212075	24	ANY	34
2044.7226867212075	2045.8241173259694	105	CONTRIBUTIONS	34
2045.8241173259694	2046.0253391089038	485	WILL	34
2046.0253391089038	2046.5554465893294	195	GREATLY	34
2046.5554465893294	2046.7740217285152	99999	sp	34
2046.7740217285152	2047.0305426339098	47	BE	34
2047.0305426339098	2047.367625098879	195	GREATLY	34
2047.367625098879	2047.997625098879	28	APPRECIATED	34
2068.103875	2068.3869878085575	145	EVERY	44
2068.3869878085575	2068.670335793194	74	CAB	44
2068.670335793194	2068.9903357931944	280	NEEDS	44
2068.9903357931944	2069.500335793194	364	REPAINTING	44
2069.500335793194	2069.970335793194	296	OFTEN	44
2079.1580625	2079.660852170143	229	JOHN'S	22
2079.660852170143	2079.9484017371346	66	BROTHER	22
2079.9484017371346	2080.4642899058335	363	REPAINTED	22
2080.4642899058335	2080.5384017371343	434	THE	22
2080.5384017371343	2081.0300579752966	173	GARAGE	22
2081.0300579752966	2081.3984017371345	129	DOOR	22
2089.122	2089.2279203852695	434	THE	35
2089.2279203852695	2089.366467794159	99999	sp	35
2089.366467794159	2090.055503264736	111	CRANBERRY	35
2090.055503264736	2090.407857148337	57	BOG	35
2090.407857148337	2090.7279203852695	178	GETS	35
2090.7279203852695	2090.907920385269	99999	sp	35
2090.907920385269	2091.280636524022	465	VERY	35
2091.280636524022	2091.5979203852694	340	PRETTY	35
2091.5979203852694	2091.7179203852693	217	IN	35
2091.7179203852693	2092.1879203852695	40	AUTUMN	35
2099.4116875	2099.967703039849	71	BUTTERSCOTCH	32
2099.967703039849	2100.2926689739343	88888	FUD	32
2100.2926689739343	2100.857703039849	186	GOES	32
2100.857703039849	2101.0439259789696	99999	sp	32
2101.0439259789696	2101.5077030398493	481	WELL	32
2101.5077030398493	2101.727703039849	487	WITH	32
2101.727703039849	2102.1177030398494	463	VANILLA	32
2102.1177030398494	2102.4077030398494	212	ICE	32
2102.4077030398494	2102.7977030398492	112	CREAM	32
2116.6903125	2117.4488744242217	405	STEVE	18
2117.4488744242217	2117.818874424222	490	WORE	18
2117.818874424222	2117.896637801651	1	A	18
2117.896637801651	2118.188874424222	65	BRIGHT	18
2118.188874424222	2118.548745614119	356	RED	18
2118.548745614119	2118.998874424222	78	CASHMERE	18
2118.998874424222	2119.538874424222	420	SWEATER	18
2126.5195625	2126.7002325079884	226	IT'S	5
2126.7002325079884	2126.8802325079882	285	NOT	5
2126.8802325079882	2127.193156122052	133	EASY	5
2127.193156122052	2127.389966075076	446	TO	5
2127.389966075076	2127.920232507988	113	CREATE	5
2127.920232507988	2128.650232507988	215	ILLUMINATING	5
2128.650232507988	2129.560232507988	146	EXAMPLES	5
2136.9749375	2137.1881086898484	142	EVEN	3
2137.1881086898484	2137.4194558909294	211	I	3
2137.4194558909294	2137.903052081455	293	OCCASIONALLY	3
2137.903052081455	2138.0522570654184	177	GET	3
2138.0522570654184	2138.1094558909294	434	THE	3
2138.1094558909294	2138.4765057213535	265	MONDAY	3
2138.4765057213535	2139.0494558909295	56	BLUES	3
2146.0860625	2146.401929250441	286	NOTHING	17
2146.401929250441	2146.6019292504407	224	IS	17
2146.6019292504407	2146.8119292504407	34	AS	17
2146.8119292504407	2147.2319292504408	295	OFFENSIVE	17
2147.2319292504408	2147.451929250441	34	AS	17
2147.451929250441	2148.2219292504406	219	INNOCENCE	17
2154.715875	2154.816443575427	1	A	10
2154.816443575427	2155.1057194777786	110	CRAB	10
2155.1057194777786	2155.5091237634797	85	CHALLENGED	10
2155.5091237634797	2155.8385711821675	258	ME	10
2155.8385711821675	2155.9469758285522	70	BUT	10
2155.9469758285522	2156.126975828552	1	A	10
2156.126975828552	2156.2869758285524	350	QUICK	10
2156.2869758285524	2156.776975828552	402	STAB	10
2156.776975828552	2157.2447345339433	464	VANQUISHED	10
2157.2447345339433	2157.526975828552	207	HIM	10
2164.813375	2164.878960451906	434	THE	21
2164.878960451906	2165.1806468786126	475	WATER	21
2165.1806468786126	2165.741563245336	103	CONTAINED	21
2165.741563245336	2165.9787403688993	448	TOO	21
2165.9787403688993	2166.198740368899	269	MUCH	21
2166.198740368899	2166.738740368899	90	CHLORINE	21
2166.738740368899	2166.9587403688993	20	AND	21
2166.9587403688993	2167.238740368899	409	STUNG	21
2167.238740368899	2167.428740368899	208	HIS	21
2167.428740368899	2168.108740368899	149	EYES	21
2173.8405625	2174.029774643641	270	MUM	6
2174.029774643641	2174.5641509474335	407	STRONGLY	6
2174.5641509474335	2175.075077229808	126	DISLIKES	6
2175.075077229808	2175.995077229808	27	APPETIZERS	6
2184.1785625	2184.323600172983	76	CAN	39
2184.323600172983	2184.453600172983	434	THE	39
2184.453600172983	2185.0936001729833	11	AGENCY	39
2185.0936001729833	2185.6836001729835	315	OVERTHROW	39
2185.6836001729835	2186.003600172983	13	ALIEN	39
2186.003600172983	2186.6736001729832	162	FORCES	39
2195.2026875	2195.771656648566	84	CHALLENGE	23
2195.771656648566	2196.113735109936	132	EACH	23
2196.113735109936	2196.5737351099356	175	GENERAL'S	23
2196.5737351099356	2197.443735109936	221	INTELLIGENCE	23
2204.332875	2204.4870942272573	210	HOW	36
2204.4870942272573	2204.5970942272575	128	DO	36
2204.5970942272575	2205.0370942272575	318	OYSTERS	36
2205.0370942272575	2205.2770942272573	253	MAKE	36
2205.2770942272573	2205.7670942272575	320	PEARLS	36
2213.7715	2214.1050414373167	46	BARB'S	19
2214.1050414373167	2214.354218782903	188	GOLD	19
2214.354218782903	2214.8050414373165	63	BRACELET	19
2214.8050414373165	2214.995041437317	472	WAS	19
2214.995041437317	2215.0610788356353	1	A	19
2215.0610788356353	2215.697459402126	193	GRADUATION	19
2215.697459402126	2216.135041437317	339	PRESENT	19
2223.286	2223.536788310865	298	ONLY	15
2223.536788310865	2223.632373718827	434	THE	15
2223.632373718827	2223.867377477331	51	BEST	15
2223.867377477331	2224.2073774773307	330	PLAYERS	15
2224.2073774773307	2224.5363468273417	139	ENJOY	15
2224.5363468273417	2225.3173774773313	336	POPULARITY	15
2232.85225	2232.906601280298	204	HER	30
2232.906601280298	2233.927187163486	88888	WARBDROBE	30
2233.927187163486	2234.439912030368	102	CONSISTS	30
2234.439912030368	2234.546665199775	294	OF	30
2234.546665199775	2234.8566651997753	298	ONLY	30
2234.8566651997753	2235.2645303139375	385	SKIRTS	30
2235.2645303139375	2235.379730182295	20	AND	30
2235.379730182295	2236.056665199775	54	BLOUSES	30
2243.1134375	2243.3504022968577	130	DRAW	20
2243.3504022968577	2243.6404022968577	145	EVERY	20
2243.6404022968577	2243.8604022968575	308	OUTER	20
2243.8604022968575	2244.130402296858	244	LINE	20
2244.130402296858	2244.6804022968577	156	FIRST	20
2244.6804022968577	2244.8023505798656	99999	sp	20
2244.8023505798656	2245.010402296858	436	THEN	20
2245.010402296858	2245.380402296858	154	FILL	20
2245.380402296858	2245.5873300549943	217	IN	20
2245.5873300549943	2245.6804022968577	434	THE	20
2245.6804022968577	2246.469069846934	222	INTERIOR	20
2254.0111875	2254.041546134593	1	A	25
2254.041546134593	2254.6515461345925	271	MUSCULAR	25
2254.6515461345925	2255.2415461345927	2	ABDOMEN	25
2255.2415461345927	2255.480678842913	224	IS	25
2255.480678842913	2255.6615461345928	189	GOOD	25
2255.6615461345928	2255.8515461345924	161	FOR	25
2255.8515461345924	2256.0075746811267	496	YOUR	25
2256.0075746811267	2256.4415461345925	43	BACK	25
2264.4284375	2264.825025217767	75	CALCIUM	16
2264.825025217767	2265.1664637569165	254	MAKES	16
2265.1664637569165	2265.575025217767	88888	BUNS	16
2265.575025217767	2265.8242195621087	20	AND	16
2265.8242195621087	2266.1050252177665	430	TEETH	16
2266.1050252177665	2266.6850252177665	406	STRONG	16
2274.351875	2274.4726179984423	434	THE	31
2274.4726179984423	2274.7146011436816	453	TWO	31
2274.7146011436816	2275.1346011436817	33	ARTISTS	31
2275.1346011436817	2275.8418929103827	147	EXCHANGED	31
2275.8418929103827	2276.554601143682	39	AUTOGRAPHS	31
2283.4825625	2283.5951376326175	476	WE	14
2283.5951376326175	2283.9651376326174	480	WELCOME	14
2283.9651376326174	2284.2051376326176	256	MANY	14
2284.2051376326176	2284.3751376326177	282	NEW	14
2284.3751376326177	2284.8373909864567	408	STUDENTS	14
2284.8373909864567	2285.031748233349	132	EACH	14
2285.031748233349	2285.429988184692	491	YEAR	14
2868.146	2868.2385351973567	476	WE	46
2868.2385351973567	2868.505300315712	241	LIKE	46
2868.505300315712	2868.6585351973567	55	BLUE	46
2868.6585351973567	2869.018535197357	88	CHEESE	46
2869.018535197357	2869.2185351973567	70	BUT	46
2869.2185351973567	2869.4885351973567	466	VICTOR	46
2869.4885351973567	2869.8419952005847	242	LIKES	46
2869.8419952005847	2870.168535197357	64	BRIE	46
2877.628	2877.6945969860553	434	THE	27
2877.6945969860553	2878.0525338780494	369	ROSE	27
2878.0525338780494	2878.5983565129745	106	CORSAGE	27
2878.5983565129745	2878.9725338780495	393	SMELLED	27
2878.9725338780495	2879.4325338780495	421	SWEET	27
2886.2038125	2886.307840560087	210	HOW	41
2886.307840560087	2886.487840560087	269	MUCH	41
2886.487840560087	2886.9054934267288	16	ALLOWANCE	41
2886.9054934267288	2886.977840560087	128	DO	41
2886.977840560087	2887.1117252234294	495	YOU	41
2887.1117252234294	2887.537840560087	177	GET	41
2895.1644375	2895.276066483969	438	THEY	26
2895.276066483969	2895.406066483969	317	OWN	26
2895.406066483969	2895.5001552939734	1	A	26
2895.5001552939734	2895.676066483969	52	BIG	26
2895.676066483969	2895.9820965762287	209	HOUSE	26
2895.9820965762287	2896.056066483969	217	IN	26
2896.056066483969	2896.116066483969	434	THE	26
2896.116066483969	2896.466066483969	361	REMOTE	26
2896.466066483969	2897.256066483969	109	COUNTRYSIDE	26
2903.588625	2904.355271234907	17	AMBIDEXTROUS	24
2904.355271234907	2904.9478678100745	327	PICKPOCKETS	24
2904.9478678100745	2905.429341627199	6	ACCOMPLISH	24
2905.429341627199	2905.7778678100744	267	MORE	24
2913.7393125	2913.8470079728436	434	THE	43
2913.8470079728436	2914.1857463827723	61	BOSTON	43
2914.1857463827723	2914.5736203071374	45	BALLET	43
2914.5736203071374	2915.0536203071374	312	OVERCAME	43
2915.0536203071374	2915.1936203071377	435	THEIR	43
2915.1936203071377	2915.5336203071374	170	FUNDING	43
2915.5336203071374	2916.2136203071377	380	SHORTAGE	43
2927.521125	2927.7352806667245	108	COUNT	47
2927.7352806667245	2927.795280666725	434	THE	47
2927.795280666725	2928.125280666725	289	NUMBER	47
2928.125280666725	2928.220359910582	294	OF	47
2928.220359910582	2928.7252806667248	429	TEASPOONS	47
2928.7252806667248	2928.7852806667247	294	OF	47
2928.7852806667247	2929.392523976519	395	SOYSAUCE	47
2929.392523976519	2929.545280666725	433	THAT	47
2929.545280666725	2929.685280666725	495	YOU	47
2929.685280666725	2930.045280666725	7	ADD	47
2939.404	2939.5592617797365	210	HOW	49
2939.5592617797365	2939.6492617797367	189	GOOD	49
2939.6492617797367	2939.8692617797365	224	IS	49
2939.8692617797365	2939.9992617797366	496	YOUR	49
2939.9992617797366	2940.7192617797364	138	ENDURANCE	49
2947.9460625	2947.9850862944713	30	ARE	0
2947.9850862944713	2948.12669379509	496	YOUR	0
2948.12669379509	2948.375458017632	192	GRADES	0
2948.375458017632	2948.8269520746485	206	HIGHER	0
2948.8269520746485	2948.979246130807	302	OR	0
2948.979246130807	2949.2145806455883	251	LOWER	0
2949.2145806455883	2949.3216694185585	432	THAN	0
2949.3216694185585	2949.9795722869276	275	NANCY'S	0
2957.1820625	2957.2395435147364	30	ARE	12
2957.2395435147364	2957.3366742655317	495	YOU	12
2957.3366742655317	2957.6166742655314	250	LOOKING	12
2957.6166742655314	2957.8366742655317	161	FOR	12
2957.8366742655317	2958.3266742655314	136	EMPLOYMENT	12
2966.025342831685	2966.0598483428435	1	A	40
2966.0598483428435	2966.599848342844	371	SCREWDRIVER	40
2966.599848342844	2966.769742483233	224	IS	40
2966.769742483233	2966.91402680262	252	MADE	40
2966.91402680262	2967.139848342844	166	FROM	40
2967.139848342844	2967.449848342844	469	VODKA	40
2967.449848342844	2967.579848342844	20	AND	40
2967.579848342844	2967.9598483428435	303	ORANGE	40
2967.9598483428435	2968.409848342844	230	JUICE	40
2976.5096875	2977.124336063837	115	CYCLICAL	42
2977.124336063837	2977.6734067429975	346	PROGRAMS	42
2977.6734067429975	2977.750499681539	485	WILL	42
2977.750499681539	2978.040499681539	281	NEVER	42
2978.040499681539	2978.600499681539	100	COMPILE	42
2989.3231875	2989.550890357725	433	THAT	28
2989.550890357725	2990.0808903577254	326	PICKPOCKET	28
2990.0808903577254	2990.26810203022	472	WAS	28
2990.26810203022	2990.530890357725	80	CAUGHT	28
2990.530890357725	2990.6808903577253	356	RED	28
2990.6808903577253	2991.163195709799	199	HANDED	28
2998.9669375	2999.231343692943	203	HELP	45
2999.231343692943	2999.56295812265	196	GREG	45
2999.56295812265	2999.654977958987	99999	sp	45
2999.654977958987	2999.822276097166	446	TO	45
2999.822276097166	2999.993633046836	325	PICK	45
2999.993633046836	3000.096710232577	1	A	45
3000.096710232577	3000.29295812265	321	PECK	45
3000.29295812265	3000.4099233675743	294	OF	45
3000.4099233675743	3001.2029581226498	338	POTATOES	45
3008.18525	3008.2515241371343	19	AN	29
3008.2515241371343	3008.547418839124	9	ADULT	29
3008.547418839124	3008.831535834956	255	MALE	29
3008.831535834956	3009.3906702207623	42	BABOON'S	29
3009.3906702207623	3009.6074418776398	430	TEETH	29
3009.6074418776398	3009.6688785529573	30	ARE	29
3009.6688785529573	3009.8888785529575	285	NOT	29
3009.8888785529575	3010.291578184071	415	SUITABLE	29
3010.291578184071	3010.4388785529572	161	FOR	29
3010.4388785529572	3010.6788785529575	135	EATING	29
3010.6788785529575	3011.3588785529573	376	SHELLFISH	29
3019.0665	3019.270987149437	142	EVEN	9
3019.270987149437	3019.310987149437	1	A	9
3019.310987149437	3019.690987149437	383	SIMPLE	9
3019.690987149437	3020.2880420352185	468	VOCABULARY	9
3020.2880420352185	3020.730987149437	104	CONTAINS	9
3020.730987149437	3021.3609871494373	422	SYMBOLS	9
3028.433125	3028.603125	375	SHE	1
3028.603125	3028.873125	490	WORE	1
3028.873125	3029.143125	471	WARM	1
3029.143125	3029.593125	158	FLEECY	1
3029.593125	3029.913125	489	WOOLEN	1
3029.913125	3030.673125	311	OVERALLS	1
3037.4915	3037.5527061007447	224	IS	38
3037.5527061007447	3037.766951882465	375	SHE	38
3037.766951882465	3038.0127061007447	187	GOING	38
3038.0127061007447	3038.181944814094	487	WITH	38
3038.181944814094	3038.442706100745	495	YOU	38
3048.939375	3049.219659371631	366	RICH	33
3049.219659371631	3049.590836474555	349	PURCHASED	33
3049.590836474555	3050.0608364745553	374	SEVERAL	33
3050.0608364745553	3050.2967151127355	99999	sp	33
3050.2967151127355	3050.760836474555	382	SIGNED	33
3050.760836474555	3051.610836474555	245	LITHOGRAPHS	33
3059.6938125	3060.194132537818	44	BAGPIPES	48
3060.194132537818	3060.3463889605305	20	AND	48
3060.3463889605305	3060.8897284897284	59	BONGOS	48
3060.8897284897284	3060.944132537818	30	ARE	48
3060.944132537818	3061.4241325378175	273	MUSICAL	48
3061.4241325378175	3062.1141325378176	220	INSTRUMENTS	48
3073.8674375	3074.146298589098	443	THOSE	7
3074.146298589098	3074.2685540502403	484	WHO	7
3074.2685540502403	3074.546298589098	427	TEACH	7
3074.546298589098	3075.016298589098	462	VALUES	7
3075.016298589098	3075.316298589098	156	FIRST	7
3075.316298589098	3075.727340779597	4	ABOLISH	7
3075.727340779597	3076.176298589098	87	CHEATING	7
3083.2993125	3083.800680991162	183	GLUCOSE	11
3083.800680991162	3083.9205646878254	20	AND	11
3083.9205646878254	3084.443153340263	167	FRUCTOSE	11
3084.443153340263	3084.4905646878256	30	ARE	11
3084.4905646878256	3084.8005646878255	276	NATURAL	11
3084.8005646878255	3085.2205646878256	414	SUGARS	11
3085.2205646878256	3085.403214176289	163	FOUND	11
3085.403214176289	3085.505221406012	217	IN	11
3085.505221406012	3085.8219083859644	168	FRUIT	11
3092.5530625	3092.6270277810486	476	WE	4
3092.6270277810486	3092.7170277810487	30	ARE	4
3092.7170277810487	3093.0047740380483	301	OPEN	4
3093.0047740380483	3093.267027781049	145	EVERY	4
3093.267027781049	3093.477027781049	265	MONDAY	4
3093.477027781049	3094.0770277810484	143	EVENING	4
3100.847125	3101.036659992897	354	READING	2
3101.036659992897	3101.1949403358926	217	IN	2
3101.1949403358926	3101.386659992897	335	POOR	2
3101.386659992897	3101.6428494027	240	LIGHT	2
3101.6428494027	3101.816659992897	181	GIVES	2
3101.816659992897	3101.9366599928967	495	YOU	2
3101.9366599928967	3102.546659992897	150	EYESTRAIN	2
3109.768875	3109.9490866271126	257	MAY	37
3109.9490866271126	3109.979086627113	211	I	37
3109.979086627113	3110.2590866271125	304	ORDER	37
3110.2590866271125	3110.351999290613	1	A	37
3110.351999290613	3110.799086627113	319	PARFAIT	37
3110.799086627113	3111.089086627113	10	AFTER	37
3111.089086627113	3111.1590866271126	211	I	37
3111.1590866271126	3111.3788673784725	134	EAT	37
3111.3788673784725	3111.7690866271128	124	DINNER	37
3118.806875	3119.0413454634777	98	COFFEE	13
3119.0413454634777	3119.278493119542	224	IS	13
3119.278493119542	3119.4613454634778	198	GROWN	13
3119.4613454634778	3119.5913454634774	297	ON	13
3119.5913454634774	3119.984042266899	404	STEEP	13
3119.984042266899	3120.3113454634777	231	JUNGLE	13
3120.3113454634777	3120.4813454634777	241	LIKE	13
3120.4813454634777	3121.0318516688444	390	SLOPES	13
3121.0318516688444	3121.181195624062	217	IN	13
3121.181195624062	3121.5413454634777	431	TEMPERATE	13
3121.5413454634777	3122.0713454634774	497	ZONES	13
3129.6184375	3129.6869952548655	434	THE	8
3129.6869952548655	3129.9969952548654	165	FRIGHTENED	8
3129.9969952548654	3130.3669952548653	89	CHILD	8
3130.3669952548653	3130.5859165687066	472	WAS	8
3130.5859165687066	3130.8269952548653	176	GENTLY	8
3130.8269952548653	3131.4257463331933	410	SUBDUED	8
3131.4257463331933	3131.5269952548656	73	BY	8
3131.5269952548656	3131.7146874231094	208	HIS	8
3131.7146874231094	3131.9318407816772	52	BIG	8
3131.9318407816772	3132.2969952548656	66	BROTHER	8
3139.3530625	3139.525651398788	24	ANY	34
3139.525651398788	3140.2756059164217	105	CONTRIBUTIONS	34
3140.2756059164217	3140.415605916422	485	WILL	34
3140.415605916422	3140.581490642692	47	BE	34
3140.581490642692	3140.925605916422	195	GREATLY	34
3140.925605916422	3141.6956059164218	28	APPRECIATED	34
3148.4895625	3148.715999135209	145	EVERY	44
3148.715999135209	3149.0479956563886	74	CAB	44
3149.0479956563886	3149.377995656389	280	NEEDS	44
3149.377995656389	3149.8879956563887	364	REPAINTING	44
3149.8879956563887	3150.417995656389	296	OFTEN	44
3158.948375	3159.2725902779684	229	JOHN'S	22
3159.2725902779684	3159.6545619924627	66	BROTHER	22
3159.6545619924627	3160.1345619924627	363	REPAINTED	22
3160.1345619924627	3160.2496431991876	434	THE	22
3160.2496431991876	3160.6686337888123	173	GARAGE	22
3160.6686337888123	3161.014349411857	129	DOOR	22
3168.4510625	3168.5656615287953	434	THE	35
3168.5656615287953	3169.0101909889436	111	CRANBERRY	35
3169.0101909889436	3169.4311007755205	57	BOG	35
3169.4311007755205	3170.063715096685	99999	sp	35
3170.063715096685	3170.2711007755206	178	GETS	35
3170.2711007755206	3170.5198972798707	465	VERY	35
3170.5198972798707	3170.7611007755204	340	PRETTY	35
3170.7611007755204	3170.8611007755203	217	IN	35
3170.8611007755203	3171.2811007755204	40	AUTUMN	35
3179.611	3180.130810005446	71	BUTTERSCOTCH	32
3180.130810005446	3180.645956035026	169	FUDGE	32
3180.645956035026	3180.9308100054463	186	GOES	32
3180.9308100054463	3181.1408100054464	481	WELL	32
3181.1408100054464	3181.340810005446	487	WITH	32
3181.340810005446	3181.6108100054466	463	VANILLA	32
3181.6108100054466	3181.954893830883	212	ICE	32
3181.954893830883	3182.2508100054465	112	CREAM	32
3204.8285625	3205.1684300784414	405	STEVE	18
3205.1684300784414	3205.3784300784414	490	WORE	18
3205.3784300784414	3205.4376668909467	1	A	18
3205.4376668909467	3205.6484300784414	65	BRIGHT	18
3205.6484300784414	3205.8963579922092	356	RED	18
3205.8963579922092	3206.3384300784414	78	CASHMERE	18
3206.3384300784414	3206.848430078441	420	SWEATER	18
3214.368875	3214.5566933349296	226	IT'S	5
3214.5566933349296	3214.752713960054	285	NOT	5
3214.752713960054	3215.052713960054	133	EASY	5
3215.052713960054	3215.2186853800736	446	TO	5
3215.2186853800736	3215.558590709555	113	CREATE	5
3215.558590709555	3216.2427139600536	215	ILLUMINATING	5
3216.2427139600536	3217.042713960054	146	EXAMPLES	5
3224.48725	3224.7064371671013	142	EVEN	3
3224.7064371671013	3224.8964371671013	211	I	3
3224.8964371671013	3225.353529466905	293	OCCASIONALLY	3
3225.353529466905	3225.495210777023	177	GET	3
3225.495210777023	3225.5464371671014	434	THE	3
3225.5464371671014	3225.9278282789464	265	MONDAY	3
3225.9278282789464	3226.4564371671013	56	BLUES	3
3233.1504375	3233.4441064226016	286	NOTHING	17
3233.4441064226016	3233.624106422602	224	IS	17
3233.624106422602	3233.834106422602	34	AS	17
3233.834106422602	3234.254106422602	295	OFFENSIVE	17
3234.254106422602	3234.454106422602	34	AS	17
3234.454106422602	3235.144106422602	219	INNOCENCE	17
3241.7728125	3241.8735045611415	1	A	10
3241.8735045611415	3242.124432934653	110	CRAB	10
3242.124432934653	3242.5242927024974	85	CHALLENGED	10
3242.5242927024974	3242.8453479280465	258	ME	10
3242.8453479280465	3242.9542927024972	70	BUT	10
3242.9542927024972	3243.0221135576385	1	A	10
3243.0221135576385	3243.2042927024972	350	QUICK	10
3243.2042927024972	3243.5442927024974	402	STAB	10
3243.5442927024974	3243.994292702497	464	VANQUISHED	10
3243.994292702497	3244.2942927024974	207	HIM	10
3251.700375	3251.7648562161694	434	THE	21
3251.7648562161694	3252.0506057409716	475	WATER	21
3252.0506057409716	3252.477462036382	103	CONTAINED	21
3252.477462036382	3252.6148562161693	448	TOO	21
3252.6148562161693	3252.8347771271265	269	MUCH	21
3252.8347771271265	3253.274856216169	90	CHLORINE	21
3253.274856216169	3253.4348562161695	20	AND	21
3253.4348562161695	3253.707549557325	409	STUNG	21
3253.707549557325	3253.8610486793386	208	HIS	21
3253.8610486793386	3254.4449654011228	149	EYES	21
3262.21775	3262.419771611562	270	MUM	6
3262.419771611562	3262.9027185716736	407	STRONGLY	6
3262.9027185716736	3263.3933861001274	126	DISLIKES	6
3263.3933861001274	3264.2933861001275	27	APPETIZERS	6
3271.7236875	3271.8650079886675	76	CAN	39
3271.8650079886675	3271.9246106540027	434	THE	39
3271.9246106540027	3272.542591909558	11	AGENCY	39
3272.542591909558	3273.064615866549	315	OVERTHROW	39
3273.064615866549	3273.4046158665487	13	ALIEN	39
3273.4046158665487	3274.114615866549	162	FORCES	39
3281.47175	3281.9057020128075	84	CHALLENGE	23
3281.9057020128075	3282.1557020128075	132	EACH	23
3282.1557020128075	3282.6559103285376	175	GENERAL'S	23
3282.6559103285376	3283.4757020128077	221	INTELLIGENCE	23
3289.52275	3289.743382993066	210	HOW	36
3289.743382993066	3289.843382993066	128	DO	36
3289.843382993066	3290.3040301253727	318	OYSTERS	36
3290.3040301253727	3290.5633829930657	253	MAKE	36
3290.5633829930657	3291.053382993066	320	PEARLS	36
3298.6011875	3298.9176321903383	46	BARB'S	19
3298.9176321903383	3299.126584143469	188	GOLD	19
3299.126584143469	3299.537632190338	63	BRACELET	19
3299.537632190338	3299.727632190338	472	WAS	19
3299.727632190338	3299.802123707623	1	A	19
3299.802123707623	3300.407384352498	193	GRADUATION	19
3300.407384352498	3300.7932035524364	339	PRESENT	19
3307.9335	3308.153578753675	298	ONLY	15
3308.153578753675	3308.2571479768517	434	THE	15
3308.2571479768517	3308.514333993945	51	BEST	15
3308.514333993945	3308.8335787536753	330	PLAYERS	15
3308.8335787536753	3309.1852308465586	139	ENJOY	15
3309.1852308465586	3309.933578753675	336	POPULARITY	15
3316.79225	3316.919090903258	88888	HERs	30
3316.919090903258	3317.3187055886815	470	WARDROBE	30
3317.3187055886815	3317.8143093776453	102	CONSISTS	30
3317.8143093776453	3317.9430807570025	294	OF	30
3317.9430807570025	3318.1830807570022	298	ONLY	30
3318.1830807570022	3318.5956132819692	385	SKIRTS	30
3318.5956132819692	3318.7295422674288	20	AND	30
3318.7295422674288	3319.4030807570025	54	BLOUSES	30
3326.5213125	3326.7427170147034	130	DRAW	20
3326.7427170147034	3327.0527170147034	145	EVERY	20
3327.0527170147034	3327.2627170147034	308	OUTER	20
3327.2627170147034	3327.491424814256	244	LINE	20
3327.491424814256	3327.9644448579475	156	FIRST	20
3327.9644448579475	3328.1227170147035	436	THEN	20
3328.1227170147035	3328.4327170147035	154	FILL	20
3328.4327170147035	3328.5727170147034	217	IN	20
3328.5727170147034	3328.7027170147035	434	THE	20
3328.7027170147035	3329.3427170147033	222	INTERIOR	20
3337.1496875	3337.1669844355206	1	A	25
3337.1669844355206	3337.634773669893	271	MUSCULAR	25
3337.634773669893	3338.1847736698933	2	ABDOMEN	25
3338.1847736698933	3338.373973262255	224	IS	25
3338.373973262255	3338.4747736698932	189	GOOD	25
3338.4747736698932	3338.554773669893	161	FOR	25
3338.554773669893	3338.7736663039445	496	YOUR	25
3338.7736663039445	3339.2047736698933	43	BACK	25
3346.446	3346.8408878269793	75	CALCIUM	16
3346.8408878269793	3347.1533151201074	254	MAKES	16
3347.1533151201074	3347.500887826979	58	BONES	16
3347.500887826979	3347.6408878269795	20	AND	16
3347.6408878269795	3347.8608878269793	430	TEETH	16
3347.8608878269793	3348.400887826979	406	STRONG	16
3356.3169375	3356.429887969275	434	THE	31
3356.429887969275	3356.5971365303044	453	TWO	31
3356.5971365303044	3356.9630150297553	33	ARTISTS	31
3356.9630150297553	3357.4271365303043	147	EXCHANGED	31
3357.4271365303043	3358.207136530304	39	AUTOGRAPHS	31
3367.323875	3367.4490115484573	476	WE	14
3367.4490115484573	3367.709011548457	480	WELCOME	14
3367.709011548457	3367.9690115484573	256	MANY	14
3367.9690115484573	3368.1390115484573	282	NEW	14
3368.1390115484573	3368.569011548457	408	STUDENTS	14
3368.569011548457	3368.799011548457	132	EACH	14
3368.799011548457	3369.0990115484574	491	YEAR	14
