22.976125	23.238989944344034	375	SHE	1
23.238989944344034	23.59255479834063	490	WORE	1
23.59255479834063	24.018296839662366	471	WARM	1
24.018296839662366	24.558989944344034	158	FLEECY	1
24.558989944344034	24.938989944344037	489	WOOLEN	1
24.938989944344037	25.788989944344035	311	OVERALLS	1
34.1693125	34.459835139386456	354	READING	2
34.459835139386456	34.621418579686534	217	IN	2
34.621418579686534	34.815312847015406	434	THE	2
34.815312847015406	35.26983513938645	335	POOR	2
35.26983513938645	35.71815371076946	240	LIGHT	2
35.71815371076946	35.929835139386455	181	GIVES	2
35.929835139386455	36.08983513938645	495	YOU	2
36.08983513938645	36.75983513938645	150	EYESTRAIN	2
45.007625	45.2193623378318	142	EVEN	3
45.2193623378318	45.399362337831796	211	I	3
45.399362337831796	45.89231029708573	293	OCCASIONALLY	3
45.89231029708573	46.03962165676121	177	GET	3
46.03962165676121	46.0993623378318	434	THE	3
46.0993623378318	46.4346690192519	265	MONDAY	3
46.4346690192519	46.9593623378318	56	BLUES	3
55.108	55.21356967539832	476	WE	4
55.21356967539832	55.35356967539832	30	ARE	4
55.35356967539832	55.627052498966364	301	OPEN	4
55.627052498966364	55.92780125934897	145	EVERY	4
55.92780125934897	56.27246887511646	265	MONDAY	4
56.27246887511646	56.77356967539832	143	EVENING	4
67.5141875	67.7201540598903	226	IT'S	5
67.7201540598903	67.94354134085076	285	NOT	5
67.94354134085076	68.32103930398591	133	EASY	5
68.32103930398591	68.45818715483995	446	TO	5
68.45818715483995	68.8901540598903	113	CREATE	5
68.8901540598903	69.09087213859543	99999	sp	5
69.09087213859543	69.7701540598903	215	ILLUMINATING	5
69.7701540598903	70.6401540598903	146	EXAMPLES	5
79.210125	79.49834096450492	270	MUM	6
79.49834096450492	80.16724137193316	407	STRONGLY	6
80.16724137193316	80.51834096450493	88888	DISA	6
80.51834096450493	80.79244690449026	99999	sp	6
80.79244690449026	81.33264340609274	126	DISLIKES	6
81.33264340609274	82.26834096450493	27	APPETIZERS	6
91.3518125	91.66371823741021	443	THOSE	7
91.66371823741021	91.85536420735984	484	WHO	7
91.85536420735984	92.17371823741021	427	TEACH	7
92.17371823741021	92.83371823741021	462	VALUES	7
92.83371823741021	93.33860697948816	156	FIRST	7
93.33860697948816	93.98127788965425	4	ABOLISH	7
93.98127788965425	94.52371823741021	87	CHEATING	7
104.428	104.49853166517137	434	THE	8
104.49853166517137	104.93853166517137	165	FRIGHTENED	8
104.93853166517137	105.43853166517137	89	CHILD	8
105.43853166517137	105.73145816303744	472	WAS	8
105.73145816303744	106.03853166517138	176	GENTLY	8
106.03853166517138	106.72507785812135	410	SUBDUED	8
106.72507785812135	106.91853166517137	73	BY	8
106.91853166517137	107.18853166517137	208	HIS	8
107.18853166517137	107.29276461781217	99999	sp	8
107.29276461781217	107.47853166517137	52	BIG	8
107.47853166517137	107.6163584635119	99999	sp	8
107.6163584635119	108.07853166517137	66	BROTHER	8
117.4843125	117.7451470256554	142	EVEN	9
117.7451470256554	117.80342236631357	1	A	9
117.80342236631357	118.2751470256554	383	SIMPLE	9
118.2751470256554	119.11083655806848	468	VOCABULARY	9
119.11083655806848	119.6251470256554	104	CONTAINS	9
119.6251470256554	120.31514702565539	422	SYMBOLS	9
129.8938125	130.03124199678194	1	A	10
130.03124199678194	130.41381032107472	110	CRAB	10
130.41381032107472	130.96381250000002	85	CHALLENGED	10
130.96381250000002	131.3038125	258	ME	10
131.3038125	131.7152520258697	99999	sp	10
131.7152520258697	131.81381249999998	70	BUT	10
131.81381249999998	131.94468230446049	1	A	10
131.94468230446049	132.21381250000002	350	QUICK	10
132.21381250000002	132.7795974234935	402	STAB	10
132.7795974234935	133.3038125	464	VANQUISHED	10
133.3038125	133.5538125	207	HIM	10
143.1525	143.8197559090225	183	GLUCOSE	11
143.8197559090225	143.9869240191055	20	AND	11
143.9869240191055	144.75101200153293	167	FRUCTOSE	11
144.75101200153293	144.87692401910547	30	ARE	11
144.87692401910547	145.2569240191055	276	NATURAL	11
145.2569240191055	145.80692401910548	414	SUGARS	11
145.80692401910548	146.0769240191055	163	FOUND	11
146.0769240191055	146.1969240191055	217	IN	11
146.1969240191055	146.5769240191055	168	FRUIT	11
154.16625	154.25254731458426	30	ARE	12
154.25254731458426	154.57254731458426	495	YOU	12
154.57254731458426	154.96254731458427	250	LOOKING	12
154.96254731458427	155.30254731458425	161	FOR	12
155.30254731458425	156.04254731458425	136	EMPLOYMENT	12
166.613625	166.84754541019845	98	COFFEE	13
166.84754541019845	167.10761621459451	224	IS	13
167.10761621459451	167.3692272836139	198	GROWN	13
167.3692272836139	167.6100341124799	297	ON	13
167.6100341124799	168.32029993450325	404	STEEP	13
168.32029993450325	168.630795519774	99999	sp	13
168.630795519774	168.9992272836139	231	JUNGLE	13
168.9992272836139	169.31922728361388	241	LIKE	13
169.31922728361388	170.07542214570728	390	SLOPES	13
170.07542214570728	170.3220666412007	217	IN	13
170.3220666412007	170.74911390903392	431	TEMPERATE	13
170.74911390903392	171.4292272836139	497	ZONES	13
180.6935	180.8461063037045	476	WE	14
180.8461063037045	181.29610630370448	480	WELCOME	14
181.29610630370448	181.60610630370448	256	MANY	14
181.60610630370448	181.83610630370447	282	NEW	14
181.83610630370447	182.43610630370446	408	STUDENTS	14
182.43610630370446	182.74823076463193	132	EACH	14
182.74823076463193	183.07610630370448	491	YEAR	14
191.9255	192.1766028456238	298	ONLY	15
192.1766028456238	192.30064013160595	434	THE	15
192.30064013160595	192.58957875107512	51	BEST	15
192.58957875107512	192.92957875107513	330	PLAYERS	15
192.92957875107513	193.34931723063391	139	ENJOY	15
193.34931723063391	194.23957875107513	336	POPULARITY	15
203.221875	203.65683433460887	75	CALCIUM	16
203.65683433460887	204.0725547824303	254	MAKES	16
204.0725547824303	204.57683433460886	58	BONES	16
204.57683433460886	205.29821990056206	99999	sp	16
205.29821990056206	205.57996327199112	20	AND	16
205.57996327199112	205.89619966055	430	TEETH	16
205.89619966055	206.50683433460887	406	STRONG	16
214.57775	215.05829602077188	286	NOTHING	17
215.05829602077188	215.28829602077187	224	IS	17
215.28829602077187	215.71829602077187	34	AS	17
215.71829602077187	215.85638532828736	99999	sp	17
215.85638532828736	216.45829602077185	295	OFFENSIVE	17
216.45829602077185	216.80829602077188	34	AS	17
216.80829602077188	217.56829602077187	219	INNOCENCE	17
225.6431875	226.0523122645771	405	STEVE	18
226.0523122645771	226.3423122645771	490	WORE	18
226.3423122645771	226.4433133349068	1	A	18
226.4433133349068	226.75231226457709	65	BRIGHT	18
226.75231226457709	227.00841673161798	356	RED	18
227.00841673161798	227.5223122645771	78	CASHMERE	18
227.5223122645771	228.0623122645771	420	SWEATER	18
236.420875	236.83492139257595	46	BARB'S	19
236.83492139257595	237.15580270864723	188	GOLD	19
237.15580270864723	237.73157420032268	63	BRACELET	19
237.73157420032268	237.87395393848004	99999	sp	19
237.87395393848004	238.05157420032268	472	WAS	19
238.05157420032268	238.135815669668	1	A	19
238.135815669668	238.83507759764237	193	GRADUATION	19
238.83507759764237	239.2815742003227	339	PRESENT	19
249.05425	249.2821856187954	130	DRAW	20
249.2821856187954	249.69185152647486	145	EVERY	20
249.69185152647486	249.97185152647486	308	OUTER	20
249.97185152647486	250.22349837326246	244	LINE	20
250.22349837326246	250.80185152647485	156	FIRST	20
250.80185152647485	250.96204688956195	99999	sp	20
250.96204688956195	251.13117513011193	436	THEN	20
251.13117513011193	251.61185152647485	154	FILL	20
251.61185152647485	251.73430213902498	99999	sp	20
251.73430213902498	252.06922177502597	217	IN	20
252.06922177502597	252.20185152647485	434	THE	20
252.20185152647485	252.97185152647486	222	INTERIOR	20
261.6068125	261.6666321744537	434	THE	21
261.6666321744537	262.0290538921947	475	WATER	21
262.0290538921947	262.56623544495056	103	CONTAINED	21
262.56623544495056	262.80663217445374	448	TOO	21
262.80663217445374	263.06940067273354	269	MUCH	21
263.06940067273354	263.62663217445373	90	CHLORINE	21
263.62663217445373	263.80843203341146	20	AND	21
263.80843203341146	264.12663217445373	409	STUNG	21
264.12663217445373	264.2966321744537	208	HIS	21
264.2966321744537	264.8966321744537	149	EYES	21
273.3440625	273.84164889299115	229	JOHN'S	22
273.84164889299115	274.2078068841535	66	BROTHER	22
274.2078068841535	274.7520699609464	363	REPAINTED	22
274.7520699609464	274.86641143529295	434	THE	22
274.86641143529295	275.2578068841535	88888	GAR	22
275.2578068841535	275.43643039725697	99999	sp	22
275.43643039725697	275.88281802985	173	GARAGE	22
275.88281802985	276.28780688415355	129	DOOR	22
284.8353125	285.39354845654	84	CHALLENGE	23
285.39354845654	285.70057776955804	132	EACH	23
285.70057776955804	286.240577769558	175	GENERAL'S	23
286.240577769558	287.100577769558	221	INTELLIGENCE	23
295.9431875	297.07144241850403	17	AMBIDEXTROUS	24
297.07144241850403	297.91874640176684	327	PICKPOCKETS	24
297.91874640176684	298.4968250444791	6	ACCOMPLISH	24
298.4968250444791	298.83993632637583	267	MORE	24
307.35475	307.3963425521395	1	A	25
307.3963425521395	308.18846057401254	271	MUSCULAR	25
308.18846057401254	308.92634255213954	2	ABDOMEN	25
308.92634255213954	309.1502864567824	224	IS	25
309.1502864567824	309.2763425521395	189	GOOD	25
309.2763425521395	309.4663425521395	161	FOR	25
309.4663425521395	309.62181266815617	496	YOUR	25
309.62181266815617	310.07572485823766	43	BACK	25
318.7483125	318.9086190459656	438	THEY	26
318.9086190459656	319.1186190459656	317	OWN	26
319.1186190459656	319.26390554608156	1	A	26
319.26390554608156	319.4386190459656	52	BIG	26
319.4386190459656	319.89776944560157	209	HOUSE	26
319.89776944560157	320.0786190459656	217	IN	26
320.0786190459656	320.1586190459656	434	THE	26
320.1586190459656	320.60524585022887	361	REMOTE	26
320.60524585022887	321.3786190459656	109	COUNTRYSIDE	26
329.3810625	329.44705572145955	434	THE	27
329.44705572145955	330.01825094017573	369	ROSE	27
330.01825094017573	330.87295748686955	106	CORSAGE	27
330.87295748686955	331.29705572145957	393	SMELLED	27
331.29705572145957	331.74705572145956	421	SWEET	27
339.9730625	340.2219233559307	433	THAT	28
340.2219233559307	340.8395356005502	326	PICKPOCKET	28
340.8395356005502	341.04764498474077	472	WAS	28
341.04764498474077	341.34612588091545	80	CAUGHT	28
341.34612588091545	341.62953560055024	356	RED	28
341.62953560055024	342.18953560055024	199	HANDED	28
351.746	351.8283888631727	19	AN	29
351.8283888631727	352.2583888631727	9	ADULT	29
352.2583888631727	352.61218713289963	255	MALE	29
352.61218713289963	353.2574315583633	42	BABOON'S	29
353.2574315583633	353.6237940040395	430	TEETH	29
353.6237940040395	353.7283888631727	30	ARE	29
353.7283888631727	353.95838886317273	285	NOT	29
353.95838886317273	354.5783888631727	415	SUITABLE	29
354.5783888631727	354.8383888631727	161	FOR	29
354.8383888631727	355.0983888631727	135	EATING	29
355.0983888631727	355.8883888631727	376	SHELLFISH	29
364.861375	365.061375	204	HER	30
365.061375	365.65723704861455	470	WARDROBE	30
365.65723704861455	366.18266737742346	102	CONSISTS	30
366.18266737742346	366.331375	294	OF	30
366.331375	366.651375	298	ONLY	30
366.651375	367.22137499999997	385	SKIRTS	30
367.22137499999997	367.30550440926163	99999	sp	30
367.30550440926163	367.50574986777383	20	AND	30
367.50574986777383	368.22137499999997	54	BLOUSES	30
375.57415339491337	375.70203933398756	434	THE	31
375.70203933398756	376.19203933398757	33	ARTISTS	31
376.19203933398757	376.97142759955125	147	EXCHANGED	31
376.97142759955125	377.82203933398756	39	AUTOGRAPHS	31
387.459375	388.06897321161443	71	BUTTERSCOTCH	32
388.06897321161443	388.69402140171684	169	FUDGE	32
388.69402140171684	389.0506002799379	186	GOES	32
389.0506002799379	389.2389732116144	481	WELL	32
389.2389732116144	389.4289732116144	487	WITH	32
389.4289732116144	389.8489732116144	463	VANILLA	32
389.8489732116144	390.1203379349714	212	ICE	32
390.1203379349714	390.44897321161443	112	CREAM	32
399.8851875	400.2790303560825	366	RICH	33
400.2790303560825	401.0039526612845	349	PURCHASED	33
401.0039526612845	401.569499820703	374	SEVERAL	33
401.569499820703	402.139499820703	382	SIGNED	33
402.139499820703	402.309499820703	99999	sp	33
402.309499820703	403.309499820703	245	LITHOGRAPHS	33
412.4843125	412.70103817033004	24	ANY	34
412.70103817033004	413.8419976970944	105	CONTRIBUTIONS	34
413.8419976970944	413.9794570372123	485	WILL	34
413.9794570372123	414.31012863226607	47	BE	34
414.31012863226607	414.88945703721225	195	GREATLY	34
414.88945703721225	415.71945703721224	28	APPRECIATED	34
424.340125	424.46044511352807	434	THE	35
424.46044511352807	425.0865784011433	111	CRANBERRY	35
425.0865784011433	425.524229758636	57	BOG	35
425.524229758636	425.7984057399658	178	GETS	35
425.7984057399658	426.1590603672826	465	VERY	35
426.1590603672826	426.4284057399658	340	PRETTY	35
426.4284057399658	426.5584057399658	217	IN	35
426.5584057399658	427.0084057399658	40	AUTUMN	35
435.6321875	435.7967610256178	210	HOW	36
435.7967610256178	435.96730361234387	128	DO	36
435.96730361234387	436.48730361234385	318	OYSTERS	36
436.48730361234385	436.7596305052817	253	MAKE	36
436.7596305052817	437.30730361234384	320	PEARLS	36
446.9306875	447.1820511916322	257	MAY	37
447.1820511916322	447.28904500057	211	I	37
447.28904500057	447.8120511916322	304	ORDER	37
447.8120511916322	448.17414706458396	1	A	37
448.17414706458396	448.7920511916322	319	PARFAIT	37
448.7920511916322	449.1220511916322	10	AFTER	37
449.1220511916322	449.1820511916322	211	I	37
449.1820511916322	449.4641922435313	134	EAT	37
449.4641922435313	449.7920511916322	124	DINNER	37
456.63625	456.728474275449	224	IS	38
456.728474275449	457.0026928105744	375	SHE	38
457.0026928105744	457.2535566546878	187	GOING	38
457.2535566546878	457.39076865414165	487	WITH	38
457.39076865414165	457.64908216640316	495	YOU	38
466.2325625	466.3814119169841	76	CAN	39
466.3814119169841	466.4414119169841	434	THE	39
466.4414119169841	467.1314119169841	11	AGENCY	39
467.1314119169841	467.7514119169841	315	OVERTHROW	39
467.7514119169841	468.11141191698414	13	ALIEN	39
468.11141191698414	468.78141191698415	162	FORCES	39
477.36859038777595	477.4145329038437	1	A	40
477.4145329038437	478.2575569680265	371	SCREWDRIVER	40
478.2575569680265	478.44867693840706	224	IS	40
478.44867693840706	478.6545329038437	252	MADE	40
478.6545329038437	478.8645329038437	166	FROM	40
478.8645329038437	479.5351354874857	469	VODKA	40
479.5351354874857	479.6445329038437	20	AND	40
479.6445329038437	479.9345329038437	303	ORANGE	40
479.9345329038437	480.4745329038437	230	JUICE	40
487.5154375	487.65896337003727	210	HOW	41
487.65896337003727	487.87896337003724	269	MUCH	41
487.87896337003724	488.36785290024847	16	ALLOWANCE	41
488.36785290024847	488.43896337003724	128	DO	41
488.43896337003724	488.62020276520343	495	YOU	41
488.62020276520343	488.87896337003724	177	GET	41
498.2404375	498.9707392099933	115	CYCLICAL	42
498.9707392099933	499.62132497560856	346	PROGRAMS	42
499.62132497560856	499.6944047008378	485	WILL	42
499.6944047008378	500.0488611032924	281	NEVER	42
500.0488611032924	500.7244047008378	100	COMPILE	42
509.654	509.7911061911286	434	THE	43
509.7911061911286	510.19211602833957	61	BOSTON	43
510.19211602833957	510.6307296034482	45	BALLET	43
510.6307296034482	511.34072960344815	312	OVERCAME	43
511.34072960344815	511.48072960344814	435	THEIR	43
511.48072960344814	511.8707296034482	170	FUNDING	43
511.8707296034482	512.5707296034482	380	SHORTAGE	43
520.1939375	520.485674733755	145	EVERY	44
520.485674733755	520.7925904961597	74	CAB	44
520.7925904961597	521.1907448820112	280	NEEDS	44
521.1907448820112	521.7225904961598	364	REPAINTING	44
521.7225904961598	522.2125904961597	296	OFTEN	44
530.9651875	531.2853549383558	203	HELP	45
531.2853549383558	531.6703042864922	196	GREG	45
531.6703042864922	531.7647029792048	99999	sp	45
531.7647029792048	531.9430606611132	446	TO	45
531.9430606611132	532.3030822265591	325	PICK	45
532.3030822265591	532.5567975394349	1	A	45
532.5567975394349	532.9769905594276	321	PECK	45
532.9769905594276	533.2379646151717	294	OF	45
533.2379646151717	534.1742617996498	338	POTATOES	45
542.1745625	542.2761849001571	476	WE	46
542.2761849001571	542.5572019454895	241	LIKE	46
542.5572019454895	542.7409047201368	55	BLUE	46
542.7409047201368	543.4180491837864	88	CHEESE	46
543.4180491837864	543.5863413485636	70	BUT	46
543.5863413485636	544.0053960519377	466	VICTOR	46
544.0053960519377	544.4051554586856	242	LIKES	46
544.4051554586856	544.8363413485636	64	BRIE	46
554.237125	554.5181420453324	108	COUNT	47
554.5181420453324	554.5870952449743	434	THE	47
554.5870952449743	554.9770952449743	289	NUMBER	47
554.9770952449743	555.0570952449743	294	OF	47
555.0570952449743	555.1514835698113	99999	sp	47
555.1514835698113	556.0424653633385	429	TEASPOONS	47
556.0424653633385	556.1870952449743	294	OF	47
556.1870952449743	557.1424127728601	395	SOYSAUCE	47
557.1424127728601	557.3770952449743	433	THAT	47
557.3770952449743	557.6070952449743	495	YOU	47
557.6070952449743	558.0470952449742	7	ADD	47
566.9779375	567.7049464060177	44	BAGPIPES	48
567.7049464060177	567.9140998834824	20	AND	48
567.9140998834824	568.4866933221015	59	BONGOS	48
568.4866933221015	568.5866933221015	30	ARE	48
568.5866933221015	569.0866933221015	273	MUSICAL	48
569.0866933221015	569.8166933221014	220	INSTRUMENTS	48
578.1040625	578.4302015946053	210	HOW	49
578.4302015946053	578.8005577572962	189	GOOD	49
578.8005577572962	578.9840625	224	IS	49
578.9840625	579.1540625	496	YOUR	49
579.1540625	579.7540625	138	ENDURANCE	49
1161.651875	1161.729860796866	30	ARE	0
1161.729860796866	1161.9314392216809	496	YOUR	0
1161.9314392216809	1162.234581077951	192	GRADES	0
1162.234581077951	1162.7779706498493	206	HIGHER	0
1162.7779706498493	1162.8945810779508	302	OR	0
1162.8945810779508	1163.0845810779508	251	LOWER	0
1163.0845810779508	1163.2299051953007	432	THAN	0
1163.2299051953007	1163.9245810779507	275	NANCY'S	0
1170.8184375	1171.0414649940203	375	SHE	1
1171.0414649940203	1171.3214649940205	490	WORE	1
1171.3214649940205	1171.6514649940204	471	WARM	1
1171.6514649940204	1172.1514649940204	158	FLEECY	1
1172.1514649940204	1172.5014649940204	489	WOOLEN	1
1172.5014649940204	1173.2914649940203	311	OVERALLS	1
1179.8641875	1180.0722851510461	354	READING	2
1180.0722851510461	1180.2185404566017	217	IN	2
1180.2185404566017	1180.4459428576804	335	POOR	2
1180.4459428576804	1180.7119672476933	240	LIGHT	2
1180.7119672476933	1180.9022851510463	181	GIVES	2
1180.9022851510463	1181.0422851510461	495	YOU	2
1181.0422851510461	1181.6922851510462	150	EYESTRAIN	2
1188.7193125	1188.9324836898484	142	EVEN	3
1188.9324836898484	1189.1638308909294	211	I	3
1189.1638308909294	1189.6474270814545	293	OCCASIONALLY	3
1189.6474270814545	1189.7966320654182	177	GET	3
1189.7966320654182	1189.8538308909292	434	THE	3
1189.8538308909292	1190.2208807213535	265	MONDAY	3
1190.2208807213535	1190.7938308909293	56	BLUES	3
1197.506125	1197.5891073630198	476	WE	4
1197.5891073630198	1197.7691073630199	30	ARE	4
1197.7691073630199	1198.0391073630199	301	OPEN	4
1198.0391073630199	1198.3391073630198	145	EVERY	4
1198.3391073630198	1198.5891073630198	265	MONDAY	4
1198.5891073630198	1199.1891073630197	143	EVENING	4
1207.41675	1207.5974200079881	226	IT'S	5
1207.5974200079881	1207.7774200079882	285	NOT	5
1207.7774200079882	1208.0903436220522	133	EASY	5
1208.0903436220522	1208.287153575076	446	TO	5
1208.287153575076	1208.8174200079882	113	CREATE	5
1208.8174200079882	1209.5474200079882	215	ILLUMINATING	5
1209.5474200079882	1210.4574200079883	146	EXAMPLES	5
1217.6004375	1217.789649643641	270	MUM	6
1217.789649643641	1218.3240259474337	407	STRONGLY	6
1218.3240259474337	1218.8349522298079	126	DISLIKES	6
1218.8349522298079	1219.754952229808	27	APPETIZERS	6
1228.741375	1228.973377204626	443	THOSE	7
1228.973377204626	1229.1046415638948	484	WHO	7
1229.1046415638948	1229.383377204626	427	TEACH	7
1229.383377204626	1229.893377204626	462	VALUES	7
1229.893377204626	1230.2717691953028	156	FIRST	7
1230.2717691953028	1230.6823998049065	4	ABOLISH	7
1230.6823998049065	1231.1833772046261	87	CHEATING	7
1240.8820625	1240.940455378514	434	THE	8
1240.940455378514	1241.270455378514	165	FRIGHTENED	8
1241.270455378514	1241.620455378514	89	CHILD	8
1241.620455378514	1241.780455378514	472	WAS	8
1241.780455378514	1242.0107517128338	88888	SO	8
1242.0107517128338	1242.640455378514	176	GENTLY	8
1242.640455378514	1243.5376875512047	99999	sp	8
1243.5376875512047	1244.0684883138124	410	SUBDUED	8
1244.0684883138124	1244.150455378514	73	BY	8
1244.150455378514	1244.3529774943222	208	HIS	8
1244.3529774943222	1244.5648852653546	52	BIG	8
1244.5648852653546	1244.930455378514	66	BROTHER	8
1252.278625	1252.5305802217476	142	EVEN	9
1252.5305802217476	1252.5605802217476	1	A	9
1252.5605802217476	1252.9705802217477	383	SIMPLE	9
1252.9705802217477	1253.6518017936419	468	VOCABULARY	9
1253.6518017936419	1254.0805802217478	104	CONTAINS	9
1254.0805802217478	1254.7705802217477	422	SYMBOLS	9
1262.7000625	1262.800631075427	1	A	10
1262.800631075427	1263.0899069777786	110	CRAB	10
1263.0899069777786	1263.4933112634799	85	CHALLENGED	10
1263.4933112634799	1263.8227586821674	258	ME	10
1263.8227586821674	1263.9311633285522	70	BUT	10
1263.9311633285522	1264.1111633285523	1	A	10
1264.1111633285523	1264.2711633285523	350	QUICK	10
1264.2711633285523	1264.7611633285524	402	STAB	10
1264.7611633285524	1265.2289220339435	464	VANQUISHED	10
1265.2289220339435	1265.5111633285524	207	HIM	10
1274.1528125	1274.704546136145	183	GLUCOSE	11
1274.704546136145	1274.8945461361448	20	AND	11
1274.8945461361448	1275.4445461361447	167	FRUCTOSE	11
1275.4445461361447	1275.5745461361448	30	ARE	11
1275.5745461361448	1275.8945461361448	276	NATURAL	11
1275.8945461361448	1276.4291396395708	414	SUGARS	11
1276.4291396395708	1276.6045461361448	163	FOUND	11
1276.6045461361448	1276.714546136145	217	IN	11
1276.714546136145	1277.0645461361448	168	FRUIT	11
1283.6931875	1283.7716205034221	30	ARE	12
1283.7716205034221	1284.0016205034221	495	YOU	12
1284.0016205034221	1284.301620503422	250	LOOKING	12
1284.301620503422	1284.5016205034221	161	FOR	12
1284.5016205034221	1285.171620503422	136	EMPLOYMENT	12
1296.202	1296.4257849707885	98	COFFEE	13
1296.4257849707885	1296.6408813187345	224	IS	13
1296.6408813187345	1296.8857849707886	198	GROWN	13
1296.8857849707886	1297.0557849707886	297	ON	13
1297.0557849707886	1297.5610071950505	404	STEEP	13
1297.5610071950505	1297.8757849707886	231	JUNGLE	13
1297.8757849707886	1298.0757849707886	241	LIKE	13
1298.0757849707886	1298.5457849707884	390	SLOPES	13
1298.5457849707884	1298.6981962999826	217	IN	13
1298.6981962999826	1299.0557849707886	431	TEMPERATE	13
1299.0557849707886	1299.6057849707886	497	ZONES	13
1307.8104375	1307.9230126326177	476	WE	14
1307.9230126326177	1308.2930126326178	480	WELCOME	14
1308.2930126326178	1308.5330126326178	256	MANY	14
1308.5330126326178	1308.7030126326179	282	NEW	14
1308.7030126326179	1309.1652659864567	408	STUDENTS	14
1309.1652659864567	1309.359623233349	132	EACH	14
1309.359623233349	1309.7578631846918	491	YEAR	14
1320.6859375	1320.936725810865	298	ONLY	15
1320.936725810865	1321.0323112188264	434	THE	15
1321.0323112188264	1321.267314977331	51	BEST	15
1321.267314977331	1321.6073149773308	330	PLAYERS	15
1321.6073149773308	1321.9362843273418	139	ENJOY	15
1321.9362843273418	1322.717314977331	336	POPULARITY	15
1330.6098125	1331.0064002177664	75	CALCIUM	16
1331.0064002177664	1331.3478387569164	254	MAKES	16
1331.3478387569164	1331.7564002177664	88888	BUNS	16
1331.7564002177664	1332.0055945621089	20	AND	16
1332.0055945621089	1332.2864002177664	430	TEETH	16
1332.2864002177664	1332.8664002177663	406	STRONG	16
1342.102875	1342.4187417504409	286	NOTHING	17
1342.4187417504409	1342.6187417504407	224	IS	17
1342.6187417504407	1342.8287417504407	34	AS	17
1342.8287417504407	1343.2487417504408	295	OFFENSIVE	17
1343.2487417504408	1343.4687417504408	34	AS	17
1343.4687417504408	1344.2387417504408	219	INNOCENCE	17
1351.74775	1352.506311924222	405	STEVE	18
1352.506311924222	1352.8763119242221	490	WORE	18
1352.8763119242221	1352.9540753016513	1	A	18
1352.9540753016513	1353.246311924222	65	BRIGHT	18
1353.246311924222	1353.606183114119	356	RED	18
1353.606183114119	1354.056311924222	78	CASHMERE	18
1354.056311924222	1354.5963119242222	420	SWEATER	18
1362.4846875	1362.818228937317	46	BARB'S	19
1362.818228937317	1363.0674062829032	188	GOLD	19
1363.0674062829032	1363.518228937317	63	BRACELET	19
1363.518228937317	1363.708228937317	472	WAS	19
1363.708228937317	1363.7742663356353	1	A	19
1363.7742663356353	1364.410646902126	193	GRADUATION	19
1364.410646902126	1364.8482289373171	339	PRESENT	19
1373.582875	1373.8198397968577	130	DRAW	20
1373.8198397968577	1374.1098397968576	145	EVERY	20
1374.1098397968576	1374.3298397968576	308	OUTER	20
1374.3298397968576	1374.5998397968576	244	LINE	20
1374.5998397968576	1375.1498397968576	156	FIRST	20
1375.1498397968576	1375.2717880798657	99999	sp	20
1375.2717880798657	1375.4798397968577	436	THEN	20
1375.4798397968577	1375.8498397968576	154	FILL	20
1375.8498397968576	1376.0567675549942	217	IN	20
1376.0567675549942	1376.1498397968576	434	THE	20
1376.1498397968576	1376.9385073469339	222	INTERIOR	20
1385.1319375	1385.1975229519062	434	THE	21
1385.1975229519062	1385.4992093786127	475	WATER	21
1385.4992093786127	1386.0601257453354	103	CONTAINED	21
1386.0601257453354	1386.2973028688991	448	TOO	21
1386.2973028688991	1386.517302868899	269	MUCH	21
1386.517302868899	1387.0573028688991	90	CHLORINE	21
1387.0573028688991	1387.2773028688991	20	AND	21
1387.2773028688991	1387.5573028688991	409	STUNG	21
1387.5573028688991	1387.747302868899	208	HIS	21
1387.747302868899	1388.427302868899	149	EYES	21
1396.33725	1396.8400396701427	229	JOHN'S	22
1396.8400396701427	1397.1275892371345	66	BROTHER	22
1397.1275892371345	1397.6434774058332	363	REPAINTED	22
1397.6434774058332	1397.7175892371345	434	THE	22
1397.7175892371345	1398.2092454752967	173	GARAGE	22
1398.2092454752967	1398.5775892371344	129	DOOR	22
1407.5135625	1408.082531648566	84	CHALLENGE	23
1408.082531648566	1408.4246101099357	132	EACH	23
1408.4246101099357	1408.8846101099355	175	GENERAL'S	23
1408.8846101099355	1409.7546101099356	221	INTELLIGENCE	23
1417.4055625	1418.1845191587206	17	AMBIDEXTROUS	24
1418.1845191587206	1418.9016575915575	327	PICKPOCKETS	24
1418.9016575915575	1419.6848391521232	6	ACCOMPLISH	24
1419.6848391521232	1420.0618768870863	267	MORE	24
1427.2118125	1427.2421711345928	1	A	25
1427.2421711345928	1427.8521711345927	271	MUSCULAR	25
1427.8521711345927	1428.4421711345929	2	ABDOMEN	25
1428.4421711345929	1428.6813038429134	224	IS	25
1428.6813038429134	1428.8621711345927	189	GOOD	25
1428.8621711345927	1429.0521711345928	161	FOR	25
1429.0521711345928	1429.2081996811269	496	YOUR	25
1429.2081996811269	1429.6421711345927	43	BACK	25
1437.2116875	1437.328410214758	438	THEY	26
1437.328410214758	1437.488410214758	317	OWN	26
1437.488410214758	1437.580693603887	1	A	26
1437.580693603887	1437.777095665802	52	BIG	26
1437.777095665802	1438.107113629247	209	HOUSE	26
1438.107113629247	1438.178410214758	217	IN	26
1438.178410214758	1438.238410214758	434	THE	26
1438.238410214758	1438.641095986249	361	REMOTE	26
1438.641095986249	1439.5166913012474	109	COUNTRYSIDE	26
1449.7270625	1449.7790445014177	434	THE	27
1449.7790445014177	1450.1260206548568	369	ROSE	27
1450.1260206548568	1450.7390445014178	106	CORSAGE	27
1450.7390445014178	1451.0690445014177	393	SMELLED	27
1451.0690445014177	1451.5390445014177	421	SWEET	27
1459.7615	1460.3637645737958	433	THAT	28
1460.3637645737958	1460.9137645737958	326	PICKPOCKET	28
1460.9137645737958	1461.0989050874553	472	WAS	28
1461.0989050874553	1461.3656556413973	80	CAUGHT	28
1461.3656556413973	1461.535569296238	356	RED	28
1461.535569296238	1462.092185306086	199	HANDED	28
1471.9275	1471.9874300478166	19	AN	29
1471.9874300478166	1472.4028580837646	9	ADULT	29
1472.4028580837646	1472.6920311200845	255	MALE	29
1472.6920311200845	1473.3222367033861	42	BABOON'S	29
1473.3222367033861	1473.5728580837647	430	TEETH	29
1473.5728580837647	1473.6428580837646	30	ARE	29
1473.6428580837646	1473.8728580837646	285	NOT	29
1473.8728580837646	1474.5947494344705	415	SUITABLE	29
1474.5947494344705	1474.7828580837647	161	FOR	29
1474.7828580837647	1475.0928580837647	135	EATING	29
1475.0928580837647	1475.8628580837646	376	SHELLFISH	29
1485.8406875	1485.8950387802984	204	HER	30
1485.8950387802984	1486.9156246634861	88888	WARBDROBE	30
1486.9156246634861	1487.428349530368	102	CONSISTS	30
1487.428349530368	1487.5351026997753	294	OF	30
1487.5351026997753	1487.8451026997752	298	ONLY	30
1487.8451026997752	1488.2529678139376	385	SKIRTS	30
1488.2529678139376	1488.368167682295	20	AND	30
1488.368167682295	1489.0451026997753	54	BLOUSES	30
1505.3144375	1505.4351804984424	434	THE	31
1505.4351804984424	1505.6771636436818	453	TWO	31
1505.6771636436818	1506.0971636436816	33	ARTISTS	31
1506.0971636436816	1506.8044554103828	147	EXCHANGED	31
1506.8044554103828	1507.5171636436817	39	AUTOGRAPHS	31
1518.7685	1519.324515539849	71	BUTTERSCOTCH	32
1519.324515539849	1519.6494814739344	88888	FUD	32
1519.6494814739344	1520.2145155398491	186	GOES	32
1520.2145155398491	1520.4007384789695	99999	sp	32
1520.4007384789695	1520.8645155398492	481	WELL	32
1520.8645155398492	1521.084515539849	487	WITH	32
1521.084515539849	1521.474515539849	463	VANILLA	32
1521.474515539849	1521.764515539849	212	ICE	32
1521.764515539849	1522.1545155398492	112	CREAM	32
1530.4139375	1530.6760985446176	366	RICH	33
1530.6760985446176	1531.0882625153622	349	PURCHASED	33
1531.0882625153622	1531.5699054356694	374	SEVERAL	33
1531.5699054356694	1531.6589323194896	99999	sp	33
1531.6589323194896	1532.2699054356694	382	SIGNED	33
1532.2699054356694	1532.4631612218814	99999	sp	33
1532.4631612218814	1533.3999054356696	245	LITHOGRAPHS	33
1542.6395625	1542.8433742212076	24	ANY	34
1542.8433742212076	1543.9448048259694	105	CONTRIBUTIONS	34
1543.9448048259694	1544.1460266089039	485	WILL	34
1544.1460266089039	1544.6761340893295	195	GREATLY	34
1544.6761340893295	1544.8947092285152	99999	sp	34
1544.8947092285152	1545.1512301339098	47	BE	34
1545.1512301339098	1545.488312598879	195	GREATLY	34
1545.488312598879	1546.1183125988791	28	APPRECIATED	34
1554.4363125	1554.5422328852694	434	THE	35
1554.5422328852694	1554.6807802941587	99999	sp	35
1554.6807802941587	1555.3698157647361	111	CRANBERRY	35
1555.3698157647361	1555.7221696483368	57	BOG	35
1555.7221696483368	1556.0422328852694	178	GETS	35
1556.0422328852694	1556.2222328852692	99999	sp	35
1556.2222328852692	1556.5949490240223	465	VERY	35
1556.5949490240223	1556.9122328852693	340	PRETTY	35
1556.9122328852693	1557.0322328852694	217	IN	35
1557.0322328852694	1557.5022328852694	40	AUTUMN	35
1564.17525	1564.3294692272575	210	HOW	36
1564.3294692272575	1564.4394692272574	128	DO	36
1564.4394692272574	1564.8794692272575	318	OYSTERS	36
1564.8794692272575	1565.1194692272575	253	MAKE	36
1565.1194692272575	1565.6094692272575	320	PEARLS	36
1572.992875	1573.2471035187864	257	MAY	37
1573.2471035187864	1573.3271035187865	211	I	37
1573.3271035187865	1573.5819374394487	304	ORDER	37
1573.5819374394487	1573.7619299357912	1	A	37
1573.7619299357912	1574.1871035187864	319	PARFAIT	37
1574.1871035187864	1574.5771035187865	10	AFTER	37
1574.5771035187865	1574.6771035187865	211	I	37
1574.6771035187865	1575.043625434581	134	EAT	37
1575.043625434581	1575.4671035187866	124	DINNER	37
1582.5106875	1582.6040919574698	224	IS	38
1582.6040919574698	1582.825185131027	375	SHE	38
1582.825185131027	1583.0583711190052	187	GOING	38
1583.0583711190052	1583.2104486073858	487	WITH	38
1583.2104486073858	1583.4629546258288	495	YOU	38
1592.0905	1592.235537672983	76	CAN	39
1592.235537672983	1592.365537672983	434	THE	39
1592.365537672983	1593.0055376729829	11	AGENCY	39
1593.0055376729829	1593.595537672983	315	OVERTHROW	39
1593.595537672983	1593.915537672983	13	ALIEN	39
1593.915537672983	1594.585537672983	162	FORCES	39
1612.4692879058575	1612.5092879058575	1	A	40
1612.5092879058575	1613.1392879058576	371	SCREWDRIVER	40
1613.1392879058576	1613.3125581691431	224	IS	40
1613.3125581691431	1613.482808439154	252	MADE	40
1613.482808439154	1613.6885957364373	166	FROM	40
1613.6885957364373	1613.9592879058575	469	VODKA	40
1613.9592879058575	1614.1292879058576	20	AND	40
1614.1292879058576	1614.3892879058576	303	ORANGE	40
1614.3892879058576	1614.9192879058576	230	JUICE	40
1621.7544375	1621.8774841443235	210	HOW	41
1621.8774841443235	1622.1774841443234	269	MUCH	41
1622.1774841443234	1622.6185666371464	16	ALLOWANCE	41
1622.6185666371464	1622.6874841443234	128	DO	41
1622.6874841443234	1622.8328141679467	495	YOU	41
1622.8328141679467	1623.1074841443235	177	GET	41
1631.480875	1632.2291242858237	115	CYCLICAL	42
1632.2291242858237	1632.8961644590383	346	PROGRAMS	42
1632.8961644590383	1632.980481707337	485	WILL	42
1632.980481707337	1633.285220650075	281	NEVER	42
1633.285220650075	1633.880481707337	100	COMPILE	42
1642.998875	1643.1165198495019	434	THE	43
1643.1165198495019	1643.5115134029056	61	BOSTON	43
1643.5115134029056	1643.9902417224223	45	BALLET	43
1643.9902417224223	1644.5602417224222	312	OVERCAME	43
1644.5602417224222	1644.6802417224224	435	THEIR	43
1644.6802417224224	1645.0202417224223	170	FUNDING	43
1645.0202417224223	1645.6902417224223	380	SHORTAGE	43
1654.1104375	1654.3935503085577	145	EVERY	44
1654.3935503085577	1654.6768982931944	74	CAB	44
1654.6768982931944	1654.9968982931944	280	NEEDS	44
1654.9968982931944	1655.5068982931944	364	REPAINTING	44
1655.5068982931944	1655.9768982931944	296	OFTEN	44
1673.3069375	1673.6124214530548	203	HELP	45
1673.6124214530548	1674.09334044335	196	GREG	45
1674.09334044335	1674.3105499855021	99999	sp	45
1674.3105499855021	1674.4906247367767	446	TO	45
1674.4906247367767	1674.8229213732477	325	PICK	45
1674.8229213732477	1675.0304320391222	1	A	45
1675.0304320391222	1675.2729213732478	321	PECK	45
1675.2729213732478	1675.4325864103218	294	OF	45
1675.4325864103218	1676.2429213732478	338	POTATOES	45
1685.2364375	1685.331761446551	476	WE	46
1685.331761446551	1685.6180244729387	241	LIKE	46
1685.6180244729387	1685.8065523561513	55	BLUE	46
1685.8065523561513	1686.2997150758122	88	CHEESE	46
1686.2997150758122	1686.461761446551	70	BUT	46
1686.461761446551	1686.761761446551	466	VICTOR	46
1686.761761446551	1687.1188282460935	242	LIKES	46
1687.1188282460935	1687.451761446551	64	BRIE	46
1698.1356875	1698.3905420783776	108	COUNT	47
1698.3905420783776	1698.4522348203818	434	THE	47
1698.4522348203818	1698.842234820382	289	NUMBER	47
1698.842234820382	1699.0391911898862	294	OF	47
1699.0391911898862	1699.692234820382	429	TEASPOONS	47
1699.692234820382	1699.752234820382	294	OF	47
1699.752234820382	1700.469675869058	395	SOYSAUCE	47
1700.469675869058	1700.6422348203819	433	THAT	47
1700.6422348203819	1700.802234820382	495	YOU	47
1700.802234820382	1701.1422348203819	7	ADD	47
1709.884	1710.449920655943	44	BAGPIPES	48
1710.449920655943	1710.5978392016327	20	AND	48
1710.5978392016327	1711.0476452975147	59	BONGOS	48
1711.0476452975147	1711.0983483946782	30	ARE	48
1711.0983483946782	1711.5783483946782	273	MUSICAL	48
1711.5783483946782	1712.2483483946783	220	INSTRUMENTS	48
1719.6146875	1719.8719371446778	210	HOW	49
1719.8719371446778	1720.0543139130268	189	GOOD	49
1720.0543139130268	1720.2443139130266	224	IS	49
1720.2443139130266	1720.3743139130265	496	YOUR	49
1720.3743139130265	1721.0443139130266	138	ENDURANCE	49
2336.0078125	2336.046836294471	30	ARE	0
2336.046836294471	2336.18844379509	496	YOUR	0
2336.18844379509	2336.4372080176317	192	GRADES	0
2336.4372080176317	2336.8887020746483	206	HIGHER	0
2336.8887020746483	2337.040996130807	302	OR	0
2337.040996130807	2337.276330645588	251	LOWER	0
2337.276330645588	2337.3834194185583	432	THAN	0
2337.3834194185583	2338.0413222869274	275	NANCY'S	0
2347.5845625	2347.7545625000002	375	SHE	1
2347.7545625000002	2348.0245625000002	490	WORE	1
2348.0245625000002	2348.2945625	471	WARM	1
2348.2945625	2348.7445625	158	FLEECY	1
2348.7445625	2349.0645625	489	WOOLEN	1
2349.0645625	2349.8245625	311	OVERALLS	1
2356.367375	2356.556909992897	354	READING	2
2356.556909992897	2356.7151903358927	217	IN	2
2356.7151903358927	2356.906909992897	335	POOR	2
2356.906909992897	2357.1630994027	240	LIGHT	2
2357.1630994027	2357.336909992897	181	GIVES	2
2357.336909992897	2357.4569099928967	495	YOU	2
2357.4569099928967	2358.066909992897	150	EYESTRAIN	2
2365.0653125	2365.284499667101	142	EVEN	3
2365.284499667101	2365.474499667101	211	I	3
2365.474499667101	2365.9315919669048	293	OCCASIONALLY	3
2365.9315919669048	2366.073273277023	177	GET	3
2366.073273277023	2366.124499667101	434	THE	3
2366.124499667101	2366.505890778946	265	MONDAY	3
2366.505890778946	2367.034499667101	56	BLUES	3
2373.3034375	2373.3774027810487	476	WE	4
2373.3774027810487	2373.467402781049	30	ARE	4
2373.467402781049	2373.7551490380483	301	OPEN	4
2373.7551490380483	2374.017402781049	145	EVERY	4
2374.017402781049	2374.227402781049	265	MONDAY	4
2374.227402781049	2374.8274027810485	143	EVENING	4
2382.103625	2382.2914433349297	226	IT'S	5
2382.2914433349297	2382.487463960054	285	NOT	5
2382.487463960054	2382.787463960054	133	EASY	5
2382.787463960054	2382.9534353800736	446	TO	5
2382.9534353800736	2383.293340709555	113	CREATE	5
2383.293340709555	2383.9774639600537	215	ILLUMINATING	5
2383.9774639600537	2384.777463960054	146	EXAMPLES	5
2391.6028125	2391.804834111562	270	MUM	6
2391.804834111562	2392.2877810716736	407	STRONGLY	6
2392.2877810716736	2392.7784486001274	126	DISLIKES	6
2392.7784486001274	2393.6784486001275	27	APPETIZERS	6
2401.4805	2401.759361089098	443	THOSE	12
2401.759361089098	2401.8816165502403	484	WHO	12
2401.8816165502403	2402.159361089098	427	TEACH	12
2402.159361089098	2402.629361089098	462	VALUES	12
2402.629361089098	2402.929361089098	156	FIRST	12
2401.4805	2401.759361089098	443	THOSE	7
2401.759361089098	2401.8816165502403	484	WHO	7
2401.8816165502403	2402.159361089098	427	TEACH	7
2402.159361089098	2402.629361089098	462	VALUES	7
2402.629361089098	2402.929361089098	156	FIRST	7
2402.929361089098	2403.340403279597	4	ABOLISH	7
2403.340403279597	2403.7893610890983	87	CHEATING	7
2414.5948125	2414.6633702548656	434	THE	8
2414.6633702548656	2414.9733702548656	165	FRIGHTENED	8
2414.9733702548656	2415.3433702548655	89	CHILD	8
2415.3433702548655	2415.5622915687068	472	WAS	8
2415.5622915687068	2415.8033702548655	176	GENTLY	8
2415.8033702548655	2416.4021213331935	410	SUBDUED	8
2416.4021213331935	2416.503370254866	73	BY	8
2416.503370254866	2416.6910624231095	208	HIS	8
2416.6910624231095	2416.9082157816774	52	BIG	8
2416.9082157816774	2417.2733702548658	66	BROTHER	8
2425.5385625	2425.743049649437	142	EVEN	9
2425.743049649437	2425.783049649437	1	A	9
2425.783049649437	2426.163049649437	383	SIMPLE	9
2426.163049649437	2426.7601045352185	468	VOCABULARY	9
2426.7601045352185	2427.203049649437	104	CONTAINS	9
2427.203049649437	2427.8330496494373	422	SYMBOLS	9
2436.8514375	2436.9521295611416	1	A	10
2436.9521295611416	2437.2030579346533	110	CRAB	10
2437.2030579346533	2437.6029177024975	85	CHALLENGED	10
2437.6029177024975	2437.9239729280466	258	ME	10
2437.9239729280466	2438.0329177024973	70	BUT	10
2438.0329177024973	2438.1007385576386	1	A	10
2438.1007385576386	2438.2829177024973	350	QUICK	10
2438.2829177024973	2438.6229177024975	402	STAB	10
2438.6229177024975	2439.0729177024973	464	VANQUISHED	10
2439.0729177024973	2439.3729177024975	207	HIM	10
2446.7513125	2447.2526809911624	183	GLUCOSE	11
2447.2526809911624	2447.3725646878256	20	AND	11
2447.3725646878256	2447.8951533402633	167	FRUCTOSE	11
2447.8951533402633	2447.942564687826	30	ARE	11
2447.942564687826	2448.2525646878257	276	NATURAL	11
2448.2525646878257	2448.672564687826	414	SUGARS	11
2448.672564687826	2448.8552141762893	163	FOUND	11
2448.8552141762893	2448.957221406012	217	IN	11
2448.957221406012	2449.2739083859647	168	FRUIT	11
2460.264375	2460.3218560147366	30	ARE	12
2460.3218560147366	2460.418986765532	495	YOU	12
2460.418986765532	2460.6989867655316	250	LOOKING	12
2460.6989867655316	2460.918986765532	161	FOR	12
2460.918986765532	2461.4089867655316	136	EMPLOYMENT	12
2469.5414375	2469.7759079634775	98	COFFEE	13
2469.7759079634775	2470.013055619542	224	IS	13
2470.013055619542	2470.1959079634776	198	GROWN	13
2470.1959079634776	2470.325907963477	297	ON	13
2470.325907963477	2470.718604766899	404	STEEP	13
2470.718604766899	2471.0459079634775	231	JUNGLE	13
2471.0459079634775	2471.2159079634775	241	LIKE	13
2471.2159079634775	2471.766414168844	390	SLOPES	13
2471.766414168844	2471.915758124062	217	IN	13
2471.915758124062	2472.2759079634775	431	TEMPERATE	13
2472.2759079634775	2472.8059079634772	497	ZONES	13
2479.68625	2479.8113865484574	476	WE	14
2479.8113865484574	2480.071386548457	480	WELCOME	14
2480.071386548457	2480.3313865484574	256	MANY	14
2480.3313865484574	2480.5013865484575	282	NEW	14
2480.5013865484575	2480.9313865484573	408	STUDENTS	14
2480.9313865484573	2481.1613865484574	132	EACH	14
2481.1613865484574	2481.4613865484575	491	YEAR	14
2488.548375	2488.7684537536747	298	ONLY	15
2488.7684537536747	2488.8720229768514	434	THE	15
2488.8720229768514	2489.1292089939448	51	BEST	15
2489.1292089939448	2489.448453753675	330	PLAYERS	15
2489.448453753675	2489.8001058465584	139	ENJOY	15
2489.8001058465584	2490.548453753675	336	POPULARITY	15
2497.281375	2497.6762628269794	75	CALCIUM	16
2497.6762628269794	2497.9886901201075	254	MAKES	16
2497.9886901201075	2498.3362628269792	58	BONES	16
2498.3362628269792	2498.4762628269796	20	AND	16
2498.4762628269796	2498.6962628269794	430	TEETH	16
2498.6962628269794	2499.2362628269793	406	STRONG	16
2509.704625	2509.9982939226015	286	NOTHING	17
2509.9982939226015	2510.178293922602	224	IS	17
2510.178293922602	2510.388293922602	34	AS	17
2510.388293922602	2510.808293922602	295	OFFENSIVE	17
2510.808293922602	2511.0082939226018	34	AS	17
2511.0082939226018	2511.698293922602	219	INNOCENCE	17
2518.473625	2518.8134925784416	405	STEVE	18
2518.8134925784416	2519.0234925784416	490	WORE	18
2519.0234925784416	2519.082729390947	1	A	18
2519.082729390947	2519.2934925784416	65	BRIGHT	18
2519.2934925784416	2519.5414204922095	356	RED	18
2519.5414204922095	2519.9834925784417	78	CASHMERE	18
2519.9834925784417	2520.4934925784414	420	SWEATER	18
2527.7070625	2528.0235071903385	46	BARB'S	19
2528.0235071903385	2528.232459143469	188	GOLD	19
2528.232459143469	2528.6435071903384	63	BRACELET	19
2528.6435071903384	2528.8335071903384	472	WAS	19
2528.8335071903384	2528.9079987076234	1	A	19
2528.9079987076234	2529.513259352498	193	GRADUATION	19
2529.513259352498	2529.8990785524365	339	PRESENT	19
2540.9278125	2541.1492170147035	130	DRAW	20
2541.1492170147035	2541.4592170147034	145	EVERY	20
2541.4592170147034	2541.6692170147035	308	OUTER	20
2541.6692170147035	2541.897924814256	244	LINE	20
2541.897924814256	2542.3709448579475	156	FIRST	20
2542.3709448579475	2542.5292170147036	436	THEN	20
2542.5292170147036	2542.8392170147035	154	FILL	20
2542.8392170147035	2542.9792170147034	217	IN	20
2542.9792170147034	2543.1092170147035	434	THE	20
2543.1092170147035	2543.7492170147034	222	INTERIOR	20
2551.27275	2551.3372312161696	434	THE	21
2551.3372312161696	2551.622980740972	475	WATER	21
2551.622980740972	2552.049837036382	103	CONTAINED	21
2552.049837036382	2552.1872312161695	448	TOO	21
2552.1872312161695	2552.4071521271267	269	MUCH	21
2552.4071521271267	2552.8472312161693	90	CHLORINE	21
2552.8472312161693	2553.0072312161697	20	AND	21
2553.0072312161697	2553.279924557325	409	STUNG	21
2553.279924557325	2553.433423679339	208	HIS	21
2553.433423679339	2554.017340401123	149	EYES	21
2552.049837036382	2552.1872312161695	448	TOO	45
2552.1872312161695	2552.4071521271267	269	MUCH	45
2552.4071521271267	2552.8472312161693	90	CHLORINE	45
2552.8472312161693	2553.0072312161697	20	AND	45
2553.0072312161697	2553.279924557325	409	STUNG	45
2553.279924557325	2553.433423679339	208	HIS	45
2553.433423679339	2554.017340401123	149	EYES	45
2561.207625	2561.5318402779685	229	JOHN'S	22
2561.5318402779685	2561.913811992463	66	BROTHER	22
2561.913811992463	2562.393811992463	363	REPAINTED	22
2562.393811992463	2562.5088931991877	434	THE	22
2562.5088931991877	2562.9278837888123	173	GARAGE	22
2562.9278837888123	2563.273599411857	129	DOOR	22
2570.03675	2570.4707020128076	84	CHALLENGE	23
2570.4707020128076	2570.7207020128076	132	EACH	23
2570.7207020128076	2571.2209103285377	175	GENERAL'S	23
2571.2209103285377	2572.0407020128077	221	INTELLIGENCE	23
2579.1109375	2579.877583734907	17	AMBIDEXTROUS	24
2579.877583734907	2580.4701803100747	327	PICKPOCKETS	24
2580.4701803100747	2580.951654127199	6	ACCOMPLISH	24
2580.951654127199	2581.3001803100747	267	MORE	24
2588.438125	2588.455421935521	1	A	25
2588.455421935521	2588.9232111698934	271	MUSCULAR	25
2588.9232111698934	2589.4732111698936	2	ABDOMEN	25
2589.4732111698936	2589.662410762255	224	IS	25
2589.662410762255	2589.7632111698936	189	GOOD	25
2589.7632111698936	2589.8432111698935	161	FOR	25
2589.8432111698935	2590.062103803945	496	YOUR	25
2590.062103803945	2590.4932111698936	43	BACK	25
2601.765	2601.8766289839687	438	THEY	26
2601.8766289839687	2602.0066289839688	317	OWN	26
2602.0066289839688	2602.100717793973	1	A	26
2602.100717793973	2602.2766289839687	52	BIG	26
2602.2766289839687	2602.5826590762285	209	HOUSE	26
2602.5826590762285	2602.656628983969	217	IN	26
2602.656628983969	2602.716628983969	434	THE	26
2602.716628983969	2603.0666289839687	361	REMOTE	26
2603.0666289839687	2603.8566289839687	109	COUNTRYSIDE	26
2610.874625	2610.941221986055	434	THE	27
2610.941221986055	2611.299158878049	369	ROSE	27
2611.299158878049	2611.8449815129743	106	CORSAGE	27
2611.8449815129743	2612.2191588780493	393	SMELLED	27
2612.2191588780493	2612.6791588780493	421	SWEET	27
2619.962875	2620.190577857725	433	THAT	28
2620.190577857725	2620.7205778577254	326	PICKPOCKET	28
2620.7205778577254	2620.90778953022	472	WAS	28
2620.90778953022	2621.170577857725	80	CAUGHT	28
2621.170577857725	2621.3205778577253	356	RED	28
2621.3205778577253	2621.802883209799	199	HANDED	28
2629.7959375	2629.8622116371344	19	AN	29
2629.8622116371344	2630.158106339124	9	ADULT	29
2630.158106339124	2630.442223334956	255	MALE	29
2630.442223334956	2631.0013577207624	42	BABOON'S	29
2631.0013577207624	2631.21812937764	430	TEETH	29
2631.21812937764	2631.2795660529573	30	ARE	29
2631.2795660529573	2631.4995660529576	285	NOT	29
2631.4995660529576	2631.902265684071	415	SUITABLE	29
2631.902265684071	2632.0495660529573	161	FOR	29
2632.0495660529573	2632.2895660529575	135	EATING	29
2632.2895660529575	2632.9695660529574	376	SHELLFISH	29
2640.683	2640.809840903258	88888	HERs	30
2640.809840903258	2641.2094555886815	470	WARDROBE	30
2641.2094555886815	2641.7050593776453	102	CONSISTS	30
2641.7050593776453	2641.8338307570025	294	OF	30
2641.8338307570025	2642.0738307570023	298	ONLY	30
2642.0738307570023	2642.4863632819693	385	SKIRTS	30
2642.4863632819693	2642.620292267429	20	AND	30
2642.620292267429	2643.2938307570025	54	BLOUSES	30
2650.86925	2650.982200469275	434	THE	31
2650.982200469275	2651.1494490303044	453	TWO	31
2651.1494490303044	2651.5153275297553	33	ARTISTS	31
2651.5153275297553	2651.9794490303043	147	EXCHANGED	31
2651.9794490303043	2652.759449030304	39	AUTOGRAPHS	31
2660.9251875	2661.4449975054463	71	BUTTERSCOTCH	32
2661.4449975054463	2661.960143535026	169	FUDGE	32
2661.960143535026	2662.2449975054465	186	GOES	32
2662.2449975054465	2662.4549975054465	481	WELL	32
2662.4549975054465	2662.6549975054463	487	WITH	32
2662.6549975054463	2662.9249975054468	463	VANILLA	32
2662.9249975054468	2663.269081330883	212	ICE	32
2663.269081330883	2663.5649975054466	112	CREAM	32
2671.6646875	2671.9449718716314	366	RICH	33
2671.9449718716314	2672.3161489745553	349	PURCHASED	33
2672.3161489745553	2672.7861489745555	374	SEVERAL	33
2672.7861489745555	2673.0220276127357	99999	sp	33
2673.0220276127357	2673.4861489745554	382	SIGNED	33
2673.4861489745554	2674.3361489745553	245	LITHOGRAPHS	33
2682.87575	2683.048338898788	24	ANY	34
2683.048338898788	2683.798293416422	105	CONTRIBUTIONS	34
2683.798293416422	2683.9382934164223	485	WILL	34
2683.9382934164223	2684.1041781426925	47	BE	34
2684.1041781426925	2684.448293416422	195	GREATLY	34
2684.448293416422	2685.218293416422	28	APPRECIATED	34
2693.8228125	2693.9374115287956	434	THE	35
2693.9374115287956	2694.381940988944	111	CRANBERRY	35
2694.381940988944	2694.8028507755207	57	BOG	35
2694.8028507755207	2695.435465096685	99999	sp	35
2695.435465096685	2695.642850775521	178	GETS	35
2695.642850775521	2695.891647279871	465	VERY	35
2695.891647279871	2696.1328507755206	340	PRETTY	35
2696.1328507755206	2696.2328507755205	217	IN	35
2696.2328507755205	2696.6528507755206	40	AUTUMN	35
2702.941125	2703.1617579930657	210	HOW	36
2703.1617579930657	2703.2617579930657	128	DO	36
2703.2617579930657	2703.7224051253725	318	OYSTERS	36
2703.7224051253725	2703.9817579930655	253	MAKE	36
2703.9817579930655	2704.4717579930657	320	PEARLS	36
2711.7131875	2711.8933991271124	257	MAY	37
2711.8933991271124	2711.9233991271126	211	I	37
2711.9233991271126	2712.2033991271123	304	ORDER	37
2712.2033991271123	2712.296311790613	1	A	37
2712.296311790613	2712.7433991271128	319	PARFAIT	37
2712.7433991271128	2713.0333991271127	10	AFTER	37
2713.0333991271127	2713.1033991271124	211	I	37
2713.1033991271124	2713.3231798784723	134	EAT	37
2713.3231798784723	2713.7133991271126	124	DINNER	37
2719.5929375	2719.6541436007446	224	IS	38
2719.6541436007446	2719.868389382465	375	SHE	38
2719.868389382465	2720.1141436007447	187	GOING	38
2720.1141436007447	2720.283382314094	487	WITH	38
2720.283382314094	2720.544143600745	495	YOU	38
2728.732	2728.8733204886676	76	CAN	39
2728.8733204886676	2728.9329231540028	434	THE	39
2728.9329231540028	2729.550904409558	11	AGENCY	39
2729.550904409558	2730.072928366549	315	OVERTHROW	39
2730.072928366549	2730.412928366549	13	ALIEN	39
2730.412928366549	2731.122928366549	162	FORCES	39
2738.6307178316847	2738.665223342843	1	A	40
2738.665223342843	2739.2052233428435	371	SCREWDRIVER	40
2739.2052233428435	2739.3751174832328	224	IS	40
2739.3751174832328	2739.5194018026195	252	MADE	40
2739.5194018026195	2739.7452233428435	166	FROM	40
2739.7452233428435	2740.0552233428434	469	VODKA	40
2740.0552233428434	2740.1852233428435	20	AND	40
2740.1852233428435	2740.565223342843	303	ORANGE	40
2740.565223342843	2741.0152233428435	230	JUICE	40
2747.275875	2747.3799030600867	210	HOW	41
2747.3799030600867	2747.559903060087	269	MUCH	41
2747.559903060087	2747.9775559267287	16	ALLOWANCE	41
2747.9775559267287	2748.0499030600868	128	DO	41
2748.0499030600868	2748.1837877234293	495	YOU	41
2748.1837877234293	2748.6099030600867	177	GET	41
2755.892625	2756.507273563837	115	CYCLICAL	42
2756.507273563837	2757.0563442429975	346	PROGRAMS	42
2757.0563442429975	2757.133437181539	485	WILL	42
2757.133437181539	2757.423437181539	281	NEVER	42
2757.423437181539	2757.983437181539	100	COMPILE	42
2765.6894375	2765.797132972844	434	THE	43
2765.797132972844	2766.1358713827726	61	BOSTON	43
2766.1358713827726	2766.5237453071377	45	BALLET	43
2766.5237453071377	2767.0037453071377	312	OVERCAME	43
2767.0037453071377	2767.143745307138	435	THEIR	43
2767.143745307138	2767.4837453071377	170	FUNDING	43
2767.4837453071377	2768.163745307138	380	SHORTAGE	43
2775.3389375	2775.5653741352094	145	EVERY	44
2775.5653741352094	2775.897370656389	74	CAB	44
2775.897370656389	2776.227370656389	280	NEEDS	44
2776.227370656389	2776.737370656389	364	REPAINTING	44
2776.737370656389	2777.267370656389	296	OFTEN	44
2784.658375	2784.922781192943	203	HELP	45
2784.922781192943	2785.25439562265	196	GREG	45
2785.25439562265	2785.346415458987	99999	sp	45
2785.346415458987	2785.5137135971663	446	TO	45
2785.5137135971663	2785.685070546836	325	PICK	45
2785.685070546836	2785.7881477325773	1	A	45
2785.7881477325773	2785.98439562265	321	PECK	45
2785.98439562265	2786.1013608675744	294	OF	45
2786.1013608675744	2786.89439562265	338	POTATOES	45
2794.85825	2794.9507851973567	476	WE	46
2794.9507851973567	2795.217550315712	241	LIKE	46
2795.217550315712	2795.370785197357	55	BLUE	46
2795.370785197357	2795.730785197357	88	CHEESE	46
2795.730785197357	2795.9307851973567	70	BUT	46
2795.9307851973567	2796.2007851973567	466	VICTOR	46
2796.2007851973567	2796.554245200585	242	LIKES	46
2796.554245200585	2796.880785197357	64	BRIE	46
2806.1280625	2806.3422181667243	108	COUNT	47
2806.3422181667243	2806.4022181667247	434	THE	47
2806.4022181667247	2806.7322181667246	289	NUMBER	47
2806.7322181667246	2806.8272974105817	294	OF	47
2806.8272974105817	2807.3322181667245	429	TEASPOONS	47
2807.3322181667245	2807.3922181667244	294	OF	47
2807.3922181667244	2807.9994614765187	395	SOYSAUCE	47
2807.9994614765187	2808.1522181667247	433	THAT	47
2808.1522181667247	2808.2922181667245	495	YOU	47
2808.2922181667245	2808.6522181667247	7	ADD	47
2816.32575	2816.8260700378178	44	BAGPIPES	48
2816.8260700378178	2816.9783264605303	20	AND	48
2816.9783264605303	2817.5216659897283	59	BONGOS	48
2817.5216659897283	2817.5760700378178	30	ARE	48
2817.5760700378178	2818.0560700378173	273	MUSICAL	48
2818.0560700378173	2818.7460700378174	220	INSTRUMENTS	48
2825.11575	2825.2710117797365	210	HOW	49
2825.2710117797365	2825.3610117797366	189	GOOD	49
2825.3610117797366	2825.5810117797364	224	IS	49
2825.5810117797364	2825.7110117797365	496	YOUR	49
2825.7110117797365	2826.4310117797363	138	ENDURANCE	49
