10.041054893174406	10.154045624423352	30	ARE	0
10.154045624423352	10.320864887206403	496	YOUR	0
10.320864887206403	10.652	192	GRADES	0
10.652	10.992	206	HIGHER	0
10.992	11.176616201308144	302	OR	0
11.176616201308144	11.522	251	LOWER	0
11.522	11.662	432	THAN	0
11.662	12.392	275	NANCYS	0
17.579135055655964	17.842	375	SHE	1
17.842	18.195564853996594	490	WORE	1
18.195564853996594	18.62130689531833	471	WARM	1
18.62130689531833	19.162	158	FLEECY	1
19.162	19.542	489	WOOLEN	1
19.542	20.392	311	OVERALLS	1
29.001477360613546	29.292	354	READING	2
29.292	29.453583440300086	217	IN	2
29.453583440300086	29.64747770762895	434	THE	2
29.64747770762895	30.102	335	POOR	2
30.102	30.55031857138301	240	LIGHT	2
30.55031857138301	30.762	181	GIVES	2
30.762	30.922	495	YOU	2
30.922	31.592	150	EYESTRAIN	2
40.4202626621682	40.632	142	EVEN	3
40.632	40.812	211	I	3
40.812	41.30494795925393	293	OCCASIONALLY	3
41.30494795925393	41.452259318929414	177	GET	3
41.452259318929414	41.512	434	THE	3
41.512	41.8473066814201	265	MONDAY	3
41.8473066814201	42.372	56	BLUES	3
50.48643032460168	50.592	476	WE	4
50.592	50.732	30	ARE	4
50.732	51.005482823568045	301	OPEN	4
51.005482823568045	51.30623158395065	145	EVERY	4
51.30623158395065	51.65089919971814	265	MONDAY	4
51.65089919971814	52.152	143	EVENING	4
61.5860334401097	61.792	226	IT'S	5
61.792	62.015387280960454	285	NOT	5
62.015387280960454	62.392885244095616	133	EASY	5
62.392885244095616	62.53003309494964	446	TO	5
62.53003309494964	62.962	113	CREATE	5
62.962	63.162718078705126	99999	sp	5
63.162718078705126	63.842	215	ILLUMINATING	5
63.842	64.712	146	EXAMPLES	5
73.82378403549508	74.112	270	MUM	6
74.112	74.78090040742823	407	STRONGLY	6
74.78090040742823	75.132	88888	DISA	6
75.132	75.40610593998534	99999	sp	6
75.40610593998534	75.94630244158782	126	DISLIKES	6
75.94630244158782	76.882	27	APPETIZERS	6
85.47009426258978	85.782	443	THOSE	7
85.782	85.97364596994963	484	WHO	7
85.97364596994963	86.292	427	TEACH	7
86.292	86.952	462	VALUES	7
86.952	87.45688874207795	156	FIRST	7
87.45688874207795	88.09955965224404	4	ABOLISH	7
88.09955965224404	88.642	87	CHEATING	7
98.10146833482862	98.172	434	THE	8
98.172	98.612	165	FRIGHTENED	8
98.612	99.112	89	CHILD	8
99.112	99.40492649786607	472	WAS	8
99.40492649786607	99.712	176	GENTLY	8
99.712	100.39854619294998	410	SUBDUED	8
100.39854619294998	100.592	73	BY	8
100.592	100.862	208	HIS	8
100.862	100.9662329526408	99999	sp	8
100.9662329526408	101.152	52	BIG	8
101.152	101.28982679834053	99999	sp	8
101.28982679834053	101.752	66	BROTHER	8
111.62116547434461	111.882	142	EVEN	9
111.882	111.94027534065818	1	A	9
111.94027534065818	112.412	383	SIMPLE	9
112.412	113.24768953241309	468	VOCABULARY	9
113.24768953241309	113.762	104	CONTAINS	9
113.762	114.452	422	SYMBOLS	9
123.532	123.66942949678196	1	A	10
123.66942949678196	124.05199782107474	110	CRAB	10
124.05199782107474	124.602	85	CHALLENGED	10
124.602	124.942	258	ME	10
124.942	125.35343952586969	99999	sp	10
125.35343952586969	125.452	70	BUT	10
125.452	125.58286980446049	1	A	10
125.58286980446049	125.852	350	QUICK	10
125.852	126.41778492349349	402	STAB	10
126.41778492349349	126.942	464	VANQUISHED	10
126.942	127.192	207	HIM	10
137.01757598089452	137.684831889917	183	GLUCOSE	11
137.684831889917	137.852	20	AND	11
137.852	138.61608798242744	167	FRUCTOSE	11
138.61608798242744	138.742	30	ARE	11
138.742	139.122	276	NATURAL	11
139.122	139.672	414	SUGARS	11
139.672	139.942	163	FOUND	11
139.942	140.062	217	IN	11
140.062	140.442	168	FRUIT	11
149.54570268541573	149.632	30	ARE	12
149.632	149.952	495	YOU	12
149.952	150.342	250	LOOKING	12
150.342	150.682	161	FOR	12
150.682	151.422	136	EMPLOYMENT	12
159.25639771638612	159.49031812658455	98	COFFEE	13
159.49031812658455	159.75038893098062	224	IS	13
159.75038893098062	160.012	198	GROWN	13
160.012	160.252806828866	297	ON	13
160.252806828866	160.96307265088936	404	STEEP	13
160.96307265088936	161.27356823616012	99999	sp	13
161.27356823616012	161.642	231	JUNGLE	13
161.642	161.962	241	LIKE	13
161.962	162.71819486209338	390	SLOPES	13
162.71819486209338	162.9648393575868	217	IN	13
162.9648393575868	163.39188662542003	431	TEMPERATE	13
163.39188662542003	164.072	497	ZONES	13
175.71939369629553	175.872	476	WE	14
175.872	176.322	480	WELCOME	14
176.322	176.632	256	MANY	14
176.632	176.862	282	NEW	14
176.862	177.462	408	STUDENTS	14
177.462	177.77412446092745	132	EACH	14
177.77412446092745	178.102	491	YEAR	14
186.99792124892488	187.24902409454867	298	ONLY	15
187.24902409454867	187.37306138053083	434	THE	15
187.37306138053083	187.662	51	BEST	15
187.662	188.002	330	PLAYERS	15
188.002	188.4217384795588	139	ENJOY	15
188.4217384795588	189.312	336	POPULARITY	15
197.40704066539115	197.842	75	CALCIUM	16
197.842	198.25772044782144	254	MAKES	16
198.25772044782144	198.762	58	BONES	16
198.762	199.4833855659532	99999	sp	16
199.4833855659532	199.76512893738226	20	AND	16
199.76512893738226	200.08136532594114	430	TEETH	16
200.08136532594114	200.692	406	STRONG	16
209.33145397922814	209.812	286	NOTHING	17
209.812	210.042	224	IS	17
210.042	210.472	34	AS	17
210.472	210.6100893075155	99999	sp	17
210.6100893075155	211.212	295	OFFENSIVE	17
211.212	211.562	34	AS	17
211.562	212.322	219	INNOCENCE	17
220.6028752354229	221.012	405	STEVE	18
221.012	221.302	490	WORE	18
221.302	221.4030010703297	1	A	18
221.4030010703297	221.712	65	BRIGHT	18
221.712	221.9681044670409	356	RED	18
221.9681044670409	222.482	78	CASHMERE	18
222.482	223.022	420	SWEATER	18
231.2013007996773	231.61534719225327	46	BARB'S	19
231.61534719225327	231.93622850832455	188	GOLD	19
231.93622850832455	232.512	63	BRACELET	19
232.512	232.65437973815736	99999	sp	19
232.65437973815736	232.832	472	WAS	19
232.832	232.91624146934532	1	A	19
232.91624146934532	233.61550339731969	193	GRADUATION	19
233.61550339731969	234.062	339	PRESENT	19
242.15439847352513	242.38233409232055	130	DRAW	20
242.38233409232055	242.792	145	EVERY	20
242.792	243.072	308	OUTER	20
243.072	243.3236468467876	244	LINE	20
243.3236468467876	243.902	156	FIRST	20
243.902	244.06219536308708	99999	sp	20
244.06219536308708	244.23132360363707	436	THEN	20
244.23132360363707	244.712	154	FILL	20
244.712	244.8344506125501	99999	sp	20
244.8344506125501	245.1693702485511	217	IN	20
245.1693702485511	245.302	434	THE	20
245.302	246.072	222	INTERIOR	20
256.10218032554627	256.162	434	THE	21
256.162	256.524421717741	475	WATER	21
256.524421717741	257.06160327049685	103	CONTAINED	21
257.06160327049685	257.302	448	TOO	21
257.302	257.5647684982798	269	MUCH	21
257.5647684982798	258.122	90	CHLORINE	21
258.122	258.30379985895775	20	AND	21
258.30379985895775	258.622	409	STUNG	21
258.622	258.792	208	HIS	21
258.792	259.392	149	EYES	21
267.6682556158465	268.1658420088376	229	JOHN'S	22
268.1658420088376	268.532	66	BROTHER	22
268.532	269.0762630767929	363	REPAINTED	22
269.0762630767929	269.1906045511394	434	THE	22
269.1906045511394	269.582	88888	GAR	22
269.582	269.76062351310344	99999	sp	22
269.76062351310344	270.20701114569647	173	GARAGE	22
270.20701114569647	270.612	129	DOOR	22
279.746734730442	280.30497068698196	84	CHALLENGE	23
280.30497068698196	280.612	132	EACH	23
280.612	281.152	175	GENERAL'S	23
281.152	282.012	221	INTELLIGENCE	23
290.1852511736242	291.3135060921282	17	AMBIDEXTROUS	24
291.3135060921282	292.160810075391	327	PICKPOCKETS	24
292.160810075391	292.7388887181033	6	ACCOMPLISH	24
292.7388887181033	293.082	267	MORE	24
301.9904074478605	302.032	1	A	25
302.032	302.824118021873	271	MUSCULAR	25
302.824118021873	303.562	2	ABDOMEN	25
303.562	303.78594390464286	224	IS	25
303.78594390464286	303.912	189	GOOD	25
303.912	304.102	161	FOR	25
304.102	304.25747011601663	496	YOUR	25
304.25747011601663	304.71138230609813	43	BACK	25
313.5216934540344	313.682	438	THEY	26
313.682	313.892	317	OWN	26
313.892	314.03728650011595	1	A	26
314.03728650011595	314.212	52	BIG	26
314.212	314.67115039963596	209	HOUSE	26
314.67115039963596	314.852	217	IN	26
314.852	314.932	434	THE	26
314.932	315.37862680426326	361	REMOTE	26
315.37862680426326	316.152	109	COUNTRYSIDE	26
324.2860067785404	324.352	434	THE	27
324.352	324.92319521871616	369	ROSE	27
324.92319521871616	325.77790176541	106	CORSAGE	27
325.77790176541	326.202	393	SMELLED	27
326.202	326.652	421	SWEET	27
335.0955268994498	335.34438775538047	433	THAT	28
335.34438775538047	335.962	326	PICKPOCKET	28
335.962	336.17010938419054	472	WAS	28
336.17010938419054	336.4685902803652	80	CAUGHT	28
336.4685902803652	336.752	356	RED	28
336.752	337.312	199	HANDED	28
344.9596111368273	345.042	19	AN	29
345.042	345.472	9	ADULT	29
345.472	345.82579826972693	255	MALE	29
345.82579826972693	346.4710426951906	42	BABOON'S	29
346.4710426951906	346.8374051408668	430	TEETH	29
346.8374051408668	346.942	30	ARE	29
346.942	347.172	285	NOT	29
347.172	347.792	415	SUITABLE	29
347.792	348.052	161	FOR	29
348.052	348.312	135	EATING	29
348.312	349.102	376	SHELLFISH	29
359.052	359.252	204	HER	30
359.252	359.84786204861456	470	WARDROBE	30
359.84786204861456	360.37329237742347	102	CONSISTS	30
360.37329237742347	360.522	294	OF	30
360.522	360.842	298	ONLY	30
360.842	361.412	385	SKIRTS	30
361.412	361.49612940926164	99999	sp	30
361.49612940926164	361.69637486777384	20	AND	30
361.69637486777384	362.412	54	BLOUSES	30
371.1341140609258	371.262	434	THE	31
371.262	371.752	33	ARTISTS	31
371.752	372.5313882655637	147	EXCHANGED	31
372.5313882655637	373.382	39	AUTOGRAPHS	31
381.7524017883856	382.362	71	BUTTERSCOTCH	32
382.362	382.9870481901024	169	FUDGE	32
382.9870481901024	383.3436270683235	186	GOES	32
383.3436270683235	383.532	481	WELL	32
383.532	383.722	487	WITH	32
383.722	384.142	463	VANILLA	32
384.142	384.413364723357	212	ICE	32
384.413364723357	384.742	112	CREAM	32
393.75768767929696	394.1515305353795	366	RICH	33
394.1515305353795	394.87645284058146	349	PURCHASED	33
394.87645284058146	395.442	374	SEVERAL	33
395.442	396.012	382	SIGNED	33
396.012	396.182	99999	sp	33
396.182	397.182	245	LITHOGRAPHS	33
406.3068554627877	406.5235811331178	24	ANY	34
406.5235811331178	407.66454065988216	105	CONTRIBUTIONS	34
407.66454065988216	407.802	485	WILL	34
407.802	408.1326715950538	47	BE	34
408.1326715950538	408.712	195	GREATLY	34
408.712	409.542	28	APPRECIATED	34
419.0937192600342	419.2140393735623	434	THE	35
419.2140393735623	419.8401726611775	111	CRANBERRY	35
419.8401726611775	420.27782401867023	57	BOG	35
420.27782401867023	420.552	178	GETS	35
420.552	420.91265462731684	465	VERY	35
420.91265462731684	421.182	340	PRETTY	35
421.182	421.312	217	IN	35
421.312	421.762	40	AUTUMN	35
430.64688388765614	430.81145741327396	210	HOW	36
430.81145741327396	430.982	128	DO	36
430.982	431.502	318	OYSTERS	36
431.502	431.77432689293784	253	MAKE	36
431.77432689293784	432.322	320	PEARLS	36
441.0006363083678	441.252	257	MAY	37
441.252	441.35899380893784	211	I	37
441.35899380893784	441.882	304	ORDER	37
441.882	442.2440958729518	1	A	37
442.2440958729518	442.862	319	PARFAIT	37
442.862	443.192	10	AFTER	37
443.192	443.252	211	I	37
443.252	443.5341410518991	134	EAT	37
443.5341410518991	443.862	124	DINNER	37
452.89977572455103	452.992	224	IS	38
452.992	453.2662185351254	375	SHE	38
453.2662185351254	453.51708237923884	187	GOING	38
453.51708237923884	453.65429437869267	487	WITH	38
453.65429437869267	453.9126078909542	495	YOU	38
460.8931505830158	461.042	76	CAN	39
461.042	461.102	434	THE	39
461.102	461.792	11	AGENCY	39
461.792	462.412	315	OVERTHROW	39
462.412	462.772	13	ALIEN	39
462.772	463.442	162	FORCES	39
471.80605748393225	471.852	1	A	40
471.852	472.6950240641828	371	SCREWDRIVER	40
472.6950240641828	472.88614403456336	224	IS	40
472.88614403456336	473.092	252	MADE	40
473.092	473.302	166	FROM	40
473.302	473.972602583642	469	VODKA	40
473.972602583642	474.082	20	AND	40
474.082	474.372	303	ORANGE	40
474.372	474.912	230	JUICE	40
483.48847412996275	483.632	210	HOW	41
483.632	483.852	269	MUCH	41
483.852	484.3408895302112	16	ALLOWANCE	41
484.3408895302112	484.412	128	DO	41
484.412	484.59323939516617	495	YOU	41
484.59323939516617	484.852	177	GET	41
492.36803279916217	493.0983345091555	115	CYCLICAL	42
493.0983345091555	493.74892027477074	346	PROGRAMS	42
493.74892027477074	493.822	485	WILL	42
493.822	494.17645640245456	281	NEVER	42
494.17645640245456	494.852	100	COMPILE	42
503.95527039655184	504.09237658768046	434	THE	43
504.09237658768046	504.4933864248914	61	BOSTON	43
504.4933864248914	504.932	45	BALLET	43
504.932	505.642	312	OVERCAME	43
505.642	505.782	435	THEIR	43
505.782	506.172	170	FUNDING	43
506.172	506.872	380	SHORTAGE	43
515.6133470038402	515.9050842375952	145	EVERY	44
515.9050842375952	516.212	74	CAB	44
516.212	516.6101543858515	280	NEEDS	44
516.6101543858515	517.142	364	REPAINTING	44
517.142	517.632	296	OFTEN	44
525.3229257003502	525.643093138706	203	HELP	45
525.643093138706	526.0280424868424	196	GREG	45
526.0280424868424	526.122441179555	99999	sp	45
526.122441179555	526.3007988614635	446	TO	45
526.3007988614635	526.6608204269094	325	PICK	45
526.6608204269094	526.9145357397852	1	A	45
526.9145357397852	527.3347287597778	321	PECK	45
527.3347287597778	527.5957028155219	294	OF	45
527.5957028155219	528.532	338	POTATOES	45
537.1502211514364	537.2518435515935	476	WE	46
537.2518435515935	537.532860596926	241	LIKE	46
537.532860596926	537.7165633715732	55	BLUE	46
537.7165633715732	538.3937078352228	88	CHEESE	46
538.3937078352228	538.562	70	BUT	46
538.562	538.9810547033742	466	VICTOR	46
538.9810547033742	539.3808141101221	242	LIKES	46
539.3808141101221	539.812	64	BRIE	46
547.8220297550257	548.1030468003581	108	COUNT	47
548.1030468003581	548.172	434	THE	47
548.172	548.562	289	NUMBER	47
548.562	548.642	294	OF	47
548.642	548.736388324837	99999	sp	47
548.736388324837	549.6273701183642	429	TEASPOONS	47
549.6273701183642	549.772	294	OF	47
549.772	550.7273175278858	395	SOYSAUCE	47
550.7273175278858	550.962	433	THAT	47
550.962	551.192	495	YOU	47
551.192	551.632	7	ADD	47
561.2832441778986	562.0102530839163	44	BAGPIPES	48
562.0102530839163	562.219406561381	20	AND	48
562.219406561381	562.792	59	BONGOS	48
562.792	562.892	30	ARE	48
562.892	563.392	273	MUSICAL	48
563.392	564.122	220	INSTRUMENTS	48
574.062	574.3881390946052	210	HOW	49
574.3881390946052	574.7584952572962	189	GOOD	49
574.7584952572962	574.942	224	IS	49
574.942	575.112	496	YOUR	49
575.112	575.712	138	ENDURANCE	49
587.9969854746784	588.082	30	ARE	0
588.082	588.241708805669	496	YOUR	0
588.241708805669	588.582	192	GRADES	0
588.582	589.042	206	HIGHER	0
589.042	589.152	302	OR	0
589.152	589.422	251	LOWER	0
589.422	589.572	432	THAN	0
589.572	590.332	275	NANCY'S	0
598.0460675902272	598.332	375	SHE	1
598.332	598.6989321953367	490	WORE	1
598.6989321953367	599.1049159052463	471	WARM	1
599.1049159052463	599.672	158	FLEECY	1
599.672	600.022	489	WOOLEN	1
600.022	600.832	311	OVERALLS	1
608.7500324364391	609.042	354	READING	2
609.042	609.2330800883038	217	IN	2
609.2330800883038	609.442	335	POOR	2
609.442	609.7290993866856	240	LIGHT	2
609.7290993866856	609.8797262516854	99999	sp	2
609.8797262516854	610.1203360311149	181	GIVES	2
610.1203360311149	610.222	495	YOU	2
610.222	610.7746174736773	150	EYESTRAIN	2
617.644548722332	617.852	142	EVEN	3
617.852	618.032	211	I	3
618.032	618.5363435258449	293	OCCASIONALLY	3
618.5363435258449	618.6809938367819	177	GET	3
618.6809938367819	618.732	434	THE	3
618.732	619.0811830670176	265	MONDAY	3
619.0811830670176	619.662	56	BLUES	3
627.4821543135031	627.562	476	WE	4
627.562	627.722	30	ARE	4
627.722	628.0862268010654	301	OPEN	4
628.0862268010654	628.362	145	EVERY	4
628.362	628.562	265	MONDAY	4
628.562	629.0963446861908	143	EVENING	4
637.8784787417427	638.002	226	IT'S	5
638.002	638.200734061834	285	NOT	5
638.200734061834	638.5370982390766	133	EASY	5
638.5370982390766	638.6703616727741	446	TO	5
638.6703616727741	639.0546341786796	113	CREATE	5
639.0546341786796	639.712	215	ILLUMINATING	5
639.712	640.602	146	EXAMPLES	5
649.1570322417953	649.381580419583	270	MUM	6
649.381580419583	650.065960915355	407	STRONGLY	6
650.065960915355	650.6666605081755	126	DISLIKES	6
650.6666605081755	651.722	27	APPETIZERS	6
661.0455745901056	661.412	443	THOSE	7
661.412	661.6309349016977	484	WHO	7
661.6309349016977	662.0024472951199	427	TEACH	7
662.0024472951199	662.512	462	VALUES	7
662.512	662.9721403059855	156	FIRST	7
662.9721403059855	663.6872350670058	4	ABOLISH	7
663.6872350670058	664.182	87	CHEATING	7
671.24535433811	671.302	434	THE	8
671.302	671.692	165	FRIGHTENED	8
671.692	672.022	89	CHILD	8
672.022	672.5720876588948	472	WAS	8
672.5720876588948	672.942	176	GENTLY	8
672.942	673.5943147416734	410	SUBDUED	8
673.5943147416734	673.742	73	BY	8
673.742	674.0088066875243	208	HIS	8
674.0088066875243	674.2376082361397	52	BIG	8
674.2376082361397	674.6320000000001	66	BROTHER	8
681.8733604505492	682.1320000000001	142	EVEN	9
682.1320000000001	682.1806019468274	1	A	9
682.1806019468274	682.5545241411065	383	SIMPLE	9
682.5545241411065	683.2258792603477	468	VOCABULARY	9
683.2258792603477	683.682	104	CONTAINS	9
683.682	684.332	422	SYMBOLS	9
691.9302242830664	692.2859515511094	110	CRAB	10
692.2859515511094	692.7817747924225	85	CHALLENGED	10
692.7817747924225	693.052	258	ME	10
693.052	693.2495119183843	99999	sp	10
693.2495119183843	693.342	70	BUT	10
693.342	693.464902439686	1	A	10
693.464902439686	693.732	350	QUICK	10
693.732	694.142	402	STAB	10
694.142	694.792	464	VANQUISHED	10
694.792	695.072	207	HIM	10
703.3354382384986	703.8760244088431	183	GLUCOSE	11
703.8760244088431	704.032	20	AND	11
704.032	704.622	167	FRUCTOSE	11
704.622	704.732	30	ARE	11
704.732	705.152	276	NATURAL	11
705.152	705.6720129681447	414	SUGARS	11
705.6720129681447	705.862	163	FOUND	11
705.862	706.012	217	IN	11
706.012	706.322	168	FRUIT	11
715.6571245152606	715.6932960186928	30	ARE	12
715.6932960186928	715.862	495	YOU	12
715.862	716.142	250	LOOKING	12
716.142	716.392	161	FOR	12
716.392	716.842087660692	136	EMPLOYMENT	12
724.6629997442417	724.892	98	COFFEE	13
724.892	725.1641486247877	224	IS	13
725.1641486247877	725.452	198	GROWN	13
725.452	725.629981987411	297	ON	13
725.629981987411	726.2537033836785	404	STEEP	13
726.2537033836785	726.4113620782358	99999	sp	13
726.4113620782358	726.742	231	JUNGLE	13
726.742	726.952	241	LIKE	13
726.952	727.532	390	SLOPES	13
727.532	727.7777300887309	217	IN	13
727.7777300887309	728.172	431	TEMPERATE	13
728.172	728.702	497	ZONES	13
737.3712080766379	737.4687861496196	476	WE	14
737.4687861496196	737.765107448412	480	WELCOME	14
737.765107448412	738.092	256	MANY	14
738.092	738.2719999999999	282	NEW	14
738.2719999999999	738.7474872013472	408	STUDENTS	14
738.7474872013472	738.9519494292861	132	EACH	14
738.9519494292861	739.2719999999999	491	YEAR	14
750.0129768704478	750.262	298	ONLY	15
750.262	750.3854385477784	434	THE	15
750.3854385477784	750.662	51	BEST	15
750.662	751.072	330	PLAYERS	15
751.072	751.4544090220362	139	ENJOY	15
751.4544090220362	752.342	336	POPULARITY	15
764.0035514055279	764.432	75	CALCIUM	16
764.432	764.750422683268	254	MAKES	16
764.750422683268	765.1031156758424	58	BONES	16
765.1031156758424	765.235873282433	20	AND	16
765.235873282433	765.492	430	TEETH	16
765.492	766.072	406	STRONG	16
774.3891548295788	774.712	286	NOTHING	17
774.712	774.8926285360845	224	IS	17
774.8926285360845	775.552	295	OFFENSIVE	17
775.552	776.2251358227645	99999	sp	17
776.2251358227645	776.452	34	AS	17
776.452	777.182	219	INNOCENCE	17
783.802	784.0786465570403	490	WORE	18
784.0786465570403	784.22050137584	99999	sp	18
784.22050137584	784.732	405	STEVE	18
784.732	784.9485880061076	490	WORE	18
784.9485880061076	785.0541142250576	1	A	18
785.0541142250576	785.222	65	BRIGHT	18
785.222	785.571004346896	356	RED	18
785.571004346896	786.012	78	CASHMERE	18
786.012	786.562	420	SWEATER	18
795.3704519652038	795.742	46	BARB'S	19
795.742	796.019504434217	188	GOLD	19
796.019504434217	796.412	63	BRACELET	19
796.412	796.642	472	WAS	19
796.642	796.7298965348607	1	A	19
796.7298965348607	797.37893180741	193	GRADUATION	19
797.37893180741	797.782	339	PRESENT	19
807.0677106665231	807.302	130	DRAW	20
807.302	807.672	145	EVERY	20
807.672	807.8820000000001	308	OUTER	20
807.8820000000001	808.152	244	LINE	20
808.152	808.722	156	FIRST	20
808.722	808.9160607964579	99999	sp	20
808.9160607964579	809.1389631027581	436	THEN	20
809.1389631027581	809.452	154	FILL	20
809.452	809.582	217	IN	20
809.582	809.702	434	THE	20
809.702	810.462	222	INTERIOR	20
819.9106487314338	819.9950335529102	434	THE	21
819.9950335529102	820.2888735562652	475	WATER	21
820.2888735562652	820.7395996697832	103	CONTAINED	21
820.7395996697832	820.912	448	TOO	21
820.912	821.1589676388414	269	MUCH	21
821.1589676388414	821.7397423334987	90	CHLORINE	21
821.7397423334987	821.892	20	AND	21
821.892	822.172	409	STUNG	21
822.172	822.362	208	HIS	21
822.362	823.012	149	EYES	21
831.8909022732154	832.3387100309736	229	JOHN'S	22
832.3387100309736	832.6220000000001	66	BROTHER	22
832.6220000000001	833.1592300925597	363	REPAINTED	22
833.1592300925597	833.2812867093379	434	THE	22
833.2812867093379	833.7772487376459	173	GARAGE	22
833.7772487376459	834.152	129	DOOR	22
841.7348921990931	842.192	84	CHALLENGE	23
842.192	842.482	132	EACH	23
842.482	843.092	175	GENERAL'S	23
843.092	843.972	221	INTELLIGENCE	23
852.235271916332	853.0152883751641	17	AMBIDEXTROUS	24
853.0152883751641	853.652	327	PICKPOCKETS	24
853.652	854.2094342384991	6	ACCOMPLISH	24
854.2094342384991	854.552	267	MORE	24
863.51954637198	863.5402959081139	1	A	25
863.5402959081139	864.2751444825346	271	MUSCULAR	25
864.2751444825346	864.8620000000001	2	ABDOMEN	25
864.8620000000001	865.1279256492408	224	IS	25
865.1279256492408	865.2719999999999	189	GOOD	25
865.2719999999999	865.422	161	FOR	25
865.422	865.5837986070233	496	YOUR	25
865.5837986070233	866.1268214422433	43	BACK	25
877.191972942526	877.312	438	THEY	26
877.312	877.472	317	OWN	26
877.472	877.5825007278153	1	A	26
877.5825007278153	877.742	52	BIG	26
877.742	878.182	209	HOUSE	26
878.182	878.2868917536297	217	IN	26
878.2868917536297	878.342	434	THE	26
878.342	878.7756907654323	361	REMOTE	26
878.7756907654323	879.592	109	COUNTRYSIDE	26
889.0840842863296	889.2248847100955	434	THE	27
889.2248847100955	889.4957280717113	369	ROSE	27
889.4957280717113	890.052	106	CORSAGE	27
890.052	890.502	393	SMELLED	27
890.502	890.982	421	SWEET	27
900.2027972350552	900.2394598789938	434	THE	28
900.2394598789938	900.842	326	PICKPOCKET	28
900.842	901.0616230792587	472	WAS	28
901.0616230792587	901.402	80	CAUGHT	28
901.402	901.572	356	RED	28
901.572	902.082	199	HANDED	28
909.7155334565196	909.812	19	AN	29
909.812	910.1711546404969	9	ADULT	29
910.1711546404969	910.4660613213892	255	MALE	29
910.4660613213892	911.0829891650715	42	BABOON'S	29
911.0829891650715	911.312	430	TEETH	29
911.312	911.3720000000001	30	ARE	29
911.3720000000001	911.582	285	NOT	29
911.582	912.092	415	SUITABLE	29
912.092	912.302	161	FOR	29
912.302	912.6247212454002	135	EATING	29
912.6247212454002	913.3620000000001	376	SHELLFISH	29
921.776830694208	921.9848089893087	204	HER	30
921.9848089893087	922.4326941025279	470	WARDROBE	30
922.4326941025279	922.8620000000001	102	CONSISTS	30
922.8620000000001	922.952	294	OF	30
922.952	923.172	298	ONLY	30
923.172	923.602	385	SKIRTS	30
923.602	923.7207708394026	20	AND	30
923.7207708394026	924.412	54	BLOUSES	30
933.672	933.8956114552184	99999	sp	31
933.8956114552184	934.0236270107644	434	THE	31
934.0236270107644	934.352	453	TWO	31
934.352	934.702	33	ARTISTS	31
934.702	935.162	147	EXCHANGED	31
935.162	935.832	39	AUTOGRAPHS	31
944.513048814706	945.1309427353085	71	BUTTERSCOTCH	32
945.1309427353085	945.5258790387404	169	FUDGE	32
945.5258790387404	945.8196522556527	186	GOES	32
945.8196522556527	945.992	481	WELL	32
945.992	946.162	487	WITH	32
946.162	946.4249836570639	212	ICE	32
946.4249836570639	946.722	112	CREAM	32
946.722	946.9449397865402	99999	sp	32
956.2897510707894	956.6908940073386	366	RICH	33
956.6908940073386	957.1951971834089	349	PURCHASED	33
957.1951971834089	957.63204491631	88888	SEVERAL'D	33
957.63204491631	957.7819999999999	99999	sp	33
957.7819999999999	958.462	382	SIGNED	33
958.462	958.7359448748026	99999	sp	33
958.7359448748026	959.6120000000001	245	LITHOGRAPHS	33
968.6958839160422	968.9005572773757	24	ANY	34
968.9005572773757	969.7671422382737	105	CONTRIBUTIONS	34
969.7671422382737	969.9952677555932	485	WILL	34
969.9952677555932	970.592	195	GREATLY	34
970.592	970.815528005703	99999	sp	34
970.815528005703	970.9614633900148	485	WILL	34
970.9614633900148	971.1052667601459	47	BE	34
971.1052667601459	971.462	195	GREATLY	34
971.462	972.1790111790831	28	APPRECIATED	34
979.8431411911768	979.9444118647532	434	THE	35
979.9444118647532	980.4669992966603	111	CRANBERRY	35
980.4669992966603	980.7866536802205	57	BOG	35
980.7866536802205	981.0217018024549	178	GETS	35
981.0217018024549	981.0963222987743	99999	sp	35
981.0963222987743	981.4081774797546	465	VERY	35
981.4081774797546	981.6220000000001	340	PRETTY	35
981.6220000000001	981.752	217	IN	35
981.752	982.152	40	AUTUMN	35
991.2856422738512	991.5091938839844	210	HOW	36
991.5091938839844	991.6120000000001	128	DO	36
991.6120000000001	992.1782561449204	318	OYSTERS	36
992.1782561449204	992.42072616032	253	MAKE	36
992.42072616032	992.972	320	PEARLS	36
1002.4793720032969	1002.6792964397978	257	MAY	37
1002.6792964397978	1002.7464548864854	211	I	37
1002.7464548864854	1003.102	304	ORDER	37
1003.102	1003.285936296535	1	A	37
1003.285936296535	1003.832	319	PARFAIT	37
1003.832	1004.1529659974374	10	AFTER	37
1004.1529659974374	1004.2073323590416	211	I	37
1004.2073323590416	1004.4308839691748	134	EAT	37
1004.4308839691748	1004.7947203185304	124	DINNER	37
1013.3094986102445	1013.392	224	IS	38
1013.392	1013.667636836111	375	SHE	38
1013.667636836111	1013.8999024078312	187	GOING	38
1013.8999024078312	1014.1141661512029	487	WITH	38
1014.1141661512029	1014.3502209837549	495	YOU	38
1023.582196704254	1023.722	76	CAN	39
1023.722	1023.892	434	THE	39
1023.892	1024.9789506948728	11	AGENCY	39
1024.9789506948728	1025.682	315	OVERTHROW	39
1025.682	1026.042	13	ALIEN	39
1026.042	1026.752	162	FORCES	39
1038.0720000000001	1038.5118645282341	99999	sp	40
1038.5118645282341	1038.5520000000001	1	A	40
1038.5520000000001	1039.142	371	SCREWDRIVER	40
1039.142	1039.272	224	IS	40
1039.272	1039.492	252	MADE	40
1039.492	1039.7470224454864	166	FROM	40
1039.7470224454864	1040.022	469	VODKA	40
1040.022	1040.2576616581257	20	AND	40
1040.2576616581257	1040.532	303	ORANGE	40
1040.532	1041.1019999999999	230	JUICE	40
1050.284807840872	1050.4181150257643	210	HOW	41
1050.4181150257643	1050.6019999999999	269	MUCH	41
1050.6019999999999	1051.0567866681538	16	ALLOWANCE	41
1051.0567866681538	1051.122	128	DO	41
1051.122	1051.285194356568	495	YOU	41
1051.285194356568	1051.5720000000001	177	GET	41
1060.064049901051	1060.7675514600837	115	CYCLICAL	42
1060.7675514600837	1061.372	346	PROGRAMS	42
1061.372	1061.512	485	WILL	42
1061.512	1061.8565572287018	281	NEVER	42
1061.8565572287018	1062.502	100	COMPILE	42
1070.9720570641966	1071.1023567522182	434	THE	43
1071.1023567522182	1071.4781591855133	61	BOSTON	43
1071.4781591855133	1071.912	45	BALLET	43
1071.912	1072.4761977745436	312	OVERCAME	43
1072.4761977745436	1072.629724269449	435	THEIR	43
1072.629724269449	1073.022	170	FUNDING	43
1073.022	1073.702	380	SHORTAGE	43
1082.789347859969	1083.036150798457	145	EVERY	44
1083.036150798457	1083.3519999999999	74	CAB	44
1083.3519999999999	1083.672	280	NEEDS	44
1083.672	1084.3020000000001	364	REPAINTING	44
1084.3020000000001	1084.8319999999999	296	OFTEN	44
1093.9380459270492	1094.192	203	HELP	45
1094.192	1094.570023290019	196	GREG	45
1094.570023290019	1094.762	325	PICK	45
1094.762	1094.8948506223671	1	A	45
1094.8948506223671	1095.132	321	PECK	45
1095.132	1095.3204636668756	294	OF	45
1095.3204636668756	1096.152	338	POTATOES	45
1106.0084071148153	1106.142	476	WE	46
1106.142	1106.443314825172	241	LIKE	46
1106.443314825172	1106.612	55	BLUE	46
1106.612	1107.150774573715	88	CHEESE	46
1107.150774573715	1107.3220000000001	70	BUT	46
1107.3220000000001	1107.612	466	VICTOR	46
1107.612	1107.9931525382697	242	LIKES	46
1107.9931525382697	1108.362	64	BRIE	46
1116.886105028408	1117.117520213693	108	COUNT	47
1117.117520213693	1117.192	434	THE	47
1117.192	1117.492	289	NUMBER	47
1117.492	1117.649623894472	294	OF	47
1117.649623894472	1118.342	429	TEASPOONS	47
1118.342	1118.422	294	OF	47
1118.422	1119.223056862224	395	SOYSAUCE	47
1119.223056862224	1119.3805446440003	433	THAT	47
1119.3805446440003	1119.5868298275234	495	YOU	47
1119.5868298275234	1119.8695582006437	7	ADD	47
1129.4377304994787	1130.092	44	BAGPIPES	48
1130.092	1130.2796232599774	20	AND	48
1130.2796232599774	1130.8936905769292	59	BONGOS	48
1130.8936905769292	1131.022	30	ARE	48
1131.022	1131.542	273	MUSICAL	48
1131.542	1132.312	220	INSTRUMENTS	48
1141.452149326	1141.669826451871	210	HOW	49
1141.669826451871	1141.792	189	GOOD	49
1141.792	1141.932	224	IS	49
1141.932	1142.0819999999999	496	YOUR	49
1142.0819999999999	1142.672	138	ENDURANCE	49
1157.1992939220493	1157.2772797189152	30	ARE	0
1157.2772797189152	1157.4788581437301	496	YOUR	0
1157.4788581437301	1157.7820000000002	192	GRADES	0
1157.7820000000002	1158.3253895718985	206	HIGHER	0
1158.3253895718985	1158.442	302	OR	0
1158.442	1158.632	251	LOWER	0
1158.632	1158.77732411735	432	THAN	0
1158.77732411735	1159.472	275	NANCY'S	0
1166.2789725059797	1166.502	375	SHE	1
1166.502	1166.7820000000002	490	WORE	1
1166.7820000000002	1167.112	471	WARM	1
1167.112	1167.612	158	FLEECY	1
1167.612	1167.962	489	WOOLEN	1
1167.962	1168.752	311	OVERALLS	1
1175.783902348954	1175.992	354	READING	2
1175.992	1176.1382553055555	217	IN	2
1176.1382553055555	1176.3656577066342	335	POOR	2
1176.3656577066342	1176.6316820966472	240	LIGHT	2
1176.6316820966472	1176.8220000000001	181	GIVES	2
1176.8220000000001	1176.962	495	YOU	2
1176.962	1177.612	150	EYESTRAIN	2
1184.3774816090706	1184.590652798919	142	EVEN	3
1184.590652798919	1184.8220000000001	211	I	3
1184.8220000000001	1185.3055961905252	293	OCCASIONALLY	3
1185.3055961905252	1185.454801174489	177	GET	3
1185.454801174489	1185.512	434	THE	3
1185.512	1185.8790498304243	265	MONDAY	3
1185.8790498304243	1186.452	56	BLUES	3
1193.3490176369803	1193.432	476	WE	4
1193.432	1193.612	30	ARE	4
1193.612	1193.882	301	OPEN	4
1193.882	1194.182	145	EVERY	4
1194.182	1194.432	265	MONDAY	4
1194.432	1195.032	143	EVENING	4
1202.301329992012	1202.482	226	IT'S	5
1202.482	1202.662	285	NOT	5
1202.662	1202.974923614064	133	EASY	5
1202.974923614064	1203.1717335670878	446	TO	5
1203.1717335670878	1203.702	113	CREATE	5
1203.702	1204.432	215	ILLUMINATING	5
1204.432	1205.342	146	EXAMPLES	5
1212.9274852701922	1213.1166974138332	270	MUM	6
1213.1166974138332	1213.6510737176259	407	STRONGLY	6
1213.6510737176259	1214.162	126	DISLIKES	6
1214.162	1215.082	27	APPETIZERS	6
1223.889997795374	1224.122	443	THOSE	7
1224.122	1224.2532643592688	484	WHO	7
1224.2532643592688	1224.532	427	TEACH	7
1224.532	1225.042	462	VALUES	7
1225.042	1225.4203919906768	156	FIRST	7
1225.4203919906768	1225.8310226002804	4	ABOLISH	7
1225.8310226002804	1226.332	87	CHEATING	7
1234.243607121486	1234.302	434	THE	8
1234.302	1234.632	165	FRIGHTENED	8
1234.632	1234.982	89	CHILD	8
1234.982	1235.142	472	WAS	8
1235.142	1235.3722963343198	88888	SO	8
1235.3722963343198	1236.002	176	GENTLY	8
1236.002	1236.8992321726907	99999	sp	8
1236.8992321726907	1237.4300329352984	410	SUBDUED	8
1237.4300329352984	1237.512	73	BY	8
1237.512	1237.7145221158082	208	HIS	8
1237.7145221158082	1237.9264298868407	52	BIG	8
1237.9264298868407	1238.292	66	BROTHER	8
1247.5300447782522	1247.782	142	EVEN	9
1247.782	1247.812	1	A	9
1247.812	1248.222	383	SIMPLE	9
1248.222	1248.9032215718942	468	VOCABULARY	9
1248.9032215718942	1249.332	104	CONTAINS	9
1249.332	1250.022	422	SYMBOLS	9
1257.5408991714478	1257.6414677468747	1	A	10
1257.6414677468747	1257.9307436492263	110	CRAB	10
1257.9307436492263	1258.3341479349276	85	CHALLENGED	10
1258.3341479349276	1258.6635953536152	258	ME	10
1258.6635953536152	1258.772	70	BUT	10
1258.772	1258.952	1	A	10
1258.952	1259.112	350	QUICK	10
1259.112	1259.602	402	STAB	10
1259.602	1260.0697587053912	464	VANQUISHED	10
1260.0697587053912	1260.352	207	HIM	10
1268.7902663638552	1269.342	183	GLUCOSE	11
1269.342	1269.532	20	AND	11
1269.532	1270.0819999999999	167	FRUCTOSE	11
1270.0819999999999	1270.212	30	ARE	11
1270.212	1270.532	276	NATURAL	11
1270.532	1271.066593503426	414	SUGARS	11
1271.066593503426	1271.242	163	FOUND	11
1271.242	1271.352	217	IN	11
1271.352	1271.702	168	FRUIT	11
1279.833566996578	1279.912	30	ARE	12
1279.912	1280.142	495	YOU	12
1280.142	1280.442	250	LOOKING	12
1280.442	1280.642	161	FOR	12
1280.642	1281.312	136	EMPLOYMENT	12
1290.4682150292115	1290.692	98	COFFEE	13
1290.692	1290.907096347946	224	IS	13
1290.907096347946	1291.152	198	GROWN	13
1291.152	1291.3220000000001	297	ON	13
1291.3220000000001	1291.827222224262	404	STEEP	13
1291.827222224262	1292.142	231	JUNGLE	13
1292.142	1292.342	241	LIKE	13
1292.342	1292.812	390	SLOPES	13
1292.812	1292.964411329194	217	IN	13
1292.964411329194	1293.3220000000001	431	TEMPERATE	13
1293.3220000000001	1293.872	497	ZONES	13
1302.9494248673823	1303.062	476	WE	14
1303.062	1303.432	480	WELCOME	14
1303.432	1303.672	256	MANY	14
1303.672	1303.842	282	NEW	14
1303.842	1304.304253353839	408	STUDENTS	14
1304.304253353839	1304.4986106007314	132	EACH	14
1304.4986106007314	1304.896850552074	491	YEAR	14
1316.160622522669	1316.411410833534	298	ONLY	15
1316.411410833534	1316.5069962414955	434	THE	15
1316.5069962414955	1316.742	51	BEST	15
1316.742	1317.0819999999999	330	PLAYERS	15
1317.0819999999999	1317.4109693500109	139	ENJOY	15
1317.4109693500109	1318.192	336	POPULARITY	15
1325.7254122822337	1326.122	75	CALCIUM	16
1326.122	1326.46343853915	254	MAKES	16
1326.46343853915	1326.872	88888	BUNS	16
1326.872	1327.1211943443425	20	AND	16
1327.1211943443425	1327.402	430	TEETH	16
1327.402	1327.982	406	STRONG	16
1337.7761332495593	1338.092	286	NOTHING	17
1338.092	1338.292	224	IS	17
1338.292	1338.502	34	AS	17
1338.502	1338.922	295	OFFENSIVE	17
1338.922	1339.142	34	AS	17
1339.142	1339.912	219	INNOCENCE	17
1346.773438075778	1347.532	405	STEVE	18
1347.532	1347.902	490	WORE	18
1347.902	1347.9797633774292	1	A	18
1347.9797633774292	1348.272	65	BRIGHT	18
1348.272	1348.6318711898969	356	RED	18
1348.6318711898969	1349.0819999999999	78	CASHMERE	18
1349.0819999999999	1349.622	420	SWEATER	18
1357.728458562683	1358.062	46	BARB'S	19
1358.062	1358.3111773455862	188	GOLD	19
1358.3111773455862	1358.762	63	BRACELET	19
1358.762	1358.952	472	WAS	19
1358.952	1359.0180373983183	1	A	19
1359.0180373983183	1359.654417964809	193	GRADUATION	19
1359.654417964809	1360.092	339	PRESENT	19
1367.7250352031424	1367.962	130	DRAW	20
1367.962	1368.252	145	EVERY	20
1368.252	1368.472	308	OUTER	20
1368.472	1368.742	244	LINE	20
1368.742	1369.292	156	FIRST	20
1369.292	1369.413948283008	99999	sp	20
1369.413948283008	1369.622	436	THEN	20
1369.622	1369.992	154	FILL	20
1369.992	1370.1989277581365	217	IN	20
1370.1989277581365	1370.292	434	THE	20
1370.292	1371.0806675500762	222	INTERIOR	20
1379.676634631101	1379.7422200830072	434	THE	21
1379.7422200830072	1380.0439065097137	475	WATER	21
1380.0439065097137	1380.6048228764364	103	CONTAINED	21
1380.6048228764364	1380.842	448	TOO	21
1380.842	1381.062	269	MUCH	21
1381.062	1381.602	90	CHLORINE	21
1381.602	1381.8220000000001	20	AND	21
1381.8220000000001	1382.102	409	STUNG	21
1382.102	1382.292	208	HIS	21
1382.292	1382.972	149	EYES	21
1391.5916607628656	1392.0944504330082	229	JOHN'S	22
1392.0944504330082	1392.382	66	BROTHER	22
1392.382	1392.8978881686987	363	REPAINTED	22
1392.8978881686987	1392.972	434	THE	22
1392.972	1393.4636562381622	173	GARAGE	22
1393.4636562381622	1393.8319999999999	129	DOOR	22
1402.9309523900645	1403.4999215386304	84	CHALLENGE	23
1403.4999215386304	1403.842	132	EACH	23
1403.842	1404.302	175	GENERAL'S	23
1404.302	1405.172	221	INTELLIGENCE	23
1412.3856856129137	1413.1646422716342	17	AMBIDEXTROUS	24
1413.1646422716342	1413.881780704471	327	PICKPOCKETS	24
1413.881780704471	1414.6649622650368	6	ACCOMPLISH	24
1414.6649622650368	1415.042	267	MORE	24
1422.6116413654072	1422.642	1	A	25
1422.642	1423.252	271	MUSCULAR	25
1423.252	1423.842	2	ABDOMEN	25
1423.842	1424.0811327083206	224	IS	25
1424.0811327083206	1424.262	189	GOOD	25
1424.262	1424.452	161	FOR	25
1424.452	1424.6080285465341	496	YOUR	25
1424.6080285465341	1425.042	43	BACK	25
1432.405277285242	1432.522	438	THEY	26
1432.522	1432.682	317	OWN	26
1432.682	1432.774283389129	1	A	26
1432.774283389129	1432.9706854510441	52	BIG	26
1432.9706854510441	1433.300703414489	209	HOUSE	26
1433.300703414489	1433.372	217	IN	26
1433.372	1433.432	434	THE	26
1433.432	1433.834685771491	361	REMOTE	26
1433.834685771491	1434.7102810864894	109	COUNTRYSIDE	26
1444.5720000000001	1444.8500179985824	99999	sp	27
1444.8500179985824	1444.902	434	THE	27
1444.902	1445.2489761534391	369	ROSE	27
1445.2489761534391	1445.862	106	CORSAGE	27
1445.862	1446.192	393	SMELLED	27
1446.192	1446.662	421	SWEET	27
1454.6797354262042	1455.282	433	THAT	28
1455.282	1455.8319999999999	326	PICKPOCKET	28
1455.8319999999999	1456.0171405136593	472	WAS	28
1456.0171405136593	1456.2838910676014	80	CAUGHT	28
1456.2838910676014	1456.453804722442	356	RED	28
1456.453804722442	1457.0104207322902	199	HANDED	28
1465.4866419162354	1465.546571964052	19	AN	29
1465.546571964052	1465.962	9	ADULT	29
1465.962	1466.2511730363199	255	MALE	29
1466.2511730363199	1466.8813786196215	42	BABOON'S	29
1466.8813786196215	1467.132	430	TEETH	29
1467.132	1467.202	30	ARE	29
1467.202	1467.432	285	NOT	29
1467.432	1468.1538913507059	415	SUITABLE	29
1468.1538913507059	1468.342	161	FOR	29
1468.342	1468.652	135	EATING	29
1468.652	1469.422	376	SHELLFISH	29
1480.2175848002248	1480.2719360805231	204	HER	30
1480.2719360805231	1481.292521963711	88888	WARBDROBE	30
1481.292521963711	1481.8052468305928	102	CONSISTS	30
1481.8052468305928	1481.912	294	OF	30
1481.912	1482.222	298	ONLY	30
1482.222	1482.6298651141624	385	SKIRTS	30
1482.6298651141624	1482.7450649825198	20	AND	30
1482.7450649825198	1483.422	54	BLOUSES	30
1500.7092738563183	1500.8300168547607	434	THE	31
1500.8300168547607	1501.0720000000001	453	TWO	31
1501.0720000000001	1501.492	33	ARTISTS	31
1501.492	1502.1992917667012	147	EXCHANGED	31
1502.1992917667012	1502.912	39	AUTOGRAPHS	31
1512.9759844601508	1513.532	71	BUTTERSCOTCH	32
1513.532	1513.8569659340853	88888	FUD	32
1513.8569659340853	1514.422	186	GOES	32
1514.422	1514.6082229391204	99999	sp	32
1514.6082229391204	1515.0720000000001	481	WELL	32
1515.0720000000001	1515.292	487	WITH	32
1515.292	1515.682	463	VANILLA	32
1515.682	1515.972	212	ICE	32
1515.972	1516.362	112	CREAM	32
1525.1560320643305	1525.4181931089481	366	RICH	33
1525.4181931089481	1525.8303570796927	349	PURCHASED	33
1525.8303570796927	1526.312	374	SEVERAL	33
1526.312	1526.4010268838201	99999	sp	33
1526.4010268838201	1527.012	382	SIGNED	33
1527.012	1527.2052557862119	99999	sp	33
1527.2052557862119	1528.142	245	LITHOGRAPHS	33
1536.653249901121	1536.8570616223285	24	ANY	34
1536.8570616223285	1537.9584922270903	105	CONTRIBUTIONS	34
1537.9584922270903	1538.1597140100248	485	WILL	34
1538.1597140100248	1538.6898214904504	195	GREATLY	34
1538.6898214904504	1538.9083966296362	99999	sp	34
1538.9083966296362	1539.1649175350308	47	BE	34
1539.1649175350308	1539.502	195	GREATLY	34
1539.502	1540.132	28	APPRECIATED	34
1549.0260796147306	1549.132	434	THE	35
1549.132	1549.2705474088893	99999	sp	35
1549.2705474088893	1549.9595828794668	111	CRANBERRY	35
1549.9595828794668	1550.3119367630675	57	BOG	35
1550.3119367630675	1550.632	178	GETS	35
1550.632	1550.812	99999	sp	35
1550.812	1551.184716138753	465	VERY	35
1551.184716138753	1551.502	340	PRETTY	35
1551.502	1551.622	217	IN	35
1551.622	1552.092	40	AUTUMN	35
1560.2977807727425	1560.452	210	HOW	36
1560.452	1560.562	128	DO	36
1560.562	1561.002	318	OYSTERS	36
1561.002	1561.242	253	MAKE	36
1561.242	1561.732	320	PEARLS	36
1568.3277714812134	1568.5819999999999	257	MAY	37
1568.5819999999999	1568.662	211	I	37
1568.662	1568.9168339206622	304	ORDER	37
1568.9168339206622	1569.0968264170046	1	A	37
1569.0968264170046	1569.522	319	PARFAIT	37
1569.522	1569.912	10	AFTER	37
1569.912	1570.012	211	I	37
1570.012	1570.3785219157944	134	EAT	37
1570.3785219157944	1570.8020000000001	124	DINNER	37
1578.46859554253	1578.562	224	IS	38
1578.562	1578.783093173557	375	SHE	38
1578.783093173557	1579.0162791615353	187	GOING	38
1579.0162791615353	1579.168356649916	487	WITH	38
1579.168356649916	1579.420862668359	495	YOU	38
1586.866962327017	1587.012	76	CAN	39
1587.012	1587.142	434	THE	39
1587.142	1587.782	11	AGENCY	39
1587.782	1588.372	315	OVERTHROW	39
1588.372	1588.692	13	ALIEN	39
1588.692	1589.362	162	FORCES	39
1607.542	1607.5819999999999	1	A	40
1607.5819999999999	1608.212	371	SCREWDRIVER	40
1608.212	1608.3852702632855	224	IS	40
1608.3852702632855	1608.5555205332964	252	MADE	40
1608.5555205332964	1608.7613078305797	166	FROM	40
1608.7613078305797	1609.032	469	VODKA	40
1609.032	1609.202	20	AND	40
1609.202	1609.462	303	ORANGE	40
1609.462	1609.992	230	JUICE	40
1617.8289533556765	1617.952	210	HOW	41
1617.952	1618.252	269	MUCH	41
1618.252	1618.693082492823	16	ALLOWANCE	41
1618.693082492823	1618.762	128	DO	41
1618.762	1618.9073300236232	495	YOU	41
1618.9073300236232	1619.182	177	GET	41
1626.322393292663	1627.0706425784867	115	CYCLICAL	42
1627.0706425784867	1627.7376827517014	346	PROGRAMS	42
1627.7376827517014	1627.8220000000001	485	WILL	42
1627.8220000000001	1628.126738942738	281	NEVER	42
1628.126738942738	1628.722	100	COMPILE	42
1637.9606332775777	1638.0782781270796	434	THE	43
1638.0782781270796	1638.4732716804833	61	BOSTON	43
1638.4732716804833	1638.952	45	BALLET	43
1638.952	1639.522	312	OVERCAME	43
1639.522	1639.642	435	THEIR	43
1639.642	1639.982	170	FUNDING	43
1639.982	1640.652	380	SHORTAGE	43
1649.0655392068056	1649.3486520153633	145	EVERY	44
1649.3486520153633	1649.632	74	CAB	44
1649.632	1649.952	280	NEEDS	44
1649.952	1650.462	364	REPAINTING	44
1650.462	1650.932	296	OFTEN	44
1667.7160161267523	1668.021500079807	203	HELP	45
1668.021500079807	1668.5024190701022	196	GREG	45
1668.5024190701022	1668.7196286122544	99999	sp	45
1668.7196286122544	1668.899703363529	446	TO	45
1668.899703363529	1669.232	325	PICK	45
1669.232	1669.4395106658744	1	A	45
1669.4395106658744	1669.682	321	PECK	45
1669.682	1669.841665037074	294	OF	45
1669.841665037074	1670.652	338	POTATOES	45
1680.186676053449	1680.282	476	WE	46
1680.282	1680.5682630263877	241	LIKE	46
1680.5682630263877	1680.7567909096003	55	BLUE	46
1680.7567909096003	1681.2499536292612	88	CHEESE	46
1681.2499536292612	1681.412	70	BUT	46
1681.412	1681.712	466	VICTOR	46
1681.712	1682.0690667995425	242	LIKES	46
1682.0690667995425	1682.402	64	BRIE	46
1692.515452679618	1692.7703072579957	108	COUNT	47
1692.7703072579957	1692.8319999999999	434	THE	47
1692.8319999999999	1693.222	289	NUMBER	47
1693.222	1693.4189563695043	294	OF	47
1693.4189563695043	1694.0720000000001	429	TEASPOONS	47
1694.0720000000001	1694.132	294	OF	47
1694.132	1694.849441048676	395	SOYSAUCE	47
1694.849441048676	1695.022	433	THAT	47
1695.022	1695.182	495	YOU	47
1695.182	1695.522	7	ADD	47
1704.5476516053218	1705.1135722612648	44	BAGPIPES	48
1705.1135722612648	1705.2614908069545	20	AND	48
1705.2614908069545	1705.7112969028365	59	BONGOS	48
1705.7112969028365	1705.762	30	ARE	48
1705.762	1706.242	273	MUSICAL	48
1706.242	1706.912	220	INSTRUMENTS	48
1715.3623735869733	1715.619623231651	210	HOW	49
1715.619623231651	1715.8020000000001	189	GOOD	49
1715.8020000000001	1715.992	224	IS	49
1715.992	1716.1219999999998	496	YOUR	49
1716.1219999999998	1716.792	138	ENDURANCE	49
1743.9999835348265	1744.0203491316968	30	ARE	0
1744.0203491316968	1744.3011799938033	496	YOUR	0
1744.3011799938033	1744.632	192	GRADES	0
1744.632	1744.942	206	HIGHER	0
1744.942	1745.112	302	OR	0
1745.112	1745.3319999999999	251	LOWER	0
1745.3319999999999	1745.482	432	THAN	0
1745.482	1746.222	275	NANCY'S	0
1753.7921305720579	1754.042	375	SHE	1
1754.042	1754.412	490	WORE	1
1754.412	1754.732	471	WARM	1
1754.732	1755.212	158	FLEECY	1
1755.212	1755.5520000000001	489	WOOLEN	1
1755.5520000000001	1756.3519999999999	311	OVERALLS	1
1763.9886614145723	1764.182	354	READING	2
1764.182	1764.317993117968	217	IN	2
1764.317993117968	1764.542	335	POOR	2
1764.542	1764.8592892453107	240	LIGHT	2
1764.8592892453107	1765.062	181	GIVES	2
1765.062	1765.182	495	YOU	2
1765.182	1765.8220000000001	150	EYESTRAIN	2
1772.4347142922368	1772.672	142	EVEN	3
1772.672	1772.8719999999998	211	I	3
1772.8719999999998	1773.3798839795145	293	OCCASIONALLY	3
1773.3798839795145	1773.534888688363	177	GET	3
1773.534888688363	1773.6019999999999	434	THE	3
1773.6019999999999	1773.9880036986729	265	MONDAY	3
1773.9880036986729	1774.5520000000001	56	BLUES	3
1785.6928852049768	1785.762	476	WE	4
1785.762	1785.892	30	ARE	4
1785.892	1786.172	301	OPEN	4
1786.172	1786.462	145	EVERY	4
1786.462	1786.702	265	MONDAY	4
1786.702	1787.262	143	EVENING	4
1795.0899677725201	1795.272	226	IT'S	5
1795.272	1795.442	285	NOT	5
1795.442	1795.8419899877335	133	EASY	5
1795.8419899877335	1795.9731595948977	446	TO	5
1795.9731595948977	1796.352	113	CREATE	5
1796.352	1797.082	215	ILLUMINATING	5
1797.082	1797.972	146	EXAMPLES	5
1805.6743880871466	1805.892	270	MUM	6
1805.892	1806.4202016009988	407	STRONGLY	6
1806.4202016009988	1806.919990373871	126	DISLIKES	6
1806.919990373871	1807.862	27	APPETIZERS	6
1816.3583309205515	1816.592	443	THOSE	7
1816.592	1816.7082743489145	484	WHO	7
1816.7082743489145	1817.1235054563465	427	TEACH	7
1817.1235054563465	1817.877730511826	462	VALUES	7
1817.877730511826	1818.402	156	FIRST	7
1818.402	1818.972	4	ABOLISH	7
1818.972	1819.452	87	CHEATING	7
1826.9834143679575	1827.0905161572932	434	THE	8
1827.0905161572932	1827.3907547382814	165	FRIGHTENED	8
1827.3907547382814	1827.722	89	CHILD	8
1827.722	1827.9382371832498	472	WAS	8
1827.9382371832498	1828.2872817916543	176	GENTLY	8
1828.2872817916543	1828.8885054881232	410	SUBDUED	8
1828.8885054881232	1829.1508807074924	73	BY	8
1829.1508807074924	1829.287497364768	208	HIS	8
1829.287497364768	1829.4947365992755	52	BIG	8
1829.4947365992755	1829.9455547896923	66	BROTHER	8
1840.4025121022933	1840.642	142	EVEN	9
1840.642	1840.6799903583421	1	A	9
1840.6799903583421	1841.042	383	SIMPLE	9
1841.042	1841.7216192107037	468	VOCABULARY	9
1841.7216192107037	1842.152	104	CONTAINS	9
1842.152	1842.812	422	SYMBOLS	9
1850.6437745845458	1850.7389933718334	1	A	10
1850.7389933718334	1851.0226700200599	110	CRAB	10
1851.0226700200599	1851.41205744231	85	CHALLENGED	10
1851.41205744231	1851.7704509338134	258	ME	10
1851.7704509338134	1851.857466643282	70	BUT	10
1851.857466643282	1851.9633732536322	1	A	10
1851.9633732536322	1852.172	350	QUICK	10
1852.172	1852.5592242345149	402	STAB	10
1852.5592242345149	1853.062	464	VANQUISHED	10
1853.062	1853.3220000000001	207	HIM	10
1861.0854001514153	1861.6332595972149	183	GLUCOSE	11
1861.6332595972149	1861.772	20	AND	11
1861.772	1862.3319999999999	167	FRUCTOSE	11
1862.3319999999999	1862.5138452636927	30	ARE	11
1862.5138452636927	1862.912	276	NATURAL	11
1862.912	1863.3848376175547	414	SUGARS	11
1863.3848376175547	1863.578153579886	163	FOUND	11
1863.578153579886	1863.7250382591733	217	IN	11
1863.7250382591733	1864.062	168	FRUIT	11
1871.908676651386	1871.982	30	ARE	12
1871.982	1872.092	495	YOU	12
1872.092	1872.352	250	LOOKING	12
1872.352	1872.622	161	FOR	12
1872.622	1873.142	136	EMPLOYMENT	12
1881.2346823625576	1881.502	98	COFFEE	13
1881.502	1881.712	224	IS	13
1881.712	1881.922	198	GROWN	13
1881.922	1882.092	297	ON	13
1882.092	1882.5577124251606	404	STEEP	13
1882.5577124251606	1882.872	231	JUNGLE	13
1882.872	1883.0720000000001	241	LIKE	13
1883.0720000000001	1883.562	390	SLOPES	13
1883.562	1883.6989515775313	217	IN	13
1883.6989515775313	1884.053003500324	431	TEMPERATE	13
1884.053003500324	1884.622	497	ZONES	13
1894.0094698518951	1894.152	476	WE	14
1894.152	1894.502	480	WELCOME	14
1894.502	1894.722	256	MANY	14
1894.722	1894.9319945535938	282	NEW	14
1894.9319945535938	1895.3997759929753	408	STUDENTS	14
1895.3997759929753	1895.6290668776146	132	EACH	14
1895.6290668776146	1895.952	491	YEAR	14
1905.1066453522235	1905.342	298	ONLY	15
1905.342	1905.4882713133193	434	THE	15
1905.4882713133193	1905.7474366462525	51	BEST	15
1905.7474366462525	1906.0363900103891	330	PLAYERS	15
1906.0363900103891	1906.4397487870444	139	ENJOY	15
1906.4397487870444	1907.262	336	POPULARITY	15
1924.978512645535	1925.3422434955105	75	CALCIUM	16
1925.3422434955105	1925.677173845018	254	MAKES	16
1925.677173845018	1926.132	58	BONES	16
1926.132	1926.3417990560054	20	AND	16
1926.3417990560054	1926.5819999999999	430	TEETH	16
1926.5819999999999	1927.132	406	STRONG	16
1934.257083636259	1934.522	286	NOTHING	17
1934.522	1934.702	224	IS	17
1934.702	1934.912	34	AS	17
1934.912	1935.402	295	OFFENSIVE	17
1935.402	1935.6351263407532	34	AS	17
1935.6351263407532	1936.3319999999999	219	INNOCENCE	17
1943.021129799329	1943.362	405	STEVE	18
1943.362	1943.5654200698716	490	WORE	18
1943.5654200698716	1943.6712380325498	1	A	18
1943.6712380325498	1944.0607348360807	65	BRIGHT	18
1944.0607348360807	1944.2971412356583	356	RED	18
1944.2971412356583	1944.782	78	CASHMERE	18
1944.782	1945.302	420	SWEATER	18
1953.342981874607	1953.7011867008982	46	BARB'S	19
1953.7011867008982	1953.9722373335599	188	GOLD	19
1953.9722373335599	1954.4606232870135	63	BRACELET	19
1954.4606232870135	1954.702	472	WAS	19
1954.702	1954.7885939852856	1	A	19
1954.7885939852856	1955.3866221673734	193	GRADUATION	19
1955.3866221673734	1955.7787734016115	339	PRESENT	19
1963.7909570870881	1964.0978769599174	130	DRAW	20
1964.0978769599174	1964.392	145	EVERY	20
1964.392	1964.622	308	OUTER	20
1964.622	1964.882	244	LINE	20
1964.882	1965.4084324065536	156	FIRST	20
1965.4084324065536	1965.9212799916736	99999	sp	20
1965.9212799916736	1966.142	436	THEN	20
1966.142	1966.422	154	FILL	20
1966.422	1966.532	217	IN	20
1966.532	1966.642	434	THE	20
1966.642	1967.3945100366036	222	INTERIOR	20
1976.4434586524608	1976.502	434	THE	21
1976.502	1976.8146757310246	475	WATER	21
1976.8146757310246	1977.306045770921	103	CONTAINED	21
1977.306045770921	1977.482	448	TOO	21
1977.482	1977.754325290436	269	MUCH	21
1977.754325290436	1978.292	90	CHLORINE	21
1978.292	1978.4445466444079	20	AND	21
1978.4445466444079	1978.722	409	STUNG	21
1978.722	1978.912	208	HIS	21
1978.912	1979.512	149	EYES	21
1987.3939054514938	1987.7984915902482	229	JOHN'S	22
1987.7984915902482	1987.9270921843522	99999	sp	22
1987.9270921843522	1988.242	66	BROTHER	22
1988.242	1988.8369168351012	363	REPAINTED	22
1988.8369168351012	1988.9766197274346	434	THE	22
1988.9766197274346	1989.490912214847	173	GARAGE	22
1989.490912214847	1989.852	129	DOOR	22
1996.9071090458526	1997.312	84	CHALLENGE	23
1997.312	1997.5819999999999	132	EACH	23
1997.5819999999999	1998.122	175	GENERAL'S	23
1998.122	1999.022	221	INTELLIGENCE	23
2005.8146773714936	2006.5677890519053	17	AMBIDEXTROUS	24
2006.5677890519053	2007.382	327	PICKPOCKETS	24
2007.382	2007.4711206393524	99999	sp	24
2007.4711206393524	2008.0024781492707	6	ACCOMPLISH	24
2008.0024781492707	2008.3220000000001	267	MORE	24
2015.940009297874	2015.982	1	A	25
2015.982	2016.522	271	MUSCULAR	25
2016.522	2017.182	2	ABDOMEN	25
2017.182	2017.3973237807875	224	IS	25
2017.3973237807875	2017.532	189	GOOD	25
2017.532	2017.672	161	FOR	25
2017.672	2017.822943948946	496	YOUR	25
2017.822943948946	2018.252	43	BACK	25
2026.955320840508	2027.0720000000001	438	THEY	26
2027.0720000000001	2027.3683753320847	317	OWN	26
2027.3683753320847	2027.51287038164	99999	sp	26
2027.51287038164	2027.8594571504213	1	A	26
2027.8594571504213	2028.052	52	BIG	26
2028.052	2028.6710435953291	209	HOUSE	26
2028.6710435953291	2028.8319999999999	217	IN	26
2028.8319999999999	2028.912	434	THE	26
2028.912	2029.314467015871	361	REMOTE	26
2029.314467015871	2030.142	109	COUNTRYSIDE	26
2040.0164253120533	2040.1406910546707	434	THE	27
2040.1406910546707	2040.547343944093	369	ROSE	27
2040.547343944093	2041.2064423811466	106	CORSAGE	27
2041.2064423811466	2041.622	393	SMELLED	27
2041.622	2042.112	421	SWEET	27
2063.446277320467	2063.6445714260135	433	THAT	28
2063.6445714260135	2064.248818083418	326	PICKPOCKET	28
2064.248818083418	2064.3921080147743	472	WAS	28
2064.3921080147743	2064.647274021607	80	CAUGHT	28
2064.647274021607	2064.7874368684725	356	RED	28
2064.7874368684725	2065.250511214241	88888	HANDED  	28
2073.1145584651554	2073.3061224462485	19	AN	29
2073.3061224462485	2073.542	9	ADULT	29
2073.542	2073.8247282057337	255	MALE	29
2073.8247282057337	2074.378409892284	42	BABOON'S	29
2074.378409892284	2074.608053434106	430	TEETH	29
2074.608053434106	2074.6698809623954	30	ARE	29
2074.6698809623954	2074.922	285	NOT	29
2074.922	2075.412	415	SUITABLE	29
2075.412	2075.572	161	FOR	29
2075.572	2075.852	135	EATING	29
2075.852	2076.582	376	SHELLFISH	29
2084.1802885226393	2084.3121436508713	204	HER	30
2084.3121436508713	2084.732	470	WARDROBE	30
2084.732	2085.182	102	CONSISTS	30
2085.182	2085.252	294	OF	30
2085.252	2085.482	298	ONLY	30
2085.482	2085.892	385	SKIRTS	30
2085.892	2086.00342131217	20	AND	30
2086.00342131217	2086.742	54	BLOUSES	30
2094.910519514474	2095.092525452532	434	THE	31
2095.092525452532	2095.332	453	TWO	31
2095.332	2095.7219999999998	33	ARTISTS	31
2095.7219999999998	2096.3397696460397	147	EXCHANGED	31
2096.3397696460397	2097.002	39	AUTOGRAPHS	31
2111.8051336826943	2112.352	71	BUTTERSCOTCH	32
2112.352	2112.849325876397	169	FUDGE	32
2112.849325876397	2113.171490019905	186	GOES	32
2113.171490019905	2113.392	481	WELL	32
2113.392	2113.5862443982423	487	WITH	32
2113.5862443982423	2113.862	463	VANILLA	32
2113.862	2114.182275021945	212	ICE	32
2114.182275021945	2114.442	112	CREAM	32
2122.083888303457	2122.3583021410027	366	RICH	33
2122.3583021410027	2122.852	349	PURCHASED	33
2122.852	2123.2061982041064	374	SEVERAL	33
2123.2061982041064	2123.592	382	SIGNED	33
2123.592	2124.452	245	LITHOGRAPHS	33
2132.198312089902	2132.412	24	ANY	34
2132.412	2133.3508760100312	105	CONTRIBUTIONS	34
2133.3508760100312	2133.487648952956	485	WILL	34
2133.487648952956	2133.625573301335	47	BE	34
2133.625573301335	2133.982	195	GREATLY	34
2133.982	2134.772	28	APPRECIATED	34
2141.6254400136127	2141.723890102964	434	THE	35
2141.723890102964	2142.183057470488	111	CRANBERRY	35
2142.183057470488	2142.483156846283	57	BOG	35
2142.483156846283	2142.7639778957023	178	GETS	35
2142.7639778957023	2142.9762220720695	465	VERY	35
2142.9762220720695	2143.232859687459	340	PRETTY	35
2143.232859687459	2143.332	217	IN	35
2143.332	2143.792	40	AUTUMN	35
2150.9826359640515	2151.101659271153	210	HOW	36
2151.101659271153	2151.202	128	DO	36
2151.202	2151.632	318	OYSTERS	36
2151.632	2151.856701195834	253	MAKE	36
2151.856701195834	2152.332	320	PEARLS	36
2160.233426372549	2160.412	257	MAY	37
2160.412	2160.442	211	I	37
2160.442	2160.772	304	ORDER	37
2160.772	2160.8320131565006	1	A	37
2160.8320131565006	2161.302	319	PARFAIT	37
2161.302	2161.592	10	AFTER	37
2161.592	2161.622	211	I	37
2161.622	2161.871383519632	134	EAT	37
2161.871383519632	2162.242	124	DINNER	37
2170.4094192901493	2170.4719999999998	224	IS	38
2170.4719999999998	2170.672	375	SHE	38
2170.672	2171.0101408374926	187	GOING	38
2171.0101408374926	2171.101215896898	487	WITH	38
2171.101215896898	2171.333807587071	495	YOU	38
2178.8709420353125	2178.992	76	CAN	39
2178.992	2179.0983526577697	434	THE	39
2179.0983526577697	2179.652	11	AGENCY	39
2179.652	2180.182	315	OVERTHROW	39
2180.182	2180.5015967332693	13	ALIEN	39
2180.5015967332693	2181.202	162	FORCES	39
2190.2127345168046	2190.266887233069	1	A	40
2190.266887233069	2190.802	371	SCREWDRIVER	40
2190.802	2190.922	224	IS	40
2190.922	2191.112	252	MADE	40
2191.112	2191.292	166	FROM	40
2191.292	2191.602	469	VODKA	40
2191.602	2191.752	20	AND	40
2191.752	2192.002	303	ORANGE	40
2192.002	2192.592	230	JUICE	40
2200.242	2200.302	210	HOW	41
2200.302	2200.672471741281	99999	sp	41
2200.672471741281	2200.950257908966	269	MUCH	41
2200.950257908966	2201.3775336831295	16	ALLOWANCE	41
2201.3775336831295	2201.452	128	DO	41
2201.452	2201.568780981335	495	YOU	41
2201.568780981335	2201.791397056384	177	GET	41
2208.632	2209.3321988188386	115	CYCLICAL	42
2209.3321988188386	2209.8494808071023	346	PROGRAMS	42
2209.8494808071023	2209.942	485	WILL	42
2209.942	2210.2351329217163	281	NEVER	42
2210.2351329217163	2210.872	100	COMPILE	42
2218.6502641778625	2218.754482612938	434	THE	43
2218.754482612938	2219.084072544737	61	BOSTON	43
2219.084072544737	2219.422	45	BALLET	43
2219.422	2219.902	312	OVERCAME	43
2219.902	2220.003308502374	435	THEIR	43
2220.003308502374	2220.3659042402214	170	FUNDING	43
2220.3659042402214	2220.982	380	SHORTAGE	43
2228.2963154555587	2228.5352290123747	145	EVERY	44
2228.5352290123747	2228.822	74	CAB	44
2228.822	2229.142	280	NEEDS	44
2229.142	2229.672	364	REPAINTING	44
2229.672	2230.162	296	OFTEN	44
2238.419268740629	2238.677863599704	203	HELP	45
2238.677863599704	2238.973509500218	196	GREG	45
2238.973509500218	2239.0995032443298	446	TO	45
2239.0995032443298	2239.252	325	PICK	45
2239.252	2239.3641363294732	1	A	45
2239.3641363294732	2239.564847436303	321	PECK	45
2239.564847436303	2239.667378334125	294	OF	45
2239.667378334125	2240.452	338	POTATOES	45
2249.811214838051	2249.892	476	WE	46
2249.892	2250.1824701914634	241	LIKE	46
2250.1824701914634	2250.322	55	BLUE	46
2250.322	2250.702	88	CHEESE	46
2250.702	2250.832	70	BUT	46
2250.832	2251.152	466	VICTOR	46
2251.152	2251.5001553847833	242	LIKES	46
2251.5001553847833	2252.168269855059	64	BRIE	46
2259.3809619132503	2259.581253750204	108	COUNT	47
2259.581253750204	2259.6374499651956	434	THE	47
2259.6374499651956	2259.892	289	NUMBER	47
2259.892	2259.9994055392135	294	OF	47
2259.9994055392135	2260.562	429	TEASPOONS	47
2260.562	2260.632	294	OF	47
2260.632	2261.288299781557	395	SOYSAUCE	47
2261.288299781557	2261.372	433	THAT	47
2261.372	2261.562	495	YOU	47
2261.562	2261.8687269095976	7	ADD	47
2269.4964134405564	2269.9719999999998	44	BAGPIPES	48
2269.9719999999998	2270.0951106093225	20	AND	48
2270.0951106093225	2270.612	59	BONGOS	48
2270.612	2270.692	30	ARE	48
2270.692	2271.132	273	MUSICAL	48
2271.132	2271.812	220	INSTRUMENTS	48
2279.182961477746	2279.398470109098	210	HOW	49
2279.398470109098	2279.462	189	GOOD	49
2279.462	2279.7219999999998	224	IS	49
2279.7219999999998	2279.852	496	YOUR	49
2279.852	2280.572	138	ENDURANCE	49
2331.6884902130723	2331.7275140075435	30	ARE	0
2331.7275140075435	2331.869121508162	496	YOUR	0
2331.869121508162	2332.117885730704	192	GRADES	0
2332.117885730704	2332.5693797877207	206	HIGHER	0
2332.5693797877207	2332.721673843879	302	OR	0
2332.721673843879	2332.9570083586605	251	LOWER	0
2332.9570083586605	2333.0640971316307	432	THAN	0
2333.0640971316307	2333.7219999999998	275	NANCY'S	0
2343.112	2343.282	375	SHE	1
2343.282	2343.552	490	WORE	1
2343.552	2343.822	471	WARM	1
2343.822	2344.272	158	FLEECY	1
2344.272	2344.592	489	WOOLEN	1
2344.592	2345.352	311	OVERALLS	1
2352.512465007103	2352.702	354	READING	2
2352.702	2352.860280342996	217	IN	2
2352.860280342996	2353.052	335	POOR	2
2353.052	2353.308189409803	240	LIGHT	2
2353.308189409803	2353.482	181	GIVES	2
2353.482	2353.602	495	YOU	2
2353.602	2354.212	150	EYESTRAIN	2
2360.9228128328987	2361.142	142	EVEN	3
2361.142	2361.332	211	I	3
2361.332	2361.7890922998035	293	OCCASIONALLY	3
2361.7890922998035	2361.9307736099217	177	GET	3
2361.9307736099217	2361.982	434	THE	3
2361.982	2362.363391111845	265	MONDAY	3
2362.363391111845	2362.892	56	BLUES	3
2369.7380347189514	2369.812	476	WE	4
2369.812	2369.902	30	ARE	4
2369.902	2370.1897462569996	301	OPEN	4
2370.1897462569996	2370.452	145	EVERY	4
2370.452	2370.6620000000003	265	MONDAY	4
2370.6620000000003	2371.2619999999997	143	EVENING	4
2377.2681610399463	2377.455979374876	226	IT'S	5
2377.455979374876	2377.652	285	NOT	5
2377.652	2377.952	133	EASY	5
2377.952	2378.11797142002	446	TO	5
2378.11797142002	2378.4578767495013	113	CREATE	5
2378.4578767495013	2379.142	215	ILLUMINATING	5
2379.142	2379.942	146	EXAMPLES	5
2387.2063638998725	2387.4083855114345	270	MUM	6
2387.4083855114345	2387.8913324715463	407	STRONGLY	6
2387.8913324715463	2388.382	126	DISLIKES	6
2388.382	2389.282	27	APPETIZERS	6
2396.743138910902	2397.022	443	THOSE	7
2397.022	2397.144255461142	484	WHO	7
2397.144255461142	2397.422	427	TEACH	7
2397.422	2397.892	462	VALUES	7
2397.892	2398.192	156	FIRST	7
2398.192	2398.603042190499	4	ABOLISH	7
2398.603042190499	2399.052	87	CHEATING	7
2409.6034422451344	2409.672	434	THE	8
2409.672	2409.982	165	FRIGHTENED	8
2409.982	2410.352	89	CHILD	8
2410.352	2410.570921313841	472	WAS	8
2410.570921313841	2410.812	176	GENTLY	8
2410.812	2411.410751078328	410	SUBDUED	8
2411.410751078328	2411.512	73	BY	8
2411.512	2411.699692168244	208	HIS	8
2411.699692168244	2411.916845526812	52	BIG	8
2411.916845526812	2412.282	66	BROTHER	8
2420.967512850563	2421.172	142	EVEN	9
2421.172	2421.212	1	A	9
2421.212	2421.592	383	SIMPLE	9
2421.592	2422.1890548857814	468	VOCABULARY	9
2422.1890548857814	2422.632	104	CONTAINS	9
2422.632	2423.262	422	SYMBOLS	9
2431.9005197975025	2432.001211858644	1	A	10
2432.001211858644	2432.252140232156	110	CRAB	10
2432.252140232156	2432.652	85	CHALLENGED	10
2432.652	2432.973055225549	258	ME	10
2432.973055225549	2433.082	70	BUT	10
2433.082	2433.149820855141	1	A	10
2433.149820855141	2433.332	350	QUICK	10
2433.332	2433.672	402	STAB	10
2433.672	2434.122	464	VANQUISHED	10
2434.122	2434.422	207	HIM	10
2441.9607478121743	2442.4621163033366	183	GLUCOSE	11
2442.4621163033366	2442.582	20	AND	11
2442.582	2443.1045886524375	167	FRUCTOSE	11
2443.1045886524375	2443.152	30	ARE	11
2443.152	2443.462	276	NATURAL	11
2443.462	2443.882	414	SUGARS	11
2443.882	2444.0646494884636	163	FOUND	11
2444.0646494884636	2444.1666567181865	217	IN	11
2444.1666567181865	2444.483343698139	168	FRUIT	11
2456.6873882344685	2456.744869249205	30	ARE	12
2456.744869249205	2456.842	495	YOU	12
2456.842	2457.122	250	LOOKING	12
2457.122	2457.342	161	FOR	12
2457.342	2457.832	136	EMPLOYMENT	12
2464.0875295365227	2464.322	98	COFFEE	13
2464.322	2464.5591476560644	224	IS	13
2464.5591476560644	2464.742	198	GROWN	13
2464.742	2464.872	297	ON	13
2464.872	2465.2646968034214	404	STEEP	13
2465.2646968034214	2465.592	231	JUNGLE	13
2465.592	2465.762	241	LIKE	13
2465.762	2466.312506205367	390	SLOPES	13
2466.312506205367	2466.4618501605846	217	IN	13
2466.4618501605846	2466.822	431	TEMPERATE	13
2466.822	2467.352	497	ZONES	13
2475.776863451543	2475.902	476	WE	14
2475.902	2476.162	480	WELCOME	14
2476.162	2476.422	256	MANY	14
2476.422	2476.592	282	NEW	14
2476.592	2477.022	408	STUDENTS	14
2477.022	2477.252	132	EACH	14
2477.252	2477.552	491	YEAR	14
2484.211921246325	2484.432	298	ONLY	15
2484.432	2484.5355692231765	434	THE	15
2484.5355692231765	2484.79275524027	51	BEST	15
2484.79275524027	2485.112	330	PLAYERS	15
2485.112	2485.4636520928834	139	ENJOY	15
2485.4636520928834	2486.212	336	POPULARITY	15
2493.1071121730206	2493.502	75	CALCIUM	16
2493.502	2493.814427293128	254	MAKES	16
2493.814427293128	2494.162	58	BONES	16
2494.162	2494.302	20	AND	16
2494.302	2494.522	430	TEETH	16
2494.522	2495.062	406	STRONG	16
2505.618331077398	2505.912	286	NOTHING	17
2505.912	2506.092	224	IS	17
2506.092	2506.302	34	AS	17
2506.302	2506.722	295	OFFENSIVE	17
2506.722	2506.922	34	AS	17
2506.922	2507.612	219	INNOCENCE	17
2514.2721324215586	2514.612	405	STEVE	18
2514.612	2514.822	490	WORE	18
2514.822	2514.8812368125054	1	A	18
2514.8812368125054	2515.092	65	BRIGHT	18
2515.092	2515.339927913768	356	RED	18
2515.339927913768	2515.782	78	CASHMERE	18
2515.782	2516.292	420	SWEATER	18
2523.2455553096615	2523.562	46	BARB'S	19
2523.562	2523.7709519531304	188	GOLD	19
2523.7709519531304	2524.182	63	BRACELET	19
2524.182	2524.372	472	WAS	19
2524.372	2524.446491517285	1	A	19
2524.446491517285	2525.0517521621596	193	GRADUATION	19
2525.0517521621596	2525.437571362098	339	PRESENT	19
2535.7005954852966	2535.922	130	DRAW	20
2535.922	2536.232	145	EVERY	20
2536.232	2536.442	308	OUTER	20
2536.442	2536.6707077995525	244	LINE	20
2536.6707077995525	2537.143727843244	156	FIRST	20
2537.143727843244	2537.302	436	THEN	20
2537.302	2537.612	154	FILL	20
2537.612	2537.752	217	IN	20
2537.752	2537.882	434	THE	20
2537.882	2538.522	222	INTERIOR	20
2546.2775187838306	2546.342	434	THE	21
2546.342	2546.6277495248023	475	WATER	21
2546.6277495248023	2547.0546058202126	103	CONTAINED	21
2547.0546058202126	2547.192	448	TOO	21
2547.192	2547.411920910957	269	MUCH	21
2547.411920910957	2547.852	90	CHLORINE	21
2547.852	2548.012	20	AND	21
2548.012	2548.2846933411556	409	STUNG	21
2548.2846933411556	2548.4381924631693	208	HIS	21
2548.4381924631693	2549.0221091849535	149	EYES	21
2556.8658130075373	2557.190028285506	229	JOHN'S	22
2557.190028285506	2557.572	66	BROTHER	22
2557.572	2558.052	363	REPAINTED	22
2558.052	2558.167081206725	434	THE	22
2558.167081206725	2558.5860717963496	173	GARAGE	22
2558.5860717963496	2558.9317874193944	129	DOOR	22
2565.7280479871924	2566.162	84	CHALLENGE	23
2566.162	2566.412	132	EACH	23
2566.412	2566.91220831573	175	GENERAL'S	23
2566.91220831573	2567.732	221	INTELLIGENCE	23
2574.6527571899255	2575.4194034248326	17	AMBIDEXTROUS	24
2575.4194034248326	2576.012	327	PICKPOCKETS	24
2576.012	2576.4934738171246	6	ACCOMPLISH	24
2576.4934738171246	2576.842	267	MORE	24
2584.1169138301066	2584.1342107656274	1	A	25
2584.1342107656274	2584.602	271	MUSCULAR	25
2584.602	2585.152	2	ABDOMEN	25
2585.152	2585.3411995923616	224	IS	25
2585.3411995923616	2585.442	189	GOOD	25
2585.442	2585.522	161	FOR	25
2585.522	2585.7408926340513	496	YOUR	25
2585.7408926340513	2586.172	43	BACK	25
2597.300371016031	2597.412	438	THEY	26
2597.412	2597.542	317	OWN	26
2597.542	2597.6360888100044	1	A	26
2597.6360888100044	2597.812	52	BIG	26
2597.812	2598.1180300922597	209	HOUSE	26
2598.1180300922597	2598.192	217	IN	26
2598.192	2598.252	434	THE	26
2598.252	2598.602	361	REMOTE	26
2598.602	2599.392	109	COUNTRYSIDE	26
2606.6174661219507	2606.684063108006	434	THE	27
2606.684063108006	2607.042	369	ROSE	27
2607.042	2607.587822634925	106	CORSAGE	27
2607.587822634925	2607.962	393	SMELLED	27
2607.962	2608.422	421	SWEET	27
2615.624297142275	2615.852	433	THAT	28
2615.852	2616.382	326	PICKPOCKET	28
2616.382	2616.5692116724945	472	WAS	28
2616.5692116724945	2616.832	80	CAUGHT	28
2616.832	2616.982	356	RED	28
2616.982	2617.4643053520736	199	HANDED	28
2624.3283714470426	2624.394645584177	19	AN	29
2624.394645584177	2624.6905402861667	9	ADULT	29
2624.6905402861667	2624.9746572819986	255	MALE	29
2624.9746572819986	2625.533791667805	42	BABOON'S	29
2625.533791667805	2625.7505633246824	430	TEETH	29
2625.7505633246824	2625.812	30	ARE	29
2625.812	2626.032	285	NOT	29
2626.032	2626.4346996311137	415	SUITABLE	29
2626.4346996311137	2626.582	161	FOR	29
2626.582	2626.822	135	EATING	29
2626.822	2627.502	376	SHELLFISH	29
2635.6311692429977	2635.758010146256	88888	HERs	30
2635.758010146256	2636.157624831679	470	WARDROBE	30
2636.157624831679	2636.653228620643	102	CONSISTS	30
2636.653228620643	2636.782	294	OF	30
2636.782	2637.022	298	ONLY	30
2637.022	2637.434532524967	385	SKIRTS	30
2637.434532524967	2637.5684615104265	20	AND	30
2637.5684615104265	2638.242	54	BLOUSES	30
2646.521800969696	2646.634751438971	434	THE	31
2646.634751438971	2646.802	453	TWO	31
2646.802	2647.167878499451	33	ARTISTS	31
2647.167878499451	2647.632	147	EXCHANGED	31
2647.632	2648.412	39	AUTOGRAPHS	31
2655.7021899945535	2656.2219999999998	71	BUTTERSCOTCH	32
2656.2219999999998	2656.7371460295794	169	FUDGE	32
2656.7371460295794	2657.022	186	GOES	32
2657.022	2657.232	481	WELL	32
2657.232	2657.432	487	WITH	32
2657.432	2657.702	463	VANILLA	32
2657.702	2658.0460838254367	212	ICE	32
2658.0460838254367	2658.342	112	CREAM	32
2666.5105385254446	2666.790822897076	366	RICH	33
2666.790822897076	2667.162	349	PURCHASED	33
2667.162	2667.632	374	SEVERAL	33
2667.632	2667.86787863818	99999	sp	33
2667.86787863818	2668.332	382	SIGNED	33
2668.332	2669.182	245	LITHOGRAPHS	33
2678.759456583578	2678.932045482366	24	ANY	34
2678.932045482366	2679.682	105	CONTRIBUTIONS	34
2679.682	2679.822	485	WILL	34
2679.822	2679.9878847262703	47	BE	34
2679.9878847262703	2680.332	195	GREATLY	34
2680.332	2681.102	28	APPRECIATED	34
2688.6719617244794	2688.786560753275	434	THE	35
2688.786560753275	2689.231090213423	111	CRANBERRY	35
2689.231090213423	2689.652	57	BOG	35
2689.652	2690.2846143211646	99999	sp	35
2690.2846143211646	2690.492	178	GETS	35
2690.492	2690.7407965043503	465	VERY	35
2690.7407965043503	2690.982	340	PRETTY	35
2690.982	2691.082	217	IN	35
2691.082	2691.502	40	AUTUMN	35
2699.121367006934	2699.342	210	HOW	36
2699.342	2699.442	128	DO	36
2699.442	2699.902647132307	318	OYSTERS	36
2699.902647132307	2700.162	253	MAKE	36
2700.162	2700.652	320	PEARLS	36
2707.2317883728874	2707.412	257	MAY	37
2707.412	2707.442	211	I	37
2707.442	2707.7219999999998	304	ORDER	37
2707.7219999999998	2707.8149126635003	1	A	37
2707.8149126635003	2708.262	319	PARFAIT	37
2708.262	2708.552	10	AFTER	37
2708.552	2708.622	211	I	37
2708.622	2708.8417807513597	134	EAT	37
2708.8417807513597	2709.232	124	DINNER	37
2716.2907938992553	2716.352	224	IS	38
2716.352	2716.56624578172	375	SHE	38
2716.56624578172	2716.812	187	GOING	38
2716.812	2716.9812387133493	487	WITH	38
2716.9812387133493	2717.242	495	YOU	38
2723.691071633451	2723.8323921221186	76	CAN	39
2723.8323921221186	2723.8919947874538	434	THE	39
2723.8919947874538	2724.509976043009	11	AGENCY	39
2724.509976043009	2725.032	315	OVERTHROW	39
2725.032	2725.372	13	ALIEN	39
2725.372	2726.082	162	FORCES	39
2733.9374944888414	2733.9719999999998	1	A	40
2733.9719999999998	2734.512	371	SCREWDRIVER	40
2734.512	2734.6818941403894	224	IS	40
2734.6818941403894	2734.826178459776	252	MADE	40
2734.826178459776	2735.052	166	FROM	40
2735.052	2735.362	469	VODKA	40
2735.362	2735.492	20	AND	40
2735.492	2735.872	303	ORANGE	40
2735.872	2736.322	230	JUICE	40
2743.667971939913	2743.772	210	HOW	41
2743.772	2743.952	269	MUCH	41
2743.952	2744.369652866642	16	ALLOWANCE	41
2744.369652866642	2744.442	128	DO	41
2744.442	2744.5758846633425	495	YOU	41
2744.5758846633425	2745.002	177	GET	41
2751.251187818461	2751.865836382298	115	CYCLICAL	42
2751.865836382298	2752.4149070614585	346	PROGRAMS	42
2752.4149070614585	2752.492	485	WILL	42
2752.492	2752.782	281	NEVER	42
2752.782	2753.342	100	COMPILE	42
2760.8276921928623	2760.935387665706	434	THE	43
2760.935387665706	2761.2741260756347	61	BOSTON	43
2761.2741260756347	2761.662	45	BALLET	43
2761.662	2762.142	312	OVERCAME	43
2762.142	2762.282	435	THEIR	43
2762.282	2762.622	170	FUNDING	43
2762.622	2763.302	380	SHORTAGE	43
2770.873566843611	2771.1000034788203	145	EVERY	44
2771.1000034788203	2771.432	74	CAB	44
2771.432	2771.762	280	NEEDS	44
2771.762	2772.272	364	REPAINTING	44
2772.272	2772.802	296	OFTEN	44
2780.05597937735	2780.320385570293	203	HELP	45
2780.320385570293	2780.652	196	GREG	45
2780.652	2780.744019836337	99999	sp	45
2780.744019836337	2780.9113179745164	446	TO	45
2780.9113179745164	2781.082674924186	325	PICK	45
2781.082674924186	2781.1857521099273	1	A	45
2781.1857521099273	2781.382	321	PECK	45
2781.382	2781.4989652449244	294	OF	45
2781.4989652449244	2782.292	338	POTATOES	45
2790.3194648026433	2790.412	476	WE	46
2790.412	2790.678765118355	241	LIKE	46
2790.678765118355	2790.832	55	BLUE	46
2790.832	2791.192	88	CHEESE	46
2791.192	2791.392	70	BUT	46
2791.392	2791.662	466	VICTOR	46
2791.662	2792.015460003228	242	LIKES	46
2792.015460003228	2792.342	64	BRIE	46
2800.5078443332754	2800.7219999999998	108	COUNT	47
2800.7219999999998	2800.782	434	THE	47
2800.782	2801.112	289	NUMBER	47
2801.112	2801.207079243857	294	OF	47
2801.207079243857	2801.712	429	TEASPOONS	47
2801.712	2801.772	294	OF	47
2801.772	2802.379243309794	395	SOYSAUCE	47
2802.379243309794	2802.532	433	THAT	47
2802.532	2802.672	495	YOU	47
2802.672	2803.032	7	ADD	47
2811.4916799621824	2811.992	44	BAGPIPES	48
2811.992	2812.1442564227127	20	AND	48
2812.1442564227127	2812.6875959519107	59	BONGOS	48
2812.6875959519107	2812.742	30	ARE	48
2812.742	2813.2219999999998	273	MUSICAL	48
2813.2219999999998	2813.912	220	INSTRUMENTS	48
2821.4067382202634	2821.562	210	HOW	49
2821.562	2821.652	189	GOOD	49
2821.652	2821.872	224	IS	49
2821.872	2822.002	496	YOUR	49
2822.002	2822.7219999999998	138	ENDURANCE	49
2864.0446755371627	2864.090784318775	30	ARE	0
2864.090784318775	2864.2109852051813	496	YOUR	0
2864.2109852051813	2864.440433113243	192	GRADES	0
2864.440433113243	2864.789709282938	206	HIGHER	0
2864.789709282938	2864.8632348800165	302	OR	0
2864.8632348800165	2865.1514607566087	251	LOWER	0
2865.1514607566087	2865.242	432	THAN	0
2865.242	2865.962	275	NANCY'S	0
2872.8506644991267	2873.042	375	SHE	1
2873.042	2873.322	490	WORE	1
2873.322	2873.612	471	WARM	1
2873.612	2874.032	158	FLEECY	1
2874.032	2874.332	489	WOOLEN	1
2874.332	2875.122	311	OVERALLS	1
2882.257958042988	2882.451581621875	354	READING	2
2882.451581621875	2882.5995867286683	217	IN	2
2882.5995867286683	2882.822	335	POOR	2
2882.822	2883.1016358059505	240	LIGHT	2
2883.1016358059505	2883.272	181	GIVES	2
2883.272	2883.392	495	YOU	2
2883.392	2884.002	150	EYESTRAIN	2
2890.910857481622	2891.1103936571753	142	EVEN	3
2891.1103936571753	2891.302	211	I	3
2891.302	2891.7447292328816	293	OCCASIONALLY	3
2891.7447292328816	2891.8799226375954	177	GET	3
2891.8799226375954	2891.942	434	THE	3
2891.942	2892.2603798238315	265	MONDAY	3
2892.2603798238315	2892.852	56	BLUES	3
2899.72543557932	2899.802	476	WE	4
2899.802	2899.932	30	ARE	4
2899.932	2900.2488523007687	301	OPEN	4
2900.2488523007687	2900.532	145	EVERY	4
2900.532	2900.742	265	MONDAY	4
2900.742	2901.302	143	EVENING	4
2908.823249283797	2908.973052281516	226	IT'S	5
2908.973052281516	2909.1701202382164	285	NOT	5
2909.1701202382164	2909.442	133	EASY	5
2909.442	2909.6250001176495	446	TO	5
2909.6250001176495	2910.042	113	CREATE	5
2910.042	2910.622	215	ILLUMINATING	5
2910.622	2911.4719999999998	146	EXAMPLES	5
2922.672	2922.7789658067773	99999	sp	6
2922.7789658067773	2922.932	270	MUM	6
2922.932	2923.4490500021193	407	STRONGLY	6
2923.4490500021193	2923.8788305761755	126	DISLIKES	6
2923.8788305761755	2924.792	27	APPETIZERS	6
2934.8723740327223	2935.082	443	THOSE	7
2935.082	2935.197143174293	484	WHO	7
2935.197143174293	2935.492	427	TEACH	7
2935.492	2936.002	462	VALUES	7
2936.002	2936.3162399455227	156	FIRST	7
2936.3162399455227	2936.692	4	ABOLISH	7
2936.692	2937.122	87	CHEATING	7
2943.3482622714073	2943.4120000000003	434	THE	8
2943.4120000000003	2943.752	165	FRIGHTENED	8
2943.752	2944.122	89	CHILD	8
2944.122	2944.292	472	WAS	8
2944.292	2944.767042251572	410	SUBDUED	8
2944.767042251572	2944.852	73	BY	8
2944.852	2945.1047744992616	208	HIS	8
2945.1047744992616	2945.332590797137	52	BIG	8
2945.332590797137	2945.672	66	BROTHER	8
2952.597530635385	2952.802	142	EVEN	9
2952.802	2952.842	1	A	9
2952.842	2953.232	383	SIMPLE	9
2953.232	2953.852842263407	468	VOCABULARY	9
2953.852842263407	2954.292	104	CONTAINS	9
2954.292	2954.9120000000003	422	SYMBOLS	9
2961.200928536675	2961.481863724336	110	CRAB	10
2961.481863724336	2961.935187703121	85	CHALLENGED	10
2961.935187703121	2962.2132664525056	258	ME	10
2962.2132664525056	2962.322	70	BUT	10
2962.322	2962.3904320794486	1	A	10
2962.3904320794486	2962.592	350	QUICK	10
2962.592	2962.942	402	STAB	10
2962.942	2963.4120000000003	464	VANQUISHED	10
2963.4120000000003	2963.652	207	HIM	10
2971.422	2971.884357737776	183	GLUCOSE	11
2971.884357737776	2972.022	20	AND	11
2972.022	2972.517251721602	167	FRUCTOSE	11
2972.517251721602	2972.572	30	ARE	11
2972.572	2972.932	276	NATURAL	11
2972.932	2973.402	414	SUGARS	11
2973.402	2973.442	99999	sp	11
2973.442	2973.6398938066704	163	FOUND	11
2973.6398938066704	2973.8036600247738	217	IN	11
2973.8036600247738	2974.024041000932	168	FRUIT	11
2985.624559435965	2985.732884202916	30	ARE	12
2985.732884202916	2985.8321576696662	495	YOU	12
2985.8321576696662	2986.08329346898	250	LOOKING	12
2986.08329346898	2986.2818080778884	161	FOR	12
2986.2818080778884	2986.772	136	EMPLOYMENT	12
2993.850611261573	2994.08108628795	98	COFFEE	13
2994.08108628795	2994.2694899420117	224	IS	13
2994.2694899420117	2994.462	198	GROWN	13
2994.462	2994.612	297	ON	13
2994.612	2994.9382814423743	404	STEEP	13
2994.9382814423743	2994.990547892172	99999	sp	13
2994.990547892172	2995.322	231	JUNGLE	13
2995.322	2995.452	241	LIKE	13
2995.452	2995.8692389780886	390	SLOPES	13
2995.8692389780886	2995.9893105519473	217	IN	13
2995.9893105519473	2996.322	431	TEMPERATE	13
2996.322	2996.852	497	ZONES	13
3003.8907711523543	3004.012	476	WE	14
3004.012	3004.322	480	WELCOME	14
3004.322	3004.572	256	MANY	14
3004.572	3004.752	282	NEW	14
3004.752	3005.206701837164	408	STUDENTS	14
3005.206701837164	3005.382	132	EACH	14
3005.382	3005.8508566640407	491	YEAR	14
3013.985006603524	3014.202	298	ONLY	15
3014.202	3014.3345719409085	434	THE	15
3014.3345719409085	3014.592	51	BEST	15
3014.592	3014.8849578282748	330	PLAYERS	15
3014.8849578282748	3015.2785423293662	139	ENJOY	15
3015.2785423293662	3016.012	336	POPULARITY	15
3024.1269092724706	3024.492	75	CALCIUM	16
3024.492	3024.829701685782	254	MAKES	16
3024.829701685782	3025.205944626357	58	BONES	16
3025.205944626357	3025.352	20	AND	16
3025.352	3025.612	430	TEETH	16
3025.612	3026.132	406	STRONG	16
3033.355075441981	3033.632	286	NOTHING	17
3033.632	3033.772	224	IS	17
3033.772	3033.965144959395	34	AS	17
3033.965144959395	3034.412	295	OFFENSIVE	17
3034.412	3034.6270284875386	34	AS	17
3034.6270284875386	3035.352	219	INNOCENCE	17
3044.232	3044.572	405	STEVE	18
3044.572	3044.782	490	WORE	18
3044.782	3044.8595702841576	1	A	18
3044.8595702841576	3045.072	65	BRIGHT	18
3045.072	3045.321525545492	356	RED	18
3045.321525545492	3045.792	78	CASHMERE	18
3045.792	3046.262	420	SWEATER	18
3054.122981706987	3054.4564785524617	46	BARB'S	19
3054.4564785524617	3054.687010316311	188	GOLD	19
3054.687010316311	3055.172	88888	BRACES	19
3055.172	3055.7154179374634	99999	sp	19
3055.7154179374634	3056.132	63	BRACELET	19
3056.132	3056.322	472	WAS	19
3056.322	3056.404948414251	1	A	19
3056.404948414251	3056.990660869901	193	GRADUATION	19
3056.990660869901	3057.4016757311592	339	PRESENT	19
3068.447057463496	3068.652	130	DRAW	20
3068.652	3068.992	145	EVERY	20
3068.992	3069.192	308	OUTER	20
3069.192	3069.422	244	LINE	20
3069.422	3069.938003149411	156	FIRST	20
3069.938003149411	3070.152	436	THEN	20
3070.152	3070.382	154	FILL	20
3070.382	3070.492	217	IN	20
3070.492	3070.612	434	THE	20
3070.612	3071.262	222	INTERIOR	20
3078.540291446825	3078.6083070084674	434	THE	21
3078.6083070084674	3078.878713381537	475	WATER	21
3078.878713381537	3079.2809011288655	103	CONTAINED	21
3079.2809011288655	3079.412	448	TOO	21
3079.412	3079.612	269	MUCH	21
3079.612	3080.0867511605866	90	CHLORINE	21
3080.0867511605866	3080.272	20	AND	21
3080.272	3080.512	409	STUNG	21
3080.512	3080.662	208	HIS	21
3080.662	3081.162	149	EYES	21
3088.256610886501	3088.627430996928	229	JOHN'S	22
3088.627430996928	3088.872	66	BROTHER	22
3088.872	3089.322	363	REPAINTED	22
3089.322	3089.4404022635545	434	THE	22
3089.4404022635545	3089.8956414941113	173	GARAGE	22
3089.8956414941113	3090.202	129	DOOR	22
3096.622269249707	3097.022	84	CHALLENGE	23
3097.022	3097.367271223084	132	EACH	23
3097.367271223084	3097.842	175	GENERAL'S	23
3097.842	3098.662	221	INTELLIGENCE	23
3105.0564409154676	3105.768241779143	17	AMBIDEXTROUS	24
3105.768241779143	3106.372	327	PICKPOCKETS	24
3106.372	3106.889888160088	6	ACCOMPLISH	24
3106.889888160088	3107.242	267	MORE	24
3114.395861886948	3114.433115581122	1	A	25
3114.433115581122	3114.942	271	MUSCULAR	25
3114.942	3115.422	2	ABDOMEN	25
3115.422	3115.610451014241	224	IS	25
3115.610451014241	3115.722	189	GOOD	25
3115.722	3115.815439249624	161	FOR	25
3115.815439249624	3116.0058043084186	496	YOUR	25
3116.0058043084186	3116.402	43	BACK	25
3124.9072611891365	3125.022	438	THEY	26
3125.022	3125.122	317	OWN	26
3125.122	3125.2044380052585	1	A	26
3125.2044380052585	3125.365603169588	52	BIG	26
3125.365603169588	3125.752	209	HOUSE	26
3125.752	3125.832	217	IN	26
3125.832	3125.892	434	THE	26
3125.892	3126.2633110974048	361	REMOTE	26
3126.2633110974048	3127.052	109	COUNTRYSIDE	26
3135.0283921511964	3135.181546227246	434	THE	27
3135.181546227246	3135.492357853831	369	ROSE	27
3135.492357853831	3136.0798783460546	106	CORSAGE	27
3136.0798783460546	3136.402	393	SMELLED	27
3136.402	3136.842	421	SWEET	27
3144.3320354661128	3144.522	433	THAT	28
3144.522	3145.072	326	PICKPOCKET	28
3145.072	3145.316079706206	472	WAS	28
3145.316079706206	3145.612	80	CAUGHT	28
3145.612	3145.782	356	RED	28
3145.782	3146.302	199	HANDED	28
3153.024543152378	3153.112	19	AN	29
3153.112	3153.462	9	ADULT	29
3153.462	3153.7217977888768	255	MALE	29
3153.7217977888768	3154.232	42	BABOON'S	29
3154.232	3154.425175951546	430	TEETH	29
3154.425175951546	3154.482	30	ARE	29
3154.482	3154.572	285	NOT	29
3154.572	3155.086261924705	88888	SU	29
3155.086261924705	3155.5449680802903	415	SUITABLE	29
3155.5449680802903	3155.702	161	FOR	29
3155.702	3155.912	135	EATING	29
3155.912	3156.592	376	SHELLFISH	29
3163.512587333997	3163.642	204	HER	30
3163.642	3164.132	470	WARDROBE	30
3164.132	3164.573526328536	102	CONSISTS	30
3164.573526328536	3164.652	294	OF	30
3164.652	3164.862	298	ONLY	30
3164.862	3165.282	385	SKIRTS	30
3165.282	3165.406528853686	20	AND	30
3165.406528853686	3166.112	54	BLOUSES	30
3175.0436255546238	3175.166769710366	434	THE	31
3175.166769710366	3175.362	453	TWO	31
3175.362	3175.752	33	ARTISTS	31
3175.752	3176.262	147	EXCHANGED	31
3176.262	3177.002	39	AUTOGRAPHS	31
3199.9921549008845	3200.542	71	BUTTERSCOTCH	32
3200.542	3201.009769509042	169	FUDGE	32
3201.009769509042	3201.3113063987103	186	GOES	32
3201.3113063987103	3201.492	481	WELL	32
3201.492	3201.672	487	WITH	32
3201.672	3201.912	463	VANILLA	32
3201.912	3202.189249058679	212	ICE	32
3202.189249058679	3202.562	112	CREAM	32
3209.917244922388	3210.1821910348867	366	RICH	33
3210.1821910348867	3210.552	349	PURCHASED	33
3210.552	3210.8941659553725	374	SEVERAL	33
3210.8941659553725	3211.302	382	SIGNED	33
3211.302	3212.062	245	LITHOGRAPHS	33
3219.5202467022555	3219.760837844392	24	ANY	34
3219.760837844392	3220.512	105	CONTRIBUTIONS	34
3220.512	3220.752	485	WILL	34
3220.752	3221.0015967395184	99999	sp	34
3221.0015967395184	3221.1448977216796	47	BE	34
3221.1448977216796	3221.522	195	GREATLY	34
3221.522	3222.242	28	APPRECIATED	34
3228.852	3228.9993943520712	434	THE	35
3228.9993943520712	3229.4363354681955	111	CRANBERRY	35
3229.4363354681955	3229.6785132770824	57	BOG	35
3229.6785132770824	3229.939517313876	178	GETS	35
3229.939517313876	3230.1514572557617	465	VERY	35
3230.1514572557617	3230.362	340	PRETTY	35
3230.362	3230.462	217	IN	35
3230.462	3230.922	40	AUTUMN	35
3237.6661808274907	3237.792	210	HOW	36
3237.792	3237.862	128	DO	36
3237.862	3238.0616839329623	495	YOU	36
3238.0616839329623	3238.2779423697257	99999	sp	36
3238.2779423697257	3238.7251784717237	318	OYSTERS	36
3238.7251784717237	3238.9867154485546	253	MAKE	36
3238.9867154485546	3239.492	320	PEARLS	36
3247.131764521837	3247.30716866113	257	MAY	37
3247.30716866113	3247.372	211	I	37
3247.372	3247.592	304	ORDER	37
3247.592	3247.681713778545	1	A	37
3247.681713778545	3247.982	319	PARFAIT	37
3247.982	3248.322	10	AFTER	37
3248.322	3248.412	211	I	37
3248.412	3248.6360272302154	134	EAT	37
3248.6360272302154	3248.9719999999998	124	DINNER	37
3258.812418418683	3258.897053982398	224	IS	38
3258.897053982398	3259.0528324837283	375	SHE	38
3259.0528324837283	3259.262	187	GOING	38
3259.262	3259.4454044189933	487	WITH	38
3259.4454044189933	3259.682	495	YOU	38
3267.025408587924	3267.142	76	CAN	39
3267.142	3267.202	434	THE	39
3267.202	3267.762	11	AGENCY	39
3267.762	3268.332	315	OVERTHROW	39
3268.332	3268.512	13	ALIEN	39
3268.512	3269.142	162	FORCES	39
3276.862	3277.372	371	SCREWDRIVER	40
3277.372	3277.5573236460696	224	IS	40
3277.5573236460696	3277.762	252	MADE	40
3277.762	3277.9683492589907	166	FROM	40
3277.9683492589907	3278.232	469	VODKA	40
3278.232	3278.352	20	AND	40
3278.352	3278.712285691512	303	ORANGE	40
3278.712285691512	3279.182	230	JUICE	40
3286.022101500604	3286.162	210	HOW	41
3286.162	3286.392	269	MUCH	41
3286.392	3286.80464848162	16	ALLOWANCE	41
3286.80464848162	3286.882	128	DO	41
3286.882	3287.013545252688	495	YOU	41
3287.013545252688	3287.282	177	GET	41
3293.8017874854095	3294.42612457834	115	CYCLICAL	42
3294.42612457834	3294.9719999999998	346	PROGRAMS	42
3294.9719999999998	3295.249185097965	281	NEVER	42
3295.249185097965	3295.862	100	COMPILE	42
3303.2472559515363	3303.3629369409973	434	THE	43
3303.3629369409973	3303.713503026625	61	BOSTON	43
3303.713503026625	3304.092	45	BALLET	43
3304.092	3304.592	312	OVERCAME	43
3304.592	3304.731652090516	435	THEIR	43
3304.731652090516	3305.1030550526807	170	FUNDING	43
3305.1030550526807	3305.742	380	SHORTAGE	43
3312.5829421572835	3312.7963488580012	145	EVERY	44
3312.7963488580012	3313.09080130994	74	CAB	44
3313.09080130994	3313.440370823928	280	NEEDS	44
3313.440370823928	3313.952	364	REPAINTING	44
3313.952	3314.412	296	OFTEN	44
3321.9681122409347	3322.252346472437	203	HELP	45
3322.252346472437	3322.569736002633	196	GREG	45
3322.569736002633	3322.713260970442	446	TO	45
3322.713260970442	3322.882	325	PICK	45
3322.882	3322.9954452580664	1	A	45
3322.9954452580664	3323.212	321	PECK	45
3323.212	3323.3331713277794	294	OF	45
3323.3331713277794	3324.072	338	POTATOES	45
3332.7363830931567	3332.855033624746	476	WE	46
3332.855033624746	3333.065721950452	241	LIKE	46
3333.065721950452	3333.202	55	BLUE	46
3333.202	3333.588871909894	88	CHEESE	46
3333.588871909894	3333.772	70	BUT	46
3333.772	3334.032	466	VICTOR	46
3334.032	3334.3928822514135	242	LIKES	46
3334.3928822514135	3334.7219999999998	64	BRIE	46
3341.826663664761	3342.022	108	COUNT	47
3342.022	3342.082	434	THE	47
3342.082	3342.342	289	NUMBER	47
3342.342	3342.451987134402	294	OF	47
3342.451987134402	3342.942	429	TEASPOONS	47
3342.942	3343.002	294	OF	47
3343.002	3343.6361112092563	395	SOYSAUCE	47
3343.6361112092563	3343.792	433	THAT	47
3343.792	3343.922	495	YOU	47
3343.922	3344.282	7	ADD	47
3351.7910103666545	3352.292	44	BAGPIPES	48
3352.292	3352.4336851095177	20	AND	48
3352.4336851095177	3352.862	59	BONGOS	48
3352.862	3352.952	30	ARE	48
3352.952	3353.382	273	MUSICAL	48
3353.382	3354.032	220	INSTRUMENTS	48
3363.637054375742	3363.8713468357573	210	HOW	49
3363.8713468357573	3364.022735809921	189	GOOD	49
3364.022735809921	3364.0399033601943	224	IS	49
3364.0399033601943	3364.2101440572096	496	YOUR	49
3364.2101440572096	3364.839281198681	138	ENDURANCE	49
