5.142	5.282	30	ARE	0
5.282	5.442	496	YOUR	0
5.442	5.801	192	GRADES	0
5.801	6.112	206	HIGHER	0
6.112	6.412	302	OR	0
6.412	6.862	251	LOWER	0
6.862	6.982	432	THAN	0
6.982	7.801	275	NANCY'S	0
13.619	13.889	375	SHE	1
13.889	14.179	490	WORE	1
14.179	14.649	471	WARM	1
14.649	15.252	158	FLEECY	1
15.252	15.752	489	WOOLEN	1
15.752	16.662	311	OVERALLS	1
22.212	22.702	354	READING	2
22.702	22.962	217	IN	2
22.962	22.992	99999	sp	2
22.992	23.252	335	POOR	2
23.252	23.652	240	LIGHT	2
23.652	23.732	99999	sp	2
23.732	24.032	181	GIVES	2
24.032	24.212	495	YOU	2
24.212	24.962	150	EYESTRAIN	2
32.229	32.581	142	EVEN	3
32.581	32.892	211	I	3
32.892	33.441	293	OCCASIONALLY	3
33.441	33.659	177	GET	3
33.659	33.761	434	THE	3
33.761	34.09	265	MONDAY	3
34.09	34.659	56	BLUES	3
43.289	43.502	476	WE	4
43.502	43.669	30	ARE	4
43.669	44.119	301	OPEN	4
44.119	44.52	145	EVERY	4
44.52	44.909	265	MONDAY	4
44.909	45.511	143	EVENING	4
264.022	264.132	30	ARE	0
264.132	264.302	496	YOUR	0
264.302	264.721	192	GRADES	0
264.721	265.232	206	HIGHER	0
265.232	265.362	302	OR	0
265.362	265.851	251	LOWER	0
265.851	266.012	432	THAN	0
266.012	266.752	275	NANCY'S	0
272.622	272.851	375	SHE	1
272.851	273.132	490	WORE	1
273.132	273.572	471	WARM	1
273.572	274.202	158	FLEECY	1
274.202	274.651	489	WOOLEN	1
274.651	275.612	311	OVERALLS	1
283.772	284.172	354	READING	2
284.172	284.192	99999	sp	2
284.192	284.462	217	IN	2
284.462	284.471	99999	sp	2
284.471	284.692	335	POOR	2
284.692	285.072	240	LIGHT	2
285.072	285.091	99999	sp	2
285.091	285.392	181	GIVES	2
285.392	285.552	495	YOU	2
285.552	286.291	150	EYESTRAIN	2
291.952	292.022	99999	sp	3
292.022	292.432	142	EVEN	3
292.432	292.742	211	I	3
292.742	293.442	293	OCCASIONALLY	3
293.442	293.702	177	GET	3
293.702	293.812	434	THE	3
293.812	294.182	265	MONDAY	3
294.182	294.781	56	BLUES	3
300.702	300.872	476	WE	4
300.872	301.072	30	ARE	4
301.072	301.492	301	OPEN	4
301.492	301.962	145	EVERY	4
301.962	302.302	265	MONDAY	4
302.302	302.942	143	EVENING	4
462.531	462.721	496	YOUR	0
462.721	463.192	192	GRADES	0
463.192	463.651	206	HIGHER	0
463.651	463.862	302	OR	0
463.862	464.312	251	LOWER	0
464.312	464.452	432	THAN	0
464.452	465.262	275	NANCY'S	0
470.052	470.202	99999	sp	1
470.202	470.312	99999	{NS}	1
470.312	470.572	375	SHE	1
470.572	470.851	490	WORE	1
470.851	471.302	471	WARM	1
471.302	471.382	99999	sp	1
471.382	471.962	158	FLEECY	1
471.962	472.401	489	WOOLEN	1
472.401	473.272	311	OVERALLS	1
481.882	482.302	354	READING	2
482.302	482.562	217	IN	2
482.562	482.582	99999	sp	2
482.582	482.812	335	POOR	2
482.812	483.182	240	LIGHT	2
483.182	483.442	181	GIVES	2
483.442	483.582	495	YOU	2
483.582	484.341	150	EYESTRAIN	2
492.612	492.962	142	EVEN	3
492.962	493.242	211	I	3
493.242	493.841	293	OCCASIONALLY	3
493.841	494.082	177	GET	3
494.082	494.161	99999	sp	3
494.161	494.291	434	THE	3
494.291	494.612	265	MONDAY	3
494.612	495.192	56	BLUES	3
503.562	503.732	476	WE	4
503.732	503.911	30	ARE	4
503.911	504.291	301	OPEN	4
504.291	504.692	145	EVERY	4
504.692	505.112	265	MONDAY	4
505.112	505.712	143	EVENING	4
514.37	514.542	99999	sp	5
514.542	514.87	226	IT'S	5
514.87	515.142	285	NOT	5
515.142	515.51	133	EASY	5
515.51	515.642	446	TO	5
515.642	516.142	113	CREATE	5
516.142	516.851	215	ILLUMINATING	5
516.851	517.721	146	EXAMPLES	5
527.052	527.462	270	MUM	6
527.462	528.091	407	STRONGLY	6
528.091	528.682	126	DISLIKES	6
528.682	529.62	27	APPETIZERS	6
538.682	539.042	443	THOSE	7
539.042	539.182	484	WHO	7
539.182	539.522	427	TEACH	7
539.522	540.142	462	VALUES	7
540.142	540.182	99999	sp	7
540.182	540.63	156	FIRST	7
540.63	541.182	4	ABOLISH	7
541.182	541.672	87	CHEATING	7
550.88	551.082	434	THE	8
551.082	551.75	165	FRIGHTENED	8
551.75	552.302	89	CHILD	8
552.302	552.582	472	WAS	8
552.582	552.932	176	GENTLY	8
552.932	553.591	410	SUBDUED	8
553.591	553.832	73	BY	8
553.832	554.032	208	HIS	8
554.032	554.272	52	BIG	8
554.272	554.75	66	BROTHER	8
564.522	564.922	142	EVEN	9
564.922	564.952	1	A	9
564.952	565.452	383	SIMPLE	9
565.452	566.272	468	VOCABULARY	9
566.272	566.851	104	CONTAINS	9
566.851	567.552	422	SYMBOLS	9
576.522	576.812	99999	sp	10
576.812	576.971	99999	{NS}	10
576.971	577.0	1	A	10
577.0	577.412	110	CRAB	10
577.412	578.032	85	CHALLENGED	10
578.032	578.332	258	ME	10
578.332	578.62	99999	sp	10
578.62	578.802	70	BUT	10
578.802	578.851	1	A	10
578.851	579.13	350	QUICK	10
579.13	579.572	402	STAB	10
579.572	580.162	464	VANQUISHED	10
580.162	580.422	207	HIM	10
591.229	591.429	20	AND	11
591.429	592.029	167	FRUCTOSE	11
592.029	592.169	30	ARE	11
592.169	592.679	276	NATURAL	11
592.679	593.191	414	SUGARS	11
593.191	593.229	99999	sp	11
593.229	593.601	163	FOUND	11
593.601	593.8	217	IN	11
593.8	594.22	168	FRUIT	11
594.22	594.319	99999	sp	11
603.692	603.841	99999	sp	12
603.841	604.082	99999	{NS}	12
604.082	604.111	30	ARE	12
604.111	604.242	495	YOU	12
604.242	604.622	250	LOOKING	12
604.622	604.872	161	FOR	12
604.872	605.542	88888	EMPLOYMEN	12
613.582	613.672	99999	sp	13
613.672	614.021	98	COFFEE	13
614.021	614.422	224	IS	13
614.422	614.782	198	GROWN	13
614.782	615.002	297	ON	13
615.002	615.651	404	STEEP	13
615.651	615.729	99999	sp	13
615.729	616.072	231	JUNGLE	13
616.072	616.369	241	LIKE	13
616.369	616.929	390	SLOPES	13
616.929	617.09	217	IN	13
617.09	617.669	431	TEMPERATE	13
617.669	618.322	497	ZONES	13
629.109	629.252	99999	sp	14
629.252	629.469	476	WE	14
629.469	629.901	480	WELCOME	14
629.901	630.191	256	MANY	14
630.191	630.392	282	NEW	14
630.392	630.962	408	STUDENTS	14
630.962	631.309	132	EACH	14
631.309	631.669	491	YEAR	14
640.419	640.462	99999	sp	15
640.462	640.849	298	ONLY	15
640.849	640.95	434	THE	15
640.95	641.322	51	BEST	15
641.322	641.799	330	PLAYERS	15
641.799	642.299	139	ENJOY	15
642.299	643.151	336	POPULARITY	15
651.87	651.9300000000001	99999	sp	16
651.9300000000001	652.54	75	CALCIUM	16
652.54	652.822	254	MAKES	16
652.822	653.302	58	BONES	16
653.302	653.561	20	AND	16
653.561	653.962	430	TEETH	16
653.962	654.001	99999	sp	16
654.001	654.611	406	STRONG	16
663.492	663.98	286	NOTHING	17
663.98	664.251	224	IS	17
664.251	664.531	34	AS	17
664.531	665.191	295	OFFENSIVE	17
665.191	665.501	34	AS	17
665.501	666.212	219	INNOCENCE	17
675.23	675.802	405	STEVE	18
675.802	675.822	99999	sp	18
675.822	676.212	490	WORE	18
676.212	676.242	1	A	18
676.242	676.691	65	BRIGHT	18
676.691	677.102	356	RED	18
677.102	677.73	78	CASHMERE	18
677.73	678.302	420	SWEATER	18
688.29	688.4	99999	sp	19
688.4	689.052	46	BARB'S	19
689.052	689.4	188	GOLD	19
689.4	690.022	63	BRACELET	19
690.022	690.191	472	WAS	19
690.191	690.26	1	A	19
690.26	691.031	193	GRADUATION	19
691.031	691.572	339	PRESENT	19
700.992	701.421	130	DRAW	20
701.421	701.811	145	EVERY	20
701.811	702.1320000000001	308	OUTER	20
702.1320000000001	702.492	244	LINE	20
702.492	703.12	156	FIRST	20
703.12	703.281	99999	sp	20
703.281	703.611	436	THEN	20
703.611	703.891	154	FILL	20
703.891	704.031	217	IN	20
704.031	704.15	434	THE	20
704.15	704.84	222	INTERIOR	20
714.5219999999999	714.681	434	THE	21
714.681	715.012	475	WATER	21
715.012	715.681	103	CONTAINED	21
715.681	715.742	99999	sp	21
715.742	716.002	448	TOO	21
716.002	716.242	269	MUCH	21
716.242	716.842	90	CHLORINE	21
716.842	717.042	20	AND	21
717.042	717.2719999999999	409	STUNG	21
717.2719999999999	717.5219999999999	208	HIS	21
717.5219999999999	718.042	149	EYES	21
727.1320000000001	727.422	99999	sp	22
727.422	727.892	229	JOHN'S	22
727.892	728.342	66	BROTHER	22
728.342	729.052	363	REPAINTED	22
729.052	729.162	434	THE	22
729.162	729.612	173	GARAGE	22
729.612	730.102	129	DOOR	22
739.112	739.431	99999	sp	23
739.431	739.942	84	CHALLENGE	23
739.942	740.3820000000001	132	EACH	23
740.3820000000001	740.992	175	GENERAL'S	23
740.992	741.922	221	INTELLIGENCE	23
751.142	752.032	17	AMBIDEXTROUS	24
752.032	752.7719999999999	327	PICKPOCKETS	24
752.7719999999999	753.3820000000001	6	ACCOMPLISH	24
753.3820000000001	753.681	267	MORE	24
762.892	762.992	99999	sp	25
762.992	763.102	99999	{NS}	25
763.102	763.1320000000001	1	A	25
763.1320000000001	763.662	271	MUSCULAR	25
763.662	764.312	2	ABDOMEN	25
764.312	764.532	224	IS	25
764.532	764.762	189	GOOD	25
764.762	764.972	161	FOR	25
764.972	765.142	496	YOUR	25
765.142	765.492	43	BACK	25
773.8820000000001	773.972	99999	sp	26
773.972	774.302	438	THEY	26
774.302	774.662	317	OWN	26
774.662	774.822	1	A	26
774.822	775.062	52	BIG	26
775.062	775.562	209	HOUSE	26
775.562	775.812	217	IN	26
775.812	775.8820000000001	434	THE	26
775.8820000000001	776.292	361	REMOTE	26
776.292	777.062	109	COUNTRYSIDE	26
785.8720000000001	786.042	99999	sp	27
786.042	786.232	434	THE	27
786.232	786.692	369	ROSE	27
786.692	787.4010000000001	106	CORSAGE	27
787.4010000000001	787.822	393	SMELLED	27
787.822	788.322	421	SWEET	27
788.322	788.362	99999	sp	27
797.942	798.002	99999	sp	28
798.002	798.392	433	THAT	28
798.392	798.412	99999	sp	28
798.412	799.192	326	PICKPOCKET	28
799.192	799.392	472	WAS	28
799.392	799.692	80	CAUGHT	28
799.692	799.952	356	RED	28
799.952	800.3820000000001	199	HANDED	28
809.2719999999999	809.431	19	AN	29
809.431	809.912	9	ADULT	29
809.912	810.262	255	MALE	29
810.262	810.842	42	BABOON'S	29
810.842	811.292	430	TEETH	29
811.292	811.5219999999999	30	ARE	29
811.5219999999999	811.822	285	NOT	29
811.822	812.452	415	SUITABLE	29
812.452	812.6320000000001	161	FOR	29
812.6320000000001	813.172	135	EATING	29
813.172	813.982	376	SHELLFISH	29
824.992	825.232	204	HER	30
825.232	825.842	470	WARDROBE	30
825.842	826.582	102	CONSISTS	30
826.582	826.862	294	OF	30
826.862	827.192	298	ONLY	30
827.192	827.812	385	SKIRTS	30
827.812	828.062	20	AND	30
828.062	828.802	54	BLOUSES	30
838.9010000000001	839.012	434	THE	31
839.012	839.2909999999999	453	TWO	31
839.2909999999999	839.932	33	ARTISTS	31
839.932	840.812	147	EXCHANGED	31
840.812	841.6610000000001	39	AUTOGRAPHS	31
851.502	852.242	71	BUTTERSCOTCH	32
852.242	852.802	169	FUDGE	32
852.802	852.851	99999	sp	32
852.851	853.1510000000001	186	GOES	32
853.1510000000001	853.452	481	WELL	32
853.452	853.6220000000001	487	WITH	32
853.6220000000001	853.932	463	VANILLA	32
853.932	854.3620000000001	212	ICE	32
854.3620000000001	854.812	112	CREAM	32
864.332	864.552	99999	sp	33
864.552	865.052	366	RICH	33
865.052	865.721	349	PURCHASED	33
865.721	866.3820000000001	374	SEVERAL	33
866.3820000000001	866.832	382	SIGNED	33
866.832	867.742	245	LITHOGRAPHS	33
876.312	876.471	434	THE	35
876.471	877.101	111	CRANBERRY	35
877.101	877.582	57	BOG	35
877.582	877.9110000000001	178	GETS	35
877.9110000000001	878.2909999999999	465	VERY	35
878.2909999999999	878.6120000000001	340	PRETTY	35
878.6120000000001	878.892	217	IN	35
878.892	879.3820000000001	40	AUTUMN	35
888.6220000000001	888.892	210	HOW	36
888.892	889.1610000000001	128	DO	36
889.1610000000001	889.721	318	OYSTERS	36
889.721	889.952	253	MAKE	36
889.952	890.562	320	PEARLS	36
898.3720000000001	898.482	99999	sp	37
898.482	898.8620000000001	257	MAY	37
898.8620000000001	898.892	211	I	37
898.892	899.3820000000001	304	ORDER	37
899.3820000000001	899.4110000000001	1	A	37
899.4110000000001	900.091	319	PARFAIT	37
900.091	900.492	10	AFTER	37
900.492	900.6320000000001	211	I	37
900.6320000000001	900.7719999999999	134	EAT	37
900.7719999999999	901.142	124	DINNER	37
910.341	910.5219999999999	99999	sp	38
910.5219999999999	910.672	224	IS	38
910.672	910.812	375	SHE	38
910.812	911.212	187	GOING	38
911.212	911.4010000000001	487	WITH	38
911.4010000000001	911.682	495	YOU	38
918.832	918.932	99999	{NS}	39
918.932	919.142	76	CAN	39
919.142	919.202	434	THE	39
919.202	919.9110000000001	11	AGENCY	39
919.9110000000001	920.6120000000001	315	OVERTHROW	39
920.6120000000001	921.1510000000001	13	ALIEN	39
921.1510000000001	921.851	162	FORCES	39
930.562	930.692	1	A	40
930.692	931.3620000000001	371	SCREWDRIVER	40
931.3620000000001	931.762	224	IS	40
931.762	932.1320000000001	252	MADE	40
932.1320000000001	932.312	166	FROM	40
932.312	932.672	469	VODKA	40
932.672	933.062	20	AND	40
933.062	933.531	303	ORANGE	40
933.531	934.012	230	JUICE	40
942.712	942.962	210	HOW	41
942.962	943.212	269	MUCH	41
943.212	943.8620000000001	16	ALLOWANCE	41
943.8620000000001	944.002	128	DO	41
944.002	944.2719999999999	495	YOU	41
944.2719999999999	944.6320000000001	177	GET	41
944.6320000000001	944.682	99999	sp	41
952.841	953.0409999999999	99999	sp	42
953.0409999999999	953.682	115	CYCLICAL	42
953.682	954.4010000000001	346	PROGRAMS	42
954.4010000000001	954.512	485	WILL	42
954.512	954.841	281	NEVER	42
954.841	955.512	100	COMPILE	42
963.6320000000001	963.832	434	THE	43
963.832	964.452	61	BOSTON	43
964.452	964.992	45	BALLET	43
964.992	965.692	312	OVERCAME	43
965.692	965.851	435	THEIR	43
965.851	966.2719999999999	170	FUNDING	43
966.2719999999999	966.932	380	SHORTAGE	43
975.3620000000001	975.462	99999	sp	44
975.462	975.562	99999	{NS}	44
975.562	975.952	145	EVERY	44
975.952	976.3820000000001	74	CAB	44
976.3820000000001	976.742	280	NEEDS	44
976.742	977.432	364	REPAINTING	44
977.432	978.0409999999999	296	OFTEN	44
988.242	988.6120000000001	203	HELP	45
988.6120000000001	988.642	99999	sp	45
988.642	989.052	196	GREG	45
989.052	989.072	99999	sp	45
989.072	989.2719999999999	446	TO	45
989.2719999999999	989.562	325	PICK	45
989.562	989.702	1	A	45
989.702	990.002	321	PECK	45
990.002	990.1510000000001	294	OF	45
990.1510000000001	990.922	338	POTATOES	45
999.952	999.992	99999	sp	46
999.992	1000.192	476	WE	46
1000.192	1000.512	241	LIKE	46
1000.512	1000.702	55	BLUE	46
1000.702	1001.2719999999999	88	CHEESE	46
1001.2719999999999	1001.582	70	BUT	46
1001.582	1001.9010000000001	466	VICTOR	46
1001.9010000000001	1002.2719999999999	242	LIKES	46
1002.2719999999999	1002.692	64	BRIE	46
1011.031	1011.192	99999	sp	47
1011.192	1011.281	99999	{NS}	47
1011.281	1011.601	108	COUNT	47
1011.601	1011.732	434	THE	47
1011.732	1012.101	289	NUMBER	47
1012.101	1012.202	294	OF	47
1012.202	1012.851	429	TEASPOONS	47
1012.851	1012.9110000000001	294	OF	47
1012.9110000000001	1013.591	395	SOYSAUCE	47
1013.591	1013.702	433	THAT	47
1013.702	1013.942	495	YOU	47
1013.942	1014.302	7	ADD	47
1023.702	1024.462	44	BAGPIPES	48
1024.462	1024.772	20	AND	48
1024.772	1025.362	59	BONGOS	48
1025.362	1025.522	30	ARE	48
1025.522	1026.062	273	MUSICAL	48
1026.062	1026.922	220	INSTRUMENTS	48
1035.862	1036.091	210	HOW	49
1036.091	1036.502	189	GOOD	49
1036.502	1036.781	224	IS	49
1036.781	1036.952	496	YOUR	49
1036.952	1037.791	138	ENDURANCE	49
1582.221	1582.262	99999	sp	0
1582.262	1582.382	30	ARE	0
1582.382	1582.5819999999999	496	YOUR	0
1582.5819999999999	1582.971	192	GRADES	0
1582.971	1583.562	206	HIGHER	0
1583.562	1583.692	302	OR	0
1583.692	1584.212	251	LOWER	0
1584.212	1584.382	432	THAN	0
1584.382	1585.101	275	NANCY'S	0
1590.5819999999999	1590.841	375	SHE	1
1590.841	1591.132	490	WORE	1
1591.132	1591.591	471	WARM	1
1591.591	1592.151	158	FLEECY	1
1592.151	1592.5720000000001	489	WOOLEN	1
1592.5720000000001	1593.372	311	OVERALLS	1
1593.372	1594.172	99999	{NS}	1
1601.732	1601.8319999999999	99999	sp	2
1601.8319999999999	1602.341	354	READING	2
1602.341	1602.591	217	IN	2
1602.591	1602.622	99999	sp	2
1602.622	1602.872	335	POOR	2
1602.872	1603.182	240	LIGHT	2
1603.182	1603.591	181	GIVES	2
1603.591	1603.752	495	YOU	2
1603.752	1604.5720000000001	150	EYESTRAIN	2
1613.762	1613.8319999999999	99999	{NS}	3
1613.8319999999999	1614.182	142	EVEN	3
1614.182	1614.432	211	I	3
1614.432	1615.3020000000001	293	OCCASIONALLY	3
1615.3020000000001	1615.601	177	GET	3
1615.601	1615.712	434	THE	3
1615.712	1616.091	265	MONDAY	3
1616.091	1616.732	56	BLUES	3
1625.622	1625.772	476	WE	4
1625.772	1625.962	30	ARE	4
1625.962	1626.392	301	OPEN	4
1626.392	1626.772	145	EVERY	4
1626.772	1627.401	88888	MONDAIM	4
1627.401	1627.942	143	EVENING	4
1637.132	1637.422	226	IT'S	5
1637.422	1637.661	285	NOT	5
1637.661	1638.022	133	EASY	5
1638.022	1638.161	446	TO	5
1638.161	1638.601	113	CREATE	5
1638.601	1639.3220000000001	215	ILLUMINATING	5
1639.3220000000001	1640.202	146	EXAMPLES	5
1648.5819999999999	1648.952	270	MUM	6
1648.952	1649.5819999999999	407	STRONGLY	6
1649.5819999999999	1650.192	126	DISLIKES	6
1650.192	1651.202	27	APPETIZERS	6
1659.8020000000001	1659.8319999999999	99999	sp	7
1659.8319999999999	1660.312	443	THOSE	7
1660.312	1660.452	484	WHO	7
1660.452	1660.791	427	TEACH	7
1660.791	1661.442	462	VALUES	7
1661.442	1661.8220000000001	156	FIRST	7
1661.8220000000001	1662.442	4	ABOLISH	7
1662.442	1662.971	87	CHEATING	7
1671.712	1671.851	434	THE	8
1671.851	1672.432	165	FRIGHTENED	8
1672.432	1672.901	89	CHILD	8
1672.901	1673.142	472	WAS	8
1673.142	1673.512	176	GENTLY	8
1673.512	1674.101	410	SUBDUED	8
1674.101	1674.362	73	BY	8
1674.362	1674.601	208	HIS	8
1674.601	1674.841	52	BIG	8
1674.841	1675.362	66	BROTHER	8
1684.8319999999999	1685.0	99999	{NS}	9
1685.0	1685.392	142	EVEN	9
1685.392	1685.49	1	A	9
1685.49	1686.022	383	SIMPLE	9
1686.022	1686.942	468	VOCABULARY	9
1686.942	1687.51	104	CONTAINS	9
1687.51	1688.25	422	SYMBOLS	9
1697.471	1697.962	99999	{NS}	10
1697.962	1697.99	1	A	10
1697.99	1698.1109999999999	110	CRAB	10
1698.1109999999999	1698.682	85	CHALLENGED	10
1698.682	1699.0320000000002	258	ME	10
1699.0320000000002	1699.091	99999	sp	10
1699.091	1699.5	70	BUT	10
1699.5	1699.5320000000002	1	A	10
1699.5320000000002	1699.8609999999999	350	QUICK	10
1699.8609999999999	1700.351	402	STAB	10
1700.351	1700.37	99999	sp	10
1700.37	1700.892	464	VANQUISHED	10
1700.892	1701.231	207	HIM	10
1710.812	1711.481	183	GLUCOSE	11
1711.481	1711.702	20	AND	11
1711.702	1712.3609999999999	167	FRUCTOSE	11
1712.3609999999999	1712.591	30	ARE	11
1712.591	1713.0520000000001	276	NATURAL	11
1713.0520000000001	1713.63	414	SUGARS	11
1713.63	1714.022	163	FOUND	11
1714.022	1714.231	217	IN	11
1714.231	1714.63	168	FRUIT	11
1725.202	1725.422	99999	{NS}	12
1725.422	1725.452	30	ARE	12
1725.452	1725.5819999999999	495	YOU	12
1725.5819999999999	1725.952	250	LOOKING	12
1725.952	1726.182	161	FOR	12
1726.182	1726.8220000000001	88888	EMPLOYMEN	12
1735.152	1735.5520000000001	98	COFFEE	13
1735.5520000000001	1735.981	224	IS	13
1735.981	1736.412	198	GROWN	13
1736.412	1736.682	297	ON	13
1736.682	1737.221	404	STEEP	13
1737.221	1737.672	231	JUNGLE	13
1737.672	1737.922	241	LIKE	13
1737.922	1738.481	390	SLOPES	13
1738.481	1738.731	217	IN	13
1738.731	1739.26	431	TEMPERATE	13
1739.26	1739.87	497	ZONES	13
1750.921	1751.129	476	WE	14
1751.129	1751.482	480	WELCOME	14
1751.482	1751.861	256	MANY	14
1751.861	1752.049	282	NEW	14
1752.049	1752.649	408	STUDENTS	14
1752.649	1753.032	132	EACH	14
1753.032	1753.462	491	YEAR	14
1762.759	1762.979	99999	{NS}	15
1762.979	1763.279	298	ONLY	15
1763.279	1763.389	434	THE	15
1763.389	1763.789	51	BEST	15
1763.789	1764.309	330	PLAYERS	15
1764.309	1764.8	139	ENJOY	15
1764.8	1765.712	336	POPULARITY	15
1774.082	1774.202	99999	sp	16
1774.202	1774.852	75	CALCIUM	16
1774.852	1775.142	254	MAKES	16
1775.142	1775.642	58	BONES	16
1775.642	1775.931	20	AND	16
1775.931	1776.262	430	TEETH	16
1776.262	1776.931	406	STRONG	16
1786.039	1786.081	99999	sp	17
1786.081	1786.651	286	NOTHING	17
1786.651	1786.849	224	IS	17
1786.849	1787.081	34	AS	17
1787.081	1787.77	295	OFFENSIVE	17
1787.77	1788.081	34	AS	17
1788.081	1788.869	219	INNOCENCE	17
1798.09	1798.179	99999	sp	18
1798.179	1798.761	405	STEVE	18
1798.761	1799.099	490	WORE	18
1799.099	1799.13	1	A	18
1799.13	1799.52	65	BRIGHT	18
1799.52	1799.95	356	RED	18
1799.95	1800.401	78	CASHMERE	18
1800.401	1800.909	420	SWEATER	18
1809.691	1809.761	99999	sp	19
1809.761	1810.252	46	BARB'S	19
1810.252	1810.5720000000001	188	GOLD	19
1810.5720000000001	1811.142	63	BRACELET	19
1811.142	1811.3220000000001	472	WAS	19
1811.3220000000001	1811.38	1	A	19
1811.38	1812.099	193	GRADUATION	19
1812.099	1812.651	339	PRESENT	19
1821.831	1822.23	99999	{NS}	20
1822.23	1822.3220000000001	130	DRAW	20
1822.3220000000001	1822.662	145	EVERY	20
1822.662	1823.04	308	OUTER	20
1823.04	1823.462	244	LINE	20
1823.462	1824.12	156	FIRST	20
1824.12	1824.421	99999	sp	20
1824.421	1824.76	436	THEN	20
1824.76	1825.031	154	FILL	20
1825.031	1825.18	217	IN	20
1825.18	1825.3220000000001	434	THE	20
1825.3220000000001	1825.992	222	INTERIOR	20
1835.671	1835.831	434	THE	21
1835.831	1836.132	475	WATER	21
1836.132	1836.882	103	CONTAINED	21
1836.882	1836.9	99999	sp	21
1836.9	1837.2	448	TOO	21
1837.2	1837.441	269	MUCH	21
1837.441	1838.052	90	CHLORINE	21
1838.052	1838.281	20	AND	21
1838.281	1838.5720000000001	409	STUNG	21
1838.5720000000001	1838.852	208	HIS	21
1838.852	1839.4	149	EYES	21
1849.15	1849.311	99999	{NS}	22
1849.311	1849.811	229	JOHN'S	22
1849.811	1850.272	66	BROTHER	22
1850.272	1850.87	363	REPAINTED	22
1850.87	1850.962	434	THE	22
1850.962	1851.471	173	GARAGE	22
1851.471	1851.9	129	DOOR	22
1860.662	1860.79	99999	{NS}	23
1860.79	1861.302	84	CHALLENGE	23
1861.302	1861.751	132	EACH	23
1861.751	1862.352	175	GENERAL'S	23
1862.352	1863.34	221	INTELLIGENCE	23
1872.111	1872.221	99999	sp	24
1872.221	1873.171	17	AMBIDEXTROUS	24
1873.171	1873.971	327	PICKPOCKETS	24
1873.971	1874.721	6	ACCOMPLISH	24
1874.721	1875.09	267	MORE	24
1883.782	1883.922	1	A	25
1883.922	1884.562	271	MUSCULAR	25
1884.562	1885.272	2	ABDOMEN	25
1885.272	1885.462	224	IS	25
1885.462	1885.681	189	GOOD	25
1885.681	1885.912	161	FOR	25
1885.912	1886.052	496	YOUR	25
1886.052	1886.392	43	BACK	25
1895.312	1895.681	99999	sp	26
1895.681	1895.922	438	THEY	26
1895.922	1896.222	317	OWN	26
1896.222	1896.352	1	A	26
1896.352	1896.612	52	BIG	26
1896.612	1896.622	99999	sp	26
1896.622	1897.151	209	HOUSE	26
1897.151	1897.302	217	IN	26
1897.302	1897.372	434	THE	26
1897.372	1897.792	361	REMOTE	26
1897.792	1898.562	109	COUNTRYSIDE	26
1906.722	1906.892	99999	sp	27
1906.892	1906.962	99999	{NS}	27
1906.962	1907.052	434	THE	27
1907.052	1907.502	369	ROSE	27
1907.502	1908.222	106	CORSAGE	27
1908.222	1908.812	393	SMELLED	27
1908.812	1909.3319999999999	421	SWEET	27
1909.3319999999999	1909.382	99999	sp	27
1918.192	1918.362	99999	sp	28
1918.362	1918.772	433	THAT	28
1918.772	1918.812	99999	sp	28
1918.812	1919.5720000000001	326	PICKPOCKET	28
1919.5720000000001	1919.772	472	WAS	28
1919.772	1920.132	80	CAUGHT	28
1920.132	1920.362	356	RED	28
1920.362	1920.862	199	HANDED	28
1929.312	1929.512	19	AN	29
1929.512	1929.972	9	ADULT	29
1929.972	1930.302	255	MALE	29
1930.302	1930.972	42	BABOON'S	29
1930.972	1931.401	430	TEETH	29
1931.401	1931.632	30	ARE	29
1931.632	1931.982	285	NOT	29
1931.982	1932.5720000000001	415	SUITABLE	29
1932.5720000000001	1932.792	161	FOR	29
1932.792	1933.302	135	EATING	29
1933.302	1934.192	376	SHELLFISH	29
1944.681	1944.901	204	HER	30
1944.901	1945.512	470	WARDROBE	30
1945.512	1946.232	102	CONSISTS	30
1946.232	1946.442	294	OF	30
1946.442	1946.802	298	ONLY	30
1946.802	1947.392	385	SKIRTS	30
1947.392	1947.632	20	AND	30
1947.632	1948.412	54	BLOUSES	30
1957.892	1958.132	99999	sp	31
1958.132	1958.302	434	THE	31
1958.302	1958.632	453	TWO	31
1958.632	1959.312	33	ARTISTS	31
1959.312	1960.132	147	EXCHANGED	31
1960.132	1960.181	99999	sp	31
1960.181	1961.181	88888	PHOTOGRAPHS	31
1961.181	1962.362	99999	sp	31
1962.362	1963.122	39	AUTOGRAPHS	31
1974.612	1975.392	71	BUTTERSCOTCH	32
1975.392	1976.002	169	FUDGE	32
1976.002	1976.172	99999	sp	32
1976.172	1976.422	186	GOES	32
1976.422	1976.782	481	WELL	32
1976.782	1976.982	487	WITH	32
1976.982	1977.282	463	VANILLA	32
1977.282	1977.732	212	ICE	32
1977.732	1978.162	112	CREAM	32
1988.0819999999999	1988.462	366	RICH	33
1988.462	1989.162	349	PURCHASED	33
1989.162	1989.702	374	SEVERAL	33
1989.702	1990.172	382	SIGNED	33
1990.172	1991.062	245	LITHOGRAPHS	33
1999.552	1999.5720000000001	99999	sp	34
1999.5720000000001	1999.931	24	ANY	34
1999.931	2000.862	105	CONTRIBUTIONS	34
2000.862	2001.012	485	WILL	34
2001.012	2001.142	47	BE	34
2001.142	2001.562	195	GREATLY	34
2001.562	2002.002	88888	ACCEP	34
2002.002	2002.222	99999	sp	34
2002.222	2003.102	28	APPRECIATED	34
2013.382	2013.5720000000001	434	THE	35
2013.5720000000001	2014.272	111	CRANBERRY	35
2014.272	2014.752	57	BOG	35
2014.752	2015.112	178	GETS	35
2015.112	2015.512	465	VERY	35
2015.512	2015.841	340	PRETTY	35
2015.841	2016.101	217	IN	35
2016.101	2016.632	40	AUTUMN	35
2025.172	2025.362	210	HOW	36
2025.362	2025.642	128	DO	36
2025.642	2026.221	318	OYSTERS	36
2026.221	2026.442	253	MAKE	36
2026.442	2027.091	320	PEARLS	36
2034.591	2034.712	99999	sp	37
2034.712	2035.0720000000001	257	MAY	37
2035.0720000000001	2035.122	211	I	37
2035.122	2035.432	304	ORDER	37
2035.432	2035.482	1	A	37
2035.482	2036.0520000000001	319	PARFAIT	37
2036.0520000000001	2036.372	10	AFTER	37
2036.372	2036.531	211	I	37
2036.531	2036.672	134	EAT	37
2036.672	2037.031	124	DINNER	37
2045.812	2045.982	224	IS	38
2045.982	2046.132	375	SHE	38
2046.132	2046.522	187	GOING	38
2046.522	2046.732	487	WITH	38
2046.732	2047.022	495	YOU	38
2054.242	2054.432	99999	sp	39
2054.432	2054.531	99999	{NS}	39
2054.531	2054.712	76	CAN	39
2054.712	2054.781	434	THE	39
2054.781	2055.482	11	AGENCY	39
2055.482	2056.132	315	OVERTHROW	39
2056.132	2056.672	13	ALIEN	39
2056.672	2057.362	162	FORCES	39
2066.242	2066.312	99999	sp	40
2066.312	2066.401	1	A	40
2066.401	2067.072	371	SCREWDRIVER	40
2067.072	2067.471	224	IS	40
2067.471	2067.841	252	MADE	40
2067.841	2068.041	166	FROM	40
2068.041	2068.401	469	VODKA	40
2068.401	2068.791	20	AND	40
2068.791	2069.151	303	ORANGE	40
2069.151	2069.772	230	JUICE	40
2079.022	2079.122	99999	sp	41
2079.122	2079.341	210	HOW	41
2079.341	2079.572	269	MUCH	41
2079.572	2080.272	16	ALLOWANCE	41
2080.272	2080.452	128	DO	41
2080.452	2080.591	495	YOU	41
2080.591	2080.922	177	GET	41
2088.822	2088.992	99999	{NS}	42
2088.992	2089.601	115	CYCLICAL	42
2089.601	2090.262	346	PROGRAMS	42
2090.262	2090.411	485	WILL	42
2090.411	2090.712	281	NEVER	42
2090.712	2091.362	100	COMPILE	42
2091.362	2091.812	99999	{NS}	42
2098.841	2098.952	434	THE	43
2098.952	2099.482	61	BOSTON	43
2099.482	2100.012	45	BALLET	43
2100.012	2100.702	312	OVERCAME	43
2100.702	2100.841	435	THEIR	43
2100.841	2101.252	170	FUNDING	43
2101.252	2101.911	380	SHORTAGE	43
2109.702	2109.832	99999	sp	44
2109.832	2109.952	99999	{NS}	44
2109.952	2110.312	145	EVERY	44
2110.312	2110.802	74	CAB	44
2110.802	2111.122	280	NEEDS	44
2111.122	2111.762	364	REPAINTING	44
2111.762	2112.382	296	OFTEN	44
2120.082	2120.411	203	HELP	45
2120.411	2120.422	99999	sp	45
2120.422	2120.822	196	GREG	45
2120.822	2121.041	446	TO	45
2121.041	2121.322	325	PICK	45
2121.322	2121.471	1	A	45
2121.471	2121.742	321	PECK	45
2121.742	2121.862	294	OF	45
2121.862	2122.552	338	POTATOES	45
2130.841	2131.082	476	WE	46
2131.082	2131.401	241	LIKE	46
2131.401	2131.612	55	BLUE	46
2131.612	2132.252	88	CHEESE	46
2132.252	2132.322	99999	sp	46
2132.322	2132.522	70	BUT	46
2132.522	2132.841	466	VICTOR	46
2132.841	2133.252	242	LIKES	46
2133.252	2133.672	64	BRIE	46
2141.952	2142.022	99999	sp	47
2142.022	2142.101	99999	{NS}	47
2142.101	2142.452	108	COUNT	47
2142.452	2142.562	434	THE	47
2142.562	2142.992	289	NUMBER	47
2142.992	2143.132	294	OF	47
2143.132	2143.752	429	TEASPOONS	47
2143.752	2143.822	294	OF	47
2143.822	2144.442	395	SOYSAUCE	47
2144.442	2144.562	433	THAT	47
2144.562	2144.752	495	YOU	47
2144.752	2145.142	7	ADD	47
2154.002	2154.151	99999	sp	48
2154.151	2154.901	44	BAGPIPES	48
2154.901	2155.151	20	AND	48
2155.151	2155.772	59	BONGOS	48
2155.772	2155.932	30	ARE	48
2155.932	2156.422	273	MUSICAL	48
2156.422	2157.281	220	INSTRUMENTS	48
2166.041	2166.332	210	HOW	49
2166.332	2166.721	189	GOOD	49
2166.721	2166.962	224	IS	49
2166.962	2167.082	496	YOUR	49
2167.082	2167.971	138	ENDURANCE	49
2791.952	2791.971	99999	sp	0
2791.971	2792.112	30	ARE	0
2792.112	2792.302	496	YOUR	0
2792.302	2792.682	192	GRADES	0
2792.682	2792.721	99999	sp	0
2792.721	2793.172	206	HIGHER	0
2793.172	2793.372	302	OR	0
2793.372	2793.822	251	LOWER	0
2793.822	2794.012	432	THAN	0
2794.012	2794.812	275	NANCY'S	0
2803.742	2803.892	99999	sp	1
2803.892	2804.182	375	SHE	1
2804.182	2804.442	490	WORE	1
2804.442	2804.901	471	WARM	1
2804.901	2805.482	158	FLEECY	1
2805.482	2805.932	489	WOOLEN	1
2805.932	2806.781	311	OVERALLS	1
2815.502	2815.541	99999	sp	2
2815.541	2816.012	354	READING	2
2816.012	2816.312	217	IN	2
2816.312	2816.341	99999	sp	2
2816.341	2816.552	335	POOR	2
2816.552	2816.862	240	LIGHT	2
2816.862	2817.242	181	GIVES	2
2817.242	2817.452	495	YOU	2
2817.452	2818.272	150	EYESTRAIN	2
2826.452	2826.661	99999	{NS}	3
2826.661	2826.942	142	EVEN	3
2826.942	2827.221	211	I	3
2827.221	2828.031	293	OCCASIONALLY	3
2828.031	2828.262	177	GET	3
2828.262	2828.351	434	THE	3
2828.351	2828.752	265	MONDAY	3
2828.752	2829.302	56	BLUES	3
2838.112	2838.312	476	WE	4
2838.312	2838.492	30	ARE	4
2838.492	2838.872	301	OPEN	4
2838.872	2839.332	145	EVERY	4
2839.332	2839.692	265	MONDAY	4
2839.692	2840.382	143	EVENING	4
2848.62	2848.832	99999	{NS}	5
2848.832	2849.101	226	IT'S	5
2849.101	2849.37	285	NOT	5
2849.37	2849.76	133	EASY	5
2849.76	2849.892	446	TO	5
2849.892	2850.37	113	CREATE	5
2850.37	2851.172	215	ILLUMINATING	5
2851.172	2852.072	146	EXAMPLES	5
2861.312	2861.38	99999	sp	6
2861.38	2861.802	270	MUM	6
2861.802	2862.422	407	STRONGLY	6
2862.422	2863.082	126	DISLIKES	6
2863.082	2864.13	27	APPETIZERS	6
2872.462	2872.591	99999	sp	7
2872.591	2873.052	443	THOSE	7
2873.052	2873.091	99999	sp	7
2873.091	2873.221	484	WHO	7
2873.221	2873.591	427	TEACH	7
2873.591	2874.312	462	VALUES	7
2874.312	2874.351	99999	sp	7
2874.351	2874.861	156	FIRST	7
2874.861	2875.462	4	ABOLISH	7
2875.462	2876.052	87	CHEATING	7
2885.322	2885.49	99999	sp	8
2885.49	2885.642	434	THE	8
2885.642	2886.192	165	FRIGHTENED	8
2886.192	2886.692	89	CHILD	8
2886.692	2887.082	472	WAS	8
2887.082	2887.452	176	GENTLY	8
2887.452	2888.091	410	SUBDUED	8
2888.091	2888.322	73	BY	8
2888.322	2888.542	208	HIS	8
2888.542	2888.75	52	BIG	8
2888.75	2889.2309999999998	66	BROTHER	8
2899.922	2900.142	99999	{NS}	9
2900.142	2900.462	142	EVEN	9
2900.462	2900.572	1	A	9
2900.572	2901.062	383	SIMPLE	9
2901.062	2901.922	468	VOCABULARY	9
2901.922	2902.452	104	CONTAINS	9
2902.452	2903.13	422	SYMBOLS	9
2911.682	2911.832	1	A	10
2911.832	2912.26	110	CRAB	10
2912.26	2912.902	85	CHALLENGED	10
2912.902	2913.192	258	ME	10
2913.192	2913.452	99999	sp	10
2913.452	2913.63	70	BUT	10
2913.63	2913.672	1	A	10
2913.672	2913.962	350	QUICK	10
2913.962	2915.0	402	STAB	10
2915.0	2915.382	88888	TIM	10
2924.429	2924.691	99999	sp	11
2924.691	2925.259	183	GLUCOSE	11
2925.259	2925.509	20	AND	11
2925.509	2926.162	167	FRUCTOSE	11
2926.162	2926.319	30	ARE	11
2926.319	2926.819	276	NATURAL	11
2926.819	2927.38	414	SUGARS	11
2927.38	2927.412	99999	sp	11
2927.412	2927.809	163	FOUND	11
2927.809	2928.009	217	IN	11
2928.009	2928.521	168	FRUIT	11
2937.752	2937.992	99999	{NS}	12
2937.992	2938.021	30	ARE	12
2938.021	2938.181	495	YOU	12
2938.181	2938.521	250	LOOKING	12
2938.521	2938.752	161	FOR	12
2938.752	2939.412	88888	EMPLOYMEN	12
2947.599	2947.659	99999	sp	13
2947.659	2947.989	98	COFFEE	13
2947.989	2948.401	224	IS	13
2948.401	2948.822	198	GROWN	13
2948.822	2949.059	297	ON	13
2949.059	2949.539	404	STEEP	13
2949.539	2949.989	231	JUNGLE	13
2949.989	2950.261	241	LIKE	13
2950.261	2950.77	390	SLOPES	13
2950.77	2950.989	217	IN	13
2950.989	2951.45	431	TEMPERATE	13
2951.45	2951.962	497	ZONES	13
2961.752	2961.919	99999	sp	14
2961.919	2962.119	476	WE	14
2962.119	2962.52	480	WELCOME	14
2962.52	2962.799	256	MANY	14
2962.799	2963.099	282	NEW	14
2963.099	2963.669	408	STUDENTS	14
2963.669	2964.039	132	EACH	14
2964.039	2964.45	491	YEAR	14
2973.289	2973.679	298	ONLY	15
2973.679	2973.799	434	THE	15
2973.799	2974.179	51	BEST	15
2974.179	2974.712	330	PLAYERS	15
2974.712	2975.2	139	ENJOY	15
2975.2	2976.142	336	POPULARITY	15
2984.12	2984.272	99999	{NS}	16
2984.272	2984.802	75	CALCIUM	16
2984.802	2985.111	254	MAKES	16
2985.111	2985.59	58	BONES	16
2985.59	2985.822	20	AND	16
2985.822	2986.2	430	TEETH	16
2986.2	2986.251	99999	sp	16
2986.251	2986.811	406	STRONG	16
2995.031	2995.141	99999	sp	17
2995.141	2995.721	286	NOTHING	17
2995.721	2995.95	224	IS	17
2995.95	2996.221	34	AS	17
2996.221	2996.962	295	OFFENSIVE	17
2996.962	2997.302	34	AS	17
2997.302	2998.132	219	INNOCENCE	17
3007.76	3008.361	405	STEVE	18
3008.361	3008.382	99999	sp	18
3008.382	3008.751	490	WORE	18
3008.751	3008.84	1	A	18
3008.84	3009.281	65	BRIGHT	18
3009.281	3009.602	356	RED	18
3009.602	3010.281	78	CASHMERE	18
3010.281	3010.822	420	SWEATER	18
3019.73	3019.76	99999	sp	19
3019.76	3020.23	46	BARB'S	19
3020.23	3020.611	188	GOLD	19
3020.611	3021.281	63	BRACELET	19
3021.281	3021.43	472	WAS	19
3021.43	3021.492	1	A	19
3021.492	3022.23	193	GRADUATION	19
3022.23	3022.671	339	PRESENT	19
3032.26	3032.51	99999	{NS}	20
3032.51	3032.602	130	DRAW	20
3032.602	3032.992	145	EVERY	20
3032.992	3033.322	308	OUTER	20
3033.322	3033.7	244	LINE	20
3033.7	3034.361	156	FIRST	20
3034.361	3034.51	99999	sp	20
3034.51	3034.992	436	THEN	20
3034.992	3035.311	154	FILL	20
3035.311	3035.572	217	IN	20
3035.572	3035.662	434	THE	20
3035.662	3036.4	222	INTERIOR	20
3046.232	3046.302	99999	sp	21
3046.302	3046.452	99999	{NS}	21
3046.452	3046.612	434	THE	21
3046.612	3046.912	475	WATER	21
3046.912	3047.651	103	CONTAINED	21
3047.651	3047.962	448	TOO	21
3047.962	3048.192	269	MUCH	21
3048.192	3048.812	90	CHLORINE	21
3048.812	3048.992	20	AND	21
3048.992	3049.352	409	STUNG	21
3049.352	3049.612	208	HIS	21
3049.612	3050.172	149	EYES	21
3059.452	3059.982	229	JOHN'S	22
3059.982	3060.422	66	BROTHER	22
3060.422	3061.052	363	REPAINTED	22
3061.052	3061.151	434	THE	22
3061.151	3061.692	173	GARAGE	22
3061.692	3062.122	129	DOOR	22
3070.262	3070.362	99999	sp	23
3070.362	3070.882	84	CHALLENGE	23
3070.882	3071.262	132	EACH	23
3071.262	3071.822	175	GENERAL'S	23
3071.822	3072.842	221	INTELLIGENCE	23
3080.842	3081.782	17	AMBIDEXTROUS	24
3081.782	3082.552	327	PICKPOCKETS	24
3082.552	3083.242	6	ACCOMPLISH	24
3083.242	3083.622	267	MORE	24
3091.962	3092.102	99999	{NS}	25
3092.102	3092.132	1	A	25
3092.132	3092.622	271	MUSCULAR	25
3092.622	3093.282	2	ABDOMEN	25
3093.282	3093.542	224	IS	25
3093.542	3093.802	189	GOOD	25
3093.802	3094.022	161	FOR	25
3094.022	3094.192	496	YOUR	25
3094.192	3094.532	43	BACK	25
3102.992	3103.232	438	THEY	26
3103.232	3103.532	317	OWN	26
3103.532	3103.662	1	A	26
3103.662	3103.912	52	BIG	26
3103.912	3103.922	99999	sp	26
3103.922	3104.401	209	HOUSE	26
3104.401	3104.592	217	IN	26
3104.592	3104.662	434	THE	26
3104.662	3105.072	361	REMOTE	26
3105.072	3105.822	109	COUNTRYSIDE	26
3114.782	3115.032	99999	sp	27
3115.032	3115.172	434	THE	27
3115.172	3115.602	369	ROSE	27
3115.602	3116.292	106	CORSAGE	27
3116.292	3116.752	393	SMELLED	27
3116.752	3117.222	421	SWEET	27
3125.012	3125.492	433	THAT	28
3125.492	3126.172	326	PICKPOCKET	28
3126.172	3126.342	472	WAS	28
3126.342	3126.681	80	CAUGHT	28
3126.681	3126.952	356	RED	28
3126.952	3127.442	199	HANDED	28
3135.882	3136.052	19	AN	29
3136.052	3136.542	9	ADULT	29
3136.542	3136.812	255	MALE	29
3136.812	3137.342	42	BABOON'S	29
3137.342	3137.392	99999	sp	29
3137.392	3137.882	430	TEETH	29
3137.882	3138.042	30	ARE	29
3138.042	3138.362	285	NOT	29
3138.362	3138.931	415	SUITABLE	29
3138.931	3139.102	161	FOR	29
3139.102	3139.572	135	EATING	29
3139.572	3140.362	376	SHELLFISH	29
3150.282	3150.512	204	HER	30
3150.512	3151.112	470	WARDROBE	30
3151.112	3151.782	102	CONSISTS	30
3151.782	3151.992	294	OF	30
3151.992	3152.362	298	ONLY	30
3152.362	3152.931	385	SKIRTS	30
3152.931	3153.162	20	AND	30
3153.162	3153.862	54	BLOUSES	30
3162.912	3163.022	434	THE	31
3163.022	3163.332	453	TWO	31
3163.332	3163.892	33	ARTISTS	31
3163.892	3164.712	147	EXCHANGED	31
3164.712	3165.252	88888	PHOTO	31
3165.252	3165.602	99999	sp	31
3165.602	3166.132	88888	GRAPHS	31
3174.832	3174.922	99999	sp	32
3174.922	3175.082	99999	{NS}	32
3175.082	3175.822	71	BUTTERSCOTCH	32
3175.822	3176.252	169	FUDGE	32
3176.252	3176.512	186	GOES	32
3176.512	3176.832	481	WELL	32
3176.832	3176.982	487	WITH	32
3176.982	3177.272	463	VANILLA	32
3177.272	3177.682	212	ICE	32
3177.682	3178.072	112	CREAM	32
3187.072	3187.242	99999	sp	33
3187.242	3187.642	366	RICH	33
3187.642	3188.132	349	PURCHASED	33
3188.132	3188.632	374	SEVERAL	33
3188.632	3189.082	382	SIGNED	33
3189.082	3189.992	245	LITHOGRAPHS	33
3197.732	3198.022	99999	sp	34
3198.022	3198.401	24	ANY	34
3198.401	3199.272	105	CONTRIBUTIONS	34
3199.272	3199.422	485	WILL	34
3199.422	3199.582	47	BE	34
3199.582	3200.101	195	GREATLY	34
3200.101	3201.072	28	APPRECIATED	34
3209.802	3210.052	99999	sp	35
3210.052	3210.192	434	THE	35
3210.192	3210.791	111	CRANBERRY	35
3210.791	3211.212	57	BOG	35
3211.212	3211.291	99999	sp	35
3211.291	3211.582	178	GETS	35
3211.582	3211.901	465	VERY	35
3211.901	3212.161	340	PRETTY	35
3212.161	3212.512	217	IN	35
3212.512	3213.012	40	AUTUMN	35
3221.101	3221.302	210	HOW	36
3221.302	3221.552	128	DO	36
3221.552	3222.072	318	OYSTERS	36
3222.072	3222.302	253	MAKE	36
3222.302	3222.312	99999	sp	36
3222.312	3222.971	320	PEARLS	36
3231.052	3231.101	99999	sp	37
3231.101	3231.462	257	MAY	37
3231.462	3231.492	211	I	37
3231.492	3231.882	304	ORDER	37
3231.882	3231.911	1	A	37
3231.911	3232.432	319	PARFAIT	37
3232.432	3232.752	10	AFTER	37
3232.752	3232.932	211	I	37
3232.932	3233.062	134	EAT	37
3233.062	3233.362	124	DINNER	37
3242.272	3242.401	224	IS	38
3242.401	3242.582	375	SHE	38
3242.582	3242.901	187	GOING	38
3242.901	3243.101	487	WITH	38
3243.101	3243.362	495	YOU	38
3250.492	3250.601	99999	sp	39
3250.601	3250.892	76	CAN	39
3250.892	3250.982	434	THE	39
3250.982	3251.661	11	AGENCY	39
3251.661	3252.312	315	OVERTHROW	39
3252.312	3252.851	13	ALIEN	39
3252.851	3253.541	162	FORCES	39
3261.971	3262.242	99999	sp	40
3262.242	3262.322	1	A	40
3262.322	3262.971	371	SCREWDRIVER	40
3262.971	3263.341	224	IS	40
3263.341	3263.672	252	MADE	40
3263.672	3263.892	166	FROM	40
3263.892	3264.252	469	VODKA	40
3264.252	3264.601	20	AND	40
3264.601	3264.952	303	ORANGE	40
3264.952	3265.522	230	JUICE	40
3274.442	3274.572	99999	sp	41
3274.572	3274.802	210	HOW	41
3274.802	3275.031	269	MUCH	41
3275.031	3275.622	16	ALLOWANCE	41
3275.622	3275.742	128	DO	41
3275.742	3275.952	495	YOU	41
3275.952	3276.291	177	GET	41
3284.471	3285.072	115	CYCLICAL	42
3285.072	3285.742	346	PROGRAMS	42
3285.742	3285.862	485	WILL	42
3285.862	3286.192	281	NEVER	42
3286.192	3286.841	100	COMPILE	42
3294.572	3294.682	99999	sp	43
3294.682	3294.802	434	THE	43
3294.802	3295.341	61	BOSTON	43
3295.341	3295.862	45	BALLET	43
3295.862	3296.572	312	OVERCAME	43
3296.572	3296.721	435	THEIR	43
3296.721	3297.132	170	FUNDING	43
3297.132	3297.862	380	SHORTAGE	43
3307.022	3307.132	99999	{NS}	44
3307.132	3307.512	145	EVERY	44
3307.512	3307.922	74	CAB	44
3307.922	3308.212	280	NEEDS	44
3308.212	3308.851	364	REPAINTING	44
3308.851	3309.401	88888	OFFEN	44
3317.791	3318.112	203	HELP	45
3318.112	3318.502	196	GREG	45
3318.502	3318.512	99999	sp	45
3318.512	3318.682	446	TO	45
3318.682	3318.971	325	PICK	45
3318.971	3319.091	1	A	45
3319.091	3319.372	321	PECK	45
3319.372	3319.471	294	OF	45
3319.471	3320.232	338	POTATOES	45
3328.052	3328.252	476	WE	46
3328.252	3328.562	241	LIKE	46
3328.562	3328.772	55	BLUE	46
3328.772	3329.341	88	CHEESE	46
3329.341	3329.572	70	BUT	46
3329.572	3329.901	466	VICTOR	46
3329.901	3330.322	242	LIKES	46
3330.322	3330.752	64	BRIE	46
3339.291	3339.622	108	COUNT	47
3339.622	3339.752	434	THE	47
3339.752	3340.161	289	NUMBER	47
3340.161	3340.242	294	OF	47
3340.242	3340.901	429	TEASPOONS	47
3340.901	3340.982	294	OF	47
3340.982	3341.651	395	SOYSAUCE	47
3341.651	3341.772	433	THAT	47
3341.772	3341.982	495	YOU	47
3341.982	3342.332	7	ADD	47
3351.512	3352.151	44	BAGPIPES	48
3352.151	3352.401	20	AND	48
3352.401	3353.031	59	BONGOS	48
3353.031	3353.151	30	ARE	48
3353.151	3353.742	273	MUSICAL	48
3353.742	3354.661	220	INSTRUMENTS	48
3363.851	3364.161	210	HOW	49
3364.161	3364.492	189	GOOD	49
3364.492	3364.712	224	IS	49
3364.712	3364.882	496	YOUR	49
3364.882	3365.672	138	ENDURANCE	49
3990.992	3991.132	99999	{NS}	0
3991.132	3991.161	30	ARE	0
3991.161	3991.341	496	YOUR	0
3991.341	3991.802	192	GRADES	0
3991.802	3992.291	206	HIGHER	0
3992.291	3992.492	302	OR	0
3992.492	3992.942	251	LOWER	0
3992.942	3993.091	432	THAN	0
3993.091	3993.971	275	NANCY'S	0
4002.682	4002.862	99999	sp	1
4002.862	4003.142	375	SHE	1
4003.142	4003.442	490	WORE	1
4003.442	4003.952	471	WARM	1
4003.952	4004.582	158	FLEECY	1
4004.582	4004.952	489	WOOLEN	1
4004.952	4005.892	311	OVERALLS	1
