278.3456875	278.5746875	375	SHE	1
278.5746875	278.8556875	490	WORE	1
278.8556875	279.2956875	471	WARM	1
279.2956875	279.9256875	158	FLEECY	1
279.9256875	280.3746875	489	WOOLEN	1
280.3746875	281.3356875	311	OVERALLS	1
289.3693125	289.7693125	354	READING	2
289.7693125	289.7893125	99999	sp	2
289.7893125	290.0593125	217	IN	2
290.0593125	290.0683125	99999	sp	2
290.0683125	290.2893125	335	POOR	2
290.2893125	290.6693125	240	LIGHT	2
290.6693125	290.6883125	99999	sp	2
290.6883125	290.9893125	181	GIVES	2
290.9893125	291.1493125	495	YOU	2
291.1493125	291.8883125	150	EYESTRAIN	2
297.644	297.714	99999	sp	3
297.714	298.124	142	EVEN	3
298.124	298.434	211	I	3
298.434	299.134	293	OCCASIONALLY	3
299.134	299.394	177	GET	3
299.394	299.504	434	THE	3
299.504	299.874	265	MONDAY	3
299.874	300.473	56	BLUES	3
306.363	306.533	476	WE	4
306.533	306.733	30	ARE	4
306.733	307.153	301	OPEN	4
307.153	307.623	145	EVERY	4
307.623	307.963	265	MONDAY	4
307.963	308.603	143	EVENING	4
475.890625	476.150625	375	SHE	1
476.150625	476.429625	490	WORE	1
476.429625	476.880625	471	WARM	1
476.880625	476.960625	99999	sp	1
476.960625	477.540625	158	FLEECY	1
477.540625	477.979625	489	WOOLEN	1
477.979625	478.850625	311	OVERALLS	1
487.2161875	487.6361875	354	READING	2
487.6361875	487.8961875	217	IN	2
487.8961875	487.9161875	99999	sp	2
487.9161875	488.1461875	335	POOR	2
488.1461875	488.5161875	240	LIGHT	2
488.5161875	488.7761875	181	GIVES	2
488.7761875	488.9161875	495	YOU	2
488.9161875	489.6751875	150	EYESTRAIN	2
498.307	498.657	142	EVEN	3
498.657	498.937	211	I	3
498.937	499.536	293	OCCASIONALLY	3
499.536	499.777	177	GET	3
499.777	499.856	99999	sp	3
499.856	499.986	434	THE	3
499.986	500.307	265	MONDAY	3
500.307	500.887	56	BLUES	3
508.8573796681394	508.997	476	WE	4
508.997	509.176	30	ARE	4
509.176	509.556	301	OPEN	4
509.556	509.957	145	EVERY	4
509.957	510.377	265	MONDAY	4
510.377	510.977	143	EVENING	4
520.4355625	520.7635624999999	226	IT'S	5
520.7635624999999	521.0355625	285	NOT	5
521.0355625	521.4035624999999	133	EASY	5
521.4035624999999	521.5355625	446	TO	5
521.5355625	522.0355625	113	CREATE	5
522.0355625	522.7445624999999	215	ILLUMINATING	5
522.7445624999999	523.6145624999999	146	EXAMPLES	5
532.81825	533.22825	270	MUM	6
533.22825	533.85725	407	STRONGLY	6
533.85725	534.44825	126	DISLIKES	6
534.44825	535.38625	27	APPETIZERS	6
544.7461875	545.1061875	443	THOSE	7
545.1061875	545.2461875	484	WHO	7
545.2461875	545.5861875	427	TEACH	7
545.5861875	546.2061875	462	VALUES	7
546.2061875	546.2461875	99999	sp	7
546.2461875	546.6941875	156	FIRST	7
546.6941875	547.2461875	4	ABOLISH	7
547.2461875	547.7361875	87	CHEATING	7
557.5313183340156	557.7333183340156	434	THE	8
557.7333183340156	558.4013183340156	165	FRIGHTENED	8
558.4013183340156	558.9533183340156	89	CHILD	8
558.9533183340156	559.2333183340156	472	WAS	8
559.2333183340156	559.5833183340156	176	GENTLY	8
559.5833183340156	560.2423183340156	410	SUBDUED	8
560.2423183340156	560.4833183340156	73	BY	8
560.4833183340156	560.6833183340157	208	HIS	8
560.6833183340157	560.9233183340157	52	BIG	8
560.9233183340157	561.4013183340156	66	BROTHER	8
570.678625	571.078625	142	EVEN	9
571.078625	571.108625	1	A	9
571.108625	571.608625	383	SIMPLE	9
571.608625	572.428625	468	VOCABULARY	9
572.428625	573.007625	104	CONTAINS	9
573.007625	573.708625	422	SYMBOLS	9
583.3903422403681	583.5493422403681	99999	{NS}	10
583.5493422403681	583.5783422403681	1	A	10
583.5783422403681	583.9903422403681	110	CRAB	10
583.9903422403681	584.6103422403681	85	CHALLENGED	10
584.6103422403681	584.9103422403681	258	ME	10
584.9103422403681	585.1983422403681	99999	sp	10
585.1983422403681	585.3803422403681	70	BUT	10
585.3803422403681	585.4293422403681	1	A	10
585.4293422403681	585.7083422403681	350	QUICK	10
585.7083422403681	586.1503422403681	402	STAB	10
586.1503422403681	586.7403422403681	464	VANQUISHED	10
586.7403422403681	587.0003422403681	207	HIM	10
597.2575579690263	597.8072046120052	183	GLUCOSE	11
597.8072046120052	598.0072046120051	20	AND	11
598.0072046120051	598.6072046120051	167	FRUCTOSE	11
598.6072046120051	598.7472046120051	30	ARE	11
598.7472046120051	599.2572046120051	276	NATURAL	11
599.2572046120051	599.7692046120052	414	SUGARS	11
599.7692046120052	599.8072046120052	99999	sp	11
599.8072046120052	600.1792046120052	163	FOUND	11
600.1792046120052	600.3782046120051	217	IN	11
600.3782046120051	600.7982046120052	168	FRUIT	11
600.7982046120052	600.8972046120051	99999	sp	11
608.7208406762267	608.8359098176467	30	ARE	12
608.8359098176467	608.9669098176466	495	YOU	12
608.9669098176466	609.3469098176466	250	LOOKING	12
609.3469098176466	609.5969098176466	161	FOR	12
609.5969098176466	610.2669098176467	88888	EMPLOYMEN	12
621.1575	621.2475000000001	99999	sp	13
621.2475000000001	621.5965	98	COFFEE	13
621.5965	621.9975000000001	224	IS	13
621.9975000000001	622.3575000000001	198	GROWN	13
622.3575000000001	622.5775	297	ON	13
622.5775	623.2265	404	STEEP	13
623.2265	623.3045000000001	99999	sp	13
623.3045000000001	623.6475	231	JUNGLE	13
623.6475	623.9445000000001	241	LIKE	13
623.9445000000001	624.5045	390	SLOPES	13
624.5045	624.6655000000001	217	IN	13
624.6655000000001	625.2445	431	TEMPERATE	13
625.2445	625.8975	497	ZONES	13
634.6412526763949	634.858252676395	476	WE	14
634.858252676395	635.2902526763949	480	WELCOME	14
635.2902526763949	635.5802526763949	256	MANY	14
635.5802526763949	635.781252676395	282	NEW	14
635.781252676395	636.3512526763949	408	STUDENTS	14
636.3512526763949	636.6982526763949	132	EACH	14
636.6982526763949	637.0582526763949	491	YEAR	14
645.925625	645.968625	99999	sp	15
645.968625	646.355625	298	ONLY	15
646.355625	646.456625	434	THE	15
646.456625	646.828625	51	BEST	15
646.828625	647.305625	330	PLAYERS	15
647.305625	647.805625	139	ENJOY	15
647.805625	648.6576249999999	336	POPULARITY	15
657.5310625	657.5910625	99999	sp	16
657.5910625	658.2010624999999	75	CALCIUM	16
658.2010624999999	658.4830625	254	MAKES	16
658.4830625	658.9630625	58	BONES	16
658.9630625	659.2220625	20	AND	16
659.2220625	659.6230625	430	TEETH	16
659.6230625	659.6620624999999	99999	sp	16
659.6620624999999	660.2720625	406	STRONG	16
669.1153125	669.6033125	286	NOTHING	17
669.6033125	669.8743125	224	IS	17
669.8743125	670.1543125	34	AS	17
670.1543125	670.8143125	295	OFFENSIVE	17
670.8143125	671.1243125	34	AS	17
671.1243125	671.8353125	219	INNOCENCE	17
681.3469375	681.9189375	405	STEVE	18
681.9189375	681.9389375	99999	sp	18
681.9389375	682.3289374999999	490	WORE	18
682.3289374999999	682.3589374999999	1	A	18
682.3589374999999	682.8079375	65	BRIGHT	18
682.8079375	683.2189374999999	356	RED	18
683.2189374999999	683.8469375	78	CASHMERE	18
683.8469375	684.4189375	420	SWEATER	18
694.5889375	694.6989375	99999	sp	19
694.6989375	695.3509375000001	46	BARB'S	19
695.3509375000001	695.6989375	188	GOLD	19
695.6989375	696.3209375000001	63	BRACELET	19
696.3209375000001	696.4899375000001	472	WAS	19
696.4899375000001	696.5589375000001	1	A	19
696.5589375000001	697.3299375	193	GRADUATION	19
697.3299375	697.8709375000001	339	PRESENT	19
707.4655625	707.8945625000001	130	DRAW	20
707.8945625000001	708.2845625000001	145	EVERY	20
708.2845625000001	708.6055625000001	308	OUTER	20
708.6055625000001	708.9655625	244	LINE	20
708.9655625	709.5935625000001	156	FIRST	20
709.5935625000001	709.7545625	99999	sp	20
709.7545625	710.0845625000001	436	THEN	20
710.0845625000001	710.3645625	154	FILL	20
710.3645625	710.5045625	217	IN	20
710.5045625	710.6235625	434	THE	20
710.6235625	711.3135625000001	222	INTERIOR	20
720.73125	720.8902500000002	434	THE	21
720.8902500000002	721.22125	475	WATER	21
721.22125	721.8902500000002	103	CONTAINED	21
721.8902500000002	721.9512500000001	99999	sp	21
721.9512500000001	722.2112500000001	448	TOO	21
722.2112500000001	722.4512500000001	269	MUCH	21
722.4512500000001	723.0512500000001	90	CHLORINE	21
723.0512500000001	723.2512500000001	20	AND	21
723.2512500000001	723.48125	409	STUNG	21
723.48125	723.73125	208	HIS	21
723.73125	724.2512500000001	149	EYES	21
732.862375	733.3323750000001	229	JOHN'S	22
733.3323750000001	733.782375	66	BROTHER	22
733.782375	734.492375	363	REPAINTED	22
734.492375	734.602375	434	THE	22
734.602375	735.052375	173	GARAGE	22
735.052375	735.542375	129	DOOR	22
744.9695	745.4805	84	CHALLENGE	23
745.4805	745.9205000000001	132	EACH	23
745.9205000000001	746.5305	175	GENERAL'S	23
746.5305	747.4605	221	INTELLIGENCE	23
757.0229375	757.9129375	17	AMBIDEXTROUS	24
757.9129375	758.6529374999999	327	PICKPOCKETS	24
758.6529374999999	759.2629375	6	ACCOMPLISH	24
759.2629375	759.5619375	267	MORE	24
768.0598568990245	768.1598568990244	99999	sp	25
768.1598568990244	768.2698568990244	99999	{NS}	25
768.2698568990244	768.2998568990245	1	A	25
768.2998568990245	768.8298568990244	271	MUSCULAR	25
768.8298568990244	769.4798568990244	2	ABDOMEN	25
769.4798568990244	769.6998568990244	224	IS	25
769.6998568990244	769.9298568990243	189	GOOD	25
769.9298568990243	770.1398568990244	161	FOR	25
770.1398568990244	770.3098568990245	496	YOUR	25
770.3098568990245	770.6598568990244	43	BACK	25
779.7398750000001	779.829875	99999	sp	26
779.829875	780.159875	438	THEY	26
780.159875	780.5198750000001	317	OWN	26
780.5198750000001	780.679875	1	A	26
780.679875	780.919875	52	BIG	26
780.919875	781.419875	209	HOUSE	26
781.419875	781.669875	217	IN	26
781.669875	781.7398750000001	434	THE	26
781.7398750000001	782.1498750000001	361	REMOTE	26
782.1498750000001	782.919875	109	COUNTRYSIDE	26
791.1537500000001	791.34375	434	THE	27
791.34375	791.80375	369	ROSE	27
791.80375	792.5127500000001	106	CORSAGE	27
792.5127500000001	792.93375	393	SMELLED	27
792.93375	793.43375	421	SWEET	27
793.43375	793.47375	99999	sp	27
803.4817747564614	803.8717747564615	433	THAT	28
803.8717747564615	803.8917747564615	99999	sp	28
803.8917747564615	804.6717747564614	326	PICKPOCKET	28
804.6717747564614	804.8717747564615	472	WAS	28
804.8717747564615	805.1717747564614	80	CAUGHT	28
805.1717747564614	805.4317747564614	356	RED	28
805.4317747564614	805.8617747564615	199	HANDED	28
816.8709375	817.0299375000001	19	AN	29
817.0299375000001	817.5109375000001	9	ADULT	29
817.5109375000001	817.8609375	255	MALE	29
817.8609375	818.4409375	42	BABOON'S	29
818.4409375	818.8909375000001	430	TEETH	29
818.8909375000001	819.1209375	30	ARE	29
819.1209375	819.4209375	285	NOT	29
819.4209375	820.0509375	415	SUITABLE	29
820.0509375	820.2309375000001	161	FOR	29
820.2309375000001	820.7709375000001	135	EATING	29
820.7709375000001	821.5809375	376	SHELLFISH	29
831.80575	832.04575	204	HER	30
832.04575	832.65575	470	WARDROBE	30
832.65575	833.39575	102	CONSISTS	30
833.39575	833.67575	294	OF	30
833.67575	834.00575	298	ONLY	30
834.00575	834.62575	385	SKIRTS	30
834.62575	834.87575	20	AND	30
834.87575	835.61575	54	BLOUSES	30
844.784625	844.8956249999999	434	THE	31
844.8956249999999	845.1746249999999	453	TWO	31
845.1746249999999	845.815625	33	ARTISTS	31
845.815625	846.695625	147	EXCHANGED	31
846.695625	847.544625	39	AUTOGRAPHS	31
857.7901875	858.5301875	71	BUTTERSCOTCH	32
858.5301875	859.0901875000001	169	FUDGE	32
859.0901875000001	859.1391875	99999	sp	32
859.1391875	859.4391875000001	186	GOES	32
859.4391875000001	859.7401875	481	WELL	32
859.7401875	859.9101875000001	487	WITH	32
859.9101875000001	860.2201875000001	463	VANILLA	32
860.2201875000001	860.6501875000001	212	ICE	32
860.6501875000001	861.1001875000001	112	CREAM	32
870.5178125	871.0178125	366	RICH	33
871.0178125	871.6868125	349	PURCHASED	33
871.6868125	872.3478125	374	SEVERAL	33
872.3478125	872.7978125	382	SIGNED	33
872.7978125	873.7078124999999	245	LITHOGRAPHS	33
882.4560757998664	882.6150757998664	434	THE	35
882.6150757998664	883.2450757998664	111	CRANBERRY	35
883.2450757998664	883.7260757998664	57	BOG	35
883.7260757998664	884.0550757998665	178	GETS	35
884.0550757998665	884.4350757998664	465	VERY	35
884.4350757998664	884.7560757998665	340	PRETTY	35
884.7560757998665	885.0360757998665	217	IN	35
885.0360757998665	885.5260757998665	40	AUTUMN	35
893.3464375	893.6164375	210	HOW	36
893.6164375	893.8854375	128	DO	36
893.8854375	894.4454374999999	318	OYSTERS	36
894.4454374999999	894.6764374999999	253	MAKE	36
894.6764374999999	895.2864374999999	320	PEARLS	36
903.9521250000001	904.062125	99999	sp	37
904.062125	904.4421250000001	257	MAY	37
904.4421250000001	904.4721250000001	211	I	37
904.4721250000001	904.9621250000001	304	ORDER	37
904.9621250000001	904.9911250000001	1	A	37
904.9911250000001	905.6711250000001	319	PARFAIT	37
905.6711250000001	906.072125	10	AFTER	37
906.072125	906.2121250000001	211	I	37
906.2121250000001	906.352125	134	EAT	37
906.352125	906.7221250000001	124	DINNER	37
914.560125	914.7101250000001	224	IS	38
914.7101250000001	914.850125	375	SHE	38
914.850125	915.250125	187	GOING	38
915.250125	915.4391250000001	487	WITH	38
915.4391250000001	915.720125	495	YOU	38
924.610125	924.7101250000001	99999	{NS}	39
924.7101250000001	924.9201250000001	76	CAN	39
924.9201250000001	924.980125	434	THE	39
924.980125	925.6891250000001	11	AGENCY	39
925.6891250000001	926.3901250000001	315	OVERTHROW	39
926.3901250000001	926.9291250000001	13	ALIEN	39
926.9291250000001	927.629125	162	FORCES	39
936.699410961493	936.829410961493	1	A	40
936.829410961493	937.499410961493	371	SCREWDRIVER	40
937.499410961493	937.8994109614929	224	IS	40
937.8994109614929	938.269410961493	252	MADE	40
938.269410961493	938.449410961493	166	FROM	40
938.449410961493	938.809410961493	469	VODKA	40
938.809410961493	939.199410961493	20	AND	40
939.199410961493	939.6684109614929	303	ORANGE	40
939.6684109614929	940.1494109614929	230	JUICE	40
947.564875	947.814875	210	HOW	41
947.814875	948.064875	269	MUCH	41
948.064875	948.7148750000001	16	ALLOWANCE	41
948.7148750000001	948.854875	128	DO	41
948.854875	949.124875	495	YOU	41
949.124875	949.4848750000001	177	GET	41
949.4848750000001	949.534875	99999	sp	41
958.26175	958.9027500000001	115	CYCLICAL	42
958.9027500000001	959.6217500000001	346	PROGRAMS	42
959.6217500000001	959.73275	485	WILL	42
959.73275	960.0617500000001	281	NEVER	42
960.0617500000001	960.73275	100	COMPILE	42
969.5159375000001	969.7159375	434	THE	43
969.7159375	970.3359375	61	BOSTON	43
970.3359375	970.8759375	45	BALLET	43
970.8759375	971.5759375	312	OVERCAME	43
971.5759375	971.7349375	435	THEIR	43
971.7349375	972.1559374999999	170	FUNDING	43
972.1559374999999	972.8159375	380	SHORTAGE	43
981.4253125	981.5253125	99999	{NS}	44
981.5253125	981.9153125	145	EVERY	44
981.9153125	982.3453125000001	74	CAB	44
982.3453125000001	982.7053125	280	NEEDS	44
982.7053125	983.3953125	364	REPAINTING	44
983.3953125	984.0043125	296	OFTEN	44
993.8459375	994.2159375000001	203	HELP	45
994.2159375000001	994.2459375000001	99999	sp	45
994.2459375000001	994.6559375	196	GREG	45
994.6559375	994.6759375	99999	sp	45
994.6759375	994.8759375	446	TO	45
994.8759375	995.1659375	325	PICK	45
995.1659375	995.3059375	1	A	45
995.3059375	995.6059375	321	PECK	45
995.6059375	995.7549375000001	294	OF	45
995.7549375000001	996.5259375	338	POTATOES	45
1005.394	1005.434	99999	sp	46
1005.434	1005.634	476	WE	46
1005.634	1005.954	241	LIKE	46
1005.954	1006.144	55	BLUE	46
1006.144	1006.7139999999999	88	CHEESE	46
1006.7139999999999	1007.024	70	BUT	46
1007.024	1007.3430000000001	466	VICTOR	46
1007.3430000000001	1007.7139999999999	242	LIKES	46
1007.7139999999999	1008.134	64	BRIE	46
1017.2626875000001	1017.3516875	99999	{NS}	47
1017.3516875	1017.6716875000001	108	COUNT	47
1017.6716875000001	1017.8026875	434	THE	47
1017.8026875	1018.1716875000001	289	NUMBER	47
1018.1716875000001	1018.2726875000001	294	OF	47
1018.2726875000001	1018.9216875000001	429	TEASPOONS	47
1018.9216875000001	1018.9816875000001	294	OF	47
1018.9816875000001	1019.6616875000001	395	SOYSAUCE	47
1019.6616875000001	1019.7726875000001	433	THAT	47
1019.7726875000001	1020.0126875000001	495	YOU	47
1020.0126875000001	1020.3726875000001	7	ADD	47
1029.6915625	1030.4515625	44	BAGPIPES	48
1030.4515625	1030.7615624999999	20	AND	48
1030.7615624999999	1031.3515625	59	BONGOS	48
1031.3515625	1031.5115624999999	30	ARE	48
1031.5115624999999	1032.0515624999998	273	MUSICAL	48
1032.0515624999998	1032.9115625	220	INSTRUMENTS	48
1040.9434375	1041.1724375	210	HOW	49
1041.1724375	1041.5834375	189	GOOD	49
1041.5834375	1041.8624375	224	IS	49
1041.8624375	1042.0334375	496	YOUR	49
1042.0334375	1042.8724375	138	ENDURANCE	49
1596.2857733049555	1596.5447733049555	375	SHE	1
1596.5447733049555	1596.8357733049556	490	WORE	1
1596.8357733049556	1597.2947733049555	471	WARM	1
1597.2947733049555	1597.8547733049556	158	FLEECY	1
1597.8547733049556	1598.2757733049557	489	WOOLEN	1
1598.2757733049557	1599.0757733049556	311	OVERALLS	1
1607.4896232349365	1607.5896232349364	99999	sp	2
1607.5896232349364	1608.0986232349364	354	READING	2
1608.0986232349364	1608.3486232349364	217	IN	2
1608.3486232349364	1608.3796232349366	99999	sp	2
1608.3796232349366	1608.6296232349366	335	POOR	2
1608.6296232349366	1608.9396232349366	240	LIGHT	2
1608.9396232349366	1609.3486232349364	181	GIVES	2
1609.3486232349364	1609.5096232349365	495	YOU	2
1609.5096232349365	1610.3296232349367	150	EYESTRAIN	2
1619.4594375000001	1619.5294375	99999	{NS}	3
1619.5294375	1619.8794375000002	142	EVEN	3
1619.8794375000002	1620.1294375000002	211	I	3
1620.1294375000002	1620.9994375000003	293	OCCASIONALLY	3
1620.9994375000003	1621.2984375000003	177	GET	3
1621.2984375000003	1621.4094375000002	434	THE	3
1621.4094375000002	1621.7884375	265	MONDAY	3
1621.7884375	1622.4294375000002	56	BLUES	3
1630.9686875	1631.1186874999999	476	WE	4
1631.1186874999999	1631.3086875	30	ARE	4
1631.3086875	1631.7386875	301	OPEN	4
1631.7386875	1632.1186874999999	145	EVERY	4
1632.1186874999999	1632.7476875	88888	MONDAIM	4
1632.7476875	1633.2886875	143	EVENING	4
1642.8995	1643.1895	226	IT'S	5
1643.1895	1643.4285	285	NOT	5
1643.4285	1643.7894999999999	133	EASY	5
1643.7894999999999	1643.9285	446	TO	5
1643.9285	1644.3685	113	CREATE	5
1644.3685	1645.0895	215	ILLUMINATING	5
1645.0895	1645.9695	146	EXAMPLES	5
1654.0094375	1654.3794375000002	270	MUM	6
1654.3794375000002	1655.0094375	407	STRONGLY	6
1655.0094375	1655.6194375000002	126	DISLIKES	6
1655.6194375000002	1656.6294375000002	27	APPETIZERS	6
1665.3795000000002	1665.4095	99999	sp	7
1665.4095	1665.8895	443	THOSE	7
1665.8895	1666.0295	484	WHO	7
1666.0295	1666.3685	427	TEACH	7
1666.3685	1667.0195	462	VALUES	7
1667.0195	1667.3995000000002	156	FIRST	7
1667.3995000000002	1668.0195	4	ABOLISH	7
1668.0195	1668.5485	87	CHEATING	7
1678.1949955760122	1678.2875000000001	434	THE	8
1678.2875000000001	1678.8685	165	FRIGHTENED	8
1678.8685	1679.3375	89	CHILD	8
1679.3375	1679.5785	472	WAS	8
1679.5785	1679.9485	176	GENTLY	8
1679.9485	1680.5375000000001	410	SUBDUED	8
1680.5375000000001	1680.7985	73	BY	8
1680.7985	1681.0375000000001	208	HIS	8
1681.0375000000001	1681.2775	52	BIG	8
1681.2775	1681.7985	66	BROTHER	8
1691.11325	1691.5052500000002	142	EVEN	9
1691.5052500000002	1691.6032500000001	1	A	9
1691.6032500000001	1692.13525	383	SIMPLE	9
1692.13525	1693.0552500000001	468	VOCABULARY	9
1693.0552500000001	1693.62325	104	CONTAINS	9
1693.62325	1694.36325	422	SYMBOLS	9
1703.9191162892869	1704.4101162892869	99999	{NS}	10
1704.4101162892869	1704.4381162892869	1	A	10
1704.4381162892869	1704.5591162892867	110	CRAB	10
1704.5591162892867	1705.130116289287	85	CHALLENGED	10
1705.130116289287	1705.480116289287	258	ME	10
1705.480116289287	1705.5391162892868	99999	sp	10
1705.5391162892868	1705.9481162892869	70	BUT	10
1705.9481162892869	1705.980116289287	1	A	10
1705.980116289287	1706.3091162892867	350	QUICK	10
1706.3091162892867	1706.799116289287	402	STAB	10
1706.799116289287	1706.8181162892868	99999	sp	10
1706.8181162892868	1707.340116289287	464	VANQUISHED	10
1707.340116289287	1707.6791162892869	207	HIM	10
1717.543614432967	1718.212614432967	183	GLUCOSE	11
1718.212614432967	1718.433614432967	20	AND	11
1718.433614432967	1719.092614432967	167	FRUCTOSE	11
1719.092614432967	1719.322614432967	30	ARE	11
1719.322614432967	1719.7836144329672	276	NATURAL	11
1719.7836144329672	1720.3616144329671	414	SUGARS	11
1720.3616144329671	1720.753614432967	163	FOUND	11
1720.753614432967	1720.962614432967	217	IN	11
1720.962614432967	1721.3616144329671	168	FRUIT	11
1729.7923389558227	1730.0123389558228	99999	{NS}	12
1730.0123389558228	1730.0423389558227	30	ARE	12
1730.0423389558227	1730.1723389558226	495	YOU	12
1730.1723389558226	1730.5423389558227	250	LOOKING	12
1730.5423389558227	1730.7723389558228	161	FOR	12
1730.7723389558228	1731.4123389558229	88888	EMPLOYMEN	12
1742.570125	1742.970125	98	COFFEE	13
1742.970125	1743.399125	224	IS	13
1743.399125	1743.830125	198	GROWN	13
1743.830125	1744.100125	297	ON	13
1744.100125	1744.639125	404	STEEP	13
1744.639125	1745.090125	231	JUNGLE	13
1745.090125	1745.340125	241	LIKE	13
1745.340125	1745.899125	390	SLOPES	13
1745.899125	1746.149125	217	IN	13
1746.149125	1746.678125	431	TEMPERATE	13
1746.678125	1747.2881249999998	497	ZONES	13
1756.2996197575071	1756.507619757507	476	WE	14
1756.507619757507	1756.860619757507	480	WELCOME	14
1756.860619757507	1757.2396197575072	256	MANY	14
1757.2396197575072	1757.427619757507	282	NEW	14
1757.427619757507	1758.027619757507	408	STUDENTS	14
1758.027619757507	1758.410619757507	132	EACH	14
1758.410619757507	1758.840619757507	491	YEAR	14
1768.360375	1768.660375	298	ONLY	15
1768.660375	1768.7703749999998	434	THE	15
1768.7703749999998	1769.170375	51	BEST	15
1769.170375	1769.690375	330	PLAYERS	15
1769.690375	1770.181375	139	ENJOY	15
1770.181375	1771.093375	336	POPULARITY	15
1779.8819375	1780.0019375	99999	sp	16
1780.0019375	1780.6519375	75	CALCIUM	16
1780.6519375	1780.9419375	254	MAKES	16
1780.9419375	1781.4419375	58	BONES	16
1781.4419375	1781.7309375	20	AND	16
1781.7309375	1782.0619374999999	430	TEETH	16
1782.0619374999999	1782.7309375	406	STRONG	16
1791.7481875	1791.7901875	99999	sp	17
1791.7901875	1792.3601875000002	286	NOTHING	17
1792.3601875000002	1792.5581875	224	IS	17
1792.5581875	1792.7901875	34	AS	17
1792.7901875	1793.4791875	295	OFFENSIVE	17
1793.4791875	1793.7901875	34	AS	17
1793.7901875	1794.5781875	219	INNOCENCE	17
1803.8380708059985	1804.4284888238944	405	STEVE	18
1804.4284888238944	1804.700113642045	490	WORE	18
1804.700113642045	1804.8399922909127	1	A	18
1804.8399922909127	1805.223845327341	65	BRIGHT	18
1805.223845327341	1805.5702889576764	356	RED	18
1805.5702889576764	1806.077875037203	78	CASHMERE	18
1806.077875037203	1806.5788357796603	420	SWEATER	18
1815.6674375	1816.1584375	46	BARB'S	19
1816.1584375	1816.4784375000002	188	GOLD	19
1816.4784375000002	1817.0484375	63	BRACELET	19
1817.0484375	1817.2284375000002	472	WAS	19
1817.2284375000002	1817.2864375000001	1	A	19
1817.2864375000001	1818.0054375	193	GRADUATION	19
1818.0054375	1818.5574375	339	PRESENT	19
1828.4646205579706	1828.586578632846	99999	{NS}	20
1828.586578632846	1828.9556205579709	130	DRAW	20
1828.9556205579709	1829.2956205579708	145	EVERY	20
1829.2956205579708	1829.6736205579707	308	OUTER	20
1829.6736205579707	1830.0956205579707	244	LINE	20
1830.0956205579707	1830.7536205579706	156	FIRST	20
1830.7536205579706	1831.0546205579708	99999	sp	20
1831.0546205579708	1831.3936205579707	436	THEN	20
1831.3936205579707	1831.6646205579707	154	FILL	20
1831.6646205579707	1831.8136205579708	217	IN	20
1831.8136205579708	1831.9556205579709	434	THE	20
1831.9556205579709	1832.6256205579707	222	INTERIOR	20
1842.1336875	1842.2936874999998	434	THE	21
1842.2936874999998	1842.5946875	475	WATER	21
1842.5946875	1843.3446875	103	CONTAINED	21
1843.3446875	1843.3626875	99999	sp	21
1843.3626875	1843.6626875	448	TOO	21
1843.6626875	1843.9036875	269	MUCH	21
1843.9036875	1844.5146874999998	90	CHLORINE	21
1844.5146874999998	1844.7436874999999	20	AND	21
1844.7436874999999	1845.0346875	409	STUNG	21
1845.0346875	1845.3146875	208	HIS	21
1845.3146875	1845.8626875	149	EYES	21
1854.9905	1855.4905	229	JOHN'S	22
1855.4905	1855.9515000000001	66	BROTHER	22
1855.9515000000001	1856.5495	363	REPAINTED	22
1856.5495	1856.6415000000002	434	THE	22
1856.6415000000002	1857.1505000000002	173	GARAGE	22
1857.1505000000002	1857.5795000000003	129	DOOR	22
1866.178625	1866.306625	99999	{NS}	23
1866.306625	1866.8186249999999	84	CHALLENGE	23
1866.8186249999999	1867.267625	132	EACH	23
1867.267625	1867.868625	175	GENERAL'S	23
1867.868625	1868.856625	221	INTELLIGENCE	23
1877.8057500000002	1877.9157500000001	99999	sp	24
1877.9157500000001	1878.8657500000002	17	AMBIDEXTROUS	24
1878.8657500000002	1879.6657500000001	327	PICKPOCKETS	24
1879.6657500000001	1880.4157500000001	6	ACCOMPLISH	24
1880.4157500000001	1880.78475	267	MORE	24
1889.534576605285	1889.6095	1	A	25
1889.6095	1890.2495	271	MUSCULAR	25
1890.2495	1890.9595	2	ABDOMEN	25
1890.9595	1891.1495	224	IS	25
1891.1495	1891.3685	189	GOOD	25
1891.3685	1891.5995	161	FOR	25
1891.5995	1891.7395	496	YOUR	25
1891.7395	1892.0795	43	BACK	25
1901.41125	1901.65225	438	THEY	26
1901.65225	1901.95225	317	OWN	26
1901.95225	1902.0822500000002	1	A	26
1902.0822500000002	1902.3422500000001	52	BIG	26
1902.3422500000001	1902.3522500000001	99999	sp	26
1902.3522500000001	1902.8812500000001	209	HOUSE	26
1902.8812500000001	1903.03225	217	IN	26
1903.03225	1903.1022500000001	434	THE	26
1903.1022500000001	1903.52225	361	REMOTE	26
1903.52225	1904.29225	109	COUNTRYSIDE	26
1912.4262500000002	1912.4962500000001	99999	{NS}	27
1912.4962500000001	1912.58625	434	THE	27
1912.58625	1913.03625	369	ROSE	27
1913.03625	1913.7562500000001	106	CORSAGE	27
1913.7562500000001	1914.34625	393	SMELLED	27
1914.34625	1914.86625	421	SWEET	27
1914.86625	1914.9162500000002	99999	sp	27
1923.5297632536522	1923.939763253652	433	THAT	28
1923.939763253652	1923.979763253652	99999	sp	28
1923.979763253652	1924.7397632536522	326	PICKPOCKET	28
1924.7397632536522	1924.939763253652	472	WAS	28
1924.939763253652	1925.2997632536521	80	CAUGHT	28
1925.2997632536521	1925.5297632536522	356	RED	28
1925.5297632536522	1926.0297632536522	199	HANDED	28
1936.8685625	1937.0685625	19	AN	29
1937.0685625	1937.5285625000001	9	ADULT	29
1937.5285625000001	1937.8585625	255	MALE	29
1937.8585625	1938.5285625000001	42	BABOON'S	29
1938.5285625000001	1938.9575625000002	430	TEETH	29
1938.9575625000002	1939.1885625000002	30	ARE	29
1939.1885625000002	1939.5385625000001	285	NOT	29
1939.5385625000001	1940.1285625000003	415	SUITABLE	29
1940.1285625000003	1940.3485625	161	FOR	29
1940.3485625	1940.8585625	135	EATING	29
1940.8585625	1941.7485625000002	376	SHELLFISH	29
1951.2180625	1951.4380625000001	204	HER	30
1951.4380625000001	1952.0490625	470	WARDROBE	30
1952.0490625	1952.7690625	102	CONSISTS	30
1952.7690625	1952.9790625	294	OF	30
1952.9790625	1953.3390625	298	ONLY	30
1953.3390625	1953.9290625	385	SKIRTS	30
1953.9290625	1954.1690625	20	AND	30
1954.1690625	1954.9490625	54	BLOUSES	30
1966.3608125	1966.5308125	434	THE	31
1966.5308125	1966.8608125	453	TWO	31
1966.8608125	1967.5408125	33	ARTISTS	31
1967.5408125	1968.3608125	147	EXCHANGED	31
1968.3608125	1968.4098125	99999	sp	31
1968.4098125	1969.4098125	88888	PHOTOGRAPHS	31
1969.4098125	1970.5908125	99999	sp	31
1970.5908125	1971.3508125	39	AUTOGRAPHS	31
1980.866625	1981.646625	71	BUTTERSCOTCH	32
1981.646625	1982.256625	169	FUDGE	32
1982.256625	1982.426625	99999	sp	32
1982.426625	1982.676625	186	GOES	32
1982.676625	1983.036625	481	WELL	32
1983.036625	1983.236625	487	WITH	32
1983.236625	1983.536625	463	VANILLA	32
1983.536625	1983.986625	212	ICE	32
1983.986625	1984.416625	112	CREAM	32
1993.6145625000001	1993.9945625000003	366	RICH	33
1993.9945625000003	1994.6945625000003	349	PURCHASED	33
1994.6945625000003	1995.2345625000003	374	SEVERAL	33
1995.2345625000003	1995.7045625000003	382	SIGNED	33
1995.7045625000003	1996.5945625000002	245	LITHOGRAPHS	33
2006.018191839368	2006.0381918393682	99999	sp	34
2006.0381918393682	2006.3971918393681	24	ANY	34
2006.3971918393681	2007.3281918393682	105	CONTRIBUTIONS	34
2007.3281918393682	2007.478191839368	485	WILL	34
2007.478191839368	2007.6081918393681	47	BE	34
2007.6081918393681	2008.028191839368	195	GREATLY	34
2008.028191839368	2008.468191839368	88888	ACCEP	34
2008.468191839368	2008.688191839368	99999	sp	34
2008.688191839368	2009.5681918393682	28	APPRECIATED	34
2019.317	2019.507	434	THE	35
2019.507	2020.2069999999999	111	CRANBERRY	35
2020.2069999999999	2020.687	57	BOG	35
2020.687	2021.047	178	GETS	35
2021.047	2021.447	465	VERY	35
2021.447	2021.7759999999998	340	PRETTY	35
2021.7759999999998	2022.036	217	IN	35
2022.036	2022.567	40	AUTUMN	35
2029.5897851339855	2029.7742500000002	210	HOW	36
2029.7742500000002	2030.0542500000001	128	DO	36
2030.0542500000001	2030.63325	318	OYSTERS	36
2030.63325	2030.85425	253	MAKE	36
2030.85425	2031.50325	320	PEARLS	36
2040.1985	2040.3195	99999	sp	37
2040.3195	2040.6795000000002	257	MAY	37
2040.6795000000002	2040.7295000000001	211	I	37
2040.7295000000001	2041.0395	304	ORDER	37
2041.0395	2041.0895	1	A	37
2041.0895	2041.6595000000002	319	PARFAIT	37
2041.6595000000002	2041.9795000000001	10	AFTER	37
2041.9795000000001	2042.1385	211	I	37
2042.1385	2042.2795	134	EAT	37
2042.2795	2042.6385	124	DINNER	37
2049.891375	2050.061375	224	IS	38
2050.061375	2050.2113750000003	375	SHE	38
2050.2113750000003	2050.601375	187	GOING	38
2050.601375	2050.811375	487	WITH	38
2050.811375	2051.101375	495	YOU	38
2060.2484999999997	2060.3475	99999	{NS}	39
2060.3475	2060.5285	76	CAN	39
2060.5285	2060.5975	434	THE	39
2060.5975	2061.2985	11	AGENCY	39
2061.2985	2061.9485	315	OVERTHROW	39
2061.9485	2062.4885	13	ALIEN	39
2062.4885	2063.1785	162	FORCES	39
2072.3762005941953	2072.446200594195	99999	sp	40
2072.446200594195	2072.535200594195	1	A	40
2072.535200594195	2073.2062005941953	371	SCREWDRIVER	40
2073.2062005941953	2073.605200594195	224	IS	40
2073.605200594195	2073.975200594195	252	MADE	40
2073.975200594195	2074.1752005941953	166	FROM	40
2074.1752005941953	2074.535200594195	469	VODKA	40
2074.535200594195	2074.9252005941953	20	AND	40
2074.9252005941953	2075.285200594195	303	ORANGE	40
2075.285200594195	2075.906200594195	230	JUICE	40
2083.83325	2083.93325	99999	sp	41
2083.93325	2084.15225	210	HOW	41
2084.15225	2084.3832500000003	269	MUCH	41
2084.3832500000003	2085.08325	16	ALLOWANCE	41
2085.08325	2085.2632500000004	128	DO	41
2085.2632500000004	2085.40225	495	YOU	41
2085.40225	2085.73325	177	GET	41
2093.845375	2094.446375	115	CYCLICAL	42
2094.446375	2095.097375	346	PROGRAMS	42
2095.097375	2095.2463749999997	485	WILL	42
2095.2463749999997	2095.566375	281	NEVER	42
2095.566375	2096.2153749999998	100	COMPILE	42
2104.12025	2104.2312500000003	434	THE	43
2104.2312500000003	2104.76125	61	BOSTON	43
2104.76125	2105.29125	45	BALLET	43
2105.29125	2105.9812500000003	312	OVERCAME	43
2105.9812500000003	2106.12025	435	THEIR	43
2106.12025	2106.53125	170	FUNDING	43
2106.53125	2107.19025	380	SHORTAGE	43
2114.7115624999997	2114.8315625	99999	{NS}	44
2114.8315625	2115.1915624999997	145	EVERY	44
2115.1915624999997	2115.6815625	74	CAB	44
2115.6815625	2116.0015624999996	280	NEEDS	44
2116.0015624999996	2116.6415625	364	REPAINTING	44
2116.6415625	2117.2615625	296	OFTEN	44
2125.15025	2125.4792500000003	203	HELP	45
2125.4792500000003	2125.4902500000003	99999	sp	45
2125.4902500000003	2125.8902500000004	196	GREG	45
2125.8902500000004	2126.1092500000004	446	TO	45
2126.1092500000004	2126.3902500000004	325	PICK	45
2126.3902500000004	2126.5392500000003	1	A	45
2126.5392500000003	2126.8102500000005	321	PECK	45
2126.8102500000005	2126.9302500000003	294	OF	45
2126.9302500000003	2127.6202500000004	338	POTATOES	45
2136.3838125	2136.6248125	476	WE	46
2136.6248125	2136.9438125	241	LIKE	46
2136.9438125	2137.1548125000004	55	BLUE	46
2137.1548125000004	2137.7948125000003	88	CHEESE	46
2137.7948125000003	2137.8648125000004	99999	sp	46
2137.8648125000004	2138.0648125000002	70	BUT	46
2138.0648125000002	2138.3838125	466	VICTOR	46
2138.3838125	2138.7948125000003	242	LIKES	46
2138.7948125000003	2139.2148125000003	64	BRIE	46
2147.837331154324	2148.2268125	108	COUNT	47
2148.2268125	2148.3548124999998	434	THE	47
2148.3548124999998	2148.7668125	289	NUMBER	47
2148.7668125	2148.9068125	88888	OFT	47
2148.9068125	2149.5268125	429	TEASPOONS	47
2149.5268125	2149.5968125	294	OF	47
2149.5968125	2150.2538124999996	395	SOYSAUCE	47
2150.2538124999996	2150.3748124999997	433	THAT	47
2150.3748124999997	2150.5268125	495	YOU	47
2150.5268125	2150.9348124999997	7	ADD	47
2159.9169375	2160.6669375	44	BAGPIPES	48
2160.6669375	2160.9169375	20	AND	48
2160.9169375	2161.5379375	59	BONGOS	48
2161.5379375	2161.6979375	30	ARE	48
2161.6979375	2162.1879375000003	273	MUSICAL	48
2162.1879375000003	2163.0469375000002	220	INSTRUMENTS	48
2171.0240625	2171.2530625	210	HOW	49
2171.2530625	2171.6640625	189	GOOD	49
2171.6640625	2171.9430625	224	IS	49
2171.9430625	2172.1140625	496	YOUR	49
2172.1140625	2172.9530624999998	138	ENDURANCE	49
2797.7285625000004	2797.7475625	99999	sp	0
2797.7475625	2797.8885625000003	30	ARE	0
2797.8885625000003	2798.0785625000003	496	YOUR	0
2798.0785625000003	2798.4585625	192	GRADES	0
2798.4585625	2798.4975625	99999	sp	0
2798.4975625	2798.9485625	206	HIGHER	0
2798.9485625	2799.1485625	302	OR	0
2799.1485625	2799.5985625000003	251	LOWER	0
2799.5985625000003	2799.7885625000004	432	THAN	0
2799.7885625000004	2800.5885625	275	NANCY'S	0
2809.5198125	2809.8098125	375	SHE	1
2809.8098125	2810.0698125000004	490	WORE	1
2810.0698125000004	2810.5288125	471	WARM	1
2810.5288125	2811.1098125000003	158	FLEECY	1
2811.1098125000003	2811.5598125	489	WOOLEN	1
2811.5598125	2812.4088125000003	311	OVERALLS	1
2820.714	2821.185	354	READING	2
2821.185	2821.4849999999997	217	IN	2
2821.4849999999997	2821.5139999999997	99999	sp	2
2821.5139999999997	2821.725	335	POOR	2
2821.725	2822.035	240	LIGHT	2
2822.035	2822.415	181	GIVES	2
2822.415	2822.625	495	YOU	2
2822.625	2823.4449999999997	150	EYESTRAIN	2
2832.070704129177	2832.4004375	142	EVEN	3
2832.4004375	2832.6794375	211	I	3
2832.6794375	2833.4894375	293	OCCASIONALLY	3
2833.4894375	2833.7204375	177	GET	3
2833.7204375	2833.8094375	434	THE	3
2833.8094375	2834.2104375	265	MONDAY	3
2834.2104375	2834.7604375	56	BLUES	3
2843.307	2843.5069999999996	476	WE	4
2843.5069999999996	2843.687	30	ARE	4
2843.687	2844.0669999999996	301	OPEN	4
2844.0669999999996	2844.5269999999996	145	EVERY	4
2844.5269999999996	2844.8869999999997	265	MONDAY	4
2844.8869999999997	2845.5769999999998	143	EVENING	4
2855.098	2855.31	99999	{NS}	5
2855.31	2855.579	226	ITS	5
2855.579	2855.848	285	NOT	5
2855.848	2856.2380000000003	133	EASY	5
2856.2380000000003	2856.37	446	TO	5
2856.37	2856.848	113	CREATE	5
2856.848	2857.65	215	ILLUMINATING	5
2857.65	2858.55	146	EXAMPLES	5
2866.6879104255217	2867.074125	270	MUM	6
2867.074125	2867.694125	407	STRONGLY	6
2867.694125	2868.354125	126	DISLIKES	6
2868.354125	2869.402125	27	APPETIZERS	6
2878.905	2879.3660000000004	443	THOSE	2
2879.3660000000004	2879.405	99999	sp	2
2879.405	2879.5350000000003	484	WHO	2
2879.5350000000003	2879.905	427	TEACH	2
2879.905	2880.626	462	VALUES	2
2880.626	2880.6650000000004	99999	sp	2
2880.6650000000004	2881.175	156	FIRST	2
2881.175	2881.7760000000003	4	ABOLISH	2
2892.0590087748888	2892.191910687539	434	THE	8
2892.191910687539	2892.741910687539	165	FRIGHTENED	8
2892.741910687539	2893.241910687539	89	CHILD	8
2893.241910687539	2893.631910687539	472	WAS	8
2893.631910687539	2894.0019106875393	176	GENTLY	8
2894.0019106875393	2894.640910687539	410	SUBDUED	8
2894.640910687539	2894.871910687539	73	BY	8
2894.871910687539	2895.091910687539	208	HIS	8
2895.091910687539	2895.299910687539	52	BIG	8
2895.299910687539	2895.780910687539	66	BROTHER	8
2905.9324375	2906.2524375000003	142	EVEN	9
2906.2524375000003	2906.3624375000004	1	A	9
2906.3624375000004	2906.8524375	383	SIMPLE	9
2906.8524375	2907.7124375000003	468	VOCABULARY	9
2907.7124375000003	2908.2424375000005	104	CONTAINS	9
2908.2424375000005	2908.9204375000004	422	SYMBOLS	9
2917.904040053109	2918.054040053109	1	A	10
2918.054040053109	2918.4820400531094	110	CRAB	10
2918.4820400531094	2919.124040053109	85	CHALLENGED	10
2919.124040053109	2919.414040053109	258	ME	10
2919.414040053109	2919.6740400531094	99999	sp	10
2919.6740400531094	2919.8520400531092	70	BUT	10
2919.8520400531092	2919.894040053109	1	A	10
2919.894040053109	2920.184040053109	350	QUICK	10
2920.184040053109	2920.655341538551	402	STAB	10
2920.655341538551	2921.2552668854114	464	VANQUISHED	10
2921.2552668854114	2921.604040053109	207	HIM	10
2931.1184922481298	2931.68649224813	183	GLUCOSE	11
2931.68649224813	2931.93649224813	20	AND	11
2931.93649224813	2932.58949224813	167	FRUCTOSE	11
2932.58949224813	2932.74649224813	30	ARE	11
2932.74649224813	2933.24649224813	276	NATURAL	11
2933.24649224813	2933.80749224813	414	SUGARS	11
2933.80749224813	2933.83949224813	99999	sp	11
2933.83949224813	2934.23649224813	163	FOUND	11
2934.23649224813	2934.43649224813	217	IN	11
2934.43649224813	2934.94849224813	168	FRUIT	11
2942.4383717458404	2942.6783717458406	99999	{NS}	12
2942.6783717458406	2942.7073717458406	30	ARE	12
2942.7073717458406	2942.8673717458405	495	YOU	12
2942.8673717458405	2943.2073717458406	250	LOOKING	12
2943.2073717458406	2943.4383717458404	161	FOR	12
2943.4383717458404	2944.0983717458403	88888	EMPLOYMEN	12
2954.6782500000004	2954.7382500000003	99999	sp	13
2954.7382500000003	2955.0682500000003	98	COFFEE	13
2955.0682500000003	2955.48025	224	IS	13
2955.48025	2955.9012500000003	198	GROWN	13
2955.9012500000003	2956.1382500000004	297	ON	13
2956.1382500000004	2956.6182500000004	404	STEEP	13
2956.6182500000004	2957.0682500000003	231	JUNGLE	13
2957.0682500000003	2957.34025	241	LIKE	13
2957.34025	2957.84925	390	SLOPES	13
2957.84925	2958.0682500000003	217	IN	13
2958.0682500000003	2958.52925	431	TEMPERATE	13
2958.52925	2959.04125	497	ZONES	13
2967.1	2967.3	476	WE	14
2967.3	2967.701	480	WELCOME	14
2967.701	2967.98	256	MANY	14
2967.98	2968.28	282	NEW	14
2968.28	2968.85	408	STUDENTS	14
2968.85	2969.2200000000003	132	EACH	14
2969.2200000000003	2969.631	491	YEAR	14
2978.804	2979.194	298	ONLY	15
2979.194	2979.314	434	THE	15
2979.314	2979.694	51	BEST	15
2979.694	2980.227	330	PLAYERS	15
2980.227	2980.7149999999997	139	ENJOY	15
2980.7149999999997	2981.6569999999997	336	POPULARITY	15
2989.572491057298	2990.1459375000004	75	CALCIUM	16
2990.1459375000004	2990.4549375	254	MAKES	16
2990.4549375	2990.9339375000004	58	BONES	16
2990.9339375000004	2991.1659375000004	20	AND	16
2991.1659375000004	2991.5439375	430	TEETH	16
2991.5439375	2991.5949375000005	99999	sp	16
2991.5949375000005	2992.1549375000004	406	STRONG	16
3000.6045625	3000.7145625000003	99999	sp	17
3000.7145625000003	3001.2945625	286	NOTHING	17
3001.2945625	3001.5235625	224	IS	17
3001.5235625	3001.7945625	34	AS	17
3001.7945625	3002.5355625	295	OFFENSIVE	17
3002.5355625	3002.8755625000003	34	AS	17
3002.8755625000003	3003.7055625000003	219	INNOCENCE	17
3013.5853125	3014.1863124999995	405	STEVE	18
3014.1863124999995	3014.2073124999997	99999	sp	18
3014.2073124999997	3014.5763125	490	WORE	18
3014.5763125	3014.6653125	1	A	18
3014.6653125	3015.1063124999996	65	BRIGHT	18
3015.1063124999996	3015.4273124999995	356	RED	18
3015.4273124999995	3016.1063124999996	78	CASHMERE	18
3016.1063124999996	3016.6473124999998	420	SWEATER	18
3025.6635625	3025.6935625	99999	sp	19
3025.6935625	3026.1635625	46	BARB'S	19
3026.1635625	3026.5445624999998	188	GOLD	19
3026.5445624999998	3027.2145625	63	BRACELET	19
3027.2145625	3027.3635624999997	472	WAS	19
3027.3635624999997	3027.4255625	1	A	19
3027.4255625	3028.1635625	193	GRADUATION	19
3028.1635625	3028.6045624999997	339	PRESENT	19
3039.5328139317335	3039.5771321356688	99999	{NS}	20
3039.5771321356688	3039.874813931733	130	DRAW	20
3039.874813931733	3040.2648139317334	145	EVERY	20
3040.2648139317334	3040.5948139317334	308	OUTER	20
3040.5948139317334	3040.972813931733	244	LINE	20
3040.972813931733	3041.633813931733	156	FIRST	20
3041.633813931733	3041.7828139317335	99999	sp	20
3041.7828139317335	3042.2648139317334	436	THEN	20
3042.2648139317334	3042.5838139317334	154	FILL	20
3042.5838139317334	3042.8448139317334	217	IN	20
3042.8448139317334	3042.934813931733	434	THE	20
3042.934813931733	3043.6728139317333	222	INTERIOR	20
3052.6385	3052.7885	99999	{NS}	21
3052.7885	3052.9485	434	THE	21
3052.9485	3053.2484999999997	475	WATER	21
3053.2484999999997	3053.9874999999997	103	CONTAINED	21
3053.9874999999997	3054.2985	448	TOO	21
3054.2985	3054.5285	269	MUCH	21
3054.5285	3055.1485	90	CHLORINE	21
3055.1485	3055.3285	20	AND	21
3055.3285	3055.6884999999997	409	STUNG	21
3055.6884999999997	3055.9485	208	HIS	21
3055.9485	3056.5085	149	EYES	21
3064.8010625	3065.3310625	229	JOHN'S	22
3065.3310625	3065.7710625	66	BROTHER	22
3065.7710625	3066.4010625	363	REPAINTED	22
3066.4010625	3066.5000625	434	THE	22
3066.5000625	3067.0410625	173	GARAGE	22
3067.0410625	3067.4710625	129	DOOR	22
3075.2561250000003	3075.3561250000002	99999	sp	23
3075.3561250000002	3075.8761250000002	84	CHALLENGE	23
3075.8761250000002	3076.2561250000003	132	EACH	23
3076.2561250000003	3076.8161250000003	175	GENERAL'S	23
3076.8161250000003	3077.8361250000003	221	INTELLIGENCE	23
3086.3056875	3087.2456875000003	17	AMBIDEXTROUS	24
3087.2456875000003	3088.0156875000002	327	PICKPOCKETS	24
3088.0156875000002	3088.7056875000003	6	ACCOMPLISH	24
3088.7056875000003	3089.0856875	267	MORE	24
3097.269	3097.4089999999997	99999	{NS}	25
3097.4089999999997	3097.439	1	A	25
3097.439	3097.9289999999996	271	MUSCULAR	25
3097.9289999999996	3098.589	2	ABDOMEN	25
3098.589	3098.8489999999997	224	IS	25
3098.8489999999997	3099.109	189	GOOD	25
3099.109	3099.3289999999997	161	FOR	25
3099.3289999999997	3099.499	496	YOUR	25
3099.499	3099.839	43	BACK	25
3108.894058953502	3109.1520625	438	THEY	26
3109.1520625	3109.4520625	317	OWN	26
3109.4520625	3109.5820624999997	1	A	26
3109.5820624999997	3109.8320624999997	52	BIG	26
3109.8320624999997	3109.8420625	99999	sp	26
3109.8420625	3110.3210624999997	209	HOUSE	26
3110.3210624999997	3110.5120625	217	IN	26
3110.5120625	3110.5820624999997	434	THE	26
3110.5820624999997	3110.9920625	361	REMOTE	26
3110.9920625	3111.7420625	109	COUNTRYSIDE	26
3119.8899375	3120.0299375	434	THE	27
3120.0299375	3120.4599375	369	ROSE	27
3120.4599375	3121.1499375	106	CORSAGE	27
3121.1499375	3121.6099375	393	SMELLED	27
3121.6099375	3122.0799375	421	SWEET	27
3130.2926803164787	3130.7726803164787	433	THAT	28
3130.7726803164787	3131.4526803164786	326	PICKPOCKET	28
3131.4526803164786	3131.6226803164786	472	WAS	28
3131.6226803164786	3131.9616803164786	80	CAUGHT	28
3131.9616803164786	3132.2326803164788	356	RED	28
3132.2326803164788	3132.7226803164785	199	HANDED	28
3142.9968750000003	3143.1668750000003	19	AN	29
3143.1668750000003	3143.656875	9	ADULT	29
3143.656875	3143.926875	255	MALE	29
3143.926875	3144.4568750000003	42	BABOON'S	29
3144.4568750000003	3144.506875	99999	sp	29
3144.506875	3144.9968750000003	430	TEETH	29
3144.9968750000003	3145.156875	30	ARE	29
3145.156875	3145.4768750000003	285	NOT	29
3145.4768750000003	3146.0458750000003	415	SUITABLE	29
3146.0458750000003	3146.216875	161	FOR	29
3146.216875	3146.6868750000003	135	EATING	29
3146.6868750000003	3147.4768750000003	376	SHELLFISH	29
3156.4106875	3156.6406875000002	204	HER	30
3156.6406875000002	3157.2406875	470	WARDROBE	30
3157.2406875	3157.9106875	102	CONSISTS	30
3157.9106875	3158.1206875000003	294	OF	30
3158.1206875000003	3158.4906875	298	ONLY	30
3158.4906875	3159.0596875	385	SKIRTS	30
3159.0596875	3159.2906875	20	AND	30
3159.2906875	3159.9906875	54	BLOUSES	30
3169.1210625	3169.2310625	434	THE	31
3169.2310625	3169.5410625	453	TWO	31
3169.5410625	3170.1010625	33	ARTISTS	31
3170.1010625	3170.9210625	147	EXCHANGED	31
3170.9210625	3171.4610625	88888	PHOTO	31
3171.4610625	3171.8110625	99999	sp	31
3171.8110625	3172.3410625	88888	GRAPHS	31
3181.173	3181.3329999999996	99999	{NS}	31
3181.3329999999996	3182.073	71	BUTTERSCOTCH	31
3182.073	3182.5029999999997	169	FUDGE	31
3182.5029999999997	3182.763	186	GOES	31
3182.763	3183.0829999999996	481	WELL	31
3183.0829999999996	3183.2329999999997	487	WITH	31
3183.2329999999997	3183.5229999999997	463	VANILLA	31
3183.5229999999997	3183.9329999999995	212	ICE	31
3183.9329999999995	3184.323	112	CREAM	31
3192.5275725504507	3192.910375	366	RICH	33
3192.910375	3193.400375	349	PURCHASED	33
3193.400375	3193.900375	374	SEVERAL	33
3193.900375	3194.350375	382	SIGNED	33
3194.350375	3195.2603750000003	245	LITHOGRAPHS	33
3203.5704698563386	3203.9494698563385	24	ANY	34
3203.9494698563385	3204.8204698563386	105	CONTRIBUTIONS	34
3204.8204698563386	3204.9704698563387	485	WILL	34
3204.9704698563387	3205.1304698563386	47	BE	34
3205.1304698563386	3205.649469856339	195	GREATLY	34
3205.649469856339	3206.620469856339	28	APPRECIATED	34
3215.449852602829	3215.589852602829	434	THE	35
3215.589852602829	3216.1888526028292	111	CRANBERRY	35
3216.1888526028292	3216.609852602829	57	BOG	35
3216.609852602829	3216.6888526028292	99999	sp	35
3216.6888526028292	3216.979852602829	178	GETS	35
3216.979852602829	3217.298852602829	465	VERY	35
3217.298852602829	3217.558852602829	340	PRETTY	35
3217.558852602829	3217.9098526028292	217	IN	35
3217.9098526028292	3218.4098526028292	40	AUTUMN	35
3225.8176875	3226.0186875	210	HOW	36
3226.0186875	3226.2686875	128	DO	36
3226.2686875	3226.7886875	318	OYSTERS	36
3226.7886875	3227.0186875	253	MAKE	36
3227.0186875	3227.0286874999997	99999	sp	36
3227.0286874999997	3227.6876875	320	PEARLS	36
3236.4835625	3236.5325625	99999	sp	37
3236.5325625	3236.8935625	257	MAY	37
3236.8935625	3236.9235625	211	I	37
3236.9235625	3237.3135625	304	ORDER	37
3237.3135625	3237.3425625	1	A	37
3237.3425625	3237.8635624999997	319	PARFAIT	37
3237.8635624999997	3238.1835625	10	AFTER	37
3238.1835625	3238.3635624999997	211	I	37
3238.3635624999997	3238.4935625	134	EAT	37
3238.4935625	3238.7935625	124	DINNER	37
3246.413	3246.542	224	IS	38
3246.542	3246.723	375	SHE	38
3246.723	3247.042	187	GOING	38
3247.042	3247.242	487	WITH	38
3247.242	3247.503	495	YOU	38
3256.1200625	3256.2290625	99999	sp	39
3256.2290625	3256.5200624999998	76	CAN	39
3256.5200624999998	3256.6100625	434	THE	39
3256.6100625	3257.2890625	11	AGENCY	39
3257.2890625	3257.9400625	315	OVERTHROW	39
3257.9400625	3258.4790625	13	ALIEN	39
3258.4790625	3259.1690625	162	FORCES	39
3268.2319375	3268.3119375	1	A	40
3268.3119375	3268.9609375	371	SCREWDRIVER	40
3268.9609375	3269.3309375	224	IS	40
3269.3309375	3269.6619375	252	MADE	40
3269.6619375	3269.8819375	166	FROM	40
3269.8819375	3270.2419375	469	VODKA	40
3270.2419375	3270.5909375	20	AND	40
3270.5909375	3270.9419375	303	ORANGE	40
3270.9419375	3271.5119375	230	JUICE	40
3279.192375	3279.322375	99999	sp	41
3279.322375	3279.552375	210	HOW	41
3279.552375	3279.781375	269	MUCH	41
3279.781375	3280.372375	16	ALLOWANCE	41
3280.372375	3280.4923750000003	128	DO	41
3280.4923750000003	3280.7023750000003	495	YOU	41
3280.7023750000003	3281.0413750000002	177	GET	41
3289.328	3289.919	115	CYCLICAL	42
3289.919	3290.58	346	PROGRAMS	42
3290.58	3290.719	485	WILL	42
3290.719	3291.0299999999997	281	NEVER	42
3291.0299999999997	3291.698	100	COMPILE	42
3300.7026875000006	3300.8126875000003	99999	sp	43
3300.8126875000003	3300.9326875000006	434	THE	43
3300.9326875000006	3301.4716875000004	61	BOSTON	43
3301.4716875000004	3301.9926875000006	45	BALLET	43
3301.9926875000006	3302.7026875000006	312	OVERCAME	43
3302.7026875000006	3302.8516875000005	435	THEIR	43
3302.8516875000005	3303.2626875000005	170	FUNDING	43
3303.2626875000005	3303.9926875000006	380	SHORTAGE	43
3312.2103125	3312.3203125	99999	{NS}	44
3312.3203125	3312.7003125	145	EVERY	44
3312.7003125	3313.1103125	74	CAB	44
3313.1103125	3313.4003125	280	NEEDS	44
3313.4003125	3314.0393125	364	REPAINTING	44
3314.0393125	3314.5893125	88888	OFFEN	44
3322.78675	3323.10775	203	HELP	45
3323.10775	3323.49775	196	GREG	45
3323.49775	3323.50775	99999	sp	45
3323.50775	3323.67775	446	TO	45
3323.67775	3323.96675	325	PICK	45
3323.96675	3324.08675	1	A	45
3324.08675	3324.36775	321	PECK	45
3324.36775	3324.46675	294	OF	45
3324.46675	3325.22775	338	POTATOES	45
3333.399	3333.5989999999997	476	WE	46
3333.5989999999997	3333.9089999999997	241	LIKE	46
3333.9089999999997	3334.1189999999997	55	BLUE	46
3334.1189999999997	3334.6879999999996	88	CHEESE	46
3334.6879999999996	3334.919	70	BUT	46
3334.919	3335.2479999999996	466	VICTOR	46
3335.2479999999996	3335.669	242	LIKES	46
3335.669	3336.0989999999997	64	BRIE	46
3345.184703360051	3345.5634999999997	108	COUNT	47
3345.5634999999997	3345.6755	434	THE	47
3345.6755	3346.1025	289	NUMBER	47
3346.1025	3346.1835	294	OF	47
3346.1835	3346.8424999999997	429	TEASPOONS	47
3346.8424999999997	3346.9235	294	OF	47
3346.9235	3347.5555	395	SOYSAUCE	47
3347.5555	3347.6755	433	THAT	47
3347.6755	3347.8655	495	YOU	47
3347.8655	3348.2735	7	ADD	47
3357.5972500000003	3358.23625	44	BAGPIPES	48
3358.23625	3358.48625	20	AND	48
3358.48625	3359.11625	59	BONGOS	48
3359.11625	3359.23625	30	ARE	48
3359.23625	3359.8272500000003	273	MUSICAL	48
3359.8272500000003	3360.74625	220	INSTRUMENTS	48
3368.601	3368.911	210	HOW	49
3368.911	3369.242	189	GOOD	49
3369.242	3369.462	224	IS	49
3369.462	3369.632	496	YOUR	49
3369.632	3370.422	138	ENDURANCE	49
3996.7993125000003	3996.9393125	99999	{NS}	0
3996.9393125	3996.9683125	30	ARE	0
3996.9683125	3997.1483125	496	YOUR	0
3997.1483125	3997.6093125	192	GRADES	0
3997.6093125	3998.0983125000002	206	HIGHER	0
3998.0983125000002	3998.2993125000003	302	OR	0
3998.2993125000003	3998.7493125	251	LOWER	0
3998.7493125	3998.8983125	432	THAN	0
3998.8983125	3999.7783125	275	NANCY'S	0
4008.580080251978	4008.8830626838653	375	SHE	1
4008.8830626838653	4009.178999012686	490	WORE	1
4009.178999012686	4009.6211419801493	471	WARM	1
4009.6211419801493	4010.2588143077264	158	FLEECY	1
4010.2588143077264	4010.7344262647593	489	WOOLEN	1
4010.7344262647593	4011.5693894782166	311	OVERALLS	1
