8.7875		8.956375		1.0	
17.6781875		17.8470625		1.0	
26.0805		26.249375		1.0	
35.945125		36.114		1.0	
46.7375625		46.9064375		1.0	
53.8175		53.986375		1.0	
59.5505625		59.7194375		1.0	
66.76975		66.938625		1.0	
72.2236875		72.3925625		1.0	
80.1385625		80.3074375		1.0	
85.941875		86.11075		1.0	
91.5495		91.718375		1.0	
97.1675		97.336375		1.0	
103.7129375		103.8818125		1.0	
109.51625		109.685125		1.0	
267.8501875		268.0190625		1.0	
270.613625		270.7825		1.0	
276.2534375		276.4223125		1.0	
287.3011875		287.4700625		1.0	
295.7035625		295.8724375		1.0	
304.013		304.181875		1.0	
314.7038125		314.8726875		1.0	
320.506875		320.67575		1.0	
327.005875		327.17475		1.0	
332.48425		332.653125		1.0	
335.385625		335.5545		1.0	
340.56225		340.731125		1.0	
347.1076875		347.2765625		1.0	
352.6074375		352.7763125		1.0	
358.96725		359.136125		1.0	
364.2366875		364.4055625		1.0	
466.060375		466.22925		1.0	
468.4285625		468.5974375		1.0	
473.930375		474.09925		1.0	
480.058		480.226875		1.0	
485.326875		485.49575		1.0	
490.82725		490.996125		1.0	
496.444875		496.61375		1.0	
506.8665625		507.0354375		1.0	
512.7383125		512.9071875		1.0	
518.541		518.709875		1.0	
525.1566875		525.3255625		1.0	
530.84275		531.011625		1.0	
536.7163125		536.8851875		1.0	
542.7035		542.872375		1.0	
549.040625		549.2095		1.0	
555.6093125		555.7781875		1.0	
562.5029375		562.6718125		1.0	
568.5841875		568.7530625		1.0	
575.0135625		575.1824375		1.0	
581.53525		581.704125		1.0	
588.5455		588.714375		1.0	
595.067125		595.236		1.0	
601.9851875		602.1540625		1.0	
606.626125		606.795		1.0	
611.7325		611.901375		1.0	
619.2301875		619.3990625		1.0	
627.214125		627.383		1.0	
632.53		632.698875		1.0	
638.4481875		638.6170625		1.0	
643.880125		644.049		1.0	
649.891125		650.06		1.0	
655.4855625		655.6544375		1.0	
661.6358125		661.8046875		1.0	
667.207625		667.3765		1.0	
673.2418125		673.4106875		1.0	
679.2760625		679.4449375		1.0	
686.2856875		686.4545625		1.0	
692.50625		692.675125		1.0	
699.0986875		699.2675625		1.0	
705.5043125		705.6731875		1.0	
712.560375		712.72925		1.0	
718.6880625		718.8569375		1.0	
725.442375		725.61125		1.0	
730.8285		730.997375		1.0	
737.396		737.564875		1.0	
742.85175		743.020625		1.0	
748.932375		749.10125		1.0	
754.7350625		754.9039375		1.0	
761.0478125		761.2166875		1.0	
766.1315625		766.3004375		1.0	
771.980125		772.149		1.0	
777.7828125		777.9516875		1.0	
784.189625		784.3585		1.0	
789.226375		789.39525		1.0	
795.9575		796.126375		1.0	
801.365		801.533875		1.0	
807.3308125		807.4996875		1.0	
814.851125		815.02		1.0	
823.0671875		823.2360625		1.0	
829.7983125		829.9671875		1.0	
836.854375		837.02325		1.0	
842.6576875		842.8265625		1.0	
849.3418125		849.5106875		1.0	
855.5623125		855.7311875		1.0	
862.5951875		862.7640625		1.0	
868.49075		868.659625		1.0	
874.7345		874.903375		1.0	
880.3753125		880.5441875		1.0	
886.758875		886.92775		1.0	
891.4230625		891.5919375		1.0	
896.55325		896.722125		1.0	
902.0768125		902.2456875		1.0	
908.553875		908.72275		1.0	
912.5216875		912.6905625		1.0	
916.93175		917.100625		1.0	
922.641625		922.8105		1.0	
928.6068125		928.7756875		1.0	
934.6654375		934.8343125		1.0	
940.76925		940.938125		1.0	
945.55075		945.719625		1.0	
950.935625		951.1045		1.0	
956.0884375		956.2573125		1.0	
961.729875		961.89875		1.0	
967.531375		967.70025		1.0	
973.68225		973.851125		1.0	
979.5545625		979.7234375		1.0	
986.1470625		986.3159375		1.0	
991.670625		991.8395		1.0	
997.9845625		998.1534375		1.0	
1003.3695		1003.538375		1.0	
1009.148375		1009.31725		1.0	
1015.13675		1015.305625		1.0	
1021.59		1021.758875		1.0	
1027.50875		1027.677625		1.0	
1033.891125		1034.06		1.0	
1038.90525		1039.074125		1.0	
1044.244375		1044.41325		1.0	
1056.471625		1056.6405		1.0	
1061.4390625		1061.6079375		1.0	
1068.4023125		1068.5711875		1.0	
1073.8104375		1073.9793125		1.0	
1080.61125		1080.780125		1.0	
1085.7408125		1085.9096875		1.0	
1092.21725		1092.386125		1.0	
1096.720125		1096.889		1.0	
1101.5938125		1101.7626875		1.0	
1107.25725		1107.426125		1.0	
1113.408125		1113.577		1.0	
1118.283		1118.451875		1.0	
1123.7369375		1123.9058125		1.0	
1129.1695		1129.338375		1.0	
1135.922625		1136.0915		1.0	
1141.93425		1142.103125		1.0	
1148.48025		1148.649125		1.0	
1154.3288125		1154.4976875		1.0	
1160.57375		1160.742625		1.0	
1166.4925		1166.661375		1.0	
1172.6659375		1172.8348125		1.0	
1179.0495625		1179.2184375		1.0	
1185.1998125		1185.3686875		1.0	
1189.4009375		1189.5698125		1.0	
1195.830375		1195.99925		1.0	
1202.9555		1203.124375		1.0	
1208.3171875		1208.4860625		1.0	
1213.377125		1213.546		1.0	
1586.047375		1586.21625		1.0	
1588.5084375		1588.6773125		1.0	
1594.1256875		1594.2945625		1.0	
1599.8819375		1600.0508125		1.0	
1605.545375		1605.71425		1.0	
1611.9051875		1612.0740625		1.0	
1617.5221875		1617.6910625		1.0	
1623.6730625		1623.8419375		1.0	
1628.9419375		1629.1108125		1.0	
1634.9076875		1635.0765625		1.0	
1640.59375		1640.762625		1.0	
1646.7458125		1646.9146875		1.0	
1652.0836875		1652.2525625		1.0	
1657.9554375		1658.1243125		1.0	
1663.479625		1663.6485		1.0	
1669.7239375		1669.8928125		1.0	
1676.0830625		1676.2519375		1.0	
1682.9076875		1683.0765625		1.0	
1688.941875		1689.11075		1.0	
1695.604		1695.772875		1.0	
1701.96375		1702.132625		1.0	
1708.8568125		1709.0256875		1.0	
1715.4950625		1715.6639375		1.0	
1723.3409375		1723.5098125		1.0	
1727.8444375		1728.0133125		1.0	
1733.251375		1733.42025		1.0	
1740.586		1740.754875		1.0	
1748.8728125		1749.0416875		1.0	
1754.164875		1754.33375		1.0	
1760.941875		1761.11075		1.0	
1766.2339375		1766.4028125		1.0	
1772.338375		1772.50725		1.0	
1778.0494375		1778.2183125		1.0	
1784.2455		1784.414375		1.0	
1789.863125		1790.032		1.0	
1795.967		1796.135875		1.0	
1801.5388125		1801.7076875		1.0	
1807.6890625		1807.8579375		1.0	
1813.5155625		1813.6844375		1.0	
1819.8985625		1820.0674375		1.0	
1826.466		1826.634875		1.0	
1833.708375		1833.87725		1.0	
1840.1145625		1840.2834375		1.0	
1847.1474375		1847.3163125		1.0	
1852.74125		1852.910125		1.0	
1858.7290625		1858.8979375		1.0	
1864.160375		1864.32925		1.0	
1870.1255625		1870.2944375		1.0	
1875.7431875		1875.9120625		1.0	
1881.9863125		1882.1551875		1.0	
1887.5813125		1887.7501875		1.0	
1893.685125		1893.854		1.0	
1899.32475		1899.493625		1.0	
1910.373125		1910.542		1.0	
1916.3859375		1916.5548125		1.0	
1921.467875		1921.63675		1.0	
1927.3634375		1927.5323125		1.0	
1934.8379375		1935.0068125		1.0	
1942.75225		1942.921125		1.0	
1949.2048125		1949.3736875		1.0	
1956.2383125		1956.4071875		1.0	
1964.3846875		1964.5535625		1.0	
1972.601375		1972.77025		1.0	
1978.776		1978.944875		1.0	
1986.0171875		1986.1860625		1.0	
1991.4949375		1991.6638125		1.0	
1997.6458125		1997.8146875		1.0	
2004.0288125		2004.1976875		1.0	
2011.364625		2011.5335		1.0	
2017.1203125		2017.2891875		1.0	
2023.2705625		2023.4394375		1.0	
2027.58775		2027.756625		1.0	
2032.554875		2032.72375		1.0	
2038.0790625		2038.2479375		1.0	
2043.88175		2044.050625		1.0	
2047.874		2048.042875		1.0	
2052.493		2052.661875		1.0	
2058.2260625		2058.3949375		1.0	
2064.3536875		2064.5225625		1.0	
2070.4349375		2070.6038125		1.0	
2077.142875		2077.31175		1.0	
2081.877875		2082.04675		1.0	
2087.0080625		2087.1769375		1.0	
2091.7656875		2091.9345625		1.0	
2096.8965		2097.065375		1.0	
2102.1183125		2102.2871875		1.0	
2108.106125		2108.275		1.0	
2112.9119375		2113.0808125		1.0	
2118.1099375		2118.2788125		1.0	
2123.124125		2123.293		1.0	
2128.7875625		2128.9564375		1.0	
2134.2415		2134.410375		1.0	
2140.137625		2140.3065		1.0	
2145.8236875		2145.9925625		1.0	
2152.067375		2152.23625		1.0	
2157.75525		2157.924125		1.0	
2163.92875		2164.097625		1.0	
2168.7791875		2168.9480625		1.0	
2174.0724375		2174.2413125		1.0	
2185.1853125		2185.3541875		1.0	
2190.4563125		2190.6251875		1.0	
2197.00175		2197.170625		1.0	
2202.1771875		2202.3460625		1.0	
2209.18625		2209.355125		1.0	
2214.19975		2214.368625		1.0	
2220.1649375		2220.3338125		1.0	
2225.5510625		2225.7199375		1.0	
2231.53825		2231.707125		1.0	
2236.32025		2236.489125		1.0	
2242.4479375		2242.6168125		1.0	
2247.87925		2248.048125		1.0	
2254.1468125		2254.3156875		1.0	
2259.1365		2259.305375		1.0	
2265.65875		2265.827625		1.0	
2271.4144375		2271.5833125		1.0	
2277.8670625		2278.0359375		1.0	
2283.74		2283.908875		1.0	
2290.2628125		2290.4316875		1.0	
2295.878625		2296.0475		1.0	
2302.3776875		2302.5465625		1.0	
2307.9250625		2308.0939375		1.0	
2313.8438125		2314.0126875		1.0	
2319.94825		2320.117125		1.0	
2324.7296875		2324.8985625		1.0	
2328.7915625		2328.9604375		1.0	
2335.941125		2336.11		1.0	
2342.6484375		2342.8173125		1.0	
2350.0526875		2350.2215625		1.0	
2354.6484375		2354.8173125		1.0	
2362.0306875		2362.1995625		1.0	
2367.3685625		2367.5374375		1.0	
2374.355		2374.523875		1.0	
2379.62325		2379.792125		1.0	
2384.729625		2384.8985		1.0	
2390.0919375		2390.2608125		1.0	
2396.266		2396.434875		1.0	
2401.7199375		2401.8888125		1.0	
2408.498125		2408.667		1.0	
2414.1615625		2414.3304375		1.0	
2419.6155		2419.784375		1.0	
2426.5329375		2426.7018125		1.0	
2432.590375		2432.75925		1.0	
2438.765		2438.933875		1.0	
2445.9841875		2446.1530625		1.0	
2451.5535625		2451.7224375		1.0	
2458.6096875		2458.7785625		1.0	
2463.6464375		2463.8153125		1.0	
2470.1454375		2470.3143125		1.0	
2475.4619375		2475.6308125		1.0	
2481.8675		2482.036375		1.0	
2487.205375		2487.37425		1.0	
2493.3104375		2493.4793125		1.0	
2498.7185625		2498.8874375		1.0	
2504.5206875		2504.6895625		1.0	
2509.325875		2509.49475		1.0	
2515.499375		2515.66825		1.0	
2520.8610625		2521.0299375		1.0	
2526.153125		2526.322		1.0	
2533.3485		2533.517375		1.0	
2539.4529375		2539.6218125		1.0	
2545.580625		2545.7495		1.0	
2554.1918125		2554.3606875		1.0	
2559.832625		2560.0015		1.0	
2566.8655		2567.034375		1.0	
2572.644375		2572.81325		1.0	
2580.9080625		2581.0769375		1.0	
2586.3161875		2586.4850625		1.0	
2591.475875		2591.64475		1.0	
2597.3485625		2597.5174375		1.0	
2603.63925		2603.808125		1.0	
2609.3253125		2609.4941875		1.0	
2615.661875		2615.83075		1.0	
2620.4896875		2620.6585625		1.0	
2626.525125		2626.694		1.0	
2632.0493125		2632.2181875		1.0	
2639.105375		2639.27425		1.0	
2643.050625		2643.2195		1.0	
2649.480625		2649.6495		1.0	
2655.189875		2655.35875		1.0	
2661.458		2661.626875		1.0	
2667.2833125		2667.4521875		1.0	
2673.50325		2673.672125		1.0	
2677.704375		2677.87325		1.0	
2683.924875		2684.09375		1.0	
2688.939		2689.107875		1.0	
2694.9041875		2695.0730625		1.0	
2700.7533125		2700.9221875		1.0	
2707.1125		2707.281375		1.0	
2711.96475		2712.133625		1.0	
2718.046		2718.214875		1.0	
2723.1279375		2723.2968125		1.0	
2729.37225		2729.541125		1.0	
2734.780375		2734.94925		1.0	
2741.1163125		2741.2851875		1.0	
2746.5018125		2746.6706875		1.0	
2754.625		2754.793875		1.0	
2760.0795625		2760.2484375		1.0	
2764.7223125		2764.8911875		1.0	
2769.1085625		2769.2774375		1.0	
2774.539875		2774.70875		1.0	
2789.92975		2790.098625		1.0	
2795.6405625		2795.8094375		1.0	
2801.975875		2802.14475		1.0	
2807.52325		2807.692125		1.0	
2813.6509375		2813.8198125		1.0	
2818.7340625		2818.9029375		1.0	
2824.6534375		2824.8223125		1.0	
2830.03775		2830.206625		1.0	
2836.2350625		2836.4039375		1.0	
2841.3181875		2841.4870625		1.0	
2846.820375		2846.98925		1.0	
2852.9700625		2853.1389375		1.0	
2859.5386875		2859.7075625		1.0	
2864.761125		2864.93		1.0	
2870.679875		2870.84875		1.0	
2876.83075		2876.999625		1.0	
2883.422625		2883.5915		1.0	
2889.8984375		2890.0673125		1.0	
2897.999625		2898.1685		1.0	
2903.708875		2903.87775		1.0	
2909.8609375		2910.0298125		1.0	
2916.010625		2916.1795		1.0	
2922.6726875		2922.8415625		1.0	
2929.031875		2929.20075		1.0	
2935.9725		2936.141375		1.0	
2940.590875		2940.75975		1.0	
2945.674625		2945.8435		1.0	
2952.6836875		2952.8525625		1.0	
2960.0653125		2960.2341875		1.0	
2965.171125		2965.34		1.0	
2971.438625		2971.6075		1.0	
2976.846125		2977.015		1.0	
2982.3006875		2982.4695625		1.0	
2987.570125		2987.739		1.0	
2993.349		2993.517875		1.0	
2998.85		2999.018875		1.0	
3005.81325		3005.982125		1.0	
3011.570125		3011.739		1.0	
3017.7441875		3017.9130625		1.0	
3023.5933125		3023.7621875		1.0	
3029.9066875		3030.0755625		1.0	
3037.1014375		3037.2703125		1.0	
3044.599125		3044.768		1.0	
3050.866625		3051.0355		1.0	
3057.5971875		3057.7660625		1.0	
3062.8654375		3063.0343125		1.0	
3068.5526875		3068.7215625		1.0	
3073.4965625		3073.6654375		1.0	
3078.927875		3079.09675		1.0	
3084.3121875		3084.4810625		1.0	
3090.1613125		3090.3301875		1.0	
3095.38375		3095.552625		1.0	
3101.071		3101.239875		1.0	
3106.920125		3107.089		1.0	
3113.16325		3113.332125		1.0	
3117.94525		3118.114125		1.0	
3123.1683125		3123.3371875		1.0	
3128.3669375		3128.5358125		1.0	
3133.983375		3134.15225		1.0	
3141.01625		3141.185125		1.0	
3148.490125		3148.659		1.0	
3154.548125		3154.717		1.0	
3160.83825		3161.007125		1.0	
3166.9659375		3167.1348125		1.0	
3178.8504375		3179.0193125		1.0	
3185.27925		3185.448125		1.0	
3190.4784375		3190.6473125		1.0	
3196.212125		3196.381		1.0	
3201.689875		3201.85875		1.0	
3208.072875		3208.24175		1.0	
3213.3875625		3213.5564375		1.0	
3219.2366875		3219.4055625		1.0	
3223.8788125		3224.0476875		1.0	
3229.10125		3229.270125		1.0	
3234.4629375		3234.6318125		1.0	
3240.2204375		3240.3893125		1.0	
3244.2823125		3244.4511875		1.0	
3248.737625		3248.9065		1.0	
3254.285		3254.453875		1.0	
3260.3198125		3260.4886875		1.0	
3266.23975		3266.408625		1.0	
3272.7608125		3272.9296875		1.0	
3277.42675		3277.595625		1.0	
3282.626		3282.794875		1.0	
3287.4068125		3287.5756875		1.0	
3292.6524375		3292.8213125		1.0	
3298.7336875		3298.9025625		1.0	
3305.1630625		3305.3319375		1.0	
3310.2695		3310.438375		1.0	
3315.79425		3315.963125		1.0	
3320.7143125		3320.8831875		1.0	
3326.215875		3326.38475		1.0	
3331.4376875		3331.6065625		1.0	
3337.241		3337.409875		1.0	
3343.1365625		3343.3054375		1.0	
3349.49575		3349.664625		1.0	
3355.5073125		3355.6761875		1.0	
3361.9599375		3362.1288125		1.0	
3366.556875		3366.72575		1.0	
3371.82575		3371.994625		1.0	
3379.1335625		3379.3024375		1.0	
3384.2640625		3384.4329375		1.0	
3390.7643125		3390.9331875		1.0	
3396.1248125		3396.2936875		1.0	
3402.1131875		3402.2820625		1.0	
3406.9880625		3407.1569375		1.0	
3412.209875		3412.37875		1.0	
3417.4799375		3417.6488125		1.0	
3423.07375		3423.242625		1.0	
3427.76175		3427.930625		1.0	
3433.7733125		3433.9421875		1.0	
3439.529		3439.697875		1.0	
3445.4715625		3445.6404375		1.0	
3450.4386875		3450.6075625		1.0	
3456.844875		3457.01375		1.0	
3462.9023125		3463.0711875		1.0	
3469.3090625		3469.4779375		1.0	
3475.3445		3475.513375		1.0	
3481.4019375		3481.5708125		1.0	
3487.3206875		3487.4895625		1.0	
3494.0744375		3494.2433125		1.0	
3500.1330625		3500.3019375		1.0	
3505.72625		3505.895125		1.0	
3512.1091875		3512.2780625		1.0	
3517.5869375		3517.7558125		1.0	
3522.067875		3522.23675		1.0	
3529.0763125		3529.2451875		1.0	
3536.1091875		3536.2780625		1.0	
3542.7939375		3542.9628125		1.0	
3547.993125		3548.162		1.0	
3555.6759375		3555.8448125		1.0	
3560.782875		3560.95175		1.0	
3566.88675		3567.055625		1.0	
3572.132375		3572.30125		1.0	
3577.4940625		3577.6629375		1.0	
3582.8099375		3582.9788125		1.0	
3589.147125		3589.316		1.0	
3594.39275		3594.561625		1.0	
3601.0298125		3601.1986875		1.0	
3606.8325		3607.001375		1.0	
3612.31025		3612.479125		1.0	
3618.693875		3618.86275		1.0	
3624.3335		3624.502375		1.0	
3630.8556875		3631.0245625		1.0	
3637.9118125		3638.0806875		1.0	
3643.3199375		3643.4888125		1.0	
3650.468875		3650.63775		1.0	
3655.8085625		3655.9774375		1.0	
3663.2121875		3663.3810625		1.0	
3668.7125625		3668.8814375		1.0	
3674.608125		3674.777		1.0	
3679.993		3680.161875		1.0	
3686.8401875		3687.0090625		1.0	
3692.73575		3692.904625		1.0	
3699.513875		3699.68275		1.0	
3704.2483125		3704.4171875		1.0	
3710.8865625		3711.0554375		1.0	
3716.2030625		3716.3719375		1.0	
3722.02775		3722.196625		1.0	
3728.922		3729.090875		1.0	
3734.7705		3734.939375		1.0	
3740.9451875		3741.1140625		1.0	
3748.3494375		3748.5183125		1.0	
3754.1515625		3754.3204375		1.0	
3761.6730625		3761.8419375		1.0	
3767.6144375		3767.7833125		1.0	
3775.64475		3775.813625		1.0	
3781.401		3781.569875		1.0	
3787.9000625		3788.0689375		1.0	
3793.5879375		3793.7568125		1.0	
3799.5286875		3799.6975625		1.0	
3805.4944375		3805.6633125		1.0	
3811.48225		3811.651125		1.0	
3816.5421875		3816.7110625		1.0	
3822.7395		3822.908375		1.0	
3828.286875		3828.45575		1.0	
3834.507375		3834.67625		1.0	
3838.499625		3838.6685		1.0	
3844.859375		3845.02825		1.0	
3850.315125		3850.484		1.0	
3856.4648125		3856.6336875		1.0	
3862.8941875		3863.0630625		1.0	
3868.8129375		3868.9818125		1.0	
3873.52475		3873.693625		1.0	
3880.2094375		3880.3783125		1.0	
3885.5479375		3885.7168125		1.0	
3891.513125		3891.682		1.0	
3897.9193125		3898.0881875		1.0	
3904.07075		3904.239625		1.0	
3909.0605		3909.229375		1.0	
3915.4434375		3915.6123125		1.0	
3920.6194375		3920.7883125		1.0	
3927.3744375		3927.5433125		1.0	
3932.75875		3932.927625		1.0	
3938.886375		3939.05525		1.0	
3944.7366875		3944.9055625		1.0	
3952.5343125		3952.7031875		1.0	
3958.8715		3959.040375		1.0	
3963.5594375		3963.7283125		1.0	
3968.0159375		3968.1848125		1.0	
3973.540125		3973.709		1.0	
3988.979875		3989.14875		1.0	
3994.7133125		3994.8821875		1.0	
4001.004		4001.172875		1.0	
4006.621		4006.789875		1.0	
