15.149	15.22021756	4	AE1	1	29
15.22021756	15.24396514	58	N	1	29
15.24396514	15.36609555	6	AH0	1	29
15.36609555	15.41189445	48	D	1	29
15.41189445	15.50518851	7	AH1	1	29
15.50518851	15.60943009	56	L	1	29
15.60943009	15.6205339	64	T	1	29
15.6205339	15.68329536	57	M	1	29
15.68329536	15.78943009	25	EY1	1	29
15.78943009	15.94026032	56	L	1	29
15.94026032	15.95552662	46	B	1	29
15.95552662	16.15059603	3	AE0	1	29
16.15059603	16.18713821	46	B	1	29
16.18713821	16.35167501	44	UW1	1	29
16.35167501	16.41104396	58	N	1	29
16.41104396	16.56540323	69	Z	1	29
16.56540323	16.63318664	64	T	1	29
16.63318664	16.84207383	32	IY1	1	29
16.84207383	16.86578585	65	TH	1	29
16.86578585	16.97943499	21	ER0	1	29
16.97943499	17.02014512	58	N	1	29
17.02014512	17.19943009	1	AA1	1	29
17.19943009	17.23943009	64	T	1	29
17.23943009	17.40220005	62	S	1	29
17.40220005	17.4894796	44	UW1	1	29
17.4894796	17.51754544	64	T	1	29
17.51754544	17.60575073	6	AH0	1	29
17.60575073	17.63943009	46	B	1	29
17.63943009	17.66943009	6	AH0	1	29
17.66943009	17.79943009	56	L	1	29
17.79943009	17.86943009	50	F	1	29
17.86943009	17.89943009	61	R	1	29
17.89943009	17.94783542	21	ER0	1	29
17.94783542	18.08183961	32	IY1	1	29
18.08183961	18.13442354	64	T	1	29
18.13442354	18.20057751	27	IH0	1	29
18.20057751	18.25994646	59	NG	1	29
18.25994646	18.3885194	63	SH	1	29
18.3885194	18.44943009	19	EH1	1	29
18.44943009	18.54943009	56	L	1	29
18.54943009	18.64635027	50	F	1	29
18.64635027	18.80749456	29	IH2	1	29
18.80749456	19.09943009	63	SH	1	29
29.39044039	29.46740397	52	HH	1	30
29.46740397	29.56371105	22	ER1	1	30
29.56371105	29.67604342	67	W	1	30
29.67604342	29.76933748	10	AO1	1	30
29.76933748	29.82022515	61	R	1	30
29.82022515	29.91351922	48	D	1	30
29.91351922	29.94370933	61	R	1	30
29.94370933	30.10146111	36	OW2	1	30
30.10146111	30.16931134	46	B	1	30
30.16931134	30.22528777	54	K	1	30
30.22528777	30.26371105	6	AH0	1	30
30.26371105	30.33371105	58	N	1	30
30.33371105	30.47595557	62	S	1	30
30.47595557	30.55398333	28	IH1	1	30
30.55398333	30.90371105	62	S	1	30
30.90371105	31.09739903	74	sp	1	30
31.09739903	31.28371105	7	AH1	1	30
31.28371105	31.39085126	66	V	1	30
31.39085126	31.55371105	35	OW1	1	30
31.55371105	31.61475701	58	N	1	30
31.61475701	31.64528962	56	L	1	30
31.64528962	31.72501363	31	IY0	1	30
31.72501363	31.90434823	62	S	1	30
31.90434823	31.93318458	54	K	1	30
31.93318458	32.15239896	22	ER1	1	30
32.15239896	32.17445029	64	T	1	30
32.17445029	32.26371105	62	S	1	30
32.26371105	32.40174855	4	AE1	1	30
32.40174855	32.46371105	58	N	1	30
32.46371105	32.51030891	48	D	1	30
32.51030891	32.53066398	46	B	1	30
32.53066398	32.59172918	56	L	1	30
32.59172918	32.73421466	13	AW1	1	30
32.73421466	32.87330763	62	S	1	30
32.87330763	33.01409685	6	AH0	1	30
33.01409685	33.28371105	69	Z	1	30
43.2893125	43.31475634	49	DH	1	31
43.31475634	43.41653168	6	AH0	1	31
43.41653168	43.49625569	64	T	1	31
43.49625569	43.62644891	44	UW1	1	31
43.62644891	43.73644891	1	AA1	1	31
43.73644891	43.8521269	61	R	1	31
43.8521269	43.87078571	64	T	1	31
43.87078571	43.94644891	6	AH0	1	31
43.94644891	44.07078231	62	S	1	31
44.07078231	44.12296884	64	T	1	31
44.12296884	44.20644891	27	IH0	1	31
44.20644891	44.24509925	54	K	1	31
44.24509925	44.38419222	62	S	1	31
44.38419222	44.47070126	47	CH	1	31
44.47070126	44.76516477	25	EY1	1	31
44.76516477	44.82283746	58	N	1	31
44.82283746	44.91644891	53	JH	1	31
44.91644891	44.95344915	48	D	1	31
44.95344915	45.12644891	10	AO1	1	31
45.12644891	45.17644891	64	T	1	31
45.17644891	45.28930777	6	AH0	1	31
45.28930777	45.31475161	51	G	1	31
45.31475161	45.33849919	61	R	1	31
45.33849919	45.5793675	5	AE2	1	31
45.5793675	45.62644891	50	F	1	31
45.62644891	45.93644891	62	S	1	31
55.86525	55.88221256	46	B	1	32
55.88221256	55.92625503	7	AH1	1	32
55.92625503	55.95006278	64	T	1	32
55.95006278	56.02625503	21	ER0	1	32
56.02625503	56.15022096	62	S	1	32
56.15022096	56.18584232	54	K	1	32
56.18584232	56.31475776	2	AA2	1	32
56.31475776	56.41625503	47	CH	1	32
56.41625503	56.52088996	50	F	1	32
56.52088996	56.73625503	7	AH1	1	32
56.73625503	56.87031863	53	JH	1	32
56.87031863	56.89745872	51	G	1	32
56.89745872	57.02807041	35	OW1	1	32
57.02807041	57.20305613	69	Z	1	32
57.20305613	57.31331275	67	W	1	32
57.31331275	57.48463457	19	EH1	1	32
57.48463457	57.55625503	56	L	1	32
57.55625503	57.58625503	67	W	1	32
57.58625503	57.68309649	28	IH1	1	32
57.68309649	57.72625503	65	TH	1	32
57.72625503	57.76543757	66	V	1	32
57.76543757	57.80954022	6	AH0	1	32
57.80954022	57.87569419	58	N	1	32
57.87569419	57.94015191	28	IH1	1	32
57.94015191	57.99625503	56	L	1	32
57.99625503	58.08263739	6	AH0	1	32
58.08263739	58.2353004	16	AY1	1	32
58.2353004	58.39801493	62	S	1	32
58.39801493	58.48113146	54	K	1	32
58.48113146	58.63379447	61	R	1	32
58.63379447	58.72878479	32	IY1	1	32
58.72878479	58.88625503	57	M	1	32
70.6735	70.76209882	61	R	1	33
70.76209882	70.87365817	28	IH1	1	33
70.87365817	71.00087735	47	CH	1	33
71.00087735	71.10774146	74	sp	1	33
71.10774146	71.17965772	60	P	1	33
71.17965772	71.29185788	22	ER1	1	33
71.29185788	71.41907706	47	CH	1	33
71.41907706	71.48353478	6	AH0	1	33
71.48353478	71.64209882	62	S	1	33
71.64209882	71.67209882	64	T	1	33
71.67209882	71.71049055	62	S	1	33
71.71049055	71.84788726	19	EH1	1	33
71.84788726	71.91404123	66	V	1	33
71.91404123	71.95814388	61	R	1	33
71.95814388	72.03108287	6	AH0	1	33
72.03108287	72.07518552	56	L	1	33
72.07518552	72.24674557	62	S	1	33
72.24674557	72.48209882	16	AY1	1	33
72.48209882	72.56906731	58	N	1	33
72.56906731	72.59111863	48	D	1	33
72.59111863	72.67084265	56	L	1	33
72.67084265	72.75735169	28	IH1	1	33
72.75735169	72.85912703	65	TH	1	33
72.85912703	72.93545854	6	AH0	1	33
72.93545854	72.98125744	51	G	1	33
72.98125744	73.04209882	61	R	1	33
73.04209882	73.27510708	5	AE2	1	33
73.27510708	73.33209882	50	F	1	33
73.33209882	73.62209882	62	S	1	33
83.4905	83.57981815	19	EH1	1	34
83.57981815	83.60865449	58	N	1	34
83.60865449	83.72237684	31	IY0	1	34
83.72237684	83.77418331	54	K	1	34
83.77418331	83.88366988	2	AA2	1	34
83.88366988	83.92366988	58	N	1	34
83.92366988	84.01236335	64	T	1	34
84.01236335	84.03598491	61	R	1	34
84.03598491	84.10904992	6	AH0	1	34
84.10904992	84.13449376	46	B	1	34
84.13449376	84.16998911	68	Y	1	34
84.16998911	84.23820046	44	UW1	1	34
84.23820046	84.37014728	63	SH	1	34
84.37014728	84.42366988	6	AH0	1	34
84.42366988	84.49366988	58	N	1	34
84.49366988	84.57344594	69	Z	1	34
84.57344594	84.61076356	67	W	1	34
84.61076356	84.65486621	6	AH0	1	34
84.65486621	84.74646402	56	L	1	34
84.74646402	84.7702116	46	B	1	34
84.7702116	84.92117835	32	IY1	1	34
84.92117835	84.96472203	51	G	1	34
84.96472203	85.00366988	61	R	1	34
85.00366988	85.12366988	25	EY1	1	34
85.12366988	85.17675399	64	T	1	34
85.17675399	85.20366988	56	L	1	34
85.20366988	85.29040313	31	IY0	1	34
85.29040313	85.41931856	6	AH0	1	34
85.41931856	85.48226094	60	P	1	34
85.48226094	85.51366988	61	R	1	34
85.51366988	85.57725126	32	IY1	1	34
85.57725126	85.75882425	63	SH	1	34
85.75882425	85.87428488	31	IY0	1	34
85.87428488	86.01997399	26	EY2	1	34
86.01997399	86.04032906	64	T	1	34
86.04032906	86.17772577	6	AH0	1	34
86.17772577	86.28366988	48	D	1	34
96.028875	96.10591122	49	DH	1	35
96.10591122	96.20938282	6	AH0	1	35
96.20938282	96.28401807	54	K	1	35
96.28401807	96.33829825	61	R	1	35
96.33829825	96.43498483	4	AE1	1	35
96.43498483	96.51301259	58	N	1	35
96.51301259	96.53676017	46	B	1	35
96.53676017	96.61025065	20	EH2	1	35
96.61025065	96.66906811	61	R	1	35
96.66906811	96.83530117	31	IY0	1	35
96.83530117	96.85565624	46	B	1	35
96.85565624	97.07462185	1	AA1	1	35
97.07462185	97.17069129	51	G	1	35
97.17069129	97.19025065	51	G	1	35
97.19025065	97.30469549	28	IH1	1	35
97.30469549	97.33013932	64	T	1	35
97.33013932	97.39025065	62	S	1	35
97.39025065	97.43696788	66	V	1	35
97.43696788	97.58114961	19	EH1	1	35
97.58114961	97.63882231	61	R	1	35
97.63882231	97.78296849	31	IY0	1	35
97.78296849	97.86608501	60	P	1	35
97.86608501	97.93223899	61	R	1	35
97.93223899	98.00687424	28	IH1	1	35
98.00687424	98.03025065	64	T	1	35
98.03025065	98.17128502	31	IY0	1	35
98.17128502	98.27025065	28	IH1	1	35
98.27025065	98.34697636	58	N	1	35
98.34697636	98.59195643	10	AO1	1	35
98.59195643	98.61400776	64	T	1	35
98.61400776	98.77006328	6	AH0	1	35
98.77006328	98.88025065	57	M	1	35
107.8655	108.0019503	52	HH	1	36
108.0019503	108.2219596	13	AW1	1	36
108.2219596	108.2813285	48	D	1	36
108.2813285	108.3785029	44	UW1	1	36
108.3785029	108.5566098	38	OY1	1	36
108.5566098	108.6769536	62	S	1	36
108.6769536	108.7245391	64	T	1	36
108.7245391	108.8229219	21	ER0	1	36
108.8229219	108.9169536	69	Z	1	36
108.9169536	108.9738887	57	M	1	36
108.9738887	109.1163742	25	EY1	1	36
109.1163742	109.2028832	54	K	1	36
109.2028832	109.2471668	60	P	1	36
109.2471668	109.3969536	22	ER1	1	36
109.3969536	109.5643666	56	L	1	36
109.5643666	109.8022313	69	Z	1	36
119.501375	119.5956089	57	M	1	37
119.5956089	119.7363981	25	EY1	1	37
119.7363981	119.7923746	16	AY1	1	37
119.7923746	119.8895261	10	AO1	1	37
119.8895261	119.9595261	61	R	1	37
119.9595261	120.001014	48	D	1	37
120.001014	120.140107	21	ER0	1	37
120.140107	120.3237905	25	EY1	1	37
120.3237905	120.3882482	60	P	1	37
120.3882482	120.4391359	1	AA1	1	37
120.4391359	120.5154674	61	R	1	37
120.5154674	120.6443828	50	F	1	37
120.6443828	120.9144848	25	EY1	1	37
120.9144848	121.101073	4	AE1	1	37
121.101073	121.1672269	50	F	1	37
121.1672269	121.2384697	64	T	1	37
121.2384697	121.3762638	21	ER0	1	37
121.3762638	121.5809518	16	AY1	1	37
121.5809518	121.7795261	32	IY1	1	37
121.7795261	121.8540489	64	T	1	37
121.8540489	121.8862778	48	D	1	37
121.8862778	122.0016232	28	IH1	1	37
122.0016232	122.0525108	58	N	1	37
122.0525108	122.2695261	21	ER0	1	37
130.3245625	130.3751981	28	IH1	1	38
130.3751981	130.4226933	69	Z	1	38
130.4226933	130.5770526	63	SH	1	38
130.5770526	130.7076643	32	IY1	1	38
130.7076643	130.7331081	51	G	1	38
130.7331081	130.8467572	35	OW1	1	38
130.8467572	130.9422215	6	AH0	1	38
130.9422215	131.0316491	58	N	1	38
131.0316491	131.1147656	67	W	1	38
131.1147656	131.1877046	28	IH1	1	38
131.1877046	131.3251013	65	TH	1	38
131.3251013	131.4285729	68	Y	1	38
131.4285729	131.5922215	44	UW1	1	38
141.257125	141.3426825	54	K	1	39
141.3426825	141.3894329	4	AE1	1	39
141.3894329	141.4726825	58	N	1	39
141.4726825	141.4912083	49	DH	1	39
141.4912083	141.5794136	6	AH0	1	39
141.5794136	141.7052983	25	EY1	1	39
141.7052983	141.8126825	53	JH	1	39
141.8126825	141.8626825	6	AH0	1	39
141.8626825	141.8851015	58	N	1	39
141.8851015	142.0208019	62	S	1	39
142.0208019	142.1378435	31	IY0	1	39
142.1378435	142.3633568	35	OW1	1	39
142.3633568	142.4336964	66	V	1	39
142.4336964	142.5245413	21	ER0	1	39
142.5245413	142.6677797	65	TH	1	39
142.6677797	142.8255314	61	R	1	39
142.8255314	143.0387912	36	OW2	1	39
143.0387912	143.2026825	25	EY1	1	39
143.2026825	143.2726825	56	L	1	39
143.2726825	143.3326825	31	IY0	1	39
143.3326825	143.376346	6	AH0	1	39
143.376346	143.4628551	58	N	1	39
143.4628551	143.5239203	50	F	1	39
143.5239203	143.6256956	10	AO1	1	39
143.6256956	143.7126825	61	R	1	39
143.7126825	143.8418593	62	S	1	39
143.8418593	144.0265903	6	AH0	1	39
144.0265903	144.3326825	69	Z	1	39
153.8372678	153.9235496	25	EY1	1	40
153.9235496	154.0862046	62	S	1	40
154.0862046	154.1252185	54	K	1	40
154.1252185	154.1642324	61	R	1	40
154.1642324	154.2524377	44	UW1	1	40
154.2524377	154.3202879	48	D	1	40
154.3202879	154.3735496	61	R	1	40
154.3735496	154.5112798	17	AY2	1	40
154.5112798	154.57913	66	V	1	40
154.57913	154.7334893	21	ER0	1	40
154.7334893	154.8035496	28	IH1	1	40
154.8035496	154.9082036	69	Z	1	40
154.9082036	154.9884511	57	M	1	40
154.9884511	155.1436051	25	EY1	1	40
155.1436051	155.1735496	48	D	1	40
155.1735496	155.2640393	50	F	1	40
155.2640393	155.3035496	21	ER0	1	40
155.3035496	155.3929547	57	M	1	40
155.3929547	155.4523237	66	V	1	40
155.4523237	155.6287793	1	AA1	1	40
155.6287793	155.6914957	48	D	1	40
155.6914957	155.7391718	54	K	1	40
155.7391718	155.9138861	6	AH0	1	40
155.9138861	156.0135496	4	AE1	1	40
156.0135496	156.0635496	58	N	1	40
156.0635496	156.0936892	48	D	1	40
156.0936892	156.2039459	10	AO1	1	40
156.2039459	156.2616186	61	R	1	40
156.2616186	156.3035496	6	AH0	1	40
156.3035496	156.3396463	58	N	1	40
156.3396463	156.4295479	53	JH	1	40
156.4295479	156.5330195	53	JH	1	40
156.5330195	156.7235496	44	UW1	1	40
156.7235496	157.0135496	62	S	1	40
171.2264375	171.2954152	52	HH	1	41
171.2954152	171.391443	13	AW1	1	41
171.391443	171.4698883	57	M	1	41
171.4698883	171.5767361	7	AH1	1	41
171.5767361	171.6884763	47	CH	1	41
171.6884763	171.8196692	6	AH0	1	41
171.8196692	171.9021719	56	L	1	41
171.9021719	172.1266877	13	AW1	1	41
172.1266877	172.1992146	6	AH0	1	41
172.1992146	172.2392146	58	N	1	41
172.2392146	172.4488004	62	S	1	41
172.4488004	172.4692146	48	D	1	41
172.4692146	172.5975759	44	UW1	1	41
172.5975759	172.6671155	68	Y	1	41
172.6671155	172.8334736	44	UW1	1	41
172.8334736	172.8632287	51	G	1	41
172.8632287	173.1092146	19	EH1	1	41
173.1092146	173.1792146	64	T	1	41
183.52825	183.672968	62	S	1	42
183.672968	183.8135534	28	IH1	1	42
183.8135534	183.8396073	54	K	1	42
183.8396073	183.8866636	56	L	1	42
183.8866636	183.9664614	27	IH0	1	42
183.9664614	184.0151516	54	K	1	42
184.0151516	184.0678992	6	AH0	1	42
184.0678992	184.180719	56	L	1	42
184.180719	184.2206583	60	P	1	42
184.2206583	184.2808043	61	R	1	42
184.2808043	184.4106447	35	OW1	1	42
184.4106447	184.4282273	51	G	1	42
184.4282273	184.49991	61	R	1	42
184.49991	184.6108154	5	AE2	1	42
184.6108154	184.6838506	57	M	1	42
184.6838506	184.7996073	69	Z	1	42
184.7996073	184.8330876	67	W	1	42
184.8330876	184.8696073	6	AH0	1	42
184.8696073	184.8996073	56	L	1	42
184.8996073	184.9845681	58	N	1	42
184.9845681	185.094121	19	EH1	1	42
185.094121	185.1455161	66	V	1	42
185.1455161	185.2915866	21	ER0	1	42
185.2915866	185.3308092	54	K	1	42
185.3308092	185.3659743	6	AH0	1	42
185.3659743	185.4809372	57	M	1	42
185.4809372	185.5188073	60	P	1	42
185.5188073	185.7396073	16	AY1	1	42
185.7396073	185.9496073	56	L	1	42
195.809125	195.8207663	49	DH	1	43
195.8207663	195.9024478	6	AH0	1	43
195.9024478	195.9294979	46	B	1	43
195.9294979	196.0904459	1	AA1	1	43
196.0904459	196.2207663	62	S	1	43
196.2207663	196.275739	64	T	1	43
196.275739	196.3416385	6	AH0	1	43
196.3416385	196.4417238	58	N	1	43
196.4417238	196.4552489	46	B	1	43
196.4552489	196.5945568	3	AE0	1	43
196.5945568	196.6813338	56	L	1	43
196.6813338	196.8923245	25	EY1	1	43
196.8923245	197.0307663	35	OW1	1	43
197.0307663	197.0952002	66	V	1	43
197.0952002	197.2642632	21	ER0	1	43
197.2642632	197.3207663	54	K	1	43
197.3207663	197.4645503	25	EY1	1	43
197.4645503	197.5607663	57	M	1	43
197.5607663	197.5849231	49	DH	1	43
197.5849231	197.6507663	19	EH1	1	43
197.6507663	197.7566912	61	R	1	43
197.7566912	197.8162014	50	F	1	43
197.8162014	197.8987042	7	AH1	1	43
197.8987042	197.9852644	58	N	1	43
197.9852644	197.9987895	48	D	1	43
197.9987895	198.0752642	27	IH0	1	43
198.0752642	198.1307663	59	NG	1	43
198.1307663	198.2524422	63	SH	1	43
198.2524422	198.3307663	10	AO1	1	43
198.3307663	198.4488444	61	R	1	43
198.4488444	198.4975345	64	T	1	43
198.4975345	198.6760651	6	AH0	1	43
198.6760651	198.8808216	53	JH	1	43
208.5975625	208.6800779	19	EH1	1	44
208.6800779	208.7300779	66	V	1	44
208.7300779	208.7815031	61	R	1	44
208.7815031	208.920811	31	IY0	1	44
208.920811	208.9899623	54	K	1	44
208.9899623	209.2281685	4	AE1	1	44
209.2281685	209.326462	46	B	1	44
209.326462	209.3646492	58	N	1	44
209.3646492	209.5100779	32	IY1	1	44
209.5100779	209.5472373	48	D	1	44
209.5472373	209.6200779	69	Z	1	44
209.6200779	209.7067325	61	R	1	44
209.7067325	209.8122278	31	IY0	1	44
209.8122278	209.8753501	60	P	1	44
209.8753501	210.0000779	25	EY1	1	44
210.0000779	210.0651461	58	N	1	44
210.0651461	210.1160958	64	T	1	44
210.1160958	210.2013036	27	IH0	1	44
210.2013036	210.2716338	59	NG	1	44
210.2716338	210.4772145	10	AO1	1	44
210.4772145	210.6151699	50	F	1	44
210.6151699	210.65304	64	T	1	44
210.65304	210.7761179	6	AH0	1	44
210.7761179	210.9100779	58	N	1	44
222.57125	222.6348177	52	HH	1	45
222.6348177	222.7216873	19	EH1	1	45
222.7216873	222.7768307	56	L	1	45
222.7768307	222.868801	60	P	1	45
222.868801	222.8999086	51	G	1	45
222.8999086	222.9783538	61	R	1	45
222.9783538	223.2109845	19	EH1	1	45
223.2109845	223.4266125	51	G	1	45
223.4266125	223.5138894	64	T	1	45
223.5138894	223.5977446	6	AH0	1	45
223.5977446	223.6518448	60	P	1	45
223.6518448	223.7600452	28	IH1	1	45
223.7600452	223.7776277	54	K	1	45
223.7776277	223.9669783	6	AH0	1	45
223.9669783	224.0210785	60	P	1	45
224.0210785	224.1648147	19	EH1	1	45
224.1648147	224.1827329	54	K	1	45
224.1827329	224.2300706	6	AH0	1	45
224.2300706	224.3541466	66	V	1	45
224.3541466	224.3842561	60	P	1	45
224.3842561	224.4725041	6	AH0	1	45
224.4725041	224.5268785	64	T	1	45
224.5268785	224.6939795	25	EY1	1	45
224.6939795	224.7210296	64	T	1	45
224.7210296	224.9496029	34	OW0	1	45
224.9496029	225.2416873	69	Z	1	45
233.996875	234.0303874	67	W	1	46
234.0303874	234.1080375	32	IY1	1	46
234.1080375	234.1480375	56	L	1	46
234.1480375	234.2995358	16	AY1	1	46
234.2995358	234.4062875	54	K	1	46
234.4062875	234.4618363	46	B	1	46
234.4618363	234.4880375	56	L	1	46
234.4880375	234.6133168	44	UW1	1	46
234.6133168	234.7628641	47	CH	1	46
234.7628641	234.9176302	32	IY1	1	46
234.9176302	235.0500473	69	Z	1	46
235.0500473	235.0635723	46	B	1	46
235.0635723	235.1280375	7	AH1	1	46
235.1280375	235.2286501	64	T	1	46
235.2286501	235.2584052	66	V	1	46
235.2584052	235.3630377	28	IH1	1	46
235.3630377	235.4090228	54	K	1	46
235.4090228	235.4698855	64	T	1	46
235.4698855	235.5844029	21	ER0	1	46
235.5844029	235.6580375	56	L	1	46
235.6580375	235.7656385	16	AY1	1	46
235.7656385	235.7886311	54	K	1	46
235.7886311	235.9698666	62	S	1	46
235.9698666	235.9915067	46	B	1	46
235.9915067	236.1402822	61	R	1	46
236.1402822	236.3380375	32	IY1	1	46
247.5854375	247.6395377	54	K	1	47
247.6395377	247.7433759	13	AW1	1	47
247.7433759	247.7933759	58	N	1	47
247.7933759	247.8248308	64	T	1	47
247.8248308	247.8627009	49	DH	1	47
247.8627009	247.9133759	6	AH0	1	47
247.9133759	247.9830738	58	N	1	47
247.9830738	248.0873611	7	AH1	1	47
248.0873611	248.1183242	57	M	1	47
248.1183242	248.1440218	46	B	1	47
248.1440218	248.3494425	21	ER0	1	47
248.3494425	248.5508246	7	AH1	1	47
248.5508246	248.6252124	66	V	1	47
248.6252124	248.7144776	74	sp	1	47
248.7144776	248.814563	64	T	1	47
248.814563	248.9038002	32	IY1	1	47
248.9038002	249.0404031	62	S	1	47
249.0404031	249.0782732	60	P	1	47
249.0782732	249.2162287	45	UW2	1	47
249.2162287	249.2533759	58	N	1	47
249.2533759	249.3099408	69	Z	1	47
249.3099408	249.4033759	7	AH1	1	47
249.4033759	249.4470778	66	V	1	47
249.4470778	249.5872042	62	S	1	47
249.5872042	249.7440947	38	OY1	1	47
249.7440947	249.8790442	62	S	1	47
249.8790442	250.0440497	11	AO2	1	47
250.0440497	250.1536025	62	S	1	47
250.1536025	250.1874151	49	DH	1	47
250.1874151	250.2956155	6	AH0	1	47
250.2956155	250.4119309	64	T	1	47
250.4119309	250.4308659	68	Y	1	47
250.4308659	250.5147212	44	UW1	1	47
250.5147212	250.8407189	4	AE1	1	47
250.8407189	250.9833759	48	D	1	47
260.7885	260.8114926	46	B	1	48
260.8114926	260.9715168	4	AE1	1	48
260.9715168	261.0630584	51	G	1	48
261.0630584	261.1306836	60	P	1	48
261.1306836	261.2740491	17	AY2	1	48
261.2740491	261.3051567	60	P	1	48
261.3051567	261.3809873	62	S	1	48
261.3809873	261.4515168	4	AE1	1	48
261.4515168	261.5415168	58	N	1	48
261.5415168	261.5917872	48	D	1	48
261.5917872	261.6053123	46	B	1	48
261.6053123	261.7370824	1	AA1	1	48
261.7370824	261.8032047	59	NG	1	48
261.8032047	261.8478819	51	G	1	48
261.8478819	262.0105069	36	OW2	1	48
262.0105069	262.0891388	69	Z	1	48
262.0891388	262.216022	21	ER0	1	48
262.216022	262.3000152	57	M	1	48
262.3000152	262.337544	68	Y	1	48
262.337544	262.398305	44	UW1	1	48
262.398305	262.4887248	69	Z	1	48
262.4887248	262.5494858	27	IH0	1	48
262.5494858	262.5923759	54	K	1	48
262.5923759	262.6334789	6	AH0	1	48
262.6334789	262.7335558	56	L	1	48
262.7335558	262.8193361	28	IH1	1	48
262.8193361	262.8568649	58	N	1	48
262.8568649	263.0034061	62	S	1	48
263.0034061	263.021277	64	T	1	48
263.021277	263.0498704	61	R	1	48
263.0498704	263.1124185	6	AH0	1	48
263.1124185	263.1642441	57	M	1	48
263.1642441	263.2893402	6	AH0	1	48
263.2893402	263.3751204	58	N	1	48
263.3751204	263.4126493	64	T	1	48
263.4126493	263.6976029	62	S	1	48
275.0795	275.1724286	52	HH	1	49
275.1724286	275.3707954	13	AW1	1	49
275.3707954	275.3976017	51	G	1	49
275.3976017	275.5030399	41	UH1	1	49
275.5030399	275.5280591	48	D	1	49
275.5280591	275.6102652	6	AH0	1	49
275.6102652	275.7532322	69	Z	1	49
275.7532322	275.7866883	68	Y	1	49
275.7866883	275.8604575	41	UH1	1	49
275.8604575	275.9200781	61	R	1	49
275.9200781	275.9468844	19	EH1	1	49
275.9468844	276.039813	58	N	1	49
276.039813	276.0630451	48	D	1	49
276.0630451	276.2149476	21	ER0	1	49
276.2149476	276.3203858	6	AH0	1	49
276.3203858	276.4175345	58	N	1	49
276.4175345	276.7827106	62	S	1	49
1026.973	1027.079924	21	ER0	2	0
1027.079924	1027.158857	68	Y	2	0
1027.158857	1027.219924	41	UH1	2	0
1027.219924	1027.308973	61	R	2	0
1027.308973	1027.339924	51	G	2	0
1027.339924	1027.419772	61	R	2	0
1027.419772	1027.571675	25	EY1	2	0
1027.571675	1027.596694	48	D	2	0
1027.596694	1027.649924	69	Z	2	0
1027.649924	1027.725364	52	HH	2	0
1027.725364	1027.876665	16	AY1	2	0
1027.876665	1028.019924	21	ER0	2	0
1028.019924	1028.119924	10	AO1	2	0
1028.119924	1028.213981	61	R	2	0
1028.213981	1028.303336	56	L	2	0
1028.303336	1028.473109	35	OW1	2	0
1028.473109	1028.635829	21	ER0	2	0
1028.635829	1028.690823	49	DH	2	0
1028.690823	1028.731676	6	AH0	2	0
1028.731676	1028.802383	58	N	2	0
1028.802383	1028.890373	58	N	2	0
1028.890373	1028.99879	4	AE1	2	0
1028.99879	1029.113491	58	N	2	0
1029.113491	1029.231336	62	S	2	0
1029.231336	1029.443455	31	IY0	2	0
1029.443455	1029.654004	69	Z	2	0
1037.518	1037.639522	63	SH	2	1
1037.639522	1037.741386	32	IY1	2	1
1037.741386	1037.870056	67	W	2	1
1037.870056	1038.044511	10	AO1	2	1
1038.044511	1038.18101	61	R	2	1
1038.18101	1038.264511	67	W	2	1
1038.264511	1038.366867	10	AO1	2	1
1038.366867	1038.434511	61	R	2	1
1038.434511	1038.538427	57	M	2	1
1038.538427	1038.67398	50	F	2	1
1038.67398	1038.734741	56	L	2	1
1038.734741	1038.81516	32	IY1	2	1
1038.81516	1038.967063	62	S	2	1
1038.967063	1039.078281	31	IY0	2	1
1039.078281	1039.174511	67	W	2	1
1039.174511	1039.237332	41	UH1	2	1
1039.237332	1039.292731	56	L	2	1
1039.292731	1039.354511	6	AH0	2	1
1039.354511	1039.394007	58	N	2	1
1039.394007	1039.564511	35	OW1	2	1
1039.564511	1039.645986	66	V	2	1
1039.645986	1039.77823	21	ER0	2	1
1039.77823	1039.924511	11	AO2	2	1
1039.924511	1039.980171	56	L	2	1
1039.980171	1040.264511	69	Z	2	1
1048.153	1048.233944	61	R	2	2
1048.233944	1048.305861	32	IY1	2	2
1048.305861	1048.346424	48	D	2	2
1048.346424	1048.453944	27	IH0	2	2
1048.453944	1048.525133	59	NG	2	2
1048.525133	1048.603944	28	IH1	2	2
1048.603944	1048.733364	58	N	2	2
1048.733364	1048.803944	60	P	2	2
1048.803944	1048.870231	41	UH1	2	2
1048.870231	1048.948863	61	R	2	2
1048.948863	1049.023944	56	L	2	2
1049.023944	1049.223905	16	AY1	2	2
1049.223905	1049.294006	64	T	2	2
1049.294006	1049.315216	51	G	2	2
1049.315216	1049.423944	28	IH1	2	2
1049.423944	1049.450865	66	V	2	2
1049.450865	1049.549155	69	Z	2	2
1049.549155	1049.597406	68	Y	2	2
1049.597406	1049.663944	44	UW1	2	2
1049.663944	1049.849385	16	AY1	2	2
1049.849385	1049.993944	62	S	2	2
1049.993944	1050.045965	64	T	2	2
1050.045965	1050.133944	61	R	2	2
1050.133944	1050.280921	26	EY2	2	2
1050.280921	1050.463944	58	N	2	2
1058.354	1058.480883	32	IY1	2	3
1058.480883	1058.536283	66	V	2	3
1058.536283	1058.588109	6	AH0	2	3
1058.588109	1058.625637	58	N	2	3
1058.625637	1058.851229	16	AY1	2	3
1058.851229	1058.920926	6	AH0	2	3
1058.920926	1059.004919	54	K	2	3
1059.004919	1059.16205	25	EY1	2	3
1059.16205	1059.269715	70	ZH	2	3
1059.269715	1059.322888	6	AH0	2	3
1059.322888	1059.374713	58	N	2	3
1059.374713	1059.449771	56	L	2	3
1059.449771	1059.514297	31	IY0	2	3
1059.514297	1059.539715	51	G	2	3
1059.539715	1059.639715	28	IH1	2	3
1059.639715	1059.730534	64	T	2	3
1059.730534	1059.753766	49	DH	2	3
1059.753766	1059.806562	6	AH0	2	3
1059.806562	1059.82474	57	M	2	3
1059.82474	1059.895447	7	AH1	2	3
1059.895447	1059.972438	58	N	2	3
1059.972438	1059.989722	48	D	2	3
1059.989722	1060.107566	26	EY2	2	3
1060.107566	1060.195557	46	B	2	3
1060.195557	1060.242694	56	L	2	3
1060.242694	1060.465813	44	UW1	2	3
1060.465813	1060.710929	69	Z	2	3
1069.332	1069.370499	67	W	2	4
1069.370499	1069.425081	32	IY1	2	4
1069.425081	1069.51801	21	ER0	2	4
1069.51801	1069.70208	35	OW1	2	4
1069.70208	1069.730673	60	P	2	4
1069.730673	1069.763362	6	AH0	2	4
1069.763362	1069.805731	58	N	2	4
1069.805731	1069.968319	19	EH1	2	4
1069.968319	1070.011209	66	V	2	4
1070.011209	1070.073362	61	R	2	4
1070.073362	1070.143362	31	IY0	2	4
1070.143362	1070.193362	57	M	2	4
1070.193362	1070.295356	7	AH1	2	4
1070.295356	1070.366839	58	N	2	4
1070.366839	1070.388284	48	D	2	4
1070.388284	1070.433934	26	EY2	2	4
1070.433934	1070.556492	32	IY1	2	4
1070.556492	1070.636627	66	V	2	4
1070.636627	1070.671194	58	N	2	4
1070.671194	1070.787467	27	IH0	2	4
1070.787467	1070.873886	59	NG	2	4
1079.881	1079.977503	6	AH0	2	5
1079.977503	1079.993587	64	T	2	5
1079.993587	1080.078198	62	S	2	5
1080.078198	1080.134406	58	N	2	5
1080.134406	1080.3029	1	AA1	2	5
1080.3029	1080.358198	64	T	2	5
1080.358198	1080.543649	32	IY1	2	5
1080.543649	1080.622281	69	Z	2	5
1080.622281	1080.761674	31	IY0	2	5
1080.761674	1080.836731	64	T	2	5
1080.836731	1080.908215	44	UW1	2	5
1080.908215	1081.006562	54	K	2	5
1081.006562	1081.060175	61	R	2	5
1081.060175	1081.113788	31	IY0	2	5
1081.113788	1081.212077	25	EY1	2	5
1081.212077	1081.237097	64	T	2	5
1081.237097	1081.318198	29	IH2	2	5
1081.318198	1081.356832	56	L	2	5
1081.356832	1081.439038	44	UW1	2	5
1081.439038	1081.512308	57	M	2	5
1081.512308	1081.558198	6	AH0	2	5
1081.558198	1081.601663	58	N	2	5
1081.601663	1081.742401	26	EY2	2	5
1081.742401	1081.783357	64	T	2	5
1081.783357	1081.848198	27	IH0	2	5
1081.848198	1081.919175	59	NG	2	5
1081.919175	1082.032393	27	IH0	2	5
1082.032393	1082.080013	51	G	2	5
1082.080013	1082.153607	69	Z	2	5
1082.153607	1082.308198	4	AE1	2	5
1082.308198	1082.416309	57	M	2	5
1082.416309	1082.443116	60	P	2	5
1082.443116	1082.498515	6	AH0	2	5
1082.498515	1082.620037	56	L	2	5
1082.620037	1082.878198	69	Z	2	5
1091.993	1092.125245	57	M	2	6
1092.125245	1092.246767	7	AH1	2	6
1092.246767	1092.34993	57	M	2	6
1092.34993	1092.50993	62	S	2	6
1092.50993	1092.555116	64	T	2	6
1092.555116	1092.59993	61	R	2	6
1092.59993	1092.69993	10	AO1	2	6
1092.69993	1092.78993	59	NG	2	6
1092.78993	1092.833901	56	L	2	6
1092.833901	1092.967572	31	IY0	2	6
1092.967572	1092.994378	48	D	2	6
1092.994378	1093.058714	29	IH2	2	6
1093.058714	1093.185597	62	S	2	6
1093.185597	1093.23993	56	L	2	6
1093.23993	1093.310693	16	AY1	2	6
1093.310693	1093.337499	54	K	2	6
1093.337499	1093.446479	62	S	2	6
1093.446479	1093.626095	4	AE1	2	6
1093.626095	1093.661837	60	P	2	6
1093.661837	1093.74583	6	AH0	2	6
1093.74583	1093.814158	64	T	2	6
1093.814158	1093.980357	17	AY2	2	6
1093.980357	1094.080434	69	Z	2	6
1094.080434	1094.251995	21	ER0	2	6
1094.251995	1094.551072	69	Z	2	6
1104.717	1104.754529	49	DH	2	7
1104.754529	1104.85818	35	OW1	2	7
1104.85818	1104.977915	69	Z	2	7
1104.977915	1104.992212	52	HH	2	7
1104.992212	1105.104798	44	UW1	2	7
1105.104798	1105.19594	64	T	2	7
1105.19594	1105.298546	32	IY1	2	7
1105.298546	1105.391474	47	CH	2	7
1105.391474	1105.454022	66	V	2	7
1105.454022	1105.595935	4	AE1	2	7
1105.595935	1105.659537	56	L	2	7
1105.659537	1105.761401	68	Y	2	7
1105.761401	1105.826383	43	UW0	2	7
1105.826383	1105.945935	69	Z	2	7
1105.945935	1106.031898	50	F	2	7
1106.031898	1106.117679	22	ER1	2	7
1106.117679	1106.205935	62	S	2	7
1106.205935	1106.251996	64	T	2	7
1106.251996	1106.363384	6	AH0	2	7
1106.363384	1106.386617	46	B	2	7
1106.386617	1106.505935	1	AA1	2	7
1106.505935	1106.565325	56	L	2	7
1106.565325	1106.614775	29	IH2	2	7
1106.614775	1106.752381	63	SH	2	7
1106.752381	1106.870329	47	CH	2	7
1106.870329	1107.022231	32	IY1	2	7
1107.022231	1107.04725	64	T	2	7
1107.04725	1107.215237	27	IH0	2	7
1107.215237	1107.365935	59	NG	2	7
1116.77	1116.816207	49	DH	2	8
1116.816207	1116.850419	6	AH0	2	8
1116.850419	1116.962614	50	F	2	8
1116.962614	1117.006207	61	R	2	8
1117.006207	1117.073749	16	AY1	2	8
1117.073749	1117.133457	64	T	2	8
1117.133457	1117.166453	6	AH0	2	8
1117.166453	1117.175881	58	N	2	8
1117.175881	1117.194736	48	D	2	8
1117.194736	1117.284297	47	CH	2	8
1117.284297	1117.419425	16	AY1	2	8
1117.419425	1117.485418	56	L	2	8
1117.485418	1117.523128	48	D	2	8
1117.523128	1117.56241	67	W	2	8
1117.56241	1117.629974	6	AH0	2	8
1117.629974	1117.705394	69	Z	2	8
1117.705394	1117.791813	53	JH	2	8
1117.791813	1117.870376	19	EH1	2	8
1117.870376	1117.904944	58	N	2	8
1117.904944	1117.934797	64	T	2	8
1117.934797	1117.955224	56	L	2	8
1117.955224	1117.996076	31	IY0	2	8
1117.996076	1118.123348	62	S	2	8
1118.123348	1118.167343	6	AH0	2	8
1118.167343	1118.208196	46	B	2	8
1118.208196	1118.260048	48	D	2	8
1118.260048	1118.365322	44	UW1	2	8
1118.365322	1118.428172	48	D	2	8
1118.428172	1118.467453	46	B	2	8
1118.467453	1118.60101	16	AY1	2	8
1118.60101	1118.646577	52	HH	2	8
1118.646577	1118.689001	28	IH1	2	8
1118.689001	1118.781705	69	Z	2	8
1118.781705	1118.857125	46	B	2	8
1118.857125	1118.959257	28	IH1	2	8
1118.959257	1119.014251	51	G	2	8
1119.014251	1119.073958	46	B	2	8
1119.073958	1119.099098	61	R	2	8
1119.099098	1119.225164	7	AH1	2	8
1119.225164	1119.286443	49	DH	2	8
1119.286443	1119.496991	21	ER0	2	8
1128.511977	1128.619861	32	IY1	2	9
1128.619861	1128.67759	66	V	2	9
1128.67759	1128.772736	6	AH0	2	9
1128.772736	1128.789079	58	N	2	9
1128.789079	1128.824358	6	AH0	2	9
1128.824358	1128.950199	62	S	2	9
1128.950199	1129.014342	28	IH1	2	9
1129.014342	1129.0849	57	M	2	9
1129.0849	1129.096659	60	P	2	9
1129.096659	1129.175769	6	AH0	2	9
1129.175769	1129.20708	56	L	2	9
1129.20708	1129.311539	66	V	2	9
1129.311539	1129.392788	34	OW0	2	9
1129.392788	1129.49221	54	K	2	9
1129.49221	1129.609806	4	AE1	2	9
1129.609806	1129.67288	46	B	2	9
1129.67288	1129.705357	68	Y	2	9
1129.705357	1129.728876	6	AH0	2	9
1129.728876	1129.770569	56	L	2	9
1129.770569	1129.816539	20	EH2	2	9
1129.816539	1129.889234	61	R	2	9
1129.889234	1130.028114	31	IY0	2	9
1130.028114	1130.081757	54	K	2	9
1130.081757	1130.096724	6	AH0	2	9
1130.096724	1130.223942	58	N	2	9
1130.223942	1130.282691	64	T	2	9
1130.282691	1130.393873	25	EY1	2	9
1130.393873	1130.502917	58	N	2	9
1130.502917	1130.555855	69	Z	2	9
1130.555855	1130.617306	62	S	2	9
1130.617306	1130.65793	28	IH1	2	9
1130.65793	1130.700692	57	M	2	9
1130.700692	1130.783009	46	B	2	9
1130.783009	1130.856899	6	AH0	2	9
1130.856899	1130.967012	56	L	2	9
1130.967012	1131.150501	69	Z	2	9
1140.337015	1140.438179	6	AH0	2	10
1140.438179	1140.552213	54	K	2	10
1140.552213	1140.587492	61	R	2	10
1140.587492	1140.708295	4	AE1	2	10
1140.708295	1140.817693	46	B	2	10
1140.817693	1140.89538	47	CH	2	10
1140.89538	1140.985181	4	AE1	2	10
1140.985181	1141.030081	56	L	2	10
1141.030081	1141.12202	6	AH0	2	10
1141.12202	1141.182956	58	N	2	10
1141.182956	1141.30269	53	JH	2	10
1141.30269	1141.354359	48	D	2	10
1141.354359	1141.420286	57	M	2	10
1141.420286	1141.559618	32	IY1	2	10
1141.559618	1141.63089	46	B	2	10
1141.63089	1141.662962	6	AH0	2	10
1141.662962	1141.695165	64	T	2	10
1141.695165	1141.849109	6	AH0	2	10
1141.849109	1141.921673	54	K	2	10
1141.921673	1141.954814	67	W	2	10
1141.954814	1141.995438	28	IH1	2	10
1141.995438	1142.06307	54	K	2	10
1142.06307	1142.178247	62	S	2	10
1142.178247	1142.231699	64	T	2	10
1142.231699	1142.413913	4	AE1	2	10
1142.413913	1142.545513	46	B	2	10
1142.545513	1142.577478	66	V	2	10
1142.577478	1142.680107	25	EY1	2	10
1142.680107	1142.777391	58	N	2	10
1142.777391	1142.80198	54	K	2	10
1142.80198	1142.834051	67	W	2	10
1142.834051	1142.880021	27	IH0	2	10
1142.880021	1142.992271	63	SH	2	10
1142.992271	1143.060004	64	T	2	10
1143.060004	1143.078869	52	HH	2	10
1143.078869	1143.214639	28	IH1	2	10
1143.214639	1143.34788	57	M	2	10
1154.192628	1154.228548	51	G	2	11
1154.228548	1154.259973	56	L	2	11
1154.259973	1154.297683	44	UW1	2	11
1154.297683	1154.442239	54	K	2	11
1154.442239	1154.563226	36	OW2	2	11
1154.563226	1154.682641	62	S	2	11
1154.682641	1154.762775	4	AE1	2	11
1154.762775	1154.813457	58	N	2	11
1154.813457	1154.905111	50	F	2	11
1154.905111	1154.959816	61	R	2	11
1154.959816	1154.999816	44	UW1	2	11
1154.999816	1155.113456	54	K	2	11
1155.113456	1155.167359	64	T	2	11
1155.167359	1155.376913	36	OW2	2	11
1155.376913	1155.487687	62	S	2	11
1155.487687	1155.589816	21	ER0	2	11
1155.589816	1155.661002	58	N	2	11
1155.661002	1155.789816	4	AE1	2	11
1155.789816	1155.909715	47	CH	2	11
1155.909715	1155.929816	61	R	2	11
1155.929816	1155.959816	6	AH0	2	11
1155.959816	1155.979829	56	L	2	11
1155.979829	1156.118481	63	SH	2	11
1156.118481	1156.214592	41	UH1	2	11
1156.214592	1156.249816	51	G	2	11
1156.249816	1156.365496	21	ER0	2	11
1156.365496	1156.457668	69	Z	2	11
1156.457668	1156.525419	50	F	2	11
1156.525419	1156.629816	13	AW1	2	11
1156.629816	1156.669816	58	N	2	11
1156.669816	1156.699816	48	D	2	11
1156.699816	1156.739816	6	AH0	2	11
1156.739816	1156.803232	58	N	2	11
1156.803232	1156.933219	50	F	2	11
1156.933219	1157.014362	61	R	2	11
1157.014362	1157.124131	44	UW1	2	11
1157.124131	1157.150128	64	T	2	11
1164.209875	1164.324518	21	ER0	2	12
1164.324518	1164.414518	68	Y	2	12
1164.414518	1164.464518	44	UW1	2	12
1164.464518	1164.494518	56	L	2	12
1164.494518	1164.565172	41	UH1	2	12
1164.565172	1164.647103	54	K	2	12
1164.647103	1164.694518	27	IH0	2	12
1164.694518	1164.816128	59	NG	2	12
1164.816128	1164.862008	50	F	2	12
1164.862008	1164.924518	21	ER0	2	12
1164.924518	1164.954518	6	AH0	2	12
1164.954518	1165.072356	57	M	2	12
1165.072356	1165.129866	60	P	2	12
1165.129866	1165.174518	56	L	2	12
1165.174518	1165.28191	38	OY1	2	12
1165.28191	1165.359902	57	M	2	12
1165.359902	1165.445229	6	AH0	2	12
1165.445229	1165.468075	58	N	2	12
1165.468075	1165.513767	64	T	2	12
1175.4725	1175.514253	54	K	2	13
1175.514253	1175.630059	1	AA1	2	13
1175.630059	1175.726171	50	F	2	13
1175.726171	1175.832523	31	IY0	2	13
1175.832523	1175.879004	28	IH1	2	13
1175.879004	1175.963372	69	Z	2	13
1175.963372	1176.000399	51	G	2	13
1176.000399	1176.073664	61	R	2	13
1176.073664	1176.117848	35	OW1	2	13
1176.117848	1176.157848	58	N	2	13
1176.157848	1176.217848	1	AA1	2	13
1176.217848	1176.277848	58	N	2	13
1176.277848	1176.433599	62	S	2	13
1176.433599	1176.484018	64	T	2	13
1176.484018	1176.573827	32	IY1	2	13
1176.573827	1176.664641	60	P	2	13
1176.664641	1176.722938	53	JH	2	13
1176.722938	1176.807848	7	AH1	2	13
1176.807848	1176.857848	59	NG	2	13
1176.857848	1176.901509	51	G	2	13
1176.901509	1176.937848	6	AH0	2	13
1176.937848	1176.967848	56	L	2	13
1176.967848	1176.997848	56	L	2	13
1176.997848	1177.173897	16	AY1	2	13
1177.173897	1177.187848	54	K	2	13
1177.187848	1177.345378	62	S	2	13
1177.345378	1177.397848	56	L	2	13
1177.397848	1177.527848	35	OW1	2	13
1177.527848	1177.557848	60	P	2	13
1177.557848	1177.645176	62	S	2	13
1177.645176	1177.677848	6	AH0	2	13
1177.677848	1177.759406	58	N	2	13
1177.759406	1177.817848	64	T	2	13
1177.817848	1177.877848	19	EH1	2	13
1177.877848	1177.961089	57	M	2	13
1177.961089	1177.977848	60	P	2	13
1177.977848	1178.017848	21	ER0	2	13
1178.017848	1178.087924	6	AH0	2	13
1178.087924	1178.107848	64	T	2	13
1178.107848	1178.187848	69	Z	2	13
1178.187848	1178.387848	35	OW1	2	13
1178.387848	1178.467848	58	N	2	13
1178.467848	1178.636978	69	Z	2	13
1186.845188	1186.889907	67	W	2	14
1186.889907	1186.939898	32	IY1	2	14
1186.939898	1186.989529	67	W	2	14
1186.989529	1187.056132	19	EH1	2	14
1187.056132	1187.097097	56	L	2	14
1187.097097	1187.173514	54	K	2	14
1187.173514	1187.22248	6	AH0	2	14
1187.22248	1187.25248	57	M	2	14
1187.25248	1187.313328	57	M	2	14
1187.313328	1187.375974	19	EH1	2	14
1187.375974	1187.417494	58	N	2	14
1187.417494	1187.49248	31	IY0	2	14
1187.49248	1187.552948	58	N	2	14
1187.552948	1187.64248	44	UW1	2	14
1187.64248	1187.790055	62	S	2	14
1187.790055	1187.826812	64	T	2	14
1187.826812	1187.91248	44	UW1	2	14
1187.91248	1187.945248	48	D	2	14
1187.945248	1188.00248	6	AH0	2	14
1188.00248	1188.06248	58	N	2	14
1188.06248	1188.097783	64	T	2	14
1188.097783	1188.161085	62	S	2	14
1188.161085	1188.258362	32	IY1	2	14
1188.258362	1188.365908	47	CH	2	14
1188.365908	1188.449677	68	Y	2	14
1188.449677	1188.541568	28	IH1	2	14
1188.541568	1188.660004	61	R	2	14
1197.202875	1197.238832	35	OW1	2	15
1197.238832	1197.272908	58	N	2	15
1197.272908	1197.324604	56	L	2	15
1197.324604	1197.384526	31	IY0	2	15
1197.384526	1197.404499	49	DH	2	15
1197.404499	1197.511836	7	AH1	2	15
1197.511836	1197.525379	46	B	2	15
1197.525379	1197.598536	19	EH1	2	15
1197.598536	1197.67073	62	S	2	15
1197.67073	1197.735379	64	T	2	15
1197.735379	1197.783749	60	P	2	15
1197.783749	1197.825379	56	L	2	15
1197.825379	1197.925379	25	EY1	2	15
1197.925379	1198.013087	21	ER0	2	15
1198.013087	1198.125379	69	Z	2	15
1198.125379	1198.155379	6	AH0	2	15
1198.155379	1198.185379	58	N	2	15
1198.185379	1198.238156	53	JH	2	15
1198.238156	1198.448777	38	OY1	2	15
1198.448777	1198.470879	60	P	2	15
1198.470879	1198.640546	2	AA2	2	15
1198.640546	1198.68345	60	P	2	15
1198.68345	1198.705379	68	Y	2	15
1198.705379	1198.735379	6	AH0	2	15
1198.735379	1198.765379	56	L	2	15
1198.765379	1198.864487	19	EH1	2	15
1198.864487	1198.945379	61	R	2	15
1198.945379	1199.018676	6	AH0	2	15
1199.018676	1199.090833	64	T	2	15
1199.090833	1199.225379	31	IY0	2	15
1207.520125	1207.56122	54	K	2	16
1207.56122	1207.633667	4	AE1	2	16
1207.633667	1207.682636	56	L	2	16
1207.682636	1207.798936	62	S	2	16
1207.798936	1207.852636	31	IY0	2	16
1207.852636	1207.882636	6	AH0	2	16
1207.882636	1207.932636	57	M	2	16
1207.932636	1207.973261	57	M	2	16
1207.973261	1208.072636	25	EY1	2	16
1208.072636	1208.112636	54	K	2	16
1208.112636	1208.212636	62	S	2	16
1208.212636	1208.292022	46	B	2	16
1208.292022	1208.472636	35	OW1	2	16
1208.472636	1208.542636	58	N	2	16
1208.542636	1208.654255	69	Z	2	16
1208.654255	1208.672636	6	AH0	2	16
1208.672636	1208.702636	58	N	2	16
1208.702636	1208.732636	48	D	2	16
1208.732636	1208.811057	64	T	2	16
1208.811057	1208.891492	32	IY1	2	16
1208.891492	1208.952636	65	TH	2	16
1208.952636	1209.102636	62	S	2	16
1209.102636	1209.143271	64	T	2	16
1209.143271	1209.246966	61	R	2	16
1209.246966	1209.412636	10	AO1	2	16
1209.412636	1209.500043	59	NG	2	16
1219.604813	1219.704427	58	N	2	17
1219.704427	1219.781401	7	AH1	2	17
1219.781401	1219.850309	65	TH	2	17
1219.850309	1219.964782	27	IH0	2	17
1219.964782	1220.014589	59	NG	2	17
1220.014589	1220.155949	28	IH1	2	17
1220.155949	1220.238721	69	Z	2	17
1220.238721	1220.39267	19	EH1	2	17
1220.39267	1220.480965	69	Z	2	17
1220.480965	1220.54662	6	AH0	2	17
1220.54662	1220.665949	50	F	2	17
1220.665949	1220.745949	19	EH1	2	17
1220.745949	1220.798429	58	N	2	17
1220.798429	1220.918512	62	S	2	17
1220.918512	1221.105949	27	IH0	2	17
1221.105949	1221.264897	66	V	2	17
1221.264897	1221.362248	4	AE1	2	17
1221.362248	1221.465949	69	Z	2	17
1221.465949	1221.555949	28	IH1	2	17
1221.555949	1221.606755	58	N	2	17
1221.606755	1221.655949	6	AH0	2	17
1221.655949	1221.783474	62	S	2	17
1221.783474	1221.865949	6	AH0	2	17
1221.865949	1221.959184	58	N	2	17
1221.959184	1222.245949	62	S	2	17
1231.062875	1231.243249	62	S	2	18
1231.243249	1231.293249	64	T	2	18
1231.293249	1231.409395	32	IY1	2	18
1231.409395	1231.476577	66	V	2	18
1231.476577	1231.503249	67	W	2	18
1231.503249	1231.573249	10	AO1	2	18
1231.573249	1231.663249	61	R	2	18
1231.663249	1231.775661	6	AH0	2	18
1231.775661	1231.803249	46	B	2	18
1231.803249	1231.853249	61	R	2	18
1231.853249	1231.943249	16	AY1	2	18
1231.943249	1232.031488	64	T	2	18
1232.031488	1232.133249	61	R	2	18
1232.133249	1232.243249	19	EH1	2	18
1232.243249	1232.359763	48	D	2	18
1232.359763	1232.405897	54	K	2	18
1232.405897	1232.547671	4	AE1	2	18
1232.547671	1232.653249	70	ZH	2	18
1232.653249	1232.721996	57	M	2	18
1232.721996	1232.783249	27	IH0	2	18
1232.783249	1232.817082	61	R	2	18
1232.817082	1232.981726	62	S	2	18
1232.981726	1233.036061	67	W	2	18
1233.036061	1233.123249	19	EH1	2	18
1233.123249	1233.185695	64	T	2	18
1233.185695	1233.403249	21	ER0	2	18
1242.483688	1242.524046	46	B	2	19
1242.524046	1242.608205	1	AA1	2	19
1242.608205	1242.651221	61	R	2	19
1242.651221	1242.67386	46	B	2	19
1242.67386	1242.780266	69	Z	2	19
1242.780266	1242.833627	51	G	2	19
1242.833627	1242.922896	35	OW1	2	19
1242.922896	1242.993627	56	L	2	19
1242.993627	1243.056469	48	D	2	19
1243.056469	1243.081373	46	B	2	19
1243.081373	1243.133627	61	R	2	19
1243.133627	1243.23053	25	EY1	2	19
1243.23053	1243.377938	62	S	2	19
1243.377938	1243.413627	56	L	2	19
1243.413627	1243.503627	6	AH0	2	19
1243.503627	1243.579517	64	T	2	19
1243.579517	1243.663283	67	W	2	19
1243.663283	1243.717618	7	AH1	2	19
1243.717618	1243.810968	69	Z	2	19
1243.810968	1244.002877	25	EY1	2	19
1244.002877	1244.052684	51	G	2	19
1244.052684	1244.086643	61	R	2	19
1244.086643	1244.188522	5	AE2	2	19
1244.188522	1244.275372	53	JH	2	19
1244.275372	1244.353627	43	UW0	2	19
1244.353627	1244.436969	25	EY1	2	19
1244.436969	1244.55762	63	SH	2	19
1244.55762	1244.593627	6	AH0	2	19
1244.593627	1244.661762	58	N	2	19
1244.661762	1244.700249	60	P	2	19
1244.700249	1244.733627	61	R	2	19
1244.733627	1244.854198	19	EH1	2	19
1244.854198	1244.983627	69	Z	2	19
1244.983627	1245.073627	6	AH0	2	19
1245.073627	1245.131211	58	N	2	19
1245.131211	1245.161954	64	T	2	19
1254.661625	1254.731529	48	D	2	20
1254.731529	1254.799448	61	R	2	20
1254.799448	1255.089235	10	AO1	2	20
1255.089235	1255.188849	19	EH1	2	20
1255.188849	1255.24092	66	V	2	20
1255.24092	1255.281627	61	R	2	20
1255.281627	1255.347441	31	IY0	2	20
1255.347441	1255.519917	13	AW1	2	20
1255.519917	1255.561066	64	T	2	20
1255.561066	1255.619532	21	ER0	2	20
1255.619532	1255.704561	56	L	2	20
1255.704561	1255.811066	16	AY1	2	20
1255.811066	1255.911582	58	N	2	20
1255.911582	1256.011066	50	F	2	20
1256.011066	1256.174684	22	ER1	2	20
1256.174684	1256.325632	62	S	2	20
1256.325632	1256.371066	64	T	2	20
1256.371066	1256.401066	49	DH	2	20
1256.401066	1256.461066	19	EH1	2	20
1256.461066	1256.552109	58	N	2	20
1256.552109	1256.689682	50	F	2	20
1256.689682	1256.828968	28	IH1	2	20
1256.828968	1256.991066	56	L	2	20
1256.991066	1257.080268	28	IH1	2	20
1257.080268	1257.18441	58	N	2	20
1257.18441	1257.211066	49	DH	2	20
1257.211066	1257.309578	6	AH0	2	20
1257.309578	1257.411456	29	IH2	2	20
1257.411456	1257.520126	58	N	2	20
1257.520126	1257.601066	64	T	2	20
1257.601066	1257.742337	28	IH1	2	20
1257.742337	1257.853161	61	R	2	20
1257.853161	1257.948015	31	IY0	2	20
1257.948015	1258.131066	21	ER0	2	20
1267.919938	1267.941077	49	DH	2	21
1267.941077	1267.967937	6	AH0	2	21
1267.967937	1268.047175	67	W	2	21
1268.047175	1268.101101	10	AO1	2	21
1268.101101	1268.119213	64	T	2	21
1268.119213	1268.239015	21	ER0	2	21
1268.239015	1268.313913	54	K	2	21
1268.313913	1268.349015	6	AH0	2	21
1268.349015	1268.438431	58	N	2	21
1268.438431	1268.497944	64	T	2	21
1268.497944	1268.61567	25	EY1	2	21
1268.61567	1268.669015	58	N	2	21
1268.669015	1268.685853	48	D	2	21
1268.685853	1268.7583	64	T	2	21
1268.7583	1268.829015	44	UW1	2	21
1268.829015	1268.869015	57	M	2	21
1268.869015	1268.949015	7	AH1	2	21
1268.949015	1269.09563	47	CH	2	21
1269.09563	1269.169015	54	K	2	21
1269.169015	1269.242787	56	L	2	21
1269.242787	1269.353721	10	AO1	2	21
1269.353721	1269.429015	61	R	2	21
1269.429015	1269.501698	31	IY0	2	21
1269.501698	1269.558297	58	N	2	21
1269.558297	1269.679015	4	AE1	2	21
1269.679015	1269.739413	58	N	2	21
1269.739413	1269.755261	48	D	2	21
1269.755261	1269.902678	62	S	2	21
1269.902678	1269.926416	64	T	2	21
1269.926416	1270.009015	7	AH1	2	21
1270.009015	1270.069015	59	NG	2	21
1270.069015	1270.099015	52	HH	2	21
1270.099015	1270.151454	28	IH1	2	21
1270.151454	1270.259015	69	Z	2	21
1270.259015	1270.57255	16	AY1	2	21
1270.57255	1270.829015	69	Z	2	21
1279.64925	1279.714389	53	JH	2	22
1279.714389	1279.845814	1	AA1	2	22
1279.845814	1279.898982	58	N	2	22
1279.898982	1279.962101	69	Z	2	22
1279.962101	1280.030292	46	B	2	22
1280.030292	1280.065814	61	R	2	22
1280.065814	1280.145754	7	AH1	2	22
1280.145754	1280.187883	49	DH	2	22
1280.187883	1280.281509	21	ER0	2	22
1280.281509	1280.345814	61	R	2	22
1280.345814	1280.505724	31	IY0	2	22
1280.505724	1280.587226	60	P	2	22
1280.587226	1280.685814	25	EY1	2	22
1280.685814	1280.770607	58	N	2	22
1280.770607	1280.823618	64	T	2	22
1280.823618	1280.875814	6	AH0	2	22
1280.875814	1280.905814	48	D	2	22
1280.905814	1280.935814	49	DH	2	22
1280.935814	1281.029638	6	AH0	2	22
1281.029638	1281.07079	51	G	2	22
1281.07079	1281.151025	21	ER0	2	22
1281.151025	1281.298182	1	AA1	2	22
1281.298182	1281.454129	70	ZH	2	22
1281.454129	1281.499674	48	D	2	22
1281.499674	1281.635814	10	AO1	2	22
1281.635814	1281.775814	61	R	2	22
1291.41575	1291.49559	47	CH	2	23
1291.49559	1291.597815	4	AE1	2	23
1291.597815	1291.636303	56	L	2	23
1291.636303	1291.699694	6	AH0	2	23
1291.699694	1291.737305	58	N	2	23
1291.737305	1291.8286	53	JH	2	23
1291.8286	1291.948209	32	IY1	2	23
1291.948209	1292.107305	47	CH	2	23
1292.107305	1292.211348	53	JH	2	23
1292.211348	1292.279918	19	EH1	2	23
1292.279918	1292.337305	58	N	2	23
1292.337305	1292.404436	21	ER0	2	23
1292.404436	1292.457305	6	AH0	2	23
1292.457305	1292.510842	56	L	2	23
1292.510842	1292.607305	69	Z	2	23
1292.607305	1292.637305	29	IH2	2	23
1292.637305	1292.694465	58	N	2	23
1292.694465	1292.727305	64	T	2	23
1292.727305	1292.796101	19	EH1	2	23
1292.796101	1292.877603	56	L	2	23
1292.877603	1292.959106	6	AH0	2	23
1292.959106	1293.038344	53	JH	2	23
1293.038344	1293.137959	6	AH0	2	23
1293.137959	1293.208894	58	N	2	23
1293.208894	1293.447305	62	S	2	23
1302.475813	1302.560927	5	AE2	2	24
1302.560927	1302.623973	57	M	2	24
1302.623973	1302.642085	46	B	2	24
1302.642085	1302.660927	6	AH0	2	24
1302.660927	1302.70412	48	D	2	24
1302.70412	1302.830927	19	EH1	2	24
1302.830927	1302.870927	54	K	2	24
1302.870927	1302.940927	62	S	2	24
1302.940927	1302.983943	64	T	2	24
1302.983943	1303.017902	61	R	2	24
1303.017902	1303.040927	6	AH0	2	24
1303.040927	1303.207505	62	S	2	24
1303.207505	1303.228451	60	P	2	24
1303.228451	1303.297839	28	IH1	2	24
1303.297839	1303.418623	54	K	2	24
1303.418623	1303.452583	60	P	2	24
1303.452583	1303.608796	2	AA2	2	24
1303.608796	1303.650927	54	K	2	24
1303.650927	1303.728786	6	AH0	2	24
1303.728786	1303.751425	64	T	2	24
1303.751425	1303.796945	62	S	2	24
1303.796945	1303.880712	6	AH0	2	24
1303.880712	1303.960927	54	K	2	24
1303.960927	1304.041453	1	AA1	2	24
1304.041453	1304.120692	57	M	2	24
1304.120692	1304.147859	60	P	2	24
1304.147859	1304.177291	56	L	2	24
1304.177291	1304.210927	27	IH0	2	24
1304.210927	1304.320927	63	SH	2	24
1304.320927	1304.403687	57	M	2	24
1304.403687	1304.540927	10	AO1	2	24
1304.540927	1304.710927	61	R	2	24
1314.835688	1314.903781	6	AH0	2	25
1314.903781	1314.985283	57	M	2	25
1314.985283	1315.056106	7	AH1	2	25
1315.056106	1315.179984	62	S	2	25
1315.179984	1315.245639	54	K	2	25
1315.245639	1315.286106	68	Y	2	25
1315.286106	1315.330923	6	AH0	2	25
1315.330923	1315.36941	56	L	2	25
1315.36941	1315.446106	21	ER0	2	25
1315.446106	1315.616106	4	AE1	2	25
1315.616106	1315.704476	46	B	2	25
1315.704476	1315.733908	48	D	2	25
1315.733908	1315.788243	6	AH0	2	25
1315.788243	1315.858425	57	M	2	25
1315.858425	1315.942433	6	AH0	2	25
1315.942433	1315.976106	58	N	2	25
1315.976106	1316.062423	28	IH1	2	25
1316.062423	1316.166106	69	Z	2	25
1316.166106	1316.20958	51	G	2	25
1316.20958	1316.293347	41	UH1	2	25
1316.293347	1316.327306	48	D	2	25
1316.327306	1316.424656	50	F	2	25
1316.424656	1316.456352	61	R	2	25
1316.456352	1316.515215	21	ER0	2	25
1316.515215	1316.567286	68	Y	2	25
1316.567286	1316.606106	41	UH1	2	25
1316.606106	1316.671428	61	R	2	25
1316.671428	1316.700859	46	B	2	25
1316.700859	1317.013286	4	AE1	2	25
1317.013286	1317.146106	54	K	2	25
1326.009875	1326.043834	49	DH	2	26
1326.043834	1326.141972	25	EY1	2	26
1326.141972	1326.218159	35	OW1	2	26
1326.218159	1326.243063	58	N	2	26
1326.243063	1326.392484	6	AH0	2	26
1326.392484	1326.411972	46	B	2	26
1326.411972	1326.531116	28	IH1	2	26
1326.531116	1326.571972	51	G	2	26
1326.571972	1326.637522	52	HH	2	26
1326.637522	1326.832222	13	AW1	2	26
1326.832222	1326.951045	62	S	2	26
1326.951045	1327.030993	28	IH1	2	26
1327.030993	1327.157913	58	N	2	26
1327.157913	1327.175887	49	DH	2	26
1327.175887	1327.239278	6	AH0	2	26
1327.239278	1327.302668	61	R	2	26
1327.302668	1327.347948	6	AH0	2	26
1327.347948	1327.421059	57	M	2	26
1327.421059	1327.567552	35	OW1	2	26
1327.567552	1327.630802	64	T	2	26
1327.630802	1327.673958	54	K	2	26
1327.673958	1327.731972	7	AH1	2	26
1327.731972	1327.788339	58	N	2	26
1327.788339	1327.87545	64	T	2	26
1327.87545	1327.913938	61	R	2	26
1327.913938	1327.95058	31	IY0	2	26
1327.95058	1328.090526	62	S	2	26
1328.090526	1328.362202	17	AY2	2	26
1328.362202	1328.459552	48	D	2	26
1337.231813	1337.249989	49	DH	2	27
1337.249989	1337.297401	6	AH0	2	27
1337.297401	1337.387959	61	R	2	27
1337.387959	1337.469462	35	OW1	2	27
1337.469462	1337.550964	69	Z	2	27
1337.550964	1337.580977	74	sp	2	27
1337.580977	1337.623909	54	K	2	27
1337.623909	1337.67712	9	AO0	2	27
1337.67712	1337.724663	61	R	2	27
1337.724663	1337.861202	62	S	2	27
1337.861202	1338.161607	1	AA1	2	27
1338.161607	1338.231202	70	ZH	2	27
1338.231202	1338.376054	62	S	2	27
1338.376054	1338.444602	57	M	2	27
1338.444602	1338.535161	19	EH1	2	27
1338.535161	1338.581202	56	L	2	27
1338.581202	1338.611202	48	D	2	27
1338.611202	1338.761202	62	S	2	27
1338.761202	1338.831739	67	W	2	27
1338.831739	1339.021202	32	IY1	2	27
1339.021202	1339.101202	64	T	2	27
1347.348125	1347.376589	49	DH	2	28
1347.376589	1347.449123	4	AE1	2	28
1347.449123	1347.553635	64	T	2	28
1347.553635	1347.58025	60	P	2	28
1347.58025	1347.660551	28	IH1	2	28
1347.660551	1347.742054	54	K	2	28
1347.742054	1347.782805	60	P	2	28
1347.782805	1347.948074	2	AA2	2	28
1347.948074	1348.006937	54	K	2	28
1348.006937	1348.056589	6	AH0	2	28
1348.056589	1348.086589	64	T	2	28
1348.086589	1348.12659	67	W	2	28
1348.12659	1348.167341	7	AH1	2	28
1348.167341	1348.266956	69	Z	2	28
1348.266956	1348.339402	54	K	2	28
1348.339402	1348.456589	1	AA1	2	28
1348.456589	1348.486589	64	T	2	28
1348.486589	1348.581527	61	R	2	28
1348.581527	1348.673285	19	EH1	2	28
1348.673285	1348.712956	48	D	2	28
1348.712956	1348.787666	52	HH	2	28
1348.787666	1348.928032	4	AE1	2	28
1348.928032	1348.989159	58	N	2	28
1348.989159	1349.015843	48	D	2	28
1349.015843	1349.112746	6	AH0	2	28
1349.112746	1349.256589	48	D	2	28
1360.178	1360.213876	4	AE1	2	29
1360.213876	1360.234252	58	N	2	29
1360.234252	1360.355277	6	AH0	2	29
1360.355277	1360.442536	48	D	2	29
1360.442536	1360.510455	7	AH1	2	29
1360.510455	1360.585166	56	L	2	29
1360.585166	1360.614597	64	T	2	29
1360.614597	1360.68478	57	M	2	29
1360.68478	1360.797978	25	EY1	2	29
1360.797978	1360.851812	56	L	2	29
1360.851812	1360.902763	46	B	2	29
1360.902763	1361.031021	3	AE0	2	29
1361.031021	1361.094763	46	B	2	29
1361.094763	1361.244763	44	UW1	2	29
1361.244763	1361.274763	58	N	2	29
1361.274763	1361.399734	69	Z	2	29
1361.399734	1361.481236	64	T	2	29
1361.481236	1361.619338	32	IY1	2	29
1361.619338	1361.648769	65	TH	2	29
1361.648769	1361.716688	21	ER0	2	29
1361.716688	1361.774763	58	N	2	29
1361.774763	1361.914763	1	AA1	2	29
1361.914763	1361.950358	64	T	2	29
1361.950358	1362.094763	62	S	2	29
1362.094763	1362.147322	44	UW1	2	29
1362.147322	1362.179018	64	T	2	29
1362.179018	1362.233353	6	AH0	2	29
1362.233353	1362.264763	46	B	2	29
1362.264763	1362.317119	6	AH0	2	29
1362.317119	1362.369191	56	L	2	29
1362.369191	1362.494648	50	F	2	29
1362.494648	1362.519551	61	R	2	29
1362.519551	1362.555775	21	ER0	2	29
1362.555775	1362.677408	32	IY1	2	29
1362.677408	1362.723308	64	T	2	29
1362.723308	1362.782171	27	IH0	2	29
1362.782171	1362.83877	59	NG	2	29
1362.83877	1362.976871	63	SH	2	29
1362.976871	1363.051582	19	EH1	2	29
1363.051582	1363.124029	56	L	2	29
1363.124029	1363.197473	50	F	2	29
1363.197473	1363.348161	29	IH2	2	29
1363.348161	1363.564763	63	SH	2	29
1376.181375	1376.232001	52	HH	2	30
1376.232001	1376.286336	21	ER0	2	30
1376.286336	1376.331615	67	W	2	30
1376.331615	1376.401488	10	AO1	2	30
1376.401488	1376.465189	61	R	2	30
1376.465189	1376.530844	48	D	2	30
1376.530844	1376.571595	61	R	2	30
1376.571595	1376.641778	36	OW2	2	30
1376.641778	1376.696113	46	B	2	30
1376.696113	1376.759684	54	K	2	30
1376.759684	1376.807577	6	AH0	2	30
1376.807577	1376.861488	58	N	2	30
1376.861488	1376.993222	62	S	2	30
1376.993222	1377.065668	28	IH1	2	30
1377.065668	1377.236694	62	S	2	30
1377.236694	1377.356684	35	OW1	2	30
1377.356684	1377.418213	58	N	2	30
1377.418213	1377.465354	56	L	2	30
1377.465354	1377.510633	31	IY0	2	30
1377.510633	1377.551488	6	AH0	2	30
1377.551488	1377.581488	66	V	2	30
1377.581488	1377.701488	62	S	2	30
1377.701488	1377.741488	54	K	2	30
1377.741488	1377.834379	22	ER1	2	30
1377.834379	1377.88645	64	T	2	30
1377.88645	1377.971488	62	S	2	30
1377.971488	1378.001488	6	AH0	2	30
1378.001488	1378.041488	58	N	2	30
1378.041488	1378.071488	48	D	2	30
1378.071488	1378.111488	46	B	2	30
1378.111488	1378.171488	56	L	2	30
1378.171488	1378.301488	13	AW1	2	30
1378.301488	1378.426437	62	S	2	30
1378.426437	1378.544925	6	AH0	2	30
1378.544925	1378.751488	69	Z	2	30
1387.797125	1387.838255	49	DH	2	31
1387.838255	1387.914851	6	AH0	2	31
1387.914851	1388.003145	64	T	2	31
1388.003145	1388.098232	44	UW1	2	31
1388.098232	1388.195582	1	AA1	2	31
1388.195582	1388.256709	61	R	2	31
1388.256709	1388.283876	64	T	2	31
1388.283876	1388.362496	6	AH0	2	31
1388.362496	1388.473591	62	S	2	31
1388.473591	1388.555094	27	IH0	2	31
1388.555094	1388.589053	54	K	2	31
1388.589053	1388.654708	62	S	2	31
1388.654708	1388.758484	47	CH	2	31
1388.758484	1388.903009	25	EY1	2	31
1388.903009	1388.933009	58	N	2	31
1388.933009	1389.041845	53	JH	2	31
1389.041845	1389.062221	48	D	2	31
1389.062221	1389.203009	10	AO1	2	31
1389.203009	1389.25013	64	T	2	31
1389.25013	1389.358057	6	AH0	2	31
1389.358057	1389.396226	51	G	2	31
1389.396226	1389.42219	61	R	2	31
1389.42219	1389.610099	5	AE2	2	31
1389.610099	1389.653114	50	F	2	31
1389.653114	1389.883009	62	S	2	31
1400.2545	1400.291235	46	B	2	32
1400.291235	1400.347256	7	AH1	2	32
1400.347256	1400.390272	64	T	2	32
1400.390272	1400.433287	21	ER0	2	32
1400.433287	1400.541957	62	S	2	32
1400.541957	1400.5895	54	K	2	32
1400.5895	1400.69295	2	AA2	2	32
1400.69295	1400.84295	47	CH	2	32
1400.84295	1400.907972	50	F	2	32
1400.907972	1401.068713	7	AH1	2	32
1401.068713	1401.200023	53	JH	2	32
1401.200023	1401.243038	51	G	2	32
1401.243038	1401.322276	35	OW1	2	32
1401.322276	1401.440002	69	Z	2	32
1401.440002	1401.52295	67	W	2	32
1401.52295	1401.623383	19	EH1	2	32
1401.623383	1401.664134	56	L	2	32
1401.664134	1401.711677	67	W	2	32
1401.711677	1401.754693	28	IH1	2	32
1401.754693	1401.849779	65	TH	2	32
1401.849779	1401.892794	66	V	2	32
1401.892794	1401.960713	6	AH0	2	32
1401.960713	1401.987881	58	N	2	32
1401.987881	1402.049007	28	IH1	2	32
1402.049007	1402.114662	56	L	2	32
1402.114662	1402.181088	6	AH0	2	32
1402.181088	1402.328246	16	AY1	2	32
1402.328246	1402.470759	62	S	2	32
1402.470759	1402.52521	54	K	2	32
1402.52521	1402.581809	61	R	2	32
1402.581809	1402.68295	32	IY1	2	32
1402.68295	1402.80295	57	M	2	32
1412.4935	1412.550699	61	R	2	33
1412.550699	1412.600506	28	IH1	2	33
1412.600506	1412.799186	47	CH	2	33
1412.799186	1412.83143	60	P	2	33
1412.83143	1412.919724	22	ER1	2	33
1412.919724	1413.04877	47	CH	2	33
1413.04877	1413.107633	6	AH0	2	33
1413.107633	1413.237787	62	S	2	33
1413.237787	1413.305778	62	S	2	33
1413.305778	1413.428778	19	EH1	2	33
1413.428778	1413.487641	66	V	2	33
1413.487641	1413.528393	61	R	2	33
1413.528393	1413.584992	6	AH0	2	33
1413.584992	1413.630271	56	L	2	33
1413.630271	1413.793508	62	S	2	33
1413.793508	1413.98912	16	AY1	2	33
1413.98912	1414.026464	58	N	2	33
1414.026464	1414.058159	48	D	2	33
1414.058159	1414.11912	56	L	2	33
1414.11912	1414.18912	28	IH1	2	33
1414.18912	1414.273235	65	TH	2	33
1414.273235	1414.363794	6	AH0	2	33
1414.363794	1414.393225	51	G	2	33
1414.393225	1414.42912	61	R	2	33
1414.42912	1414.639997	5	AE2	2	33
1414.639997	1414.694332	50	F	2	33
1414.694332	1414.95912	62	S	2	33
1425.7795	1425.864836	19	EH1	2	34
1425.864836	1425.91238	58	N	2	34
1425.91238	1426.043689	31	IY0	2	34
1426.043689	1426.096984	54	K	2	34
1426.096984	1426.206694	2	AA2	2	34
1426.206694	1426.23839	58	N	2	34
1426.23839	1426.335692	64	T	2	34
1426.335692	1426.35154	61	R	2	34
1426.35154	1426.417195	6	AH0	2	34
1426.417195	1426.45032	46	B	2	34
1426.45032	1426.476643	68	Y	2	34
1426.476643	1426.580732	44	UW1	2	34
1426.580732	1426.710463	63	SH	2	34
1426.710463	1426.754726	6	AH0	2	34
1426.754726	1426.826171	58	N	2	34
1426.826171	1426.916643	69	Z	2	34
1426.916643	1426.956643	67	W	2	34
1426.956643	1426.996643	6	AH0	2	34
1426.996643	1427.051103	56	L	2	34
1427.051103	1427.076643	46	B	2	34
1427.076643	1427.198261	32	IY1	2	34
1427.198261	1427.234484	51	G	2	34
1427.234484	1427.266179	61	R	2	34
1427.266179	1427.356738	25	EY1	2	34
1427.356738	1427.383905	64	T	2	34
1427.383905	1427.446643	56	L	2	34
1427.446643	1427.503895	31	IY0	2	34
1427.503895	1427.583134	6	AH0	2	34
1427.583134	1427.639733	60	P	2	34
1427.639733	1427.671428	61	R	2	34
1427.671428	1427.761986	32	IY1	2	34
1427.761986	1427.893778	63	SH	2	34
1427.893778	1427.976643	31	IY0	2	34
1427.976643	1428.124702	26	EY2	2	34
1428.124702	1428.176643	64	T	2	34
1428.176643	1428.299027	6	AH0	2	34
1428.299027	1428.406643	48	D	2	34
1440.820563	1440.846474	49	DH	2	35
1440.846474	1440.924385	31	IY0	2	35
1440.924385	1441.000423	54	K	2	35
1441.000423	1441.065372	61	R	2	35
1441.065372	1441.138524	4	AE1	2	35
1441.138524	1441.214752	58	N	2	35
1441.214752	1441.240403	46	B	2	35
1441.240403	1441.317377	20	EH2	2	35
1441.317377	1441.362656	61	R	2	35
1441.362656	1441.495915	31	IY0	2	35
1441.495915	1441.525661	46	B	2	35
1441.525661	1441.765641	1	AA1	2	35
1441.765641	1441.842616	51	G	2	35
1441.842616	1441.876575	51	G	2	35
1441.876575	1441.992037	28	IH1	2	35
1441.992037	1442.023733	64	T	2	35
1442.023733	1442.205372	62	S	2	35
1442.205372	1442.610805	74	sp	2	35
1442.610805	1442.734875	66	V	2	35
1442.734875	1442.89213	19	EH1	2	35
1442.89213	1442.965372	61	R	2	35
1442.965372	1443.082303	31	IY0	2	35
1443.082303	1443.214025	74	sp	2	35
1443.214025	1443.274739	60	P	2	35
1443.274739	1443.33813	61	R	2	35
1443.33813	1443.391613	28	IH1	2	35
1443.391613	1443.430953	64	T	2	35
1443.430953	1443.58654	31	IY0	2	35
1443.58654	1443.735372	28	IH1	2	35
1443.735372	1443.788032	58	N	2	35
1443.788032	1444.04386	10	AO1	2	35
1444.04386	1444.071027	64	T	2	35
1444.071027	1444.175372	6	AH0	2	35
1444.175372	1444.315372	57	M	2	35
1452.200688	1452.275398	52	HH	2	36
1452.275398	1452.474627	13	AW1	2	36
1452.474627	1452.508463	48	D	2	36
1452.508463	1452.676119	44	UW1	2	36
1452.676119	1452.816484	38	OY1	2	36
1452.816484	1452.928463	62	S	2	36
1452.928463	1452.970434	64	T	2	36
1452.970434	1453.0542	21	ER0	2	36
1453.0542	1453.142495	69	Z	2	36
1453.142495	1453.178718	57	M	2	36
1453.178718	1453.291916	25	EY1	2	36
1453.291916	1453.40285	54	K	2	36
1453.40285	1453.439073	60	P	2	36
1453.439073	1453.568463	22	ER1	2	36
1453.568463	1453.716095	56	L	2	36
1453.716095	1453.958463	69	Z	2	36
1463.5425	1463.580987	57	M	2	37
1463.580987	1463.721883	25	EY1	2	37
1463.721883	1463.782519	16	AY1	2	37
1463.782519	1463.884888	10	AO1	2	37
1463.884888	1463.941487	61	R	2	37
1463.941487	1463.979974	48	D	2	37
1463.979974	1464.306472	21	ER0	2	37
1464.306472	1464.52542	25	EY1	2	37
1464.52542	1464.575227	60	P	2	37
1464.575227	1464.65343	1	AA1	2	37
1464.65343	1464.691918	61	R	2	37
1464.691918	1464.802852	50	F	2	37
1464.802852	1465.044927	25	EY1	2	37
1465.044927	1465.235099	4	AE1	2	37
1465.235099	1465.302519	50	F	2	37
1465.302519	1465.341258	64	T	2	37
1465.341258	1465.482519	21	ER0	2	37
1465.482519	1465.552006	16	AY1	2	37
1465.552006	1465.748716	32	IY1	2	37
1465.748716	1465.857449	64	T	2	37
1465.857449	1465.878016	48	D	2	37
1465.878016	1465.970838	28	IH1	2	37
1465.970838	1466.022909	58	N	2	37
1466.022909	1466.252519	21	ER0	2	37
1474.754625	1474.8532	28	IH1	2	38
1474.8532	1474.91763	69	Z	2	38
1474.91763	1475.137234	63	SH	2	38
1475.137234	1475.350046	32	IY1	2	38
1475.350046	1475.377214	51	G	2	38
1475.377214	1475.519843	35	OW1	2	38
1475.519843	1475.605874	27	IH0	2	38
1475.605874	1475.663123	59	NG	2	38
1475.663123	1475.7332	67	W	2	38
1475.7332	1475.783113	28	IH1	2	38
1475.783113	1475.891783	65	TH	2	38
1475.891783	1475.943854	68	Y	2	38
1475.943854	1476.251753	44	UW1	2	38
1487.776563	1487.828634	54	K	2	39
1487.828634	1487.860329	6	AH0	2	39
1487.860329	1487.921558	58	N	2	39
1487.921558	1487.944096	49	DH	2	39
1487.944096	1488.00975	6	AH0	2	39
1488.00975	1488.165964	25	EY1	2	39
1488.165964	1488.267842	53	JH	2	39
1488.267842	1488.291558	6	AH0	2	39
1488.291558	1488.331558	58	N	2	39
1488.331558	1488.444498	62	S	2	39
1488.444498	1488.543876	31	IY0	2	39
1488.543876	1488.711558	35	OW1	2	39
1488.711558	1488.768008	66	V	2	39
1488.768008	1488.878942	21	ER0	2	39
1488.878942	1488.996668	65	TH	2	39
1488.996668	1489.055363	61	R	2	39
1489.055363	1489.204784	36	OW2	2	39
1489.204784	1489.376845	25	EY1	2	39
1489.376845	1489.471558	56	L	2	39
1489.471558	1489.521558	31	IY0	2	39
1489.521558	1489.582865	6	AH0	2	39
1489.582865	1489.668896	58	N	2	39
1489.668896	1489.742625	50	F	2	39
1489.742625	1489.832094	10	AO1	2	39
1489.832094	1489.904541	61	R	2	39
1489.904541	1490.04969	62	S	2	39
1490.04969	1490.196591	6	AH0	2	39
1490.196591	1490.451558	69	Z	2	39
1500.16448	1500.205616	6	AH0	2	40
1500.205616	1500.345982	62	S	2	40
1500.345982	1500.386733	54	K	2	40
1500.386733	1500.416165	61	R	2	40
1500.416165	1500.492971	44	UW1	2	40
1500.492971	1500.576737	48	D	2	40
1500.576737	1500.622016	61	R	2	40
1500.622016	1500.742006	17	AY2	2	40
1500.742006	1500.798605	66	V	2	40
1500.798605	1500.863757	21	ER0	2	40
1500.863757	1500.95111	28	IH1	2	40
1500.95111	1501.034876	69	Z	2	40
1501.034876	1501.098267	57	M	2	40
1501.098267	1501.247929	25	EY1	2	40
1501.247929	1501.284153	48	D	2	40
1501.284153	1501.370183	50	F	2	40
1501.370183	1501.395087	21	ER0	2	40
1501.395087	1501.478853	57	M	2	40
1501.478853	1501.537716	66	V	2	40
1501.537716	1501.687137	1	AA1	2	40
1501.687137	1501.753757	48	D	2	40
1501.753757	1501.793757	54	K	2	40
1501.793757	1501.852406	6	AH0	2	40
1501.852406	1501.893757	4	AE1	2	40
1501.893757	1501.933757	58	N	2	40
1501.933757	1501.963757	48	D	2	40
1501.963757	1502.040315	10	AO1	2	40
1502.040315	1502.08333	61	R	2	40
1502.08333	1502.135401	6	AH0	2	40
1502.135401	1502.183757	58	N	2	40
1502.183757	1502.323757	53	JH	2	40
1502.323757	1502.381258	53	JH	2	40
1502.381258	1502.535207	44	UW1	2	40
1502.535207	1502.813757	62	S	2	40
1511.883438	1511.941483	52	HH	2	41
1511.941483	1511.996159	13	AW1	2	41
1511.996159	1512.032382	57	M	2	41
1512.032382	1512.107093	7	AH1	2	41
1512.107093	1512.190574	47	CH	2	41
1512.190574	1512.24713	6	AH0	2	41
1512.24713	1512.299473	56	L	2	41
1512.299473	1512.451033	13	AW1	2	41
1512.451033	1512.509078	6	AH0	2	41
1512.509078	1512.540333	58	N	2	41
1512.540333	1512.646005	62	S	2	41
1512.646005	1512.692143	48	D	2	41
1512.692143	1512.729473	44	UW1	2	41
1512.729473	1512.76656	68	Y	2	41
1512.76656	1512.899022	44	UW1	2	41
1512.899022	1512.925812	51	G	2	41
1512.925812	1513.070758	19	EH1	2	41
1513.070758	1513.179473	64	T	2	41
1520.628813	1520.858016	62	S	2	42
1520.858016	1520.9622	28	IH1	2	42
1520.9622	1521.020245	54	K	2	42
1521.020245	1521.052989	56	L	2	42
1521.052989	1521.133359	27	IH0	2	42
1521.133359	1521.175032	54	K	2	42
1521.175032	1521.214059	6	AH0	2	42
1521.214059	1521.286247	56	L	2	42
1521.286247	1521.36364	60	P	2	42
1521.36364	1521.409779	61	R	2	42
1521.409779	1521.527357	35	OW1	2	42
1521.527357	1521.554147	51	G	2	42
1521.554147	1521.625587	61	R	2	42
1521.625587	1521.728283	5	AE2	2	42
1521.728283	1521.774421	57	M	2	42
1521.774421	1521.886015	69	Z	2	42
1521.886015	1521.904059	67	W	2	42
1521.904059	1521.934059	6	AH0	2	42
1521.934059	1521.964059	56	L	2	42
1521.964059	1521.999129	58	N	2	42
1521.999129	1522.094059	19	EH1	2	42
1522.094059	1522.137544	66	V	2	42
1522.137544	1522.243216	21	ER0	2	42
1522.243216	1522.305726	54	K	2	42
1522.305726	1522.324059	6	AH0	2	42
1522.324059	1522.417352	57	M	2	42
1522.417352	1522.470932	60	P	2	42
1522.470932	1522.644059	16	AY1	2	42
1522.644059	1522.844059	56	L	2	42
1532.314063	1532.330315	49	DH	2	43
1532.330315	1532.427252	6	AH0	2	43
1532.427252	1532.439159	46	B	2	43
1532.439159	1532.595435	1	AA1	2	43
1532.595435	1532.718782	62	S	2	43
1532.718782	1532.753927	64	T	2	43
1532.753927	1532.818782	6	AH0	2	43
1532.818782	1532.908714	58	N	2	43
1532.908714	1532.920621	46	B	2	43
1532.920621	1533.063501	3	AE0	2	43
1533.063501	1533.139003	56	L	2	43
1533.139003	1533.308782	25	EY1	2	43
1533.308782	1533.458782	35	OW1	2	43
1533.458782	1533.498782	66	V	2	43
1533.498782	1533.658615	21	ER0	2	43
1533.658615	1533.740265	54	K	2	43
1533.740265	1533.844975	25	EY1	2	43
1533.844975	1533.935763	57	M	2	43
1533.935763	1533.955112	49	DH	2	43
1533.955112	1534.022087	19	EH1	2	43
1534.022087	1534.065249	61	R	2	43
1534.065249	1534.172409	50	F	2	43
1534.172409	1534.258732	7	AH1	2	43
1534.258732	1534.340591	58	N	2	43
1534.340591	1534.352498	48	D	2	43
1534.352498	1534.414977	27	IH0	2	43
1534.414977	1534.488782	59	NG	2	43
1534.488782	1534.623344	63	SH	2	43
1534.623344	1534.699249	10	AO1	2	43
1534.699249	1534.781108	61	R	2	43
1534.781108	1534.809386	64	T	2	43
1534.809386	1534.971615	6	AH0	2	43
1534.971615	1535.198782	53	JH	2	43
1547.400625	1547.487073	19	EH1	2	44
1547.487073	1547.517073	66	V	2	44
1547.517073	1547.559877	61	R	2	44
1547.559877	1547.659596	31	IY0	2	44
1547.659596	1547.725082	54	K	2	44
1547.725082	1547.930473	4	AE1	2	44
1547.930473	1548.000543	46	B	2	44
1548.000543	1548.019773	58	N	2	44
1548.019773	1548.170603	32	IY1	2	44
1548.170603	1548.188463	48	D	2	44
1548.188463	1548.247073	69	Z	2	44
1548.247073	1548.28967	61	R	2	44
1548.28967	1548.416179	31	IY0	2	44
1548.416179	1548.480177	60	P	2	44
1548.480177	1548.594479	25	EY1	2	44
1548.594479	1548.6555	58	N	2	44
1548.6555	1548.715197	64	T	2	44
1548.715197	1548.784986	27	IH0	2	44
1548.784986	1548.856792	59	NG	2	44
1548.856792	1549.037073	10	AO1	2	44
1549.037073	1549.142187	50	F	2	44
1549.142187	1549.19279	64	T	2	44
1549.19279	1549.31781	6	AH0	2	44
1549.31781	1549.467073	58	N	2	44
1559.504938	1559.568936	52	HH	2	45
1559.568936	1559.631446	19	EH1	2	45
1559.631446	1559.695537	56	L	2	45
1559.695537	1559.799628	60	P	2	45
1559.799628	1559.817488	51	G	2	45
1559.817488	1559.882295	61	R	2	45
1559.882295	1560.043035	19	EH1	2	45
1560.043035	1560.144242	51	G	2	45
1560.144242	1560.218738	64	T	2	45
1560.218738	1560.311579	27	IH0	2	45
1560.311579	1560.34227	60	P	2	45
1560.34227	1560.452407	28	IH1	2	45
1560.452407	1560.477804	54	K	2	45
1560.477804	1560.635804	25	EY1	2	45
1560.635804	1560.703936	60	P	2	45
1560.703936	1560.81489	19	EH1	2	45
1560.81489	1560.832821	54	K	2	45
1560.832821	1560.867053	6	AH0	2	45
1560.867053	1560.989096	66	V	2	45
1560.989096	1561.023328	60	P	2	45
1561.023328	1561.12007	6	AH0	2	45
1561.12007	1561.16472	64	T	2	45
1561.16472	1561.337367	25	EY1	2	45
1561.337367	1561.368622	64	T	2	45
1561.368622	1561.560618	34	OW0	2	45
1561.560618	1561.795537	69	Z	2	45
1570.518	1570.540909	67	W	2	46
1570.540909	1570.611947	32	IY1	2	46
1570.611947	1570.641947	56	L	2	46
1570.641947	1570.771947	16	AY1	2	46
1570.771947	1570.829647	54	K	2	46
1570.829647	1570.859983	46	B	2	46
1570.859983	1570.902575	56	L	2	46
1570.902575	1570.98741	44	UW1	2	46
1570.98741	1571.119872	47	CH	2	46
1571.119872	1571.255311	32	IY1	2	46
1571.255311	1571.395374	69	Z	2	46
1571.395374	1571.411947	46	B	2	46
1571.411947	1571.461947	7	AH1	2	46
1571.461947	1571.559091	64	T	2	46
1571.559091	1571.600764	66	V	2	46
1571.600764	1571.675181	28	IH1	2	46
1571.675181	1571.728761	54	K	2	46
1571.728761	1571.777037	64	T	2	46
1571.777037	1571.871611	21	ER0	2	46
1571.871611	1571.931144	56	L	2	46
1571.931144	1572.044258	16	AY1	2	46
1572.044258	1572.071947	54	K	2	46
1572.071947	1572.208436	62	S	2	46
1572.208436	1572.2303	46	B	2	46
1572.2303	1572.321896	61	R	2	46
1572.321896	1572.521947	32	IY1	2	46
1583.753	1583.793142	54	K	2	47
1583.793142	1583.866645	13	AW1	2	47
1583.866645	1583.896645	58	N	2	47
1583.896645	1583.926645	64	T	2	47
1583.926645	1583.956645	49	DH	2	47
1583.956645	1584.006645	7	AH1	2	47
1584.006645	1584.069972	58	N	2	47
1584.069972	1584.146645	7	AH1	2	47
1584.146645	1584.223271	57	M	2	47
1584.223271	1584.239643	46	B	2	47
1584.239643	1584.326645	21	ER0	2	47
1584.326645	1584.390583	6	AH0	2	47
1584.390583	1584.469465	66	V	2	47
1584.469465	1584.566207	64	T	2	47
1584.566207	1584.645089	32	IY1	2	47
1584.645089	1584.726645	62	S	2	47
1584.726645	1584.773086	60	P	2	47
1584.773086	1584.835596	45	UW2	2	47
1584.835596	1584.871316	58	N	2	47
1584.871316	1584.946645	69	Z	2	47
1584.946645	1584.976645	6	AH0	2	47
1584.976645	1584.999251	66	V	2	47
1584.999251	1585.139265	62	S	2	47
1585.139265	1585.289587	38	OY1	2	47
1585.289587	1585.39933	62	S	2	47
1585.39933	1585.514326	11	AO2	2	47
1585.514326	1585.622864	62	S	2	47
1585.622864	1585.640724	49	DH	2	47
1585.640724	1585.698769	6	AH0	2	47
1585.698769	1585.795511	64	T	2	47
1585.795511	1585.843138	68	Y	2	47
1585.843138	1585.887788	44	UW1	2	47
1585.887788	1586.158175	4	AE1	2	47
1586.158175	1586.292125	48	D	2	47
1594.894875	1594.905887	46	B	2	48
1594.905887	1595.106812	4	AE1	2	48
1595.106812	1595.190159	51	G	2	48
1595.190159	1595.272018	60	P	2	48
1595.272018	1595.449638	17	AY2	2	48
1595.449638	1595.479404	60	P	2	48
1595.479404	1595.558286	62	S	2	48
1595.558286	1595.625261	6	AH0	2	48
1595.625261	1595.696855	58	N	2	48
1595.696855	1595.753258	48	D	2	48
1595.753258	1595.771118	46	B	2	48
1595.771118	1595.951207	1	AA1	2	48
1595.951207	1596.004787	59	NG	2	48
1596.004787	1596.022647	51	G	2	48
1596.022647	1596.149156	36	OW2	2	48
1596.149156	1596.221784	69	Z	2	48
1596.221784	1596.331921	21	ER0	2	48
1596.331921	1596.409315	57	M	2	48
1596.409315	1596.446855	68	Y	2	48
1596.446855	1596.492662	44	UW1	2	48
1596.492662	1596.596855	69	Z	2	48
1596.596855	1596.636855	27	IH0	2	48
1596.636855	1596.663504	54	K	2	48
1596.663504	1596.726855	6	AH0	2	48
1596.726855	1596.793054	56	L	2	48
1596.793054	1596.856855	28	IH1	2	48
1596.856855	1596.913609	58	N	2	48
1596.913609	1597.036855	62	S	2	48
1597.036855	1597.099651	64	T	2	48
1597.099651	1597.116855	61	R	2	48
1597.116855	1597.146855	6	AH0	2	48
1597.146855	1597.191517	57	M	2	48
1597.191517	1597.326855	6	AH0	2	48
1597.326855	1597.380536	58	N	2	48
1597.380536	1597.411791	64	T	2	48
1597.411791	1597.636855	62	S	2	48
1609.262375	1609.327213	52	HH	2	49
1609.327213	1609.498482	13	AW1	2	49
1609.498482	1609.522295	51	G	2	49
1609.522295	1609.584695	41	UH1	2	49
1609.584695	1609.599578	48	D	2	49
1609.599578	1609.681437	6	AH0	2	49
1609.681437	1609.810242	69	Z	2	49
1609.810242	1609.859099	68	Y	2	49
1609.859099	1609.900772	10	AO1	2	49
1609.900772	1609.927563	61	R	2	49
1609.927563	1609.978166	19	EH1	2	49
1609.978166	1610.06449	58	N	2	49
1610.06449	1610.08235	48	D	2	49
1610.08235	1610.199928	21	ER0	2	49
1610.199928	1610.3056	6	AH0	2	49
1610.3056	1610.405319	58	N	2	49
1610.405319	1610.683797	62	S	2	49
