429.5643361	429.7116085	32	IY1	1	9
429.7116085	429.7670082	66	V	1	9
429.7670082	429.832	6	AH0	1	9
429.832	429.872	58	N	1	9
429.872	429.952	6	AH0	1	9
429.952	430.1149015	62	S	1	9
430.1149015	430.1631528	28	IH1	1	9
430.1631528	430.2542943	57	M	1	9
430.2542943	430.2703781	60	P	1	9
430.2703781	430.312	6	AH0	1	9
430.312	430.368668	56	L	1	9
430.368668	430.452	66	V	1	9
430.452	430.6353627	34	OW0	1	9
430.6353627	430.682	54	K	1	9
430.682	430.8407415	4	AE1	1	9
430.8407415	430.8980647	46	B	1	9
430.8980647	430.9427419	68	Y	1	9
430.9427419	430.9713353	6	AH0	1	9
430.9713353	431.022	56	L	1	9
431.022	431.112	20	EH2	1	9
431.112	431.172	61	R	1	9
431.172	431.232	31	IY0	1	9
431.232	431.3041523	54	K	1	9
431.3041523	431.332	6	AH0	1	9
431.332	431.4417581	58	N	1	9
431.4417581	431.481074	64	T	1	9
431.481074	431.6401248	25	EY1	1	9
431.6401248	431.7062471	58	N	1	9
431.7062471	431.752	69	Z	1	9
431.752	431.8420658	62	S	1	9
431.8420658	431.9117622	28	IH1	1	9
431.9117622	432.0404326	57	M	1	9
432.0404326	432.0967708	46	B	1	9
432.0967708	432.1303678	6	AH0	1	9
432.1303678	432.2578308	56	L	1	9
432.2578308	432.492	69	Z	1	9
443.1550147	443.271646	6	AH0	1	10
443.271646	443.3288329	54	K	1	10
443.3288329	443.393168	61	R	1	10
443.393168	443.522	4	AE1	1	10
443.522	443.5933219	46	B	1	10
443.5933219	443.717187	47	CH	1	10
443.717187	443.8311952	4	AE1	1	10
443.8311952	443.912	56	L	1	10
443.912	443.952	6	AH0	1	10
443.952	443.9973944	58	N	1	10
443.9973944	444.1443542	53	JH	1	10
444.1443542	444.1948671	48	D	1	10
444.1948671	444.2767791	57	M	1	10
444.2767791	444.4738251	32	IY1	1	10
444.4738251	444.4952702	46	B	1	10
444.4952702	444.5542441	7	AH1	1	10
444.5542441	444.5756891	64	T	1	10
444.5756891	444.7064326	6	AH0	1	10
444.7064326	444.762	54	K	1	10
444.762	444.792	67	W	1	10
444.792	444.89857	28	IH1	1	10
444.89857	444.9083333	54	K	1	10
444.9083333	445.0550474	62	S	1	10
445.0550474	445.0848287	64	T	1	10
445.0848287	445.235701	4	AE1	1	10
445.235701	445.3297652	46	B	1	10
445.3297652	445.362	66	V	1	10
445.362	445.4441389	4	AE1	1	10
445.4441389	445.5924672	59	NG	1	10
445.5924672	445.616006	54	K	1	10
445.616006	445.642	67	W	1	10
445.642	445.6818216	27	IH0	1	10
445.6818216	445.8176403	63	SH	1	10
445.8176403	445.862	64	T	1	10
445.862	445.8980592	52	HH	1	10
445.8980592	446.0484712	28	IH1	1	10
446.0484712	446.1380637	57	M	1	10
456.2297958	456.2691117	51	G	1	11
456.2691117	456.2923439	56	L	1	11
456.2923439	456.4156529	44	UW1	1	11
456.4156529	456.4639043	54	K	1	11
456.4639043	456.5536773	36	OW2	1	11
456.5536773	456.6662639	62	S	1	11
456.6662639	456.712	6	AH0	1	11
456.712	456.762	58	N	1	11
456.762	456.7824246	48	D	1	11
456.7824246	456.9307529	50	F	1	11
456.9307529	456.942	61	R	1	11
456.942	457.0700009	44	UW1	1	11
457.0700009	457.1362681	54	K	1	11
457.1362681	457.1898432	64	T	1	11
457.1898432	457.3131522	36	OW2	1	11
457.3131522	457.4080585	62	S	1	11
457.4080585	457.562	21	ER0	1	11
457.562	457.6278703	58	N	1	11
457.6278703	457.7493923	4	AE1	1	11
457.7493923	457.8672073	47	CH	1	11
457.8672073	457.8904394	61	R	1	11
457.8904394	457.912	6	AH0	1	11
457.912	457.9279683	56	L	1	11
457.9279683	458.0762966	63	SH	1	11
458.0762966	458.152	41	UH1	1	11
458.152	458.212	51	G	1	11
458.212	458.34052	21	ER0	1	11
458.34052	458.482	69	Z	1	11
458.482	458.5353126	50	F	1	11
458.5353126	458.672	13	AW1	1	11
458.672	458.7068731	58	N	1	11
458.7068731	458.7193827	48	D	1	11
458.7193827	458.7908662	28	IH1	1	11
458.7908662	458.8534143	58	N	1	11
458.8534143	458.9834685	50	F	1	11
458.9834685	459.0946712	61	R	1	11
459.0946712	459.2083248	44	UW1	1	11
459.2083248	459.2555447	64	T	1	11
470.0050191	470.152	21	ER0	1	12
470.152	470.212	68	Y	1	12
470.212	470.2860173	44	UW1	1	12
470.2860173	470.3342687	56	L	1	12
470.3342687	470.432	41	UH1	1	12
470.432	470.5290613	54	K	1	12
470.5290613	470.5951836	27	IH0	1	12
470.5951836	470.6559445	59	NG	1	12
470.6559445	470.7602424	50	F	1	12
470.7602424	470.872	21	ER0	1	12
470.872	470.9173733	6	AH0	1	12
470.9173733	471.002	57	M	1	12
471.002	471.062	60	P	1	12
471.062	471.1246755	56	L	1	12
471.1246755	471.2515588	38	OY1	1	12
471.2515588	471.2980231	57	M	1	12
471.2980231	471.3978242	6	AH0	1	12
471.3978242	471.4176674	58	N	1	12
471.4176674	471.4928157	64	T	1	12
484.3706042	484.4117072	54	K	1	13
484.4117072	484.5779064	1	AA1	1	13
484.5779064	484.7047897	50	F	1	13
484.7047897	484.874563	31	IY0	1	13
484.874563	484.932	28	IH1	1	13
484.932	485.0715613	69	Z	1	13
485.0715613	485.1073031	51	G	1	13
485.1073031	485.1948704	61	R	1	13
485.1948704	485.282	35	OW1	1	13
485.282	485.328902	58	N	1	13
485.328902	485.442	1	AA1	1	13
485.442	485.502	58	N	1	13
485.502	485.6739614	62	S	1	13
485.6739614	485.702	64	T	1	13
485.702	485.856835	32	IY1	1	13
485.856835	485.9533377	60	P	1	13
485.9533377	486.0377219	53	JH	1	13
486.0377219	486.122	7	AH1	1	13
486.122	486.1935495	59	NG	1	13
486.1935495	486.2328654	51	G	1	13
486.2328654	486.272	6	AH0	1	13
486.272	486.332	56	L	1	13
486.332	486.372	56	L	1	13
486.372	486.5093769	16	AY1	1	13
486.5093769	486.5282489	54	K	1	13
486.5282489	486.7007219	62	S	1	13
486.7007219	486.7480607	56	L	1	13
486.7480607	486.9231953	35	OW1	1	13
486.9231953	486.9500017	60	P	1	13
486.9500017	487.0364286	62	S	1	13
487.0364286	487.112	6	AH0	1	13
487.112	487.2330083	58	N	1	13
487.2330083	487.282	64	T	1	13
487.282	487.3438077	19	EH1	1	13
487.3438077	487.4492459	57	M	1	13
487.4492459	487.4742652	60	P	1	13
487.4742652	487.5100069	61	R	1	13
487.5100069	487.582	6	AH0	1	13
487.582	487.633316	64	T	1	13
487.633316	487.7244575	69	Z	1	13
487.7244575	487.9800111	35	OW1	1	13
487.9800111	488.072	58	N	1	13
488.072	488.302	69	Z	1	13
500.1985344	500.2271279	67	W	1	14
500.2271279	500.312	32	IY1	1	14
500.312	500.382	67	W	1	14
500.382	500.4738615	19	EH1	1	14
500.4738615	500.5081193	56	L	1	14
500.5081193	500.5793416	54	K	1	14
500.5793416	500.632	6	AH0	1	14
500.632	500.7082732	57	M	1	14
500.7082732	500.748607	57	M	1	14
500.748607	500.8208597	19	EH1	1	14
500.8208597	500.8637498	58	N	1	14
500.8637498	500.952	31	IY0	1	14
500.952	501.0192265	58	N	1	14
501.0192265	501.069265	68	Y	1	14
501.069265	501.122	44	UW1	1	14
501.122	501.3109535	62	S	1	14
501.3109535	501.3406367	64	T	1	14
501.3406367	501.4577675	44	UW1	1	14
501.4577675	501.5471219	48	D	1	14
501.5471219	501.582	6	AH0	1	14
501.582	501.632	58	N	1	14
501.632	501.662	64	T	1	14
501.662	501.7566103	62	S	1	14
501.7566103	501.8741591	32	IY1	1	14
501.8741591	502.015339	47	CH	1	14
502.015339	502.056442	68	Y	1	14
502.056442	502.172	28	IH1	1	14
502.172	502.3929319	61	R	1	14
512.8203507	512.9579565	35	OW1	1	15
512.9579565	512.992	58	N	1	15
512.992	513.052	56	L	1	15
513.052	513.1099267	31	IY0	1	15
513.1099267	513.172	49	DH	1	15
513.172	513.2760582	6	AH0	1	15
513.2760582	513.299024	46	B	1	15
513.299024	513.4065156	19	EH1	1	15
513.4065156	513.49383	62	S	1	15
513.49383	513.5773684	64	T	1	15
513.5773684	513.6263275	60	P	1	15
513.6263275	513.6995981	56	L	1	15
513.6995981	513.8318426	25	EY1	1	15
513.8318426	513.902	21	ER0	1	15
513.902	514.0068191	69	Z	1	15
514.0068191	514.052	6	AH0	1	15
514.052	514.1120545	58	N	1	15
514.1120545	514.1746026	53	JH	1	15
514.1746026	514.3979886	38	OY1	1	15
514.3979886	514.4587496	60	P	1	15
514.4587496	514.6434289	2	AA2	1	15
514.6434289	514.686319	60	P	1	15
514.686319	514.7256349	68	Y	1	15
514.7256349	514.772	6	AH0	1	15
514.772	514.8185635	56	L	1	15
514.8185635	514.9168534	19	EH1	1	15
514.9168534	515.0580333	61	R	1	15
515.0580333	515.1545361	6	AH0	1	15
515.1545361	515.1849166	64	T	1	15
515.1849166	515.352	31	IY0	1	15
528.5891743	528.642	54	K	1	16
528.642	528.7517993	4	AE1	1	16
528.7517993	528.785754	56	L	1	16
528.785754	528.9136299	62	S	1	16
528.9136299	528.952	31	IY0	1	16
528.952	528.992	6	AH0	1	16
528.992	529.0681139	57	M	1	16
529.0681139	529.1163653	57	M	1	16
529.1163653	529.242	25	EY1	1	16
529.242	529.272	54	K	1	16
529.272	529.3502121	62	S	1	16
529.3502121	529.4675093	46	B	1	16
529.4675093	529.6760097	35	OW1	1	16
529.6760097	529.742	58	N	1	16
529.742	529.842	69	Z	1	16
529.842	529.8815248	6	AH0	1	16
529.8815248	529.942	58	N	1	16
529.942	529.967305	48	D	1	16
529.967305	530.0526637	64	T	1	16
530.0526637	530.1532199	32	IY1	1	16
530.1532199	530.2282776	65	TH	1	16
530.2282776	530.392	62	S	1	16
530.392	530.4498766	64	T	1	16
530.4498766	530.5874823	61	R	1	16
530.5874823	530.7912104	10	AO1	1	16
530.7912104	530.922	59	NG	1	16
541.5512216	541.612	58	N	1	17
541.612	541.682	7	AH1	1	17
541.682	541.7889043	65	TH	1	17
541.7889043	541.8621749	27	IH0	1	17
541.8621749	541.9872711	59	NG	1	17
541.9872711	542.162	28	IH1	1	17
542.162	542.2524098	69	Z	1	17
542.2524098	542.412	19	EH1	1	17
542.412	542.5013635	69	Z	1	17
542.5013635	542.5656986	6	AH0	1	17
542.5656986	542.6693497	50	F	1	17
542.6693497	542.742	19	EH1	1	17
542.742	542.792	58	N	1	17
542.792	542.8914626	62	S	1	17
542.8914626	542.962	27	IH0	1	17
542.962	543.002	66	V	1	17
543.002	543.172	19	EH1	1	17
543.172	543.2560285	69	Z	1	17
543.2560285	543.372	28	IH1	1	17
543.372	543.4150794	58	N	1	17
543.4150794	543.462	6	AH0	1	17
543.462	543.5937882	62	S	1	17
543.5937882	543.7170973	6	AH0	1	17
543.7170973	543.8010904	58	N	1	17
543.8010904	544.102	62	S	1	17
554.4399029	554.6061021	62	S	1	18
554.6061021	554.663289	64	T	1	18
554.663289	554.822	32	IY1	1	18
554.822	554.8956104	66	V	1	18
554.8956104	554.9778165	67	W	1	18
554.9778165	555.062	10	AO1	1	18
555.062	555.1726091	61	R	1	18
555.1726091	555.3395326	25	EY1	1	18
555.3395326	555.3689084	46	B	1	18
555.3689084	555.412	61	R	1	18
555.412	555.5335907	16	AY1	1	18
555.5335907	555.5585156	64	T	1	18
555.5585156	555.670941	61	R	1	18
555.670941	555.8031855	19	EH1	1	18
555.8031855	555.8815155	48	D	1	18
555.8815155	555.9287075	54	K	1	18
555.9287075	556.0855455	4	AE1	1	18
556.0855455	556.1789504	70	ZH	1	18
556.1789504	556.2611565	57	M	1	18
556.2611565	556.312	27	IH0	1	18
556.312	556.362	61	R	1	18
556.362	556.5059152	62	S	1	18
556.5059152	556.592	67	W	1	18
556.592	556.6503176	19	EH1	1	18
556.6503176	556.6936318	64	T	1	18
556.6936318	556.932	21	ER0	1	18
565.7856604	565.8303376	46	B	1	19
565.8303376	565.8839502	1	AA1	1	19
565.8839502	565.9733046	61	R	1	19
565.9733046	565.9965368	46	B	1	19
565.9965368	566.1377167	69	Z	1	19
566.1377167	566.1653978	51	G	1	19
566.1653978	566.2690489	35	OW1	1	19
566.2690489	566.332	56	L	1	19
566.332	566.4155902	48	D	1	19
566.4155902	566.4388223	46	B	1	19
566.4388223	566.492435	61	R	1	19
566.492435	566.592	25	EY1	1	19
566.592	566.7247189	62	S	1	19
566.7247189	566.7747573	56	L	1	19
566.7747573	566.8551763	6	AH0	1	19
566.8551763	566.8712601	64	T	1	19
566.8712601	566.912	67	W	1	19
566.912	566.962	7	AH1	1	19
566.962	567.0474976	69	Z	1	19
567.0474976	567.1154069	6	AH0	1	19
567.1154069	567.1474256	51	G	1	19
567.1474256	567.172	61	R	1	19
567.172	567.2812452	5	AE2	1	19
567.2812452	567.3866834	53	JH	1	19
567.3866834	567.4671024	43	UW0	1	19
567.4671024	567.5457343	25	EY1	1	19
567.5457343	567.6797659	63	SH	1	19
567.6797659	567.712	6	AH0	1	19
567.712	567.8209458	58	N	1	19
567.8209458	567.8513263	60	P	1	19
567.8513263	567.892	61	R	1	19
567.892	568.0014417	19	EH1	1	19
568.0014417	568.1095686	69	Z	1	19
568.1095686	568.162	6	AH0	1	19
568.162	568.2263463	58	N	1	19
568.2263463	568.2665278	64	T	1	19
578.804115	578.8702372	48	D	1	20
578.8702372	578.9204129	61	R	1	20
578.9204129	579.1829776	10	AO1	1	20
579.1829776	579.3170092	19	EH1	1	20
579.3170092	579.3831315	66	V	1	20
579.3831315	579.4403183	21	ER0	1	20
579.4403183	579.512	31	IY0	1	20
579.512	579.662	13	AW1	1	20
579.662	579.7133819	64	T	1	20
579.7133819	579.852	21	ER0	1	20
579.852	579.922	56	L	1	20
579.922	580.082	16	AY1	1	20
580.082	580.2043811	58	N	1	20
580.2043811	580.272	50	F	1	20
580.272	580.442	22	ER1	1	20
580.442	580.6420037	62	S	1	20
580.6420037	580.6670229	64	T	1	20
580.6670229	580.8028416	49	DH	1	20
580.8028416	580.912	19	EH1	1	20
580.912	581.042	58	N	1	20
581.042	581.13524	50	F	1	20
581.13524	581.232	28	IH1	1	20
581.232	581.3358125	56	L	1	20
581.3358125	581.382	6	AH0	1	20
581.382	581.4609087	58	N	1	20
581.4609087	581.5037988	49	DH	1	20
581.5037988	581.5645598	31	IY0	1	20
581.5645598	581.6414046	29	IH2	1	20
581.6414046	581.7182493	58	N	1	20
581.7182493	581.8111779	64	T	1	20
581.8111779	581.902	28	IH1	1	20
581.902	582.0307242	61	R	1	20
582.0307242	582.112	31	IY0	1	20
582.112	582.342	21	ER0	1	20
595.3792011	595.4208076	49	DH	1	21
595.4208076	595.4560459	6	AH0	1	21
595.4560459	595.5543357	67	W	1	21
595.5543357	595.6454772	10	AO1	1	21
595.6454772	595.6633481	64	T	1	21
595.6633481	595.8134635	21	ER0	1	21
595.8134635	595.8647898	54	K	1	21
595.8647898	595.902	6	AH0	1	21
595.902	596.0009602	58	N	1	21
596.0009602	596.0615409	64	T	1	21
596.0615409	596.182	25	EY1	1	21
596.182	596.2328924	58	N	1	21
596.2328924	596.2986016	48	D	1	21
596.2986016	596.3797559	64	T	1	21
596.3797559	596.452	44	UW1	1	21
596.452	596.5255618	57	M	1	21
596.5255618	596.6131291	7	AH1	1	21
596.6131291	596.7507349	47	CH	1	21
596.7507349	596.822	54	K	1	21
596.822	596.8579602	56	L	1	21
596.8579602	596.9473146	10	AO1	1	21
596.9473146	597.0599011	61	R	1	21
597.0599011	597.2094276	31	IY0	1	21
597.2094276	597.2737627	58	N	1	21
597.2737627	597.4238781	4	AE1	1	21
597.4238781	597.482	58	N	1	21
597.482	597.512	48	D	1	21
597.512	597.6460862	62	S	1	21
597.6460862	597.672	64	T	1	21
597.672	597.772	7	AH1	1	21
597.772	597.824795	59	NG	1	21
597.824795	597.866102	52	HH	1	21
597.866102	597.932	28	IH1	1	21
597.932	598.0023457	69	Z	1	21
598.0023457	598.3622868	16	AY1	1	21
598.3622868	598.652	69	Z	1	21
609.4266369	609.472692	53	JH	1	22
609.472692	609.642	1	AA1	1	22
609.642	609.692	58	N	1	22
609.692	609.7698913	69	Z	1	22
609.7698913	609.8378695	46	B	1	22
609.8378695	609.882	61	R	1	22
609.882	609.972	7	AH1	1	22
609.972	610.0134546	49	DH	1	22
610.0134546	610.132	21	ER0	1	22
610.132	610.2072287	61	R	1	22
610.2072287	610.3520397	31	IY0	1	22
610.3520397	610.4481232	60	P	1	22
610.4481232	610.542	25	EY1	1	22
610.542	610.6165008	58	N	1	22
610.6165008	610.6541271	64	T	1	22
610.6541271	610.702	6	AH0	1	22
610.702	610.732	48	D	1	22
610.732	610.762	49	DH	1	22
610.762	610.8454851	6	AH0	1	22
610.8454851	610.892518	51	G	1	22
610.892518	610.9903463	21	ER0	1	22
610.9903463	611.112	1	AA1	1	22
611.112	611.2724937	70	ZH	1	22
611.2724937	611.3251705	48	D	1	22
611.3251705	611.4841415	10	AO1	1	22
611.4841415	611.632	61	R	1	22
622.7289113	622.8041638	47	CH	1	23
622.8041638	622.892	4	AE1	1	23
622.892	622.972	56	L	1	23
622.972	623.032	6	AH0	1	23
623.032	623.0901236	58	N	1	23
623.0901236	623.2460905	53	JH	1	23
623.2460905	623.3950739	32	IY1	1	23
623.3950739	623.5267659	47	CH	1	23
623.5267659	623.6311788	53	JH	1	23
623.6311788	623.722	19	EH1	1	23
623.722	623.7772749	58	N	1	23
623.7772749	623.862	21	ER0	1	23
623.862	623.932	6	AH0	1	23
623.932	623.9992875	56	L	1	23
623.9992875	624.0813185	69	Z	1	23
624.0813185	624.1225305	29	IH2	1	23
624.1225305	624.2182484	58	N	1	23
624.2182484	624.2541427	64	T	1	23
624.2541427	624.3206135	19	EH1	1	23
624.3206135	624.4203197	56	L	1	23
624.4203197	624.4934376	6	AH0	1	23
624.4934376	624.558579	53	JH	1	23
624.558579	624.6370146	6	AH0	1	23
624.6370146	624.7420385	58	N	1	23
624.7420385	625.005263	62	S	1	23
640.0608727	640.1680632	5	AE2	1	24
640.1680632	640.2361608	57	M	1	24
640.2361608	640.250937	46	B	1	24
640.250937	640.292777	6	AH0	1	24
640.292777	640.3268688	48	D	1	24
640.3268688	640.4237207	19	EH1	1	24
640.4237207	640.4616866	54	K	1	24
640.4616866	640.572	62	S	1	24
640.572	640.6350847	64	T	1	24
640.6350847	640.6707261	61	R	1	24
640.6707261	640.7241884	6	AH0	1	24
640.7241884	640.8610766	62	S	1	24
640.8610766	640.9168632	60	P	1	24
640.9168632	640.9587032	28	IH1	1	24
640.9587032	641.0791067	54	K	1	24
641.0791067	641.1046756	60	P	1	24
641.1046756	641.2192344	2	AA2	1	24
641.2192344	641.2874182	54	K	1	24
641.2874182	641.3377811	6	AH0	1	24
641.3377811	641.380396	64	T	1	24
641.380396	641.4281804	62	S	1	24
641.4281804	641.5087612	6	AH0	1	24
641.5087612	641.601739	54	K	1	24
641.601739	641.6884988	1	AA1	1	24
641.6884988	641.742	57	M	1	24
641.742	641.7794696	60	P	1	24
641.7794696	641.8170445	56	L	1	24
641.8170445	641.8506641	27	IH0	1	24
641.8506641	641.962	63	SH	1	24
641.962	642.052	57	M	1	24
642.052	642.1736216	10	AO1	1	24
642.1736216	642.3219436	61	R	1	24
651.8038942	651.84207	6	AH0	1	25
651.84207	651.8899633	57	M	1	25
651.8899633	651.9642326	7	AH1	1	25
651.9642326	652.062	62	S	1	25
652.062	652.1342884	54	K	1	25
652.1342884	652.1791101	68	Y	1	25
652.1791101	652.202	6	AH0	1	25
652.202	652.2380695	56	L	1	25
652.2380695	652.3388685	21	ER0	1	25
652.3388685	652.5185763	4	AE1	1	25
652.5185763	652.602	46	B	1	25
652.602	652.632	48	D	1	25
652.632	652.692	6	AH0	1	25
652.692	652.7651337	57	M	1	25
652.7651337	652.8602728	6	AH0	1	25
652.8602728	652.929952	58	N	1	25
652.929952	653.0183911	28	IH1	1	25
653.0183911	653.1300235	69	Z	1	25
653.1300235	653.1715631	51	G	1	25
653.1715631	653.2211426	41	UH1	1	25
653.2211426	653.2868019	48	D	1	25
653.2868019	653.3631812	50	F	1	25
653.3631812	653.402	21	ER0	1	25
653.402	653.4623401	68	Y	1	25
653.4623401	653.5065597	41	UH1	1	25
653.5065597	653.5921955	61	R	1	25
653.5921955	653.622	46	B	1	25
653.622	653.9258584	4	AE1	1	25
653.9258584	654.0357373	54	K	1	25
664.7822342	664.8424119	49	DH	1	26
664.8424119	664.9498326	25	EY1	1	26
664.9498326	665.1149586	35	OW1	1	26
665.1149586	665.162	58	N	1	26
665.162	665.3260809	25	EY1	1	26
665.3260809	665.352	46	B	1	26
665.352	665.462	28	IH1	1	26
665.462	665.512	51	G	1	26
665.512	665.612	52	HH	1	26
665.612	665.8238213	13	AW1	1	26
665.8238213	665.970304	62	S	1	26
665.970304	666.062	28	IH1	1	26
666.062	666.1883817	58	N	1	26
666.1883817	666.2070249	49	DH	1	26
666.2070249	666.242	6	AH0	1	26
666.242	666.382	61	R	1	26
666.382	666.412	31	IY0	1	26
666.412	666.4689183	57	M	1	26
666.4689183	666.6189521	35	OW1	1	26
666.6189521	666.6731064	64	T	1	26
666.6731064	666.7166073	54	K	1	26
666.7166073	666.792	7	AH1	1	26
666.792	666.843559	58	N	1	26
666.843559	666.932772	64	T	1	26
666.932772	666.962	61	R	1	26
666.962	667.0179983	31	IY0	1	26
667.0179983	667.1405111	62	S	1	26
667.1405111	667.4292201	17	AY2	1	26
667.4292201	667.5265623	48	D	1	26
678.7912178	678.8158688	49	DH	1	27
678.8158688	678.842	6	AH0	1	27
678.842	678.9709304	61	R	1	27
678.9709304	679.0680893	35	OW1	1	27
679.0680893	679.1888018	69	Z	1	27
679.1888018	679.2514743	54	K	1	27
679.2514743	679.3103584	9	AO0	1	27
679.3103584	679.3692426	61	R	1	27
679.3692426	679.5135088	62	S	1	27
679.5135088	679.8275576	1	AA1	1	27
679.8275576	679.8619067	70	ZH	1	27
679.8619067	680.0130167	62	S	1	27
680.0130167	680.092	57	M	1	27
680.092	680.132	19	EH1	1	27
680.132	680.2240183	56	L	1	27
680.2240183	680.2798222	48	D	1	27
680.2798222	680.4559328	62	S	1	27
680.4559328	680.5658832	67	W	1	27
680.5658832	680.663042	32	IY1	1	27
680.663042	680.7425356	64	T	1	27
693.3362061	693.3564663	49	DH	1	28
693.3564663	693.4496995	4	AE1	1	28
693.4496995	693.5997096	64	T	1	28
693.5997096	693.6311145	60	P	1	28
693.6311145	693.8471676	28	IH1	1	28
693.8471676	693.8807993	60	P	1	28
693.8807993	694.0355969	2	AA2	1	28
694.0355969	694.069946	54	K	1	28
694.069946	694.1365368	6	AH0	1	28
694.1365368	694.1836442	64	T	1	28
694.1836442	694.242	67	W	1	28
694.242	694.272	7	AH1	1	28
694.272	694.3962862	69	Z	1	28
694.3962862	694.4679286	54	K	1	28
694.4679286	694.5484961	1	AA1	1	28
694.5484961	694.592	64	T	1	28
694.592	694.7015949	61	R	1	28
694.7015949	694.8174005	19	EH1	1	28
694.8174005	694.852	48	D	1	28
694.852	694.9326134	52	HH	1	28
694.9326134	695.082	4	AE1	1	28
695.082	695.1541805	58	N	1	28
695.1541805	695.2091391	48	D	1	28
695.2091391	695.306298	6	AH0	1	28
695.306298	695.432	48	D	1	28
706.5422031	706.592	6	AH0	1	29
706.592	706.642	58	N	1	29
706.642	706.7327559	6	AH0	1	29
706.7327559	706.772	48	D	1	29
706.772	706.8648745	7	AH1	1	29
706.8648745	706.9122914	56	L	1	29
706.9122914	706.9563976	64	T	1	29
706.9563976	707.0492526	57	M	1	29
707.0492526	707.1676429	25	EY1	1	29
707.1676429	707.2809453	56	L	1	29
707.2809453	707.3246633	46	B	1	29
707.3246633	707.4465355	3	AE0	1	29
707.4465355	707.552	46	B	1	29
707.552	707.652	44	UW1	1	29
707.652	707.722	58	N	1	29
707.722	707.8562585	69	Z	1	29
707.8562585	707.9282212	64	T	1	29
707.9282212	708.0907175	32	IY1	1	29
708.0907175	708.122	65	TH	1	29
708.122	708.202	21	ER0	1	29
708.202	708.262	58	N	1	29
708.262	708.392	1	AA1	1	29
708.392	708.4323885	64	T	1	29
708.4323885	708.5705104	62	S	1	29
708.5705104	708.6494372	44	UW1	1	29
708.6494372	708.702	64	T	1	29
708.702	708.732	6	AH0	1	29
708.732	708.772	46	B	1	29
708.772	708.8481332	6	AH0	1	29
708.8481332	708.8980428	56	L	1	29
708.8980428	709.022	50	F	1	29
709.022	709.0791102	21	ER0	1	29
709.0791102	709.2160714	32	IY1	1	29
709.2160714	709.2624989	64	T	1	29
709.2624989	709.3507112	27	IH0	1	29
709.3507112	709.4041029	59	NG	1	29
709.4041029	709.5340689	63	SH	1	29
709.5340689	709.602	19	EH1	1	29
709.602	709.6698695	56	L	1	29
709.6698695	709.7882597	50	F	1	29
709.7882597	709.9443607	29	IH2	1	29
709.9443607	710.2252473	63	SH	1	29
719.7739136	719.844529	52	HH	1	30
719.844529	719.892	22	ER1	1	30
719.892	719.9733654	67	W	1	30
719.9733654	720.0627384	10	AO1	1	30
720.0627384	720.1381832	61	R	1	30
720.1381832	720.2403237	48	D	1	30
720.2403237	720.362	61	R	1	30
720.362	720.4028201	36	OW2	1	30
720.4028201	720.4829076	46	B	1	30
720.4829076	720.5428117	54	K	1	30
720.5428117	720.582	6	AH0	1	30
720.582	720.652	58	N	1	30
720.652	720.7784314	62	S	1	30
720.7784314	720.8608403	28	IH1	1	30
720.8608403	720.9664629	62	S	1	30
720.9664629	721.032	6	AH0	1	30
721.032	721.0918173	66	V	1	30
721.0918173	721.2588943	35	OW1	1	30
721.2588943	721.3285356	58	N	1	30
721.3285356	721.372	56	L	1	30
721.372	721.4121051	31	IY0	1	30
721.4121051	721.5548698	62	S	1	30
721.5548698	721.5966546	54	K	1	30
721.5966546	721.712	22	ER1	1	30
721.712	721.7649544	64	T	1	30
721.7649544	721.8462026	62	S	1	30
721.8462026	721.892	6	AH0	1	30
721.892	721.952	58	N	1	30
721.952	721.9901595	48	D	1	30
721.9901595	722.022	46	B	1	30
722.022	722.082	56	L	1	30
722.082	722.2243456	13	AW1	1	30
722.2243456	722.352	62	S	1	30
722.352	722.5201188	6	AH0	1	30
722.5201188	722.7789523	69	Z	1	30
733.862	733.9905601	74	sp	1	31
733.9905601	734.012	49	DH	1	31
734.012	734.067606	7	AH1	1	31
734.067606	734.2208168	64	T	1	31
734.2208168	734.362	44	UW1	1	31
734.362	734.442	1	AA1	1	31
734.442	734.5690233	61	R	1	31
734.5690233	734.612	64	T	1	31
734.612	734.642	6	AH0	1	31
734.642	734.7465776	62	S	1	31
734.7465776	734.832	27	IH0	1	31
734.832	734.862	54	K	1	31
734.862	734.9903221	62	S	1	31
734.9903221	735.0785344	47	CH	1	31
735.0785344	735.222	25	EY1	1	31
735.222	735.2822237	58	N	1	31
735.2822237	735.3959711	53	JH	1	31
735.3959711	735.4191849	48	D	1	31
735.4191849	735.562	10	AO1	1	31
735.562	735.6003304	64	T	1	31
735.6003304	735.687382	6	AH0	1	31
735.687382	735.752	51	G	1	31
735.752	735.8127364	61	R	1	31
735.8127364	736.002	5	AE2	1	31
736.002	736.0773733	50	F	1	31
736.0773733	736.365263	62	S	1	31
749.7063449	749.7346188	46	B	1	32
749.7346188	749.762	7	AH1	1	32
749.762	749.792	64	T	1	32
749.792	749.8720856	21	ER0	1	32
749.8720856	749.97153	62	S	1	32
749.97153	750.0267769	54	K	1	32
750.0267769	750.142	2	AA2	1	32
750.142	750.251908	47	CH	1	32
750.251908	750.342	50	F	1	32
750.342	750.5011493	7	AH1	1	32
750.5011493	750.6722042	53	JH	1	32
750.6722042	750.712	51	G	1	32
750.712	750.866956	35	OW1	1	32
750.866956	750.9429204	69	Z	1	32
750.9429204	751.012359	67	W	1	32
751.012359	751.132	19	EH1	1	32
751.132	751.202	56	L	1	32
751.202	751.232	67	W	1	32
751.232	751.262	28	IH1	1	32
751.262	751.342	65	TH	1	32
751.342	751.402	66	V	1	32
751.402	751.452	6	AH0	1	32
751.452	751.4906247	58	N	1	32
751.4906247	751.5914503	28	IH1	1	32
751.5914503	751.692	56	L	1	32
751.692	751.7330436	6	AH0	1	32
751.7330436	751.8822102	16	AY1	1	32
751.8822102	752.0324705	62	S	1	32
752.0324705	752.0849551	54	K	1	32
752.0849551	752.1747313	61	R	1	32
752.1747313	752.2962745	32	IY1	1	32
752.2962745	752.452	57	M	1	32
762.6474509	762.6806992	61	R	1	33
762.6806992	762.7711296	28	IH1	1	33
762.7711296	762.9562068	47	CH	1	33
762.9562068	763.0140246	60	P	1	33
763.0140246	763.1029099	22	ER1	1	33
763.1029099	763.226267	47	CH	1	33
763.226267	763.2894223	6	AH0	1	33
763.2894223	763.352	62	S	1	33
763.352	763.382	64	T	1	33
763.382	763.4871777	62	S	1	33
763.4871777	763.582	19	EH1	1	33
763.582	763.652	66	V	1	33
763.652	763.692	61	R	1	33
763.692	763.7277129	6	AH0	1	33
763.7277129	763.7728789	56	L	1	33
763.7728789	763.930224	62	S	1	33
763.930224	764.102485	16	AY1	1	33
764.102485	764.1697088	58	N	1	33
764.1697088	764.252	48	D	1	33
764.252	764.3062572	56	L	1	33
764.3062572	764.352	28	IH1	1	33
764.352	764.4354529	65	TH	1	33
764.4354529	764.492	6	AH0	1	33
764.492	764.5572961	51	G	1	33
764.5572961	764.6177102	61	R	1	33
764.6177102	764.772	5	AE2	1	33
764.772	764.8468537	50	F	1	33
764.8468537	765.0516762	62	S	1	33
776.2901439	776.402	19	EH1	1	34
776.402	776.432	58	N	1	34
776.432	776.5510487	31	IY0	1	34
776.5510487	776.6446608	54	K	1	34
776.6446608	776.782	2	AA2	1	34
776.782	776.8157451	58	N	1	34
776.8157451	776.9240984	64	T	1	34
776.9240984	776.962	61	R	1	34
776.962	777.0078293	6	AH0	1	34
777.0078293	777.0639069	46	B	1	34
777.0639069	777.102	68	Y	1	34
777.102	777.1627556	44	UW1	1	34
777.1627556	777.2958211	63	SH	1	34
777.2958211	777.364574	6	AH0	1	34
777.364574	777.4263544	58	N	1	34
777.4263544	777.5072338	69	Z	1	34
777.5072338	777.562	67	W	1	34
777.562	777.592	28	IH1	1	34
777.592	777.622	56	L	1	34
777.622	777.662	46	B	1	34
777.662	777.7798069	32	IY1	1	34
777.7798069	777.8038444	51	G	1	34
777.8038444	777.872	61	R	1	34
777.872	777.9663744	25	EY1	1	34
777.9663744	778.010096	64	T	1	34
778.010096	778.032	56	L	1	34
778.032	778.112	31	IY0	1	34
778.112	778.1825969	6	AH0	1	34
778.1825969	778.2529315	60	P	1	34
778.2529315	778.3061577	61	R	1	34
778.3061577	778.3650868	32	IY1	1	34
778.3650868	778.5285673	63	SH	1	34
778.5285673	778.582	31	IY0	1	34
778.582	778.7681749	26	EY2	1	34
778.7681749	778.802	64	T	1	34
778.802	778.8998057	6	AH0	1	34
778.8998057	779.032	48	D	1	34
791.1683244	791.1863833	49	DH	1	35
791.1863833	791.2918852	6	AH0	1	35
791.2918852	791.3489133	54	K	1	35
791.3489133	791.382	61	R	1	35
791.382	791.4971863	4	AE1	1	35
791.4971863	791.562	58	N	1	35
791.562	791.612	46	B	1	35
791.612	791.7481996	20	EH2	1	35
791.7481996	791.7919211	61	R	1	35
791.7919211	791.8714471	31	IY0	1	35
791.8714471	791.892	46	B	1	35
791.892	792.082	1	AA1	1	35
792.082	792.1816691	51	G	1	35
792.1816691	792.202	51	G	1	35
792.202	792.294898	28	IH1	1	35
792.294898	792.322	64	T	1	35
792.322	792.3666744	62	S	1	35
792.3666744	792.442	66	V	1	35
792.442	792.5565134	19	EH1	1	35
792.5565134	792.612591	61	R	1	35
792.612591	792.7542107	31	IY0	1	35
792.7542107	792.811992	60	P	1	35
792.811992	792.842	61	R	1	35
792.842	792.932	28	IH1	1	35
792.932	792.976423	64	T	1	35
792.976423	793.1096355	31	IY0	1	35
793.1096355	793.2312954	28	IH1	1	35
793.2312954	793.2835712	58	N	1	35
793.2835712	793.512	10	AO1	1	35
793.512	793.5632455	64	T	1	35
793.5632455	793.6744502	6	AH0	1	35
793.6744502	793.8255747	57	M	1	35
806.0574161	806.228103	52	HH	1	36
806.228103	806.3599439	13	AW1	1	36
806.3599439	806.41527	48	D	1	36
806.41527	806.5188018	44	UW1	1	36
806.5188018	806.6903363	38	OY1	1	36
806.6903363	806.7951027	62	S	1	36
806.7951027	806.8727947	64	T	1	36
806.8727947	806.962	21	ER0	1	36
806.962	807.0587845	69	Z	1	36
807.0587845	807.1323763	57	M	1	36
807.1323763	807.2336112	25	EY1	1	36
807.2336112	807.3760465	54	K	1	36
807.3760465	807.4243097	60	P	1	36
807.4243097	807.592	22	ER1	1	36
807.592	807.7560214	56	L	1	36
807.7560214	808.0330155	69	Z	1	36
819.4414744	819.4976937	57	M	1	37
819.4976937	819.7374056	25	EY1	1	37
819.7374056	819.8486531	16	AY1	1	37
819.8486531	819.902	10	AO1	1	37
819.902	819.9615093	61	R	1	37
819.9615093	820.0105112	48	D	1	37
820.0105112	820.1142568	21	ER0	1	37
820.1142568	820.3155618	25	EY1	1	37
820.3155618	820.3794162	60	P	1	37
820.3794162	820.422	1	AA1	1	37
820.422	820.4972856	61	R	1	37
820.4972856	820.64694	50	F	1	37
820.64694	820.8828031	25	EY1	1	37
820.8828031	821.052	4	AE1	1	37
821.052	821.142	50	F	1	37
821.142	821.2037106	64	T	1	37
821.2037106	821.272	21	ER0	1	37
821.272	821.3679331	16	AY1	1	37
821.3679331	821.5387774	32	IY1	1	37
821.5387774	821.6583349	64	T	1	37
821.6583349	821.7049943	48	D	1	37
821.7049943	821.8043012	28	IH1	1	37
821.8043012	821.862	58	N	1	37
821.862	822.0784468	21	ER0	1	37
833.9357603	834.022	28	IH1	1	38
834.022	834.052	69	Z	1	38
834.052	834.232	63	SH	1	38
834.232	834.3926907	32	IY1	1	38
834.3926907	834.4694834	51	G	1	38
834.4694834	834.582	35	OW1	1	38
834.582	834.6762903	27	IH0	1	38
834.6762903	834.752	59	NG	1	38
834.752	834.812	67	W	1	38
834.812	834.872	28	IH1	1	38
834.872	835.0084327	65	TH	1	38
835.0084327	835.1090852	68	Y	1	38
835.1090852	835.292	44	UW1	1	38
847.3701375	847.4257612	54	K	1	39
847.4257612	847.4906556	4	AE1	1	39
847.4906556	847.552	58	N	1	39
847.552	847.5846862	49	DH	1	39
847.5846862	847.622	6	AH0	1	39
847.622	847.8246825	25	EY1	1	39
847.8246825	847.902	53	JH	1	39
847.902	847.9544712	6	AH0	1	39
847.9544712	848.002	58	N	1	39
848.002	848.1345862	62	S	1	39
848.1345862	848.232	31	IY0	1	39
848.232	848.3666006	35	OW1	1	39
848.3666006	848.4473874	66	V	1	39
848.4473874	848.5149306	21	ER0	1	39
848.5149306	848.6526656	65	TH	1	39
848.6526656	848.7361012	61	R	1	39
848.7361012	848.8844312	36	OW2	1	39
848.8844312	849.0503068	25	EY1	1	39
849.0503068	849.1350668	56	L	1	39
849.1350668	849.212	31	IY0	1	39
849.212	849.2516118	6	AH0	1	39
849.2516118	849.3415073	58	N	1	39
849.3415073	849.4259937	50	F	1	39
849.4259937	849.5081049	10	AO1	1	39
849.5081049	849.582	61	R	1	39
849.582	849.7147074	62	S	1	39
849.7147074	849.8762812	6	AH0	1	39
849.8762812	850.132	69	Z	1	39
863.3003747	863.4420828	62	S	1	40
863.4420828	863.5016796	54	K	1	40
863.5016796	863.5361134	61	R	1	40
863.5361134	863.6169003	44	UW1	1	40
863.6169003	863.7096065	48	D	1	40
863.7096065	863.7917178	61	R	1	40
863.7917178	863.8830996	17	AY2	1	40
863.8830996	863.942	66	V	1	40
863.942	864.0620946	21	ER0	1	40
864.0620946	864.1508278	28	IH1	1	40
864.1508278	864.2408852	69	Z	1	40
864.2408852	864.3239652	57	M	1	40
864.3239652	864.472	25	EY1	1	40
864.472	864.512	48	D	1	40
864.512	864.6245984	50	F	1	40
864.6245984	864.6987634	21	ER0	1	40
864.6987634	864.762	57	M	1	40
864.762	864.8630302	10	AO1	1	40
864.8630302	864.939844	61	R	1	40
864.939844	864.992819	6	AH0	1	40
864.992819	865.0338746	58	N	1	40
865.0338746	865.1557171	53	JH	1	40
865.1557171	865.2238646	53	JH	1	40
865.2238646	865.3443827	44	UW1	1	40
865.3443827	865.5328083	62	S	1	40
865.5328083	865.614964	4	AE1	1	40
865.614964	865.6798583	58	N	1	40
865.6798583	865.7385752	66	V	1	40
865.7385752	865.8776346	1	AA1	1	40
865.8776346	866.0093747	48	D	1	40
866.0093747	866.0537765	54	K	1	40
866.0537765	866.282	6	AH0	1	40
876.3765093	876.4500782	52	HH	1	41
876.4500782	876.52766	13	AW1	1	41
876.52766	876.5851775	57	M	1	41
876.5851775	876.652	7	AH1	1	41
876.652	876.7430163	47	CH	1	41
876.7430163	876.8309758	6	AH0	1	41
876.8309758	876.902	56	L	1	41
876.902	877.062	13	AW1	1	41
877.062	877.1277291	6	AH0	1	41
877.1277291	877.182	58	N	1	41
877.182	877.302	62	S	1	41
877.302	877.3751881	48	D	1	41
877.3751881	877.422	44	UW1	1	41
877.422	877.5008881	68	Y	1	41
877.5008881	877.6480259	44	UW1	1	41
877.6480259	877.6943217	51	G	1	41
877.6943217	877.8588485	19	EH1	1	41
877.8588485	877.9284046	64	T	1	41
888.6981726	888.8493233	62	S	1	42
888.8493233	888.9670335	28	IH1	1	42
888.9670335	889.0151877	54	K	1	42
889.0151877	889.062	56	L	1	42
889.062	889.1208594	27	IH0	1	42
889.1208594	889.152	54	K	1	42
889.152	889.212	6	AH0	1	42
889.212	889.3295276	56	L	1	42
889.3295276	889.3937332	60	P	1	42
889.3937332	889.462	61	R	1	42
889.462	889.5310677	35	OW1	1	42
889.5310677	889.6086495	51	G	1	42
889.6086495	889.662	61	R	1	42
889.662	889.7517744	5	AE2	1	42
889.7517744	889.822	57	M	1	42
889.822	889.922	69	Z	1	42
889.922	889.952	67	W	1	42
889.952	889.982	6	AH0	1	42
889.982	890.008848	56	L	1	42
890.008848	890.0944555	58	N	1	42
890.0944555	890.192	19	EH1	1	42
890.192	890.2536319	66	V	1	42
890.2536319	890.3954192	21	ER0	1	42
890.3954192	890.4300445	54	K	1	42
890.4300445	890.4715106	6	AH0	1	42
890.4715106	890.5811951	57	M	1	42
890.5811951	890.648076	60	P	1	42
890.648076	890.822	16	AY1	1	42
890.822	891.042	56	L	1	42
900.6086157	900.642	49	DH	1	43
900.642	900.7266758	6	AH0	1	43
900.7266758	900.7516573	46	B	1	43
900.7516573	900.8733804	1	AA1	1	43
900.8733804	901.0084797	62	S	1	43
901.0084797	901.052621	64	T	1	43
901.052621	901.112	6	AH0	1	43
901.112	901.1895541	58	N	1	43
901.1895541	901.2032236	46	B	1	43
901.2032236	901.3287562	3	AE0	1	43
901.3287562	901.4068201	56	L	1	43
901.4068201	901.6101113	25	EY1	1	43
901.6101113	901.752	35	OW1	1	43
901.752	901.812	66	V	1	43
901.812	901.9608034	21	ER0	1	43
901.9608034	902.0345541	54	K	1	43
902.0345541	902.242	25	EY1	1	43
902.242	902.352	57	M	1	43
902.352	902.382	49	DH	1	43
902.382	902.422	19	EH1	1	43
902.422	902.4775226	61	R	1	43
902.4775226	902.612	50	F	1	43
902.612	902.6942594	7	AH1	1	43
902.6942594	902.7781153	58	N	1	43
902.7781153	902.792	48	D	1	43
902.792	902.8552569	27	IH0	1	43
902.8552569	902.912	59	NG	1	43
902.912	903.0606788	63	SH	1	43
903.0606788	903.1747502	10	AO1	1	43
903.1747502	903.2736413	61	R	1	43
903.2736413	903.3278718	64	T	1	43
903.3278718	903.4682333	6	AH0	1	43
903.4682333	903.6623435	53	JH	1	43
915.102	915.2042164	74	sp	1	44
915.2042164	915.332	19	EH1	1	44
915.332	915.4243287	66	V	1	44
915.4243287	915.5024845	21	ER0	1	44
915.5024845	915.6109457	31	IY0	1	44
915.6109457	915.6986716	54	K	1	44
915.6986716	915.902	4	AE1	1	44
915.902	915.952	46	B	1	44
915.952	916.042	58	N	1	44
916.042	916.1728302	32	IY1	1	44
916.1728302	916.2238707	48	D	1	44
916.2238707	916.3339269	69	Z	1	44
916.3339269	916.372	61	R	1	44
916.372	916.4857957	31	IY0	1	44
916.4857957	916.552	60	P	1	44
916.552	916.6520197	25	EY1	1	44
916.6520197	916.7493157	58	N	1	44
916.7493157	916.8099264	64	T	1	44
916.8099264	916.867347	27	IH0	1	44
916.867347	916.9375277	59	NG	1	44
916.9375277	917.172	10	AO1	1	44
917.172	917.2995101	50	F	1	44
917.2995101	917.342	64	T	1	44
917.342	917.4446566	6	AH0	1	44
917.4446566	917.652	58	N	1	44
930.0506179	930.0783613	52	HH	1	45
930.0783613	930.1445216	19	EH1	1	45
930.1445216	930.1792466	56	L	1	45
930.1792466	930.3040246	60	P	1	45
930.3040246	930.322	51	G	1	45
930.322	930.4076993	61	R	1	45
930.4076993	930.6198366	19	EH1	1	45
930.6198366	930.8176186	51	G	1	45
930.8176186	930.892	64	T	1	45
930.892	931.0106156	27	IH0	1	45
931.0106156	931.0520861	60	P	1	45
931.0520861	931.1653323	28	IH1	1	45
931.1653323	931.202	54	K	1	45
931.202	931.3697403	25	EY1	1	45
931.3697403	931.4048307	60	P	1	45
931.4048307	931.5260519	19	EH1	1	45
931.5260519	931.5483822	54	K	1	45
931.5483822	931.592	6	AH0	1	45
931.592	931.6839154	66	V	1	45
931.6839154	931.7285759	60	P	1	45
931.7285759	931.8242769	6	AH0	1	45
931.8242769	931.902	64	T	1	45
931.902	932.082	25	EY1	1	45
932.082	932.1145699	64	T	1	45
932.1145699	932.3303358	34	OW0	1	45
932.3303358	932.5536381	69	Z	1	45
943.3139961	943.3490864	67	W	1	46
943.3490864	943.452	32	IY1	1	46
943.452	943.482	56	L	1	46
943.482	943.6202393	16	AY1	1	46
943.6202393	943.7940961	54	K	1	46
943.7940961	943.8387565	46	B	1	46
943.8387565	943.8993672	56	L	1	46
943.8993672	944.022	44	UW1	1	46
944.022	944.1777242	47	CH	1	46
944.1777242	944.3244657	32	IY1	1	46
944.3244657	944.4546805	69	Z	1	46
944.4546805	944.4823292	46	B	1	46
944.4823292	944.5445348	7	AH1	1	46
944.5445348	944.6652784	64	T	1	46
944.6652784	944.692	66	V	1	46
944.692	944.8093076	28	IH1	1	46
944.8093076	944.842	54	K	1	46
944.842	944.9081986	64	T	1	46
944.9081986	945.012	21	ER0	1	46
945.012	945.122	56	L	1	46
945.122	945.202	16	AY1	1	46
945.202	945.232	54	K	1	46
945.232	945.4185648	62	S	1	46
945.4185648	945.4667003	46	B	1	46
945.4667003	945.572	61	R	1	46
945.572	945.8221	32	IY1	1	46
957.0590356	957.11983	54	K	1	47
957.11983	957.201592	13	AW1	1	47
957.201592	957.233335	58	N	1	47
957.233335	957.2593065	64	T	1	47
957.2593065	957.3025923	49	DH	1	47
957.3025923	957.3545352	7	AH1	1	47
957.3545352	957.4132115	58	N	1	47
957.4132115	957.4959355	7	AH1	1	47
957.4959355	957.552	57	M	1	47
957.552	957.582	46	B	1	47
957.582	957.732	21	ER0	1	47
957.732	957.762	6	AH0	1	47
957.762	957.8720411	66	V	1	47
957.8720411	957.9454435	64	T	1	47
957.9454435	958.052	32	IY1	1	47
958.052	958.192	62	S	1	47
958.192	958.2513299	60	P	1	47
958.2513299	958.3289865	45	UW2	1	47
958.3289865	958.382	58	N	1	47
958.382	958.452	69	Z	1	47
958.452	958.492	6	AH0	1	47
958.492	958.522	66	V	1	47
958.522	958.6608443	62	S	1	47
958.6608443	958.8197077	38	OY1	1	47
958.8197077	958.9291654	62	S	1	47
958.9291654	959.1051943	11	AO2	1	47
959.1051943	959.2482606	62	S	1	47
959.2482606	959.2756913	49	DH	1	47
959.2756913	959.2946237	4	AE1	1	47
959.2946237	959.3441661	64	T	1	47
959.3441661	959.4399789	47	CH	1	47
959.4399789	959.5186157	44	UW1	1	47
959.5186157	959.8326231	4	AE1	1	47
959.8326231	959.9427911	48	D	1	47
972.20906	972.2258073	46	B	1	48
972.2258073	972.3418422	4	AE1	1	48
972.3418422	972.4590733	51	G	1	48
972.4590733	972.5188851	60	P	1	48
972.5188851	972.6157802	17	AY2	1	48
972.6157802	972.6720033	60	P	1	48
972.6720033	972.802393	62	S	1	48
972.802393	972.8490462	4	AE1	1	48
972.8490462	972.9467196	58	N	1	48
972.9467196	972.9744744	46	B	1	48
972.9744744	973.142	1	AA1	1	48
973.142	973.192	59	NG	1	48
973.192	973.252	51	G	1	48
973.252	973.3321891	36	OW2	1	48
973.3321891	973.4254955	69	Z	1	48
973.4254955	973.5331567	21	ER0	1	48
973.5331567	973.622	57	M	1	48
973.622	973.6697123	68	Y	1	48
973.6697123	973.7247391	44	UW1	1	48
973.7247391	973.832	69	Z	1	48
973.832	973.8706799	27	IH0	1	48
973.8706799	973.9101557	54	K	1	48
973.9101557	973.9673985	6	AH0	1	48
973.9673985	974.0367801	56	L	1	48
974.0367801	974.112143	28	IH1	1	48
974.112143	974.152	58	N	1	48
974.152	974.282	62	S	1	48
974.282	974.3244629	64	T	1	48
974.3244629	974.3483876	61	R	1	48
974.3483876	974.3854709	6	AH0	1	48
974.3854709	974.4357129	57	M	1	48
974.4357129	974.4991133	6	AH0	1	48
974.4991133	974.5924197	58	N	1	48
974.5924197	974.632	64	T	1	48
974.632	974.8452092	62	S	1	48
983.9364834	984.0281316	52	HH	1	49
984.0281316	984.2147218	13	AW1	1	49
984.2147218	984.2535581	51	G	1	49
984.2535581	984.3429979	41	UH1	1	49
984.3429979	984.392	48	D	1	49
984.392	984.4600426	28	IH1	1	49
984.4600426	984.5501865	69	Z	1	49
984.5501865	984.5822082	68	Y	1	49
984.5822082	984.622	41	UH1	1	49
984.622	984.652	61	R	1	49
984.652	984.732	19	EH1	1	49
984.732	984.8193374	58	N	1	49
984.8193374	984.8483193	48	D	1	49
984.8483193	985.022	21	ER0	1	49
985.022	985.0726416	6	AH0	1	49
985.0726416	985.1366554	58	N	1	49
985.1366554	985.3541819	62	S	1	49
1021.042	1021.108746	74	sp	2	0
1021.108746	1021.168306	21	ER0	2	0
1021.168306	1021.214517	68	Y	2	0
1021.214517	1021.295642	41	UH1	2	0
1021.295642	1021.410531	61	R	2	0
1021.410531	1021.482539	51	G	2	0
1021.482539	1021.532	61	R	2	0
1021.532	1021.652	25	EY1	2	0
1021.652	1021.712	48	D	2	0
1021.712	1021.792	69	Z	2	0
1021.792	1021.876135	52	HH	2	0
1021.876135	1022.042	16	AY1	2	0
1022.042	1022.167076	21	ER0	2	0
1022.167076	1022.304707	21	ER0	2	0
1022.304707	1022.446196	56	L	2	0
1022.446196	1022.662	35	OW1	2	0
1022.662	1022.782	21	ER0	2	0
1022.782	1022.844892	49	DH	2	0
1022.844892	1022.892	6	AH0	2	0
1022.892	1022.949422	58	N	2	0
1022.949422	1023.001687	58	N	2	0
1023.001687	1023.154997	4	AE1	2	0
1023.154997	1023.2543	58	N	2	0
1023.2543	1023.379735	62	S	2	0
1023.379735	1023.595763	31	IY0	2	0
1023.595763	1023.831855	69	Z	2	0
1032.500634	1032.61039	63	SH	2	1
1032.61039	1032.652	32	IY1	2	1
1032.652	1032.737568	67	W	2	1
1032.737568	1032.852	10	AO1	2	1
1032.852	1033.000634	61	R	2	1
1033.000634	1033.248021	67	W	2	1
1033.248021	1033.362	10	AO1	2	1
1033.362	1033.442	61	R	2	1
1033.442	1033.536166	57	M	2	1
1033.536166	1033.710546	50	F	2	1
1033.710546	1033.752	56	L	2	1
1033.752	1033.832	32	IY1	2	1
1033.832	1033.966643	62	S	2	1
1033.966643	1034.050267	31	IY0	2	1
1034.050267	1034.146249	67	W	2	1
1034.146249	1034.233357	41	UH1	2	1
1034.233357	1034.290848	56	L	2	1
1034.290848	1034.342	6	AH0	2	1
1034.342	1034.392	58	N	2	1
1034.392	1034.547846	35	OW1	2	1
1034.547846	1034.624501	66	V	2	1
1034.624501	1034.735999	21	ER0	2	1
1034.735999	1034.854466	11	AO2	2	1
1034.854466	1034.965964	56	L	2	1
1034.965964	1035.176766	69	Z	2	1
1043.270938	1043.302	61	R	2	2
1043.302	1043.372	32	IY1	2	2
1043.372	1043.421945	48	D	2	2
1043.421945	1043.483986	27	IH0	2	2
1043.483986	1043.552	59	NG	2	2
1043.552	1043.602674	28	IH1	2	2
1043.602674	1043.749685	58	N	2	2
1043.749685	1043.804983	60	P	2	2
1043.804983	1043.912	41	UH1	2	2
1043.912	1043.972107	61	R	2	2
1043.972107	1044.051682	56	L	2	2
1044.051682	1044.194647	16	AY1	2	2
1044.194647	1044.345421	64	T	2	2
1044.345421	1044.382	51	G	2	2
1044.382	1044.472	28	IH1	2	2
1044.472	1044.502	66	V	2	2
1044.502	1044.59911	69	Z	2	2
1044.59911	1044.636874	68	Y	2	2
1044.636874	1044.702	44	UW1	2	2
1044.702	1044.882	16	AY1	2	2
1044.882	1045.032	62	S	2	2
1045.032	1045.077907	64	T	2	2
1045.077907	1045.143995	61	R	2	2
1045.143995	1045.295957	26	EY2	2	2
1045.295957	1045.425435	58	N	2	2
1053.385009	1053.506395	32	IY1	2	3
1053.506395	1053.552	66	V	2	3
1053.552	1053.582	6	AH0	2	3
1053.582	1053.631826	58	N	2	3
1053.631826	1053.842	16	AY1	2	3
1053.842	1053.925902	6	AH0	2	3
1053.925902	1053.985246	54	K	2	3
1053.985246	1054.151139	25	EY1	2	3
1054.151139	1054.262	70	ZH	2	3
1054.262	1054.292	6	AH0	2	3
1054.292	1054.368284	58	N	2	3
1054.368284	1054.402	56	L	2	3
1054.402	1054.511491	31	IY0	2	3
1054.511491	1054.532	51	G	2	3
1054.532	1054.682537	28	IH1	2	3
1054.682537	1054.70007	64	T	2	3
1054.70007	1054.721324	49	DH	2	3
1054.721324	1054.762	6	AH0	2	3
1054.762	1054.834617	57	M	2	3
1054.834617	1054.912	7	AH1	2	3
1054.912	1054.982	58	N	2	3
1054.982	1055.012648	48	D	2	3
1055.012648	1055.183104	26	EY2	2	3
1055.183104	1055.212549	46	B	2	3
1055.212549	1055.292	56	L	2	3
1055.292	1055.476003	44	UW1	2	3
1055.476003	1055.742073	69	Z	2	3
1064.214788	1064.262	67	W	2	4
1064.262	1064.348311	32	IY1	2	4
1064.348311	1064.462	21	ER0	2	4
1064.462	1064.58635	35	OW1	2	4
1064.58635	1064.612	60	P	2	4
1064.612	1064.643682	6	AH0	2	4
1064.643682	1064.68819	58	N	2	4
1064.68819	1064.781786	19	EH1	2	4
1064.781786	1064.843827	66	V	2	4
1064.843827	1064.876197	61	R	2	4
1064.876197	1064.932	31	IY0	2	4
1064.932	1064.992187	57	M	2	4
1064.992187	1065.072	7	AH1	2	4
1065.072	1065.137435	58	N	2	4
1065.137435	1065.157235	48	D	2	4
1065.157235	1065.273631	26	EY2	2	4
1065.273631	1065.491794	32	IY1	2	4
1065.491794	1065.542819	66	V	2	4
1065.542819	1065.595971	58	N	2	4
1065.595971	1065.679985	27	IH0	2	4
1065.679985	1065.802	59	NG	2	4
1074.368047	1074.452	28	IH1	2	5
1074.452	1074.482	64	T	2	5
1074.482	1074.582	62	S	2	5
1074.582	1074.622	58	N	2	5
1074.622	1074.742	1	AA1	2	5
1074.742	1074.802	64	T	2	5
1074.802	1074.944144	32	IY1	2	5
1074.944144	1075.055592	69	Z	2	5
1075.055592	1075.206474	31	IY0	2	5
1075.206474	1075.30249	64	T	2	5
1075.30249	1075.371073	6	AH0	2	5
1075.371073	1075.459517	54	K	2	5
1075.459517	1075.532	61	R	2	5
1075.532	1075.572	31	IY0	2	5
1075.572	1075.660122	25	EY1	2	5
1075.660122	1075.697842	64	T	2	5
1075.697842	1075.756138	29	IH2	2	5
1075.756138	1075.842	56	L	2	5
1075.842	1075.902	44	UW1	2	5
1075.902	1075.972174	57	M	2	5
1075.972174	1076.012	6	AH0	2	5
1076.012	1076.052759	58	N	2	5
1076.052759	1076.177923	26	EY2	2	5
1076.177923	1076.232	64	T	2	5
1076.232	1076.285942	27	IH0	2	5
1076.285942	1076.362	59	NG	2	5
1076.362	1076.452	27	IH0	2	5
1076.452	1076.500999	51	G	2	5
1076.500999	1076.592	69	Z	2	5
1076.592	1076.633021	4	AE1	2	5
1076.633021	1076.839835	57	M	2	5
1076.839835	1076.876491	60	P	2	5
1076.876491	1076.947318	6	AH0	2	5
1076.947318	1077.062211	56	L	2	5
1077.062211	1077.327023	69	Z	2	5
1086.898562	1086.98403	57	M	2	6
1086.98403	1087.122742	7	AH1	2	6
1087.122742	1087.205408	57	M	2	6
1087.205408	1087.362	62	S	2	6
1087.362	1087.427087	64	T	2	6
1087.427087	1087.469121	61	R	2	6
1087.469121	1087.589617	10	AO1	2	6
1087.589617	1087.662	59	NG	2	6
1087.662	1087.702	56	L	2	6
1087.702	1087.857622	31	IY0	2	6
1087.857622	1087.885941	48	D	2	6
1087.885941	1087.943387	29	IH2	2	6
1087.943387	1088.09611	62	S	2	6
1088.09611	1088.172	56	L	2	6
1088.172	1088.242	16	AY1	2	6
1088.242	1088.272	54	K	2	6
1088.272	1088.331076	62	S	2	6
1088.331076	1088.573865	4	AE1	2	6
1088.573865	1088.594882	60	P	2	6
1088.594882	1088.671944	6	AH0	2	6
1088.671944	1088.732	64	T	2	6
1088.732	1088.912938	17	AY2	2	6
1088.912938	1089.018022	69	Z	2	6
1089.018022	1089.182	21	ER0	2	6
1089.182	1089.466683	69	Z	2	6
1098.712276	1098.765519	49	DH	2	7
1098.765519	1098.919643	35	OW1	2	7
1098.919643	1099.052	69	Z	2	7
1099.052	1099.089179	52	HH	2	7
1099.089179	1099.171845	44	UW1	2	7
1099.171845	1099.292342	64	T	2	7
1099.292342	1099.392	32	IY1	2	7
1099.392	1099.512	47	CH	2	7
1099.512	1099.552	66	V	2	7
1099.552	1099.712	4	AE1	2	7
1099.712	1099.763976	56	L	2	7
1099.763976	1099.852	68	Y	2	7
1099.852	1099.901286	43	UW0	2	7
1099.901286	1099.992	69	Z	2	7
1099.992	1100.082	50	F	2	7
1100.082	1100.176	22	ER1	2	7
1100.176	1100.261469	62	S	2	7
1100.261469	1100.306305	64	T	2	7
1100.306305	1100.405273	6	AH0	2	7
1100.405273	1100.433808	46	B	2	7
1100.433808	1100.552	1	AA1	2	7
1100.552	1100.602	56	L	2	7
1100.602	1100.632	29	IH2	2	7
1100.632	1100.767576	63	SH	2	7
1100.767576	1100.861452	47	CH	2	7
1100.861452	1100.973542	32	IY1	2	7
1100.973542	1101.025384	64	T	2	7
1101.025384	1101.102445	27	IH0	2	7
1101.102445	1101.252366	59	NG	2	7
1111.1883	1111.221927	49	DH	2	8
1111.221927	1111.261158	6	AH0	2	8
1111.261158	1111.357836	50	F	2	8
1111.357836	1111.402	61	R	2	8
1111.402	1111.462	16	AY1	2	8
1111.462	1111.492	64	T	2	8
1111.492	1111.528773	6	AH0	2	8
1111.528773	1111.602	58	N	2	8
1111.602	1111.632	48	D	2	8
1111.632	1111.738942	47	CH	2	8
1111.738942	1111.844026	16	AY1	2	8
1111.844026	1111.942	56	L	2	8
1111.942	1111.972	48	D	2	8
1111.972	1112.018067	67	W	2	8
1112.018067	1112.074112	6	AH0	2	8
1112.074112	1112.176394	69	Z	2	8
1112.176394	1112.229637	53	JH	2	8
1112.229637	1112.282	19	EH1	2	8
1112.282	1112.312	58	N	2	8
1112.312	1112.356631	64	T	2	8
1112.356631	1112.392	56	L	2	8
1112.392	1112.432	31	IY0	2	8
1112.432	1112.562813	62	S	2	8
1112.562813	1112.624463	6	AH0	2	8
1112.624463	1112.672	46	B	2	8
1112.672	1112.702	48	D	2	8
1112.702	1112.799603	44	UW1	2	8
1112.799603	1112.891775	48	D	2	8
1112.891775	1112.917298	46	B	2	8
1112.917298	1113.012	16	AY1	2	8
1113.012	1113.053	52	HH	2	8
1113.053	1113.131463	28	IH1	2	8
1113.131463	1113.278581	69	Z	2	8
1113.278581	1113.296796	46	B	2	8
1113.296796	1113.412	28	IH1	2	8
1113.412	1113.502105	51	G	2	8
1113.502105	1113.5403	46	B	2	8
1113.5403	1113.612	61	R	2	8
1113.612	1113.726697	7	AH1	2	8
1113.726697	1113.770132	49	DH	2	8
1113.770132	1113.962	21	ER0	2	8
1123.305974	1123.415261	32	IY1	2	9
1123.415261	1123.472	66	V	2	9
1123.472	1123.512	6	AH0	2	9
1123.512	1123.542	58	N	2	9
1123.542	1123.590402	6	AH0	2	9
1123.590402	1123.736119	62	S	2	9
1123.736119	1123.782	28	IH1	2	9
1123.782	1123.869226	57	M	2	9
1123.869226	1123.88604	60	P	2	9
1123.88604	1123.956096	6	AH0	2	9
1123.956096	1124.000932	56	L	2	9
1124.000932	1124.094807	66	V	2	9
1124.094807	1124.229315	34	OW0	2	9
1124.229315	1124.283959	54	K	2	9
1124.283959	1124.412	4	AE1	2	9
1124.412	1124.460802	46	B	2	9
1124.460802	1124.511243	68	Y	2	9
1124.511243	1124.556079	6	AH0	2	9
1124.556079	1124.602316	56	L	2	9
1124.602316	1124.672	20	EH2	2	9
1124.672	1124.732	61	R	2	9
1124.732	1124.76905	31	IY0	2	9
1124.76905	1124.882973	54	K	2	9
1124.882973	1124.9166	6	AH0	2	9
1124.9166	1125.014679	58	N	2	9
1125.014679	1125.069323	64	T	2	9
1125.069323	1125.182	25	EY1	2	9
1125.182	1125.252	58	N	2	9
1125.252	1125.310317	69	Z	2	9
1125.310317	1125.405593	62	S	2	9
1125.405593	1125.462	28	IH1	2	9
1125.462	1125.555309	57	M	2	9
1125.555309	1125.592	46	B	2	9
1125.592	1125.649351	6	AH0	2	9
1125.649351	1125.748831	56	L	2	9
1125.748831	1125.941472	69	Z	2	9
1134.451079	1134.615011	25	EY1	2	10
1134.615011	1134.675259	54	K	2	10
1134.675259	1134.702	61	R	2	10
1134.702	1134.881241	4	AE1	2	10
1134.881241	1134.937269	46	B	2	10
1134.937269	1135.022738	47	CH	2	10
1135.022738	1135.151642	4	AE1	2	10
1135.151642	1135.212	56	L	2	10
1135.212	1135.248197	6	AH0	2	10
1135.248197	1135.292	58	N	2	10
1135.292	1135.420535	53	JH	2	10
1135.420535	1135.469575	48	D	2	10
1135.469575	1135.532	57	M	2	10
1135.532	1135.731857	32	IY1	2	10
1135.731857	1135.759993	46	B	2	10
1135.759993	1135.795021	7	AH1	2	10
1135.795021	1135.835654	64	T	2	10
1135.835654	1135.961755	25	EY1	2	10
1135.961755	1136.038817	54	K	2	10
1136.038817	1136.062	67	W	2	10
1136.062	1136.157537	28	IH1	2	10
1136.157537	1136.172	54	K	2	10
1136.172	1136.328474	62	S	2	10
1136.328474	1136.352	64	T	2	10
1136.352	1136.57142	4	AE1	2	10
1136.57142	1136.657832	46	B	2	10
1136.657832	1136.695663	66	V	2	10
1136.695663	1136.790939	4	AE1	2	10
1136.790939	1136.89182	59	NG	2	10
1136.89182	1136.922	54	K	2	10
1136.922	1136.962	67	W	2	10
1136.962	1137.002	27	IH0	2	10
1137.002	1137.122	63	SH	2	10
1137.122	1137.172	64	T	2	10
1137.172	1137.225928	52	HH	2	10
1137.225928	1137.332	28	IH1	2	10
1137.332	1137.466921	57	M	2	10
1757.021116	1757.046418	51	G	2	11
1757.046418	1757.062789	56	L	2	11
1757.062789	1757.184759	44	UW1	2	11
1757.184759	1757.238413	54	K	2	11
1757.238413	1757.341108	36	OW2	2	11
1757.341108	1757.452	62	S	2	11
1757.452	1757.48182	6	AH0	2	11
1757.48182	1757.539865	58	N	2	11
1757.539865	1757.563679	48	D	2	11
1757.563679	1757.663397	50	F	2	11
1757.663397	1757.679769	61	R	2	11
1757.679769	1757.767581	44	UW1	2	11
1757.767581	1757.822649	54	K	2	11
1757.822649	1757.905996	64	T	2	11
1757.905996	1758.020598	36	OW2	2	11
1758.020598	1758.12031	62	S	2	11
1758.12031	1758.372	21	ER0	2	11
1758.372	1758.426883	58	N	2	11
1758.426883	1758.559504	4	AE1	2	11
1758.559504	1758.687501	47	CH	2	11
1758.687501	1758.702	61	R	2	11
1758.702	1758.721733	6	AH0	2	11
1758.721733	1758.739593	56	L	2	11
1758.739593	1758.874082	63	SH	2	11
1758.874082	1758.962	41	UH1	2	11
1758.962	1758.987196	51	G	2	11
1758.987196	1759.092	21	ER0	2	11
1759.092	1759.192	69	Z	2	11
1759.192	1759.239582	50	F	2	11
1759.239582	1759.360737	13	AW1	2	11
1759.360737	1759.386039	58	N	2	11
1759.386039	1759.402411	48	D	2	11
1759.402411	1759.464921	6	AH0	2	11
1759.464921	1759.533384	58	N	2	11
1759.533384	1759.639056	50	F	2	11
1759.639056	1759.688171	61	R	2	11
1759.688171	1759.847423	44	UW1	2	11
1759.847423	1759.87719	64	T	2	11
1774.651823	1774.773867	21	ER0	2	12
1774.773867	1774.8524	68	Y	2	12
1774.8524	1774.942	44	UW1	2	12
1774.942	1774.977769	56	L	2	12
1774.977769	1775.086418	41	UH1	2	12
1775.086418	1775.135533	54	K	2	12
1775.135533	1775.198043	27	IH0	2	12
1775.198043	1775.252	59	NG	2	12
1775.252	1775.336617	50	F	2	12
1775.336617	1775.372	61	R	2	12
1775.372	1775.402	21	ER0	2	12
1775.402	1775.464614	6	AH0	2	12
1775.464614	1775.54052	57	M	2	12
1775.54052	1775.61196	60	P	2	12
1775.61196	1775.667028	56	L	2	12
1775.667028	1775.747398	38	OY1	2	12
1775.747398	1775.812885	57	M	2	12
1775.812885	1775.911115	6	AH0	2	12
1775.911115	1775.966184	58	N	2	12
1775.966184	1776.000416	64	T	2	12
1785.50674	1785.563296	54	K	2	13
1785.563296	1785.672	1	AA1	2	13
1785.672	1785.766328	50	F	2	13
1785.766328	1785.806513	31	IY0	2	13
1785.806513	1785.849675	28	IH1	2	13
1785.849675	1785.944929	69	Z	2	13
1785.944929	1785.991416	51	G	2	13
1785.991416	1786.04202	61	R	2	13
1786.04202	1786.100065	35	OW1	2	13
1786.100065	1786.114948	58	N	2	13
1786.114948	1786.232	1	AA1	2	13
1786.232	1786.284618	58	N	2	13
1786.284618	1786.422	62	S	2	13
1786.422	1786.477802	64	T	2	13
1786.477802	1786.571567	32	IY1	2	13
1786.571567	1786.617706	60	P	2	13
1786.617706	1786.678727	53	JH	2	13
1786.678727	1786.778446	7	AH1	2	13
1786.778446	1786.836491	59	NG	2	13
1786.836491	1786.852863	51	G	2	13
1786.852863	1786.892	6	AH0	2	13
1786.892	1786.932553	56	L	2	13
1786.932553	1786.99804	56	L	2	13
1786.99804	1787.12306	16	AY1	2	13
1787.12306	1787.13986	54	K	2	13
1787.13986	1787.295583	62	S	2	13
1787.295583	1787.337809	56	L	2	13
1787.337809	1787.440504	35	OW1	2	13
1787.440504	1787.461341	60	P	2	13
1787.461341	1787.562	62	S	2	13
1787.562	1787.586361	6	AH0	2	13
1787.586361	1787.674173	58	N	2	13
1787.674173	1787.747101	64	T	2	13
1787.747101	1787.781333	19	EH1	2	13
1787.781333	1787.854262	57	M	2	13
1787.854262	1787.876587	60	P	2	13
1787.876587	1787.902	61	R	2	13
1787.902	1787.952	6	AH0	2	13
1787.952	1787.991189	64	T	2	13
1787.991189	1788.067063	69	Z	2	13
1788.067063	1788.242	35	OW1	2	13
1788.242	1788.322	58	N	2	13
1788.322	1788.522	69	Z	2	13
1795.684542	1795.712	67	W	2	14
1795.712	1795.806585	32	IY1	2	14
1795.806585	1795.886956	67	W	2	14
1795.886956	1795.952	19	EH1	2	14
1795.952	1795.998185	56	L	2	14
1795.998185	1796.047696	54	K	2	14
1796.047696	1796.096811	6	AH0	2	14
1796.096811	1796.153368	57	M	2	14
1796.153368	1796.198018	57	M	2	14
1796.198018	1796.262016	19	EH1	2	14
1796.262016	1796.314108	58	N	2	14
1796.314108	1796.402	31	IY0	2	14
1796.402	1796.459965	58	N	2	14
1796.459965	1796.492	68	Y	2	14
1796.492	1796.542	44	UW1	2	14
1796.542	1796.682623	62	S	2	14
1796.682623	1796.715089	64	T	2	14
1796.715089	1796.792483	44	UW1	2	14
1796.792483	1796.832526	48	D	2	14
1796.832526	1796.902	6	AH0	2	14
1796.902	1796.932	58	N	2	14
1796.932	1796.962	64	T	2	14
1796.962	1797.030475	62	S	2	14
1797.030475	1797.140612	32	IY1	2	14
1797.140612	1797.257296	47	CH	2	14
1797.257296	1797.283492	68	Y	2	14
1797.283492	1797.392	28	IH1	2	14
1797.392	1797.532	61	R	2	14
1805.958343	1805.972913	35	OW1	2	15
1805.972913	1806.002	58	N	2	15
1806.002	1806.092	56	L	2	15
1806.092	1806.122	31	IY0	2	15
1806.122	1806.172	49	DH	2	15
1806.172	1806.249484	6	AH0	2	15
1806.249484	1806.272	46	B	2	15
1806.272	1806.372	19	EH1	2	15
1806.372	1806.472	62	S	2	15
1806.472	1806.502	64	T	2	15
1806.502	1806.562	60	P	2	15
1806.562	1806.612	56	L	2	15
1806.612	1806.742	25	EY1	2	15
1806.742	1806.772	21	ER0	2	15
1806.772	1806.902	69	Z	2	15
1806.902	1806.932	6	AH0	2	15
1806.932	1806.962	58	N	2	15
1806.962	1807.052	53	JH	2	15
1807.052	1807.194537	38	OY1	2	15
1807.194537	1807.242	60	P	2	15
1807.242	1807.406152	2	AA2	2	15
1807.406152	1807.447433	60	P	2	15
1807.447433	1807.462	68	Y	2	15
1807.462	1807.492	6	AH0	2	15
1807.492	1807.522	56	L	2	15
1807.522	1807.692	19	EH1	2	15
1807.692	1807.732	61	R	2	15
1807.732	1807.786187	6	AH0	2	15
1807.786187	1807.798328	64	T	2	15
1807.798328	1807.992	31	IY0	2	15
1819.186321	1819.225352	54	K	2	16
1819.225352	1819.312	4	AE1	2	16
1819.312	1819.335942	56	L	2	16
1819.335942	1819.449027	62	S	2	16
1819.449027	1819.482	31	IY0	2	16
1819.482	1819.514419	6	AH0	2	16
1819.514419	1819.555087	57	M	2	16
1819.555087	1819.587041	57	M	2	16
1819.587041	1819.679996	25	EY1	2	16
1819.679996	1819.715338	54	K	2	16
1819.715338	1819.822384	62	S	2	16
1819.822384	1819.85579	46	B	2	16
1819.85579	1819.992	35	OW1	2	16
1819.992	1820.042	58	N	2	16
1820.042	1820.127719	69	Z	2	16
1820.127719	1820.152895	6	AH0	2	16
1820.152895	1820.22019	58	N	2	16
1820.22019	1820.230841	48	D	2	16
1820.230841	1820.291843	64	T	2	16
1820.291843	1820.379536	32	IY1	2	16
1820.379536	1820.422	65	TH	2	16
1820.422	1820.516548	62	S	2	16
1820.516548	1820.578518	64	T	2	16
1820.578518	1820.683623	61	R	2	16
1820.683623	1820.80657	10	AO1	2	16
1820.80657	1820.890327	59	NG	2	16
1829.552	1829.942	74	sp	2	17
1829.942	1830.008643	74	sp	2	17
1830.008643	1830.039499	58	N	2	17
1830.039499	1830.104858	7	AH1	2	17
1830.104858	1830.201203	65	TH	2	17
1830.201203	1830.262	27	IH0	2	17
1830.262	1830.342	59	NG	2	17
1830.342	1830.469392	28	IH1	2	17
1830.469392	1830.543466	69	Z	2	17
1830.543466	1830.724819	19	EH1	2	17
1830.724819	1830.808832	69	Z	2	17
1830.808832	1830.882	6	AH0	2	17
1830.882	1830.982	50	F	2	17
1830.982	1831.042	19	EH1	2	17
1831.042	1831.092	58	N	2	17
1831.092	1831.167054	62	S	2	17
1831.167054	1831.222	27	IH0	2	17
1831.222	1831.265819	66	V	2	17
1831.265819	1831.410273	19	EH1	2	17
1831.410273	1831.487252	69	Z	2	17
1831.487252	1831.566785	28	IH1	2	17
1831.566785	1831.61181	58	N	2	17
1831.61181	1831.667486	6	AH0	2	17
1831.667486	1831.774411	62	S	2	17
1831.774411	1831.836865	6	AH0	2	17
1831.836865	1831.933372	58	N	2	17
1831.933372	1832.094771	62	S	2	17
1840.910762	1841.025503	62	S	2	18
1841.025503	1841.082	64	T	2	18
1841.082	1841.186239	32	IY1	2	18
1841.186239	1841.253317	66	V	2	18
1841.253317	1841.301732	67	W	2	18
1841.301732	1841.364186	10	AO1	2	18
1841.364186	1841.482	61	R	2	18
1841.482	1841.567985	6	AH0	2	18
1841.567985	1841.591224	46	B	2	18
1841.591224	1841.622	61	R	2	18
1841.622	1841.742	16	AY1	2	18
1841.742	1841.772	64	T	2	18
1841.772	1841.872	61	R	2	18
1841.872	1841.982	19	EH1	2	18
1841.982	1842.067098	48	D	2	18
1842.067098	1842.119857	54	K	2	18
1842.119857	1842.262462	4	AE1	2	18
1842.262462	1842.361711	70	ZH	2	18
1842.361711	1842.432955	57	M	2	18
1842.432955	1842.482	27	IH0	2	18
1842.482	1842.512	61	R	2	18
1842.512	1842.648858	62	S	2	18
1842.648858	1842.723416	67	W	2	18
1842.723416	1842.802	19	EH1	2	18
1842.802	1842.848324	64	T	2	18
1842.848324	1843.052607	21	ER0	2	18
1849.102	1849.59302	74	sp	2	19
1849.59302	1849.6233	46	B	2	19
1849.6233	1849.732696	1	AA1	2	19
1849.732696	1849.76786	61	R	2	19
1849.76786	1849.80693	46	B	2	19
1849.80693	1849.929024	62	S	2	19
1849.929024	1849.961257	46	B	2	19
1849.961257	1850.012	61	R	2	19
1850.012	1850.086197	25	EY1	2	19
1850.086197	1850.194617	62	S	2	19
1850.194617	1850.230757	56	L	2	19
1850.230757	1850.263967	6	AH0	2	19
1850.263967	1850.310851	64	T	2	19
1850.310851	1850.402	67	W	2	19
1850.402	1850.452481	7	AH1	2	19
1850.452481	1850.512063	69	Z	2	19
1850.512063	1850.701619	25	EY1	2	19
1850.701619	1850.742679	51	G	2	19
1850.742679	1850.821915	61	R	2	19
1850.821915	1850.942	5	AE2	2	19
1850.942	1851.196893	53	JH	2	19
1851.196893	1851.399234	74	sp	2	19
1851.399234	1851.429981	51	G	2	19
1851.429981	1851.467513	61	R	2	19
1851.467513	1851.543413	5	AE2	2	19
1851.543413	1851.60847	53	JH	2	19
1851.60847	1851.666855	6	AH0	2	19
1851.666855	1851.70689	67	W	2	19
1851.70689	1851.781955	25	EY1	2	19
1851.781955	1851.892	63	SH	2	19
1851.892	1851.922	6	AH0	2	19
1851.922	1852.005518	58	N	2	19
1852.005518	1852.047171	60	P	2	19
1852.047171	1852.089708	61	R	2	19
1852.089708	1852.203974	19	EH1	2	19
1852.203974	1852.277372	69	Z	2	19
1852.277372	1852.392	6	AH0	2	19
1852.392	1852.429171	58	N	2	19
1852.429171	1852.445019	64	T	2	19
1859.207917	1859.256292	48	D	2	20
1859.256292	1859.313009	61	R	2	20
1859.313009	1859.637459	10	AO1	2	20
1859.637459	1859.742	19	EH1	2	20
1859.742	1859.805464	66	V	2	20
1859.805464	1859.863015	21	ER0	2	20
1859.863015	1859.894709	31	IY0	2	20
1859.894709	1860.035363	13	AW1	2	20
1860.035363	1860.072896	64	T	2	20
1860.072896	1860.152	21	ER0	2	20
1860.152	1860.210925	56	L	2	20
1860.210925	1860.329362	16	AY1	2	20
1860.329362	1860.425549	58	N	2	20
1860.425549	1860.48751	50	F	2	20
1860.48751	1860.638475	22	ER1	2	20
1860.638475	1860.742	62	S	2	20
1860.742	1860.776929	64	T	2	20
1860.776929	1860.812	49	DH	2	20
1860.812	1860.849493	19	EH1	2	20
1860.849493	1860.938766	58	N	2	20
1860.938766	1861.00132	50	F	2	20
1861.00132	1861.052	28	IH1	2	20
1861.052	1861.097898	56	L	2	20
1861.097898	1861.14544	6	AH0	2	20
1861.14544	1861.201322	58	N	2	20
1861.201322	1861.233016	49	DH	2	20
1861.233016	1861.282	31	IY0	2	20
1861.282	1861.363086	29	IH2	2	20
1861.363086	1861.44816	58	N	2	20
1861.44816	1861.529898	64	T	2	20
1861.529898	1861.668353	28	IH1	2	20
1861.668353	1861.731741	61	R	2	20
1861.731741	1861.800969	31	IY0	2	20
1861.800969	1861.934419	21	ER0	2	20
1870.089409	1870.108475	49	DH	2	21
1870.108475	1870.132	6	AH0	2	21
1870.132	1870.182331	67	W	2	21
1870.182331	1870.262081	10	AO1	2	21
1870.262081	1870.288433	64	T	2	21
1870.288433	1870.364078	21	ER0	2	21
1870.364078	1870.461179	54	K	2	21
1870.461179	1870.502	6	AH0	2	21
1870.502	1870.573815	58	N	2	21
1870.573815	1870.647612	64	T	2	21
1870.647612	1870.722	25	EY1	2	21
1870.722	1870.774201	58	N	2	21
1870.774201	1870.818867	48	D	2	21
1870.818867	1870.902374	64	T	2	21
1870.902374	1870.942	44	UW1	2	21
1870.942	1871.004329	57	M	2	21
1871.004329	1871.072	7	AH1	2	21
1871.072	1871.172	47	CH	2	21
1871.172	1871.256412	54	K	2	21
1871.256412	1871.30205	56	L	2	21
1871.30205	1871.353513	10	AO1	2	21
1871.353513	1871.438961	61	R	2	21
1871.438961	1871.502077	31	IY0	2	21
1871.502077	1871.558395	58	N	2	21
1871.558395	1871.602	6	AH0	2	21
1871.602	1871.652	58	N	2	21
1871.652	1871.665238	48	D	2	21
1871.665238	1871.767194	62	S	2	21
1871.767194	1871.792	64	T	2	21
1871.792	1871.832	7	AH1	2	21
1871.832	1871.912	59	NG	2	21
1871.912	1871.942	52	HH	2	21
1871.942	1871.995387	28	IH1	2	21
1871.995387	1872.07598	69	Z	2	21
1872.07598	1872.331354	16	AY1	2	21
1872.331354	1872.534887	69	Z	2	21
1881.200686	1881.268656	53	JH	2	22
1881.268656	1881.352162	1	AA1	2	22
1881.352162	1881.402	58	N	2	22
1881.402	1881.505053	69	Z	2	22
1881.505053	1881.538068	46	B	2	22
1881.538068	1881.576908	61	R	2	22
1881.576908	1881.632	7	AH1	2	22
1881.632	1881.674008	49	DH	2	22
1881.674008	1881.763667	21	ER0	2	22
1881.763667	1881.845231	61	R	2	22
1881.845231	1881.976291	31	IY0	2	22
1881.976291	1882.033001	60	P	2	22
1882.033001	1882.132	25	EY1	2	22
1882.132	1882.182641	58	N	2	22
1882.182641	1882.228333	64	T	2	22
1882.228333	1882.252	6	AH0	2	22
1882.252	1882.282	48	D	2	22
1882.282	1882.310495	49	DH	2	22
1882.310495	1882.393256	31	IY0	2	22
1882.393256	1882.436037	51	G	2	22
1882.436037	1882.492	21	ER0	2	22
1882.492	1882.608104	1	AA1	2	22
1882.608104	1882.734045	70	ZH	2	22
1882.734045	1882.777225	48	D	2	22
1882.777225	1882.897499	10	AO1	2	22
1882.897499	1883.062	61	R	2	22
1893.392845	1893.496596	47	CH	2	23
1893.496596	1893.562	4	AE1	2	23
1893.562	1893.592	56	L	2	23
1893.592	1893.622	6	AH0	2	23
1893.622	1893.662	58	N	2	23
1893.662	1893.742	53	JH	2	23
1893.742	1893.886434	32	IY1	2	23
1893.886434	1893.995804	47	CH	2	23
1893.995804	1894.082729	53	JH	2	23
1894.082729	1894.183725	19	EH1	2	23
1894.183725	1894.297346	58	N	2	23
1894.297346	1894.342	21	ER0	2	23
1894.342	1894.372	6	AH0	2	23
1894.372	1894.402	56	L	2	23
1894.402	1894.478599	69	Z	2	23
1894.478599	1894.506232	29	IH2	2	23
1894.506232	1894.593703	58	N	2	23
1894.593703	1894.631576	64	T	2	23
1894.631576	1894.732	19	EH1	2	23
1894.732	1894.794794	56	L	2	23
1894.794794	1894.862	6	AH0	2	23
1894.862	1894.942	53	JH	2	23
1894.942	1895.042	6	AH0	2	23
1895.042	1895.102	58	N	2	23
1895.102	1895.306173	62	S	2	23
1908.602	1908.711384	74	sp	2	24
1908.711384	1908.782	5	AE2	2	24
1908.782	1908.812	57	M	2	24
1908.812	1908.839814	46	B	2	24
1908.839814	1908.882	6	AH0	2	24
1908.882	1908.932	48	D	2	24
1908.932	1909.028256	19	EH1	2	24
1909.028256	1909.069737	54	K	2	24
1909.069737	1909.162	62	S	2	24
1909.162	1909.20503	64	T	2	24
1909.20503	1909.222	61	R	2	24
1909.222	1909.252	6	AH0	2	24
1909.252	1909.385381	62	S	2	24
1909.385381	1909.425058	60	P	2	24
1909.425058	1909.490886	28	IH1	2	24
1909.490886	1909.576039	54	K	2	24
1909.576039	1909.614814	60	P	2	24
1909.614814	1909.747372	2	AA2	2	24
1909.747372	1909.787951	54	K	2	24
1909.787951	1909.852	6	AH0	2	24
1909.852	1909.892	64	T	2	24
1909.892	1909.932207	62	S	2	24
1909.932207	1910.006593	6	AH0	2	24
1910.006593	1910.062	54	K	2	24
1910.062	1910.162	1	AA1	2	24
1910.162	1910.192	57	M	2	24
1910.192	1910.23113	60	P	2	24
1910.23113	1910.252	56	L	2	24
1910.252	1910.281628	27	IH0	2	24
1910.281628	1910.392	63	SH	2	24
1910.392	1910.441541	57	M	2	24
1910.441541	1910.546145	10	AO1	2	24
1910.546145	1910.653454	61	R	2	24
1920.632	1921.202	74	sp	2	25
1921.202	1921.286964	74	sp	2	25
1921.286964	1921.353806	57	M	2	25
1921.353806	1921.410616	7	AH1	2	25
1921.410616	1921.53596	62	S	2	25
1921.53596	1921.590065	54	K	2	25
1921.590065	1921.622	68	Y	2	25
1921.622	1921.662	6	AH0	2	25
1921.662	1921.688278	56	L	2	25
1921.688278	1921.748695	21	ER0	2	25
1921.748695	1922.009773	4	AE1	2	25
1922.009773	1922.025557	46	B	2	25
1922.025557	1922.054832	48	D	2	25
1922.054832	1922.108035	6	AH0	2	25
1922.108035	1922.165748	57	M	2	25
1922.165748	1922.262	6	AH0	2	25
1922.262	1922.332	58	N	2	25
1922.332	1922.440759	28	IH1	2	25
1922.440759	1922.535443	69	Z	2	25
1922.535443	1922.58067	51	G	2	25
1922.58067	1922.632	41	UH1	2	25
1922.632	1922.66814	48	D	2	25
1922.66814	1922.769136	50	F	2	25
1922.769136	1922.791819	61	R	2	25
1922.791819	1922.812	21	ER0	2	25
1922.812	1922.852	68	Y	2	25
1922.852	1922.894619	41	UH1	2	25
1922.894619	1922.997061	61	R	2	25
1922.997061	1923.012616	46	B	2	25
1923.012616	1923.275928	4	AE1	2	25
1923.275928	1923.372416	54	K	2	25
1936.432	1936.618179	74	sp	2	26
1936.618179	1936.642526	49	DH	2	26
1936.642526	1936.691221	25	EY1	2	26
1936.691221	1936.822	35	OW1	2	26
1936.822	1936.862	58	N	2	26
1936.862	1936.959944	6	AH0	2	26
1936.959944	1936.992	46	B	2	26
1936.992	1937.102	28	IH1	2	26
1937.102	1937.149536	51	G	2	26
1937.149536	1937.207248	52	HH	2	26
1937.207248	1937.368663	13	AW1	2	26
1937.368663	1937.562	62	S	2	26
1937.562	1937.642	28	IH1	2	26
1937.642	1937.702	58	N	2	26
1937.702	1937.732	49	DH	2	26
1937.732	1937.762	7	AH1	2	26
1937.762	1937.862	61	R	2	26
1937.862	1937.892	31	IY0	2	26
1937.892	1937.964486	57	M	2	26
1937.964486	1938.042037	35	OW1	2	26
1938.042037	1938.13582	64	T	2	26
1938.13582	1938.174595	54	K	2	26
1938.174595	1938.242	7	AH1	2	26
1938.242	1938.283707	58	N	2	26
1938.283707	1938.380824	64	T	2	26
1938.380824	1938.402	61	R	2	26
1938.402	1938.442144	31	IY0	2	26
1938.442144	1938.550354	62	S	2	26
1938.550354	1938.742	17	AY2	2	26
1938.742	1938.839932	48	D	2	26
1946.675731	1946.729836	49	DH	2	27
1946.729836	1946.755085	6	AH0	2	27
1946.755085	1946.830833	61	R	2	27
1946.830833	1946.935436	35	OW1	2	27
1946.935436	1947.066191	69	Z	2	27
1947.066191	1947.142	54	K	2	27
1947.142	1947.202416	9	AO0	2	27
1947.202416	1947.262834	61	R	2	27
1947.262834	1947.407114	62	S	2	27
1947.407114	1947.642	1	AA1	2	27
1947.642	1947.714346	70	ZH	2	27
1947.714346	1947.891992	62	S	2	27
1947.891992	1947.922	57	M	2	27
1947.922	1947.972	19	EH1	2	27
1947.972	1948.046192	56	L	2	27
1948.046192	1948.112	48	D	2	27
1948.112	1948.242	62	S	2	27
1948.242	1948.323007	67	W	2	27
1948.323007	1948.433021	32	IY1	2	27
1948.433021	1948.516884	64	T	2	27
1956.422	1956.493765	74	sp	2	28
1956.493765	1956.528446	49	DH	2	28
1956.528446	1956.573534	4	AE1	2	28
1956.573534	1956.679941	64	T	2	28
1956.679941	1956.702	60	P	2	28
1956.702	1956.802579	28	IH1	2	28
1956.802579	1956.85939	54	K	2	28
1956.85939	1956.915298	60	P	2	28
1956.915298	1957.034033	2	AA2	2	28
1957.034033	1957.087237	54	K	2	28
1957.087237	1957.139539	6	AH0	2	28
1957.139539	1957.182	64	T	2	28
1957.182	1957.22152	67	W	2	28
1957.22152	1957.262	7	AH1	2	28
1957.262	1957.367604	69	Z	2	28
1957.367604	1957.418048	54	K	2	28
1957.418048	1957.492	1	AA1	2	28
1957.492	1957.552	64	T	2	28
1957.552	1957.615562	61	R	2	28
1957.615562	1957.697622	19	EH1	2	28
1957.697622	1957.728282	48	D	2	28
1957.728282	1957.777878	52	HH	2	28
1957.777878	1957.882	4	AE1	2	28
1957.882	1957.976022	58	N	2	28
1957.976022	1958.013896	48	D	2	28
1958.013896	1958.120303	6	AH0	2	28
1958.120303	1958.189738	48	D	2	28
1968.379426	1968.42177	4	AE1	2	29
1968.42177	1968.482188	58	N	2	29
1968.482188	1968.525472	6	AH0	2	29
1968.525472	1968.582283	48	D	2	29
1968.582283	1968.652	7	AH1	2	29
1968.652	1968.686699	56	L	2	29
1968.686699	1968.712	64	T	2	29
1968.712	1968.806632	57	M	2	29
1968.806632	1968.912	25	EY1	2	29
1968.912	1969.018558	56	L	2	29
1969.018558	1969.066367	46	B	2	29
1969.066367	1969.274748	3	AE0	2	29
1969.274748	1969.302	46	B	2	29
1969.302	1969.438114	44	UW1	2	29
1969.438114	1969.512	58	N	2	29
1969.512	1969.643714	69	Z	2	29
1969.643714	1969.717688	64	T	2	29
1969.717688	1969.862	32	IY1	2	29
1969.862	1969.927144	65	TH	2	29
1969.927144	1970.001281	1	AA1	2	29
1970.001281	1970.042	61	R	2	29
1970.042	1970.112	58	N	2	29
1970.112	1970.252871	1	AA1	2	29
1970.252871	1970.305172	64	T	2	29
1970.305172	1970.464434	62	S	2	29
1970.464434	1970.562	44	UW1	2	29
1970.562	1970.605019	64	T	2	29
1970.605019	1970.666028	6	AH0	2	29
1970.666028	1970.712	46	B	2	29
1970.712	1970.742	6	AH0	2	29
1970.742	1970.940567	56	L	2	29
1970.940567	1971.074521	50	F	2	29
1971.074521	1971.116961	61	R	2	29
1971.116961	1971.183399	21	ER0	2	29
1971.183399	1971.330616	32	IY1	2	29
1971.330616	1971.382	64	T	2	29
1971.382	1971.422	27	IH0	2	29
1971.422	1971.496489	59	NG	2	29
1971.496489	1971.633095	63	SH	2	29
1971.633095	1971.712671	19	EH1	2	29
1971.712671	1971.784724	56	L	2	29
1971.784724	1971.842647	50	F	2	29
1971.842647	1971.975274	29	IH2	2	29
1971.975274	1972.212677	63	SH	2	29
1981.641145	1981.666642	52	HH	2	30
1981.666642	1981.711566	21	ER0	2	30
1981.711566	1981.758919	67	W	2	30
1981.758919	1981.812	10	AO1	2	30
1981.812	1981.892	61	R	2	30
1981.892	1981.932	48	D	2	30
1981.932	1982.072	61	R	2	30
1982.072	1982.112	36	OW2	2	30
1982.112	1982.152	46	B	2	30
1982.152	1982.212	54	K	2	30
1982.212	1982.252	6	AH0	2	30
1982.252	1982.302	58	N	2	30
1982.302	1982.452	62	S	2	30
1982.452	1982.492	28	IH1	2	30
1982.492	1982.632	62	S	2	30
1982.632	1982.672	7	AH1	2	30
1982.672	1982.732	66	V	2	30
1982.732	1982.912	35	OW1	2	30
1982.912	1982.942	58	N	2	30
1982.942	1983.002	56	L	2	30
1983.002	1983.032	31	IY0	2	30
1983.032	1983.152	62	S	2	30
1983.152	1983.182	54	K	2	30
1983.182	1983.262	22	ER1	2	30
1983.262	1983.332	64	T	2	30
1983.332	1983.402	62	S	2	30
1983.402	1983.432	6	AH0	2	30
1983.432	1983.462	58	N	2	30
1983.462	1983.497638	48	D	2	30
1983.497638	1983.532	46	B	2	30
1983.532	1983.582	56	L	2	30
1983.582	1983.682	13	AW1	2	30
1983.682	1983.822	62	S	2	30
1983.822	1983.922	6	AH0	2	30
1983.922	1984.172	69	Z	2	30
1993.646904	1993.688019	49	DH	2	31
1993.688019	1993.727807	6	AH0	2	31
1993.727807	1993.852	64	T	2	31
1993.852	1993.955926	44	UW1	2	31
1993.955926	1994.076618	1	AA1	2	31
1994.076618	1994.162	61	R	2	31
1994.162	1994.192	64	T	2	31
1994.192	1994.262	6	AH0	2	31
1994.262	1994.410839	62	S	2	31
1994.410839	1994.482	27	IH0	2	31
1994.482	1994.512	54	K	2	31
1994.512	1994.602	62	S	2	31
1994.602	1994.712	47	CH	2	31
1994.712	1994.931949	25	EY1	2	31
1994.931949	1994.983674	58	N	2	31
1994.983674	1995.05264	53	JH	2	31
1995.05264	1995.071208	48	D	2	31
1995.071208	1995.202	10	AO1	2	31
1995.202	1995.250183	64	T	2	31
1995.250183	1995.315171	6	AH0	2	31
1995.315171	1995.362	51	G	2	31
1995.362	1995.412	61	R	2	31
1995.412	1995.592	5	AE2	2	31
1995.592	1995.662	50	F	2	31
1995.662	1995.900058	62	S	2	31
2005.679593	2005.708045	46	B	2	32
2005.708045	2005.787373	7	AH1	2	32
2005.787373	2005.802144	64	T	2	32
2005.802144	2005.896517	21	ER0	2	32
2005.896517	2006.04506	62	S	2	32
2006.04506	2006.082	54	K	2	32
2006.082	2006.376973	2	AA2	2	32
2006.376973	2006.592	47	CH	2	32
2006.592	2006.66945	50	F	2	32
2006.66945	2006.922	7	AH1	2	32
2006.922	2007.143479	53	JH	2	32
2007.143479	2007.184746	51	G	2	32
2007.184746	2007.37896	35	OW1	2	32
2007.37896	2007.480124	69	Z	2	32
2007.480124	2007.562733	67	W	2	32
2007.562733	2007.712	19	EH1	2	32
2007.712	2007.762	56	L	2	32
2007.762	2007.792	67	W	2	32
2007.792	2007.832	28	IH1	2	32
2007.832	2007.912	65	TH	2	32
2007.912	2007.972574	66	V	2	32
2007.972574	2007.990628	6	AH0	2	32
2007.990628	2008.042	58	N	2	32
2008.042	2008.105515	28	IH1	2	32
2008.105515	2008.147641	56	L	2	32
2008.147641	2008.195237	6	AH0	2	32
2008.195237	2008.4376	16	AY1	2	32
2008.4376	2008.56839	62	S	2	32
2008.56839	2008.628569	54	K	2	32
2008.628569	2008.707896	61	R	2	32
2008.707896	2008.810484	32	IY1	2	32
2008.810484	2008.962	57	M	2	32
2017.736661	2017.752	61	R	2	33
2017.752	2017.873879	28	IH1	2	33
2017.873879	2018.060535	47	CH	2	33
2018.060535	2018.082	60	P	2	33
2018.082	2018.17804	22	ER1	2	33
2018.17804	2018.306094	47	CH	2	33
2018.306094	2018.375876	6	AH0	2	33
2018.375876	2018.432	62	S	2	33
2018.432	2018.456145	64	T	2	33
2018.456145	2018.58276	62	S	2	33
2018.58276	2018.692	19	EH1	2	33
2018.692	2018.75531	66	V	2	33
2018.75531	2018.81574	21	ER0	2	33
2018.81574	2018.852	6	AH0	2	33
2018.852	2018.884083	56	L	2	33
2018.884083	2019.024676	62	S	2	33
2019.024676	2019.216911	16	AY1	2	33
2019.216911	2019.274463	58	N	2	33
2019.274463	2019.319786	48	D	2	33
2019.319786	2019.362	56	L	2	33
2019.362	2019.442	28	IH1	2	33
2019.442	2019.509922	65	TH	2	33
2019.509922	2019.604628	6	AH0	2	33
2019.604628	2019.6374	51	G	2	33
2019.6374	2019.693923	61	R	2	33
2019.693923	2019.85748	5	AE2	2	33
2019.85748	2019.902	50	F	2	33
2019.902	2020.108828	62	S	2	33
2033.529011	2033.602	19	EH1	2	34
2033.602	2033.642	58	N	2	34
2033.642	2033.742384	31	IY0	2	34
2033.742384	2033.788312	54	K	2	34
2033.788312	2033.872	2	AA2	2	34
2033.872	2033.89739	58	N	2	34
2033.89739	2033.979376	64	T	2	34
2033.979376	2034.002	61	R	2	34
2034.002	2034.032	6	AH0	2	34
2034.032	2034.077686	46	B	2	34
2034.077686	2034.122	68	Y	2	34
2034.122	2034.177675	44	UW1	2	34
2034.177675	2034.296437	63	SH	2	34
2034.296437	2034.352	6	AH0	2	34
2034.352	2034.402	58	N	2	34
2034.402	2034.455749	69	Z	2	34
2034.455749	2034.518409	67	W	2	34
2034.518409	2034.595108	28	IH1	2	34
2034.595108	2034.742136	56	L	2	34
2034.742136	2034.777207	46	B	2	34
2034.777207	2035.073889	32	IY1	2	34
2035.073889	2035.112178	51	G	2	34
2035.112178	2035.177439	61	R	2	34
2035.177439	2035.250259	25	EY1	2	34
2035.250259	2035.298805	64	T	2	34
2035.298805	2035.322	56	L	2	34
2035.322	2035.402	31	IY0	2	34
2035.402	2035.46475	6	AH0	2	34
2035.46475	2035.535628	60	P	2	34
2035.535628	2035.562	61	R	2	34
2035.562	2035.619128	32	IY1	2	34
2035.619128	2035.752145	63	SH	2	34
2035.752145	2035.840357	31	IY0	2	34
2035.840357	2035.942	26	EY2	2	34
2035.942	2035.991822	64	T	2	34
2035.991822	2036.072	6	AH0	2	34
2036.072	2036.152762	48	D	2	34
2044.29123	2044.320358	49	DH	2	35
2044.320358	2044.365021	6	AH0	2	35
2044.365021	2044.448521	54	K	2	35
2044.448521	2044.485416	61	R	2	35
2044.485416	2044.56212	4	AE1	2	35
2044.56212	2044.602	58	N	2	35
2044.602	2044.651445	46	B	2	35
2044.651445	2044.702	20	EH2	2	35
2044.702	2044.802	61	R	2	35
2044.802	2044.886186	31	IY0	2	35
2044.886186	2044.914926	46	B	2	35
2044.914926	2045.152089	1	AA1	2	35
2045.152089	2045.183874	51	G	2	35
2045.183874	2045.212	51	G	2	35
2045.212	2045.314982	28	IH1	2	35
2045.314982	2045.332	64	T	2	35
2045.332	2045.381977	62	S	2	35
2045.381977	2045.473244	66	V	2	35
2045.473244	2045.612739	19	EH1	2	35
2045.612739	2045.646721	61	R	2	35
2045.646721	2045.729251	31	IY0	2	35
2045.729251	2045.800129	60	P	2	35
2045.800129	2045.822	61	R	2	35
2045.822	2045.872	28	IH1	2	35
2045.872	2045.902	64	T	2	35
2045.902	2046.012293	31	IY0	2	35
2046.012293	2046.062	28	IH1	2	35
2046.062	2046.114802	58	N	2	35
2046.114802	2046.289986	10	AO1	2	35
2046.289986	2046.338533	64	T	2	35
2046.338533	2046.412	6	AH0	2	35
2046.412	2046.552	57	M	2	35
2057.242113	2057.344261	52	HH	2	36
2057.344261	2057.606215	13	AW1	2	36
2057.606215	2057.643449	48	D	2	36
2057.643449	2057.733604	44	UW1	2	36
2057.733604	2057.934601	38	OY1	2	36
2057.934601	2058.052	62	S	2	36
2058.052	2058.104076	64	T	2	36
2058.104076	2058.228189	21	ER0	2	36
2058.228189	2058.322	69	Z	2	36
2058.322	2058.378431	57	M	2	36
2058.378431	2058.458885	25	EY1	2	36
2058.458885	2058.567134	54	K	2	36
2058.567134	2058.613793	60	P	2	36
2058.613793	2058.751879	22	ER1	2	36
2058.751879	2058.92545	56	L	2	36
2058.92545	2059.119188	69	Z	2	36
2068.017022	2068.078283	57	M	2	37
2068.078283	2068.272	25	EY1	2	37
2068.272	2068.302	16	AY1	2	37
2068.302	2068.382	10	AO1	2	37
2068.382	2068.428328	61	R	2	37
2068.428328	2068.462	48	D	2	37
2068.462	2068.532	21	ER0	2	37
2068.532	2068.715754	25	EY1	2	37
2068.715754	2068.767081	60	P	2	37
2068.767081	2068.822	1	AA1	2	37
2068.822	2068.945836	61	R	2	37
2068.945836	2068.982	50	F	2	37
2068.982	2069.209913	25	EY1	2	37
2069.209913	2069.4062	4	AE1	2	37
2069.4062	2069.472	50	F	2	37
2069.472	2069.502	64	T	2	37
2069.502	2069.552	21	ER0	2	37
2069.552	2069.622	16	AY1	2	37
2069.622	2069.765268	32	IY1	2	37
2069.765268	2069.859122	64	T	2	37
2069.859122	2069.892	48	D	2	37
2069.892	2069.972	28	IH1	2	37
2069.972	2070.021899	58	N	2	37
2070.021899	2070.252586	21	ER0	2	37
2079.347923	2079.392	28	IH1	2	38
2079.392	2079.407971	69	Z	2	38
2079.407971	2079.51209	63	SH	2	38
2079.51209	2079.612	32	IY1	2	38
2079.612	2079.662	51	G	2	38
2079.662	2079.732	35	OW1	2	38
2079.732	2079.762	27	IH0	2	38
2079.762	2079.853776	59	NG	2	38
2079.853776	2079.942	67	W	2	38
2079.942	2079.987224	28	IH1	2	38
2079.987224	2080.082544	65	TH	2	38
2080.082544	2080.152	68	Y	2	38
2080.152	2080.293715	44	UW1	2	38
2092.355584	2092.414242	54	K	2	39
2092.414242	2092.462	4	AE1	2	39
2092.462	2092.545335	58	N	2	39
2092.545335	2092.562	49	DH	2	39
2092.562	2092.592	6	AH0	2	39
2092.592	2092.771575	25	EY1	2	39
2092.771575	2092.842	53	JH	2	39
2092.842	2092.892	6	AH0	2	39
2092.892	2092.943181	58	N	2	39
2092.943181	2093.065365	62	S	2	39
2093.065365	2093.12577	31	IY0	2	39
2093.12577	2093.284154	35	OW1	2	39
2093.284154	2093.345933	66	V	2	39
2093.345933	2093.432422	21	ER0	2	39
2093.432422	2093.547742	65	TH	2	39
2093.547742	2093.641096	61	R	2	39
2093.641096	2093.733077	36	OW2	2	39
2093.733077	2093.820819	25	EY1	2	39
2093.820819	2093.897699	56	L	2	39
2093.897699	2093.986934	31	IY0	2	39
2093.986934	2094.065187	6	AH0	2	39
2094.065187	2094.139321	58	N	2	39
2094.139321	2094.213859	50	F	2	39
2094.213859	2094.294976	10	AO1	2	39
2094.294976	2094.363614	61	R	2	39
2094.363614	2094.477097	62	S	2	39
2094.477097	2094.639331	6	AH0	2	39
2094.639331	2094.813154	69	Z	2	39
2110.847716	2110.922	6	AH0	2	40
2110.922	2111.042	62	S	2	40
2111.042	2111.080371	54	K	2	40
2111.080371	2111.102	61	R	2	40
2111.102	2111.180373	44	UW1	2	40
2111.180373	2111.231909	48	D	2	40
2111.231909	2111.282	61	R	2	40
2111.282	2111.38977	17	AY2	2	40
2111.38977	2111.452	66	V	2	40
2111.452	2111.532	21	ER0	2	40
2111.532	2111.656274	28	IH1	2	40
2111.656274	2111.713324	69	Z	2	40
2111.713324	2111.79355	57	M	2	40
2111.79355	2111.942	25	EY1	2	40
2111.942	2112.002	48	D	2	40
2112.002	2112.059653	50	F	2	40
2112.059653	2112.097983	21	ER0	2	40
2112.097983	2112.160381	57	M	2	40
2112.160381	2112.196037	66	V	2	40
2112.196037	2112.32529	1	AA1	2	40
2112.32529	2112.402	48	D	2	40
2112.402	2112.442	54	K	2	40
2112.442	2112.503222	6	AH0	2	40
2112.503222	2112.602	4	AE1	2	40
2112.602	2112.672588	58	N	2	40
2112.672588	2112.772377	10	AO1	2	40
2112.772377	2112.832	61	R	2	40
2112.832	2112.862	6	AH0	2	40
2112.862	2112.892	58	N	2	40
2112.892	2112.942	53	JH	2	40
2112.942	2113.063864	53	JH	2	40
2113.063864	2113.219859	44	UW1	2	40
2113.219859	2113.462	62	S	2	40
2120.998715	2121.032684	52	HH	2	41
2121.032684	2121.088843	13	AW1	2	41
2121.088843	2121.158372	57	M	2	41
2121.158372	2121.212	7	AH1	2	41
2121.212	2121.300995	47	CH	2	41
2121.300995	2121.352	6	AH0	2	41
2121.352	2121.436925	56	L	2	41
2121.436925	2121.54211	13	AW1	2	41
2121.54211	2121.602	6	AH0	2	41
2121.602	2121.642	58	N	2	41
2121.642	2121.762	62	S	2	41
2121.762	2121.801429	48	D	2	41
2121.801429	2121.852	44	UW1	2	41
2121.852	2121.907505	68	Y	2	41
2121.907505	2121.985409	44	UW1	2	41
2121.985409	2122.041025	51	G	2	41
2122.041025	2122.220684	19	EH1	2	41
2122.220684	2122.291977	64	T	2	41
2130.423497	2130.475532	62	S	2	42
2130.475532	2130.592267	28	IH1	2	42
2130.592267	2130.64521	54	K	2	42
2130.64521	2130.672301	56	L	2	42
2130.672301	2130.757394	27	IH0	2	42
2130.757394	2130.800629	54	K	2	42
2130.800629	2130.862	6	AH0	2	42
2130.862	2130.938305	56	L	2	42
2130.938305	2130.992	60	P	2	42
2130.992	2131.053007	61	R	2	42
2131.053007	2131.162	35	OW1	2	42
2131.162	2131.192	51	G	2	42
2131.192	2131.252	61	R	2	42
2131.252	2131.301107	5	AE2	2	42
2131.301107	2131.353864	57	M	2	42
2131.353864	2131.452	69	Z	2	42
2131.452	2131.482	67	W	2	42
2131.482	2131.512	6	AH0	2	42
2131.512	2131.528259	56	L	2	42
2131.528259	2131.578164	58	N	2	42
2131.578164	2131.670773	19	EH1	2	42
2131.670773	2131.715047	66	V	2	42
2131.715047	2131.812806	21	ER0	2	42
2131.812806	2131.846802	54	K	2	42
2131.846802	2131.892	6	AH0	2	42
2131.892	2131.986432	57	M	2	42
2131.986432	2132.005859	60	P	2	42
2132.005859	2132.174308	16	AY1	2	42
2132.174308	2132.372503	56	L	2	42
2142.060564	2142.087173	49	DH	2	43
2142.087173	2142.17591	7	AH1	2	43
2142.17591	2142.198016	46	B	2	43
2142.198016	2142.349041	1	AA1	2	43
2142.349041	2142.492	62	S	2	43
2142.492	2142.522	64	T	2	43
2142.522	2142.562	6	AH0	2	43
2142.562	2142.646143	58	N	2	43
2142.646143	2142.670134	46	B	2	43
2142.670134	2142.789983	3	AE0	2	43
2142.789983	2142.862748	56	L	2	43
2142.862748	2143.031768	25	EY1	2	43
2143.031768	2143.182	35	OW1	2	43
2143.182	2143.237516	66	V	2	43
2143.237516	2143.370905	21	ER0	2	43
2143.370905	2143.447227	54	K	2	43
2143.447227	2143.602	25	EY1	2	43
2143.602	2143.692	57	M	2	43
2143.692	2143.720296	49	DH	2	43
2143.720296	2143.810031	19	EH1	2	43
2143.810031	2143.831858	61	R	2	43
2143.831858	2143.961609	50	F	2	43
2143.961609	2144.047706	7	AH1	2	43
2144.047706	2144.139866	58	N	2	43
2144.139866	2144.162	48	D	2	43
2144.162	2144.223537	27	IH0	2	43
2144.223537	2144.292657	59	NG	2	43
2144.292657	2144.43145	63	SH	2	43
2144.43145	2144.553746	10	AO1	2	43
2144.553746	2144.63863	61	R	2	43
2144.63863	2144.671371	64	T	2	43
2144.671371	2144.813249	6	AH0	2	43
2144.813249	2145.042	53	JH	2	43
2153.841561	2153.912	19	EH1	2	44
2153.912	2153.965992	66	V	2	44
2153.965992	2154.026624	61	R	2	44
2154.026624	2154.157588	31	IY0	2	44
2154.157588	2154.212	54	K	2	44
2154.212	2154.460233	4	AE1	2	44
2154.460233	2154.477231	46	B	2	44
2154.477231	2154.490587	58	N	2	44
2154.490587	2154.582	32	IY1	2	44
2154.582	2154.612	48	D	2	44
2154.612	2154.703311	69	Z	2	44
2154.703311	2154.749391	61	R	2	44
2154.749391	2154.860953	31	IY0	2	44
2154.860953	2154.909458	60	P	2	44
2154.909458	2155.012	25	EY1	2	44
2155.012	2155.06115	58	N	2	44
2155.06115	2155.112	64	T	2	44
2155.112	2155.166649	27	IH0	2	44
2155.166649	2155.232	59	NG	2	44
2155.232	2155.392	10	AO1	2	44
2155.392	2155.520484	50	F	2	44
2155.520484	2155.548374	64	T	2	44
2155.548374	2155.632	6	AH0	2	44
2155.632	2155.775542	58	N	2	44
2172.422355	2172.472	52	HH	2	45
2172.472	2172.522	19	EH1	2	45
2172.522	2172.552	56	L	2	45
2172.552	2172.641773	60	P	2	45
2172.641773	2172.673301	51	G	2	45
2172.673301	2172.707255	61	R	2	45
2172.707255	2172.802	19	EH1	2	45
2172.802	2172.912	51	G	2	45
2172.912	2172.982	64	T	2	45
2172.982	2173.062229	27	IH0	2	45
2173.062229	2173.115585	60	P	2	45
2173.115585	2173.185917	28	IH1	2	45
2173.185917	2173.225934	54	K	2	45
2173.225934	2173.326582	6	AH0	2	45
2173.326582	2173.381151	60	P	2	45
2173.381151	2173.49635	19	EH1	2	45
2173.49635	2173.521816	54	K	2	45
2173.521816	2173.544856	6	AH0	2	45
2173.544856	2173.626329	66	V	2	45
2173.626329	2173.665133	60	P	2	45
2173.665133	2173.734253	6	AH0	2	45
2173.734253	2173.791246	64	T	2	45
2173.791246	2173.932	25	EY1	2	45
2173.932	2173.970695	64	T	2	45
2173.970695	2174.142909	34	OW0	2	45
2174.142909	2174.324697	69	Z	2	45
2182.486298	2182.506913	67	W	2	46
2182.506913	2182.563907	32	IY1	2	46
2182.563907	2182.599073	56	L	2	46
2182.599073	2182.682744	16	AY1	2	46
2182.682744	2182.767628	54	K	2	46
2182.767628	2182.841566	46	B	2	46
2182.841566	2182.871882	56	L	2	46
2182.871882	2182.984689	44	UW1	2	46
2182.984689	2183.093825	47	CH	2	46
2183.093825	2183.215088	32	IY1	2	46
2183.215088	2183.35572	69	Z	2	46
2183.35572	2183.392	46	B	2	46
2183.392	2183.472	7	AH1	2	46
2183.472	2183.631027	64	T	2	46
2183.631027	2183.675895	66	V	2	46
2183.675895	2183.742	28	IH1	2	46
2183.742	2183.829899	54	K	2	46
2183.829899	2183.877191	64	T	2	46
2183.877191	2183.968138	21	ER0	2	46
2183.968138	2184.051719	56	L	2	46
2184.051719	2184.122	16	AY1	2	46
2184.122	2184.152367	54	K	2	46
2184.152367	2184.30152	62	S	2	46
2184.30152	2184.329411	46	B	2	46
2184.329411	2184.41672	61	R	2	46
2184.41672	2184.622	32	IY1	2	46
2193.423948	2193.477304	54	K	2	47
2193.477304	2193.542	13	AW1	2	47
2193.542	2193.572	58	N	2	47
2193.572	2193.602	64	T	2	47
2193.602	2193.632	49	DH	2	47
2193.632	2193.682	7	AH1	2	47
2193.682	2193.740444	58	N	2	47
2193.740444	2193.822903	7	AH1	2	47
2193.822903	2193.862	57	M	2	47
2193.862	2193.898086	46	B	2	47
2193.898086	2194.004855	21	ER0	2	47
2194.004855	2194.032959	6	AH0	2	47
2194.032959	2194.092998	66	V	2	47
2194.092998	2194.147931	64	T	2	47
2194.147931	2194.222202	33	IY2	2	47
2194.222202	2194.279763	62	S	2	47
2194.279763	2194.348464	60	P	2	47
2194.348464	2194.504434	1	AA1	2	47
2194.504434	2194.613771	58	N	2	47
2194.613771	2194.914783	74	sp	2	47
2194.914783	2194.988541	64	T	2	47
2194.988541	2195.062	32	IY1	2	47
2195.062	2195.184444	62	S	2	47
2195.184444	2195.232	60	P	2	47
2195.232	2195.363137	45	UW2	2	47
2195.363137	2195.432	58	N	2	47
2195.432	2195.500233	69	Z	2	47
2195.500233	2195.533031	7	AH1	2	47
2195.533031	2195.572	66	V	2	47
2195.572	2195.698153	62	S	2	47
2195.698153	2195.831607	38	OY1	2	47
2195.831607	2195.965061	62	S	2	47
2195.965061	2196.146016	11	AO2	2	47
2196.146016	2196.25874	62	S	2	47
2196.25874	2196.282	49	DH	2	47
2196.282	2196.312	6	AH0	2	47
2196.312	2196.335646	64	T	2	47
2196.335646	2196.432	68	Y	2	47
2196.432	2196.513208	44	UW1	2	47
2196.513208	2196.782	4	AE1	2	47
2196.782	2196.922	48	D	2	47
2205.106543	2205.134818	46	B	2	48
2205.134818	2205.235474	4	AE1	2	48
2205.235474	2205.344047	51	G	2	48
2205.344047	2205.41869	60	P	2	48
2205.41869	2205.600558	17	AY2	2	48
2205.600558	2205.622413	60	P	2	48
2205.622413	2205.724052	62	S	2	48
2205.724052	2205.852	4	AE1	2	48
2205.852	2205.979638	58	N	2	48
2205.979638	2206.002	46	B	2	48
2206.002	2206.142	1	AA1	2	48
2206.142	2206.220044	59	NG	2	48
2206.220044	2206.238064	51	G	2	48
2206.238064	2206.366995	36	OW2	2	48
2206.366995	2206.450686	69	Z	2	48
2206.450686	2206.545687	21	ER0	2	48
2206.545687	2206.626471	57	M	2	48
2206.626471	2206.662	68	Y	2	48
2206.662	2206.710163	44	UW1	2	48
2206.710163	2206.802	69	Z	2	48
2206.802	2206.832	27	IH0	2	48
2206.832	2206.871891	54	K	2	48
2206.871891	2206.926178	6	AH0	2	48
2206.926178	2206.978202	56	L	2	48
2206.978202	2207.052	28	IH1	2	48
2207.052	2207.102	58	N	2	48
2207.102	2207.212	62	S	2	48
2207.212	2207.251907	64	T	2	48
2207.251907	2207.278411	61	R	2	48
2207.278411	2207.302	6	AH0	2	48
2207.302	2207.344672	57	M	2	48
2207.344672	2207.443326	6	AH0	2	48
2207.443326	2207.54198	58	N	2	48
2207.54198	2207.562	64	T	2	48
2207.562	2207.761375	62	S	2	48
2219.669886	2219.742227	52	HH	2	49
2219.742227	2219.880978	13	AW1	2	49
2219.880978	2219.909151	51	G	2	49
2219.909151	2219.963265	6	AH0	2	49
2219.963265	2219.986591	48	D	2	49
2219.986591	2220.066852	6	AH0	2	49
2220.066852	2220.166016	69	Z	2	49
2220.166016	2220.221381	68	Y	2	49
2220.221381	2220.273571	41	UH1	2	49
2220.273571	2220.317198	61	R	2	49
2220.317198	2220.341441	19	EH1	2	49
2220.341441	2220.40503	58	N	2	49
2220.40503	2220.424586	48	D	2	49
2220.424586	2220.557478	21	ER0	2	49
2220.557478	2220.608585	6	AH0	2	49
2220.608585	2220.700122	58	N	2	49
2220.700122	2220.917461	62	S	2	49
