8.911569905285392	9.006535043004959	19	AN
9.006535043004959	9.383103805468295	9	ADULT
9.383103805468295	9.702830226147283	255	MALE
9.702830226147283	10.327973132182803	42	BABOON'S
10.327973132182803	10.628355759661652	430	TEETH
10.628355759661652	10.74200489067536	30	ARE
10.74200489067536	11.002	285	NOT
11.002	11.562	415	SUITABLE
11.562	11.71040532097446	161	FOR
11.71040532097446	12.022516367340467	135	EATING
12.022516367340467	12.862	376	SHELLFISH
12.862	22.81953894676684	99999	sp
22.81953894676684	22.982	204	HER
22.982	23.587600282551634	470	WARDROBE
23.587600282551634	24.322	102	CONSISTS
24.322	24.515687975873657	99999	sp
24.515687975873657	24.809140209685175	294	OF
24.809140209685175	25.143302579979217	298	ONLY
25.143302579979217	25.682	385	SKIRTS
25.682	25.92859785784458	20	AND
25.92859785784458	26.702	54	BLOUSES
26.702	37.15486358776184	99999	sp
37.15486358776184	37.28208276426972	434	THE
37.28208276426972	37.492	453	TWO
37.492	37.98851992897768	33	ARTISTS
37.98851992897768	38.81900023485019	147	EXCHANGED
38.81900023485019	39.802	39	AUTOGRAPHS
39.802	49.122	99999	sp
49.122	49.912	99999	sp
49.912	50.020994971354504	99999	sp
50.020994971354504	50.572	71	BUTTERSCOTCH
50.572	51.026063598671904	169	FUDGE
51.026063598671904	51.35880109849202	186	GOES
51.35880109849202	51.712	481	WELL
51.712	51.882	487	WITH
51.882	52.2383823575433	463	VANILLA
52.2383823575433	52.55375990099028	212	ICE
52.55375990099028	53.042	112	CREAM
53.042	64.21340118260012	99999	sp
64.21340118260012	64.5407785301471	366	RICH
64.5407785301471	64.64764263841371	99999	sp
64.64764263841371	65.212	349	PURCHASED
65.212	65.61508670285436	374	SEVERAL
65.61508670285436	66.13101981684585	382	SIGNED
66.13101981684585	67.162	245	LITHOGRAPHS
67.162	77.83883012420752	99999	sp
77.83883012420752	78.07070696910347	24	ANY
78.07070696910347	78.92177606039292	105	CONTRIBUTIONS
78.92177606039292	79.09479414044364	485	WILL
79.09479414044364	79.26950847618113	47	BE
79.26950847618113	79.63873324954436	195	GREATLY
79.63873324954436	80.632	28	APPRECIATED
80.632	90.45062435203634	99999	sp
90.45062435203634	90.63113217071779	434	THE
90.63113217071779	91.2570505191366	111	CRANBERRY
91.2570505191366	91.59244064050193	57	BOG
91.59244064050193	91.812	178	GETS
91.812	92.20471783831658	465	VERY
92.20471783831658	92.59303437629472	340	PRETTY
92.59303437629472	92.76872571026026	217	IN
92.76872571026026	93.302	40	AUTUMN
93.302	103.28054638366578	99999	sp
103.28054638366578	103.63700594871692	210	HOW
103.63700594871692	103.79354933314298	128	DO
103.79354933314298	104.332	318	OYSTERS
104.332	104.6179295969141	253	MAKE
104.6179295969141	105.21727766335745	320	PEARLS
105.21727766335745	113.80384892165486	99999	sp
113.80384892165486	114.03887205823567	257	MAY
114.03887205823567	114.09484849589914	211	I
114.09484849589914	114.44258091168737	304	ORDER
114.44258091168737	114.62626438710178	1	A
114.62626438710178	115.21695876560385	319	PARFAIT
115.21695876560385	115.67873771191127	10	AFTER
115.67873771191127	115.88342568365749	211	I
115.88342568365749	116.15652284922776	134	EAT
116.15652284922776	116.572	124	DINNER
116.572	125.95434101078052	99999	sp
125.95434101078052	126.05247181202809	224	IS
126.05247181202809	126.33744276740576	375	SHE
126.33744276740576	126.66142760357918	187	GOING
126.66142760357918	126.9548798373907	487	WITH
126.9548798373907	127.222	495	YOU
127.222	135.23644253437212	99999	sp
135.23644253437212	135.452	76	CAN
135.452	135.55873111485877	434	THE
135.55873111485877	136.1171610827572	11	AGENCY
136.1171610827572	137.01810868509085	315	OVERTHROW
137.01810868509085	137.44217260678383	13	ALIEN
137.44217260678383	138.312	162	FORCES
138.312	147.83571822220648	99999	sp
147.83571822220648	147.922	1	A
147.922	148.73193968694034	371	SCREWDRIVER
148.73193968694034	148.90665402267783	224	IS
148.90665402267783	149.172	252	MADE
149.172	149.39140510621675	166	FROM
149.39140510621675	149.91233652553092	469	VODKA
149.91233652553092	150.09213962832874	20	AND
150.09213962832874	150.42799825430959	303	ORANGE
150.42799825430959	151.012	230	JUICE
151.012	165.57922288716827	99999	sp
165.57922288716827	165.74422841487876	210	HOW
165.74422841487876	166.04126165093106	269	MUCH
166.04126165093106	166.80158583389925	16	ALLOWANCE
166.80158583389925	166.9503613097038	128	DO
166.9503613097038	167.18625895808415	495	YOU
167.18625895808415	167.532	177	GET
167.532	178.24064269855148	99999	sp
178.24064269855148	178.89311167918453	115	CYCLICAL
178.89311167918453	179.512	346	PROGRAMS
179.512	179.612	485	WILL
179.612	180.0039793049882	281	NEVER
180.0039793049882	180.662	100	COMPILE
180.662	189.81035865752503	99999	sp
189.81035865752503	189.90368145598424	434	THE
189.90368145598424	190.44295746766	61	BOSTON
190.44295746766	190.89355816008973	45	BALLET
190.89355816008973	191.562	312	OVERCAME
191.562	191.75792485494875	435	THEIR
191.75792485494875	192.132	170	FUNDING
192.132	192.88205521077558	380	SHORTAGE
192.88205521077558	203.24948456576334	99999	sp
203.24948456576334	203.5727330995568	145	EVERY
203.5727330995568	203.97838407603314	74	CAB
203.97838407603314	204.272	280	NEEDS
204.272	204.9235558867174	364	REPAINTING
204.9235558867174	205.562	296	OFTEN
205.562	216.31156273070494	99999	sp
216.31156273070494	216.609113682314	203	HELP
216.609113682314	217.1669252713951	196	GREG
217.1669252713951	217.33805737277117	446	TO
217.33805737277117	217.51794044806212	325	PICK
217.51794044806212	217.70729105363154	1	A
217.70729105363154	217.9230456384891	321	PECK
217.9230456384891	218.0944593576779	294	OF
218.0944593576779	218.982	338	POTATOES
218.982	228.9008374801233	99999	sp
228.9008374801233	229.012	476	WE
229.012	229.31025002336523	241	LIKE
229.31025002336523	229.51727924717386	55	BLUE
229.51727924717386	229.9540097526441	88	CHEESE
229.9540097526441	230.1326125742894	70	BUT
230.1326125742894	230.48836539208213	466	VICTOR
230.48836539208213	230.87382912484844	242	LIKES
230.87382912484844	231.242	64	BRIE
231.242	241.0540615669661	99999	sp
241.0540615669661	241.29345483257887	108	COUNT
241.29345483257887	241.382	434	THE
241.382	241.8180666002675	289	NUMBER
241.8180666002675	242.09383642975527	294	OF
242.09383642975527	242.183101715238	99999	sp
242.183101715238	242.77856487185554	429	TEASPOONS
242.77856487185554	242.91570191660585	294	OF
242.91570191660585	243.62222660744774	395	SOYSAUCE
243.62222660744774	243.88055493361742	433	THAT
243.88055493361742	243.9833452623551	495	YOU
243.9833452623551	244.452	7	ADD
244.452	254.8089831999611	99999	sp
254.8089831999611	255.40147047955676	44	BAGPIPES
255.40147047955676	255.6122704481331	20	AND
255.6122704481331	256.1096219927814	59	BONGOS
256.1096219927814	256.23650524643983	30	ARE
256.23650524643983	256.7540390283148	273	MUSICAL
256.7540390283148	257.71808612228676	220	INSTRUMENTS
257.71808612228676	269.5816938034827	99999	sp
269.5816938034827	269.87298916047314	210	HOW
269.87298916047314	270.03025291148634	189	GOOD
270.03025291148634	270.25542600952804	224	IS
270.25542600952804	270.4222719029665	496	YOUR
270.4222719029665	271.2849044409574	138	ENDURANCE
271.2849044409574	303.802	99999	{NS}
303.802	304.3550761011934	99999	sp
304.3550761011934	304.462	30	ARE
304.462	304.6910486601762	496	YOUR
304.6910486601762	305.032	192	GRADES
305.032	305.402	206	HIGHER
305.402	305.59605720433177	302	OR
305.59605720433177	305.9365832611321	251	LOWER
305.9365832611321	306.112	432	THAN
306.112	306.9648033911885	275	NANCY'S
306.9648033911885	315.4654893501934	99999	sp
315.4654893501934	315.6888753601554	375	SHE
315.6888753601554	316.12849902776054	490	WORE
316.12849902776054	316.4859166436997	471	WARM
316.4859166436997	317.0257702617681	158	FLEECY
317.0257702617681	317.34149589404524	489	WOOLEN
317.34149589404524	318.212	311	OVERALLS
318.212	328.69105559471143	99999	sp
328.69105559471143	329.06318854010425	354	READING
329.06318854010425	329.2714193635387	217	IN
329.2714193635387	329.48691896259777	335	POOR
329.48691896259777	329.8320615720162	240	LIGHT
329.8320615720162	330.08721022436265	181	GIVES
330.08721022436265	330.202	495	YOU
330.202	331.002	150	EYESTRAIN
331.002	340.45628505671	99999	sp
340.45628505671	340.7279224448238	142	EVEN
340.7279224448238	340.9535141676816	211	I
340.9535141676816	341.6165815894464	293	OCCASIONALLY
341.6165815894464	341.8328192470896	177	GET
341.8328192470896	341.9088469994769	434	THE
341.9088469994769	342.38004929468764	265	MONDAY
342.38004929468764	343.052	56	BLUES
343.052	354.09063847717977	99999	sp
354.09063847717977	354.1837199152022	476	WE
354.1837199152022	354.27664849534636	30	ARE
354.27664849534636	354.56436967617736	301	OPEN
354.56436967617736	354.902	145	EVERY
354.902	355.29525117116793	265	MONDAY
355.29525117116793	355.8492754950184	143	EVENING
355.8492754950184	369.55480233758095	99999	sp
369.55480233758095	369.752	226	IT'S
369.752	370.032	285	NOT
370.032	370.4354758802526	133	EASY
370.4354758802526	370.5820171027877	446	TO
370.5820171027877	370.9108990536493	113	CREATE
370.9108990536493	371.59297774226417	215	ILLUMINATING
371.59297774226417	372.552	146	EXAMPLES
372.552	381.32506971280554	99999	sp
381.32506971280554	381.682	270	MUM
381.682	382.2996418886615	407	STRONGLY
382.2996418886615	382.7419274235836	126	DISLIKES
382.7419274235836	383.822	27	APPETIZERS
383.822	395.9630649272977	99999	sp
395.9630649272977	396.2239797869333	443	THOSE
396.2239797869333	396.35086304059166	484	WHO
396.35086304059166	396.63753910917256	427	TEACH
396.63753910917256	397.192	462	VALUES
397.192	397.4980609989411	156	FIRST
397.4980609989411	397.99844566125597	4	ABOLISH
397.99844566125597	398.612	87	CHEATING
398.612	416.365793461234	99999	sp
416.365793461234	416.44621242482026	434	THE
416.44621242482026	416.85207196651675	165	FRIGHTENED
416.85207196651675	417.22378628709345	89	CHILD
417.22378628709345	417.45478719847625	472	WAS
417.45478719847625	417.7471473904284	176	GENTLY
417.7471473904284	418.24001291700625	410	SUBDUED
418.24001291700625	418.382	73	BY
418.382	418.61754786812	208	HIS
418.61754786812	418.8255888493175	52	BIG
418.8255888493175	419.282	66	BROTHER
419.282	429.56433607987265	99999	sp
429.56433607987265	429.872	142	EVEN
429.872	429.952	1	A
429.952	430.36866796120967	383	SIMPLE
430.36866796120967	431.232	468	VOCABULARY
431.232	431.752	104	CONTAINS
431.752	432.492	422	SYMBOLS
432.492	443.15501466539916	99999	sp
443.15501466539916	443.2716460425401	1	A
443.2716460425401	443.59332189688536	110	CRAB
443.59332189688536	444.19486706948425	85	CHALLENGED
444.19486706948425	444.473825106544	258	ME
444.473825106544	444.57568912708666	70	BUT
444.57568912708666	444.70643258466487	1	A
444.70643258466487	444.90833332646486	350	QUICK
444.90833332646486	445.3297652375081	402	STAB
445.3297652375081	445.862	464	VANQUISHED
445.862	446.1380637242709	207	HIM
446.1380637242709	456.2297957771306	99999	sp
456.2297957771306	456.66626389339245	183	GLUCOSE
456.66626389339245	456.7824246185727	20	AND
456.7824246185727	457.40805846446676	167	FRUCTOSE
457.40805846446676	457.562	30	ARE
457.562	457.92796829225034	276	NATURAL
457.92796829225034	458.482	414	SUGARS
458.482	458.71938270474004	163	FOUND
458.71938270474004	458.8534143107172	217	IN
458.8534143107172	459.25554470399675	168	FRUIT
459.25554470399675	470.00501907680905	99999	sp
470.00501907680905	470.152	30	ARE
470.152	470.2860173126817	495	YOU
470.2860173126817	470.65594454517867	250	LOOKING
470.65594454517867	470.872	161	FOR
470.872	471.49281566509524	136	EMPLOYMENT
471.49281566509524	484.37060418029716	99999	sp
484.37060418029716	484.87456301877137	98	COFFEE
484.87456301877137	485.07156133235407	224	IS
485.07156133235407	485.32890201583024	198	GROWN
485.32890201583024	485.502	297	ON
485.502	485.95333773147354	404	STEEP
485.95333773147354	486.332	231	JUNGLE
486.332	486.52824887950436	241	LIKE
486.52824887950436	487.03642859616474	390	SLOPES
487.03642859616474	487.23300828493126	217	IN
487.23300828493126	487.63331601478313	431	TEMPERATE
487.63331601478313	488.302	497	ZONES
488.302	500.19853444905107	99999	sp
500.19853444905107	500.312	476	WE
500.312	500.7082731765805	480	WELCOME
500.7082731765805	500.952	256	MANY
500.952	501.122	282	NEW
501.122	501.75661033546146	408	STUDENTS
501.75661033546146	502.0153390090627	132	EACH
502.0153390090627	502.39293190452815	491	YEAR
502.39293190452815	512.8203507440408	99999	sp
512.8203507440408	513.1099267377897	298	ONLY
513.1099267377897	513.2760582043632	434	THE
513.2760582043632	513.57736839835	51	BEST
513.57736839835	514.0068191430488	330	PLAYERS
514.0068191430488	514.3979886377938	139	ENJOY
514.3979886377938	515.352	336	POPULARITY
515.352	528.5891743027574	99999	sp
528.5891743027574	529.068113908116	75	CALCIUM
529.068113908116	529.3502120991624	254	MAKES
529.3502120991624	529.842	58	BONES
529.842	529.9673050336114	20	AND
529.9673050336114	530.2282776374446	430	TEETH
530.2282776374446	530.922	406	STRONG
530.922	541.5512215645211	99999	sp
541.5512215645211	541.987271055967	286	NOTHING
541.987271055967	542.2524097839803	224	IS
542.2524097839803	542.5013634650904	34	AS
542.5013634650904	543.002	295	OFFENSIVE
543.002	543.256028533341	34	AS
543.256028533341	544.102	219	INNOCENCE
544.102	554.4399029412149	99999	sp
554.4399029412149	554.8956104015373	405	STEVE
554.8956104015373	555.1726090538901	490	WORE
555.1726090538901	555.3395325726098	1	A
555.3395325726098	555.5585156421919	65	BRIGHT
555.5585156421919	555.8815154696329	356	RED
555.8815154696329	556.362	78	CASHMERE
556.362	556.932	420	SWEATER
556.932	565.7856603885103	99999	sp
565.7856603885103	566.1377167402104	46	BARB'S
566.1377167402104	566.4155901718007	188	GOLD
566.4155901718007	566.871260102518	63	BRACELET
566.871260102518	567.0474975907762	472	WAS
567.0474975907762	567.1154069378047	1	A
567.1154069378047	567.820945848666	193	GRADUATION
567.820945848666	568.2665278242791	339	PRESENT
568.2665278242791	578.8041149633893	99999	sp
578.8041149633893	579.1829776362848	130	DRAW
579.1829776362848	579.512	145	EVERY
579.512	579.852	308	OUTER
579.852	580.2043810991001	244	LINE
580.2043810991001	580.667022932855	156	FIRST
580.667022932855	581.042	436	THEN
581.042	581.3358124994776	154	FILL
581.3358124994776	581.4609086650562	217	IN
581.4609086650562	581.5645597736786	434	THE
581.5645597736786	582.342	222	INTERIOR
582.342	595.3792010674574	99999	sp
595.3792010674574	595.4560458548843	434	THE
595.4560458548843	595.8134634708234	475	WATER
595.8134634708234	596.2986015900533	103	CONTAINED
596.2986015900533	596.452	448	TOO
596.452	596.7507348742163	269	MUCH
596.7507348742163	597.2737627237382	90	CHLORINE
597.2737627237382	597.512	20	AND
597.512	597.8247950247058	409	STUNG
597.8247950247058	598.0023456696994	208	HIS
598.0023456696994	598.652	149	EYES
598.652	600.0	99999	sp
600.0	609.4266368726604	99999	sp
609.4266368726604	609.769891293919	229	JOHN'S
609.769891293919	610.132	66	BROTHER
610.132	610.732	363	REPAINTED
610.732	610.8454851179938	434	THE
610.8454851179938	611.2724936804682	173	GARAGE
611.2724936804682	611.632	129	DOOR
611.632	622.7289112682322	99999	sp
622.7289112682322	623.2460905357771	84	CHALLENGE
623.2460905357771	623.5267659112595	132	EACH
623.5267659112595	624.0813185495983	175	GENERAL'S
624.0813185495983	625.0052629531597	221	INTELLIGENCE
625.0052629531597	640.0608727086047	99999	sp
640.0608727086047	640.8610765536845	17	AMBIDEXTROUS
640.8610765536845	641.4281804063601	327	PICKPOCKETS
641.4281804063601	641.962	6	ACCOMPLISH
641.962	642.3219435513334	267	MORE
642.3219435513334	643.042	99999	sp
643.042	651.8038942313475	99999	sp
651.8038942313475	651.8420700233272	1	A
651.8420700233272	652.3388685219938	271	MUSCULAR
652.3388685219938	652.9299520448411	2	ABDOMEN
652.9299520448411	653.1300235448139	224	IS
653.1300235448139	653.2868019379753	189	GOOD
653.2868019379753	653.402	161	FOR
653.402	653.5921955443478	496	YOUR
653.5921955443478	654.0357372588242	43	BACK
654.0357372588242	664.782234179018	99999	sp
664.782234179018	664.9498325633301	438	THEY
664.9498325633301	665.162	317	OWN
665.162	665.3260808699181	1	A
665.3260808699181	665.512	52	BIG
665.512	665.9703040328269	209	HOUSE
665.9703040328269	666.1883816798218	217	IN
666.1883816798218	666.242	434	THE
666.242	666.6731063570552	361	REMOTE
666.6731063570552	667.5265622919994	109	COUNTRYSIDE
667.5265622919994	678.7912177756339	99999	sp
678.7912177756339	678.842	434	THE
678.842	679.1888018094879	369	ROSE
679.1888018094879	679.8619067123875	106	CORSAGE
679.8619067123875	680.2798221895581	393	SMELLED
680.2798221895581	680.742535637276	421	SWEET
680.742535637276	693.3362061468088	99999	sp
693.3362061468088	693.5997095762731	433	THAT
693.5997095762731	694.1836441575102	326	PICKPOCKET
694.1836441575102	694.3962862134077	472	WAS
694.3962862134077	694.592	80	CAUGHT
694.592	694.852	356	RED
694.852	695.432	199	HANDED
695.432	706.5422031219067	99999	sp
706.5422031219067	706.642	19	AN
706.642	706.9563975879736	9	ADULT
706.9563975879736	707.2809452950288	255	MALE
707.2809452950288	707.8562584809195	42	BABOON'S
707.8562584809195	708.122	430	TEETH
708.122	708.202	30	ARE
708.202	708.4323884903462	285	NOT
708.4323884903462	708.8980428104323	415	SUITABLE
708.8980428104323	709.0791101787286	161	FOR
709.0791101787286	709.4041028910551	135	EATING
709.4041028910551	710.2252472872373	376	SHELLFISH
710.2252472872373	719.7739135945387	99999	sp
719.7739135945387	719.892	204	HER
719.892	720.4829075790177	470	WARDROBE
720.4829075790177	720.9664629341814	102	CONSISTS
720.9664629341814	721.0918172660788	294	OF
721.0918172660788	721.4121051474748	298	ONLY
721.4121051474748	721.8462025560823	385	SKIRTS
721.8462025560823	721.9901595443299	20	AND
721.9901595443299	722.7789522909146	54	BLOUSES
722.7789522909146	733.062	99999	sp
733.062	733.862	99999	sp
733.862	733.9905601336142	99999	sp
733.9905601336142	734.0676059832774	434	THE
734.0676059832774	734.362	453	TWO
734.362	734.7465775754397	33	ARTISTS
734.7465775754397	735.4191849135069	147	EXCHANGED
735.4191849135069	736.365263031984	39	AUTOGRAPHS
736.365263031984	749.7063448532226	99999	sp
749.7063448532226	750.2519080018433	71	BUTTERSCOTCH
750.2519080018433	750.6722042415242	169	FUDGE
750.6722042415242	750.9429204495216	186	GOES
750.9429204495216	751.202	481	WELL
751.202	751.342	487	WITH
751.342	751.7330435818764	463	VANILLA
751.7330435818764	752.0324705062604	212	ICE
752.0324705062604	752.452	112	CREAM
752.452	762.6474509344647	99999	sp
762.6474509344647	762.9562067638753	366	RICH
762.9562067638753	763.3820000000001	349	PURCHASED
763.3820000000001	763.772878918732	374	SEVERAL
763.772878918732	764.252	382	SIGNED
764.252	765.051676219259	245	LITHOGRAPHS
765.051676219259	776.2901439152723	99999	sp
776.2901439152723	776.5510487279602	24	ANY
776.5510487279602	777.5072338397581	105	CONTRIBUTIONS
777.5072338397581	777.6220000000001	485	WILL
777.6220000000001	777.7798069047901	47	BE
777.7798069047901	778.112	195	GREATLY
778.112	779.032	28	APPRECIATED
779.032	791.1683243657667	99999	sp
791.1683243657667	791.291885223962	434	THE
791.291885223962	791.8714471017732	111	CRANBERRY
791.8714471017732	792.1816691263624	57	BOG
792.1816691263624	792.366674449121	178	GETS
792.366674449121	792.7542107380498	465	VERY
792.7542107380498	793.1096355143545	340	PRETTY
793.1096355143545	793.283571183968	217	IN
793.283571183968	793.8255746634001	40	AUTUMN
793.8255746634001	797.582	99999	sp
797.582	799.482	99999	sp
799.482	803.982	99999	sp
803.982	806.0574161080974	99999	sp
806.0574161080974	806.3599438854754	210	HOW
806.3599438854754	806.5188017527162	128	DO
806.5188017527162	807.0587845257079	318	OYSTERS
807.0587845257079	807.376046487792	253	MAKE
807.376046487792	808.0330154733583	320	PEARLS
808.0330154733583	819.4414743630047	99999	sp
819.4414743630047	819.7374055979564	257	MAY
819.7374055979564	819.848653094308	211	I
819.848653094308	820.1142568409408	304	ORDER
820.1142568409408	820.315561834339	1	A
820.315561834339	820.8828030719701	319	PARFAIT
820.8828030719701	821.2719999999999	10	AFTER
821.2719999999999	821.367933062294	211	I
821.367933062294	821.6583349210729	134	EAT
821.6583349210729	822.0784467945587	124	DINNER
822.0784467945587	833.9357602768116	99999	sp
833.9357602768116	834.052	224	IS
834.052	834.3926906681879	375	SHE
834.3926906681879	834.752	187	GOING
834.752	835.0084327492028	487	WITH
835.0084327492028	835.292	495	YOU
835.292	847.3701374691443	99999	sp
847.3701374691443	847.552	76	CAN
847.552	847.6220000000001	434	THE
847.6220000000001	848.232	11	AGENCY
848.232	848.8844311790565	315	OVERTHROW
848.8844311790565	849.3415072942043	13	ALIEN
849.3415072942043	850.1320000000001	162	FORCES
850.1320000000001	861.262	99999	sp
861.262	863.300374650159	99999	sp
863.300374650159	864.0620946282955	371	SCREWDRIVER
864.0620946282955	864.2408852474321	224	IS
864.2408852474321	864.512	252	MADE
864.512	864.762	166	FROM
864.762	865.1557171006677	303	ORANGE
865.1557171006677	865.5328083429765	230	JUICE
865.5328083429765	865.6798583417162	20	AND
865.6798583417162	866.2819999999999	469	VODKA
866.2819999999999	876.3765093386303	99999	sp
876.3765093386303	876.5276600102238	210	HOW
876.5276600102238	876.7430162768304	269	MUCH
876.7430162768304	877.302	16	ALLOWANCE
877.302	877.422	128	DO
877.422	877.6480259030393	495	YOU
877.6480259030393	877.9284045863335	177	GET
877.9284045863335	888.6981725866499	99999	sp
888.6981725866499	889.3295276042795	115	CYCLICAL
889.3295276042795	889.922	346	PROGRAMS
889.922	890.0088480419673	485	WILL
890.0088480419673	890.3954192286092	281	NEVER
890.3954192286092	891.0419999999999	100	COMPILE
891.0419999999999	900.6086157326341	99999	sp
900.6086157326341	900.7266758140483	434	THE
900.7266758140483	901.1895541271192	61	BOSTON
901.1895541271192	901.6101112861281	45	BALLET
901.6101112861281	902.352	312	OVERCAME
902.352	902.4775225837459	435	THEIR
902.4775225837459	902.912	170	FUNDING
902.912	903.6623434992628	380	SHORTAGE
903.6623434992628	914.492	99999	sp
914.492	915.102	99999	sp
915.102	915.2042164295357	99999	sp
915.2042164295357	915.610945680033	145	EVERY
915.610945680033	915.952	74	CAB
915.952	916.3339268610487	280	NEEDS
916.3339268610487	916.9375276909608	364	REPAINTING
916.9375276909608	917.652	296	OFTEN
917.652	930.0506179138094	99999	sp
930.0506179138094	930.3040246006028	203	HELP
930.3040246006028	930.8176186326064	196	GREG
930.8176186326064	931.010615649509	446	TO
931.010615649509	931.202	325	PICK
931.202	931.3697402989907	1	A
931.3697402989907	931.5483821658758	321	PECK
931.5483821658758	931.6839153851167	294	OF
931.6839153851167	932.5536380996454	338	POTATOES
932.5536380996454	943.3139960598888	99999	sp
943.3139960598888	943.452	476	WE
943.452	943.7940960771425	241	LIKE
943.7940960771425	944.0219999999999	55	BLUE
944.0219999999999	944.4546804793192	88	CHEESE
944.4546804793192	944.6652783578004	70	BUT
944.6652783578004	945.012	466	VICTOR
945.012	945.4185647657882	242	LIKES
945.4185647657882	945.8220999600833	64	BRIE
945.8220999600833	957.0590356100174	99999	sp
957.0590356100174	957.2593064516706	108	COUNT
957.2593064516706	957.3545352215333	434	THE
957.3545352215333	957.732	289	NUMBER
957.732	957.872041061797	294	OF
957.872041061797	958.452	429	TEASPOONS
958.452	958.5219999999999	294	OF
958.5219999999999	959.2482606364742	395	SOYSAUCE
959.2482606364742	959.3441660699943	433	THAT
959.3441660699943	959.5186157095177	495	YOU
959.5186157095177	959.942791058628	7	ADD
959.942791058628	964.1120000000001	99999	sp
964.1120000000001	967.252	99999	sp
967.252	968.2819999999999	99999	sp
968.2819999999999	972.2090600139678	99999	sp
972.2090600139678	972.8023929596061	44	BAGPIPES
972.8023929596061	972.9467196133296	20	AND
972.9467196133296	973.4254954803737	59	BONGOS
973.4254954803737	973.5331567003484	30	ARE
973.5331567003484	974.036780145701	273	MUSICAL
974.036780145701	974.8452091927186	220	INSTRUMENTS
974.8452091927186	983.9364834197681	99999	sp
983.9364834197681	984.2147218160326	210	HOW
984.2147218160326	984.392	189	GOOD
984.392	984.550186549418	224	IS
984.550186549418	984.652	496	YOUR
984.652	985.3541819435164	138	ENDURANCE
985.3541819435164	991.892	99999	sp
991.892	1021.0419999999999	99999	{NS}
1021.0419999999999	1021.1087458239247	99999	sp
1021.1087458239247	1021.1683062190548	30	ARE
1021.1683062190548	1021.4105306306153	496	YOUR
1021.4105306306153	1021.7919999999999	192	GRADES
1021.7919999999999	1022.1670761991163	206	HIGHER
1022.1670761991163	1022.3047068428523	302	OR
1022.3047068428523	1022.7819999999999	251	LOWER
1022.7819999999999	1022.9494219535491	432	THAN
1022.9494219535491	1023.8318549908017	275	NANCY'S
1023.8318549908017	1032.5006338946866	99999	sp
1032.5006338946866	1032.652	375	SHE
1032.652	1033.0006338282592	490	WORE
1033.0006338282592	1033.5361664894199	471	WARM
1033.5361664894199	1034.050266913311	158	FLEECY
1034.050266913311	1034.392	489	WOOLEN
1034.392	1035.1767655671242	311	OVERALLS
1035.1767655671242	1043.2709380595884	99999	sp
1043.2709380595884	1043.5520000000001	354	READING
1043.5520000000001	1043.749685069501	217	IN
1043.749685069501	1043.9721068984998	335	POOR
1043.9721068984998	1044.3454208132648	240	LIGHT
1044.3454208132648	1044.5991098866068	181	GIVES
1044.5991098866068	1044.702	495	YOU
1044.702	1045.4254345699446	150	EYESTRAIN
1045.4254345699446	1053.3850093561068	99999	sp
1053.3850093561068	1053.6318260079129	142	EVEN
1053.6318260079129	1053.842	211	I
1053.842	1054.5114912169547	293	OCCASIONALLY
1054.5114912169547	1054.7000701433667	177	GET
1054.7000701433667	1054.762	434	THE
1054.762	1055.1831040969118	265	MONDAY
1055.1831040969118	1055.7420730313363	56	BLUES
1055.7420730313363	1064.2147876107115	99999	sp
1064.2147876107115	1064.3483113731638	476	WE
1064.3483113731638	1064.462	30	ARE
1064.462	1064.6881900412247	301	OPEN
1064.6881900412247	1064.932	145	EVERY
1064.932	1065.2736306703573	265	MONDAY
1065.2736306703573	1065.8020000000001	143	EVENING
1065.8020000000001	1074.3680471080002	99999	sp
1074.3680471080002	1074.5819999999999	226	IT'S
1074.5819999999999	1074.8020000000001	285	NOT
1074.8020000000001	1075.2064741341	133	EASY
1075.2064741341	1075.3710733048679	446	TO
1075.3710733048679	1075.6978424111967	113	CREATE
1075.6978424111967	1076.362	215	ILLUMINATING
1076.362	1077.3270234245006	146	EXAMPLES
1077.3270234245006	1086.8985615359366	99999	sp
1086.8985615359366	1087.2054080858752	270	MUM
1087.2054080858752	1087.8576224463209	407	STRONGLY
1087.8576224463209	1088.3310759202911	126	DISLIKES
1088.3310759202911	1089.4666831473455	27	APPETIZERS
1089.4666831473455	1098.712275894502	99999	sp
1098.712275894502	1099.0520000000001	443	THOSE
1099.0520000000001	1099.1718451565105	484	WHO
1099.1718451565105	1099.512	427	TEACH
1099.512	1099.992	462	VALUES
1099.992	1100.3063051805166	156	FIRST
1100.3063051805166	1100.7675763622042	4	ABOLISH
1100.7675763622042	1101.2523658885912	87	CHEATING
1101.2523658885912	1111.1882995513201	99999	sp
1111.1882995513201	1111.2611580928578	434	THE
1111.2611580928578	1111.632	165	FRIGHTENED
1111.632	1111.972	89	CHILD
1111.972	1112.176394033359	472	WAS
1112.176394033359	1112.432	176	GENTLY
1112.432	1112.8917752267935	410	SUBDUED
1112.8917752267935	1113.012	73	BY
1113.012	1113.2785812928623	208	HIS
1113.2785812928623	1113.502104674612	52	BIG
1113.502104674612	1113.962	66	BROTHER
1113.962	1123.3059735673132	99999	sp
1123.3059735673132	1123.542	142	EVEN
1123.542	1123.5904021044707	1	A
1123.5904021044707	1124.000931963521	383	SIMPLE
1124.000931963521	1124.7690496951473	468	VOCABULARY
1124.7690496951473	1125.3103165594143	104	CONTAINS
1125.3103165594143	1125.9414716277688	422	SYMBOLS
1125.9414716277688	1134.4510787944134	99999	sp
1134.4510787944134	1134.6150105128736	1	A
1134.6150105128736	1134.9372694465992	110	CRAB
1134.9372694465992	1135.469574839442	85	CHALLENGED
1135.469574839442	1135.731857224257	258	ME
1135.731857224257	1135.8356541077278	70	BUT
1135.8356541077278	1135.9617554296206	1	A
1135.9617554296206	1136.172	350	QUICK
1136.172	1136.6578323604335	402	STAB
1136.6578323604335	1137.172	464	VANQUISHED
1137.172	1137.4669213038924	207	HIM
1137.4669213038924	1148.3818089984202	99999	sp
1148.3818089984202	1148.870782930746	183	GLUCOSE
1148.870782930746	1148.9596719407753	20	AND
1148.9596719407753	1149.6698706152924	167	FRUCTOSE
1149.6698706152924	1149.772	30	ARE
1149.772	1150.162012641001	276	NATURAL
1150.162012641001	1150.6398522534964	414	SUGARS
1150.6398522534964	1150.882	163	FOUND
1150.882	1150.9854163914497	217	IN
1150.9854163914497	1151.3323120079663	168	FRUIT
1151.3323120079663	1160.427356731475	99999	sp
1160.427356731475	1160.542	30	ARE
1160.542	1160.682	495	YOU
1160.682	1161.0336101944142	250	LOOKING
1161.0336101944142	1161.142	161	FOR
1161.142	1161.7312488037537	136	EMPLOYMENT
1161.7312488037537	1169.7266518188344	99999	sp
1169.7266518188344	1170.0866752762108	98	COFFEE
1170.0866752762108	1170.2175241665784	224	IS
1170.2175241665784	1170.412	198	GROWN
1170.412	1170.5320000000002	297	ON
1170.5320000000002	1170.9187923519632	404	STEEP
1170.9187923519632	1171.222	231	JUNGLE
1171.222	1171.442	241	LIKE
1171.442	1171.8993276271058	390	SLOPES
1171.8993276271058	1172.0135582645667	217	IN
1172.0135582645667	1172.362	431	TEMPERATE
1172.362	1172.8911298312732	497	ZONES
1172.8911298312732	1182.3047071153633	99999	sp
1182.3047071153633	1182.3994172463379	476	WE
1182.3994172463379	1182.712	480	WELCOME
1182.712	1182.952	256	MANY
1182.952	1183.1019999999999	282	NEW
1183.1019999999999	1183.6206045849071	408	STUDENTS
1183.6206045849071	1183.8254274933013	132	EACH
1183.8254274933013	1184.1195237574814	491	YEAR
1184.1195237574814	1186.492	99999	sp
1186.492	1192.389495760032	99999	sp
1192.389495760032	1192.5711464663957	298	ONLY
1192.5711464663957	1192.6984567194809	434	THE
1192.6984567194809	1192.922	51	BEST
1192.922	1193.312	330	PLAYERS
1193.312	1193.6353973617447	139	ENJOY
1193.6353973617447	1194.412	336	POPULARITY
1194.412	1200.0	99999	sp
1200.0	1202.8394889864214	99999	sp
1202.8394889864214	1203.252	75	CALCIUM
1203.252	1203.532	254	MAKES
1203.532	1203.9736194416128	58	BONES
1203.9736194416128	1204.052	20	AND
1204.052	1204.272	430	TEETH
1204.272	1204.8194071551147	406	STRONG
1204.8194071551147	1214.110863379654	99999	sp
1214.110863379654	1214.5206400428235	286	NOTHING
1214.5206400428235	1214.7447720298612	224	IS
1214.7447720298612	1214.9870156926188	34	AS
1214.9870156926188	1215.7709483535928	295	OFFENSIVE
1215.7709483535928	1215.972	34	AS
1215.972	1216.752	219	INNOCENCE
1216.752	1226.1816256726054	99999	sp
1226.1816256726054	1226.5953279438424	405	STEVE
1226.5953279438424	1226.782	490	WORE
1226.782	1226.8944116676557	1	A
1226.8944116676557	1227.1502390872035	65	BRIGHT
1227.1502390872035	1227.4785132096324	356	RED
1227.4785132096324	1227.9358330215675	78	CASHMERE
1227.9358330215675	1228.522	420	SWEATER
1228.522	1236.9920602696322	99999	sp
1236.9920602696322	1237.2886389595506	46	BARB'S
1237.2886389595506	1237.5648420142836	188	GOLD
1237.5648420142836	1238.087889278773	63	BRACELET
1238.087889278773	1238.3193408410011	472	WAS
1238.3193408410011	1238.5112496987329	1	A
1238.5112496987329	1239.1701345311237	193	GRADUATION
1239.1701345311237	1239.6703267474063	339	PRESENT
1239.6703267474063	1248.4925587435193	99999	sp
1248.4925587435193	1248.9201687725772	130	DRAW
1248.9201687725772	1249.1783744043098	145	EVERY
1249.1783744043098	1249.4504653453996	308	OUTER
1249.4504653453996	1249.7425161163878	244	LINE
1249.7425161163878	1250.202	156	FIRST
1250.202	1250.3830430818982	436	THEN
1250.3830430818982	1250.8220000000001	154	FILL
1250.8220000000001	1251.0153434845922	217	IN
1251.0153434845922	1251.1405118503899	434	THE
1251.1405118503899	1251.962	222	INTERIOR
1251.962	1262.2029220825416	99999	sp
1262.2029220825416	1262.2509214656693	434	THE
1262.2509214656693	1262.522	475	WATER
1262.522	1262.9688376905124	103	CONTAINED
1262.9688376905124	1263.112	448	TOO
1263.112	1263.378614353682	269	MUCH
1263.378614353682	1263.84128112613	90	CHLORINE
1263.84128112613	1264.0382455995873	20	AND
1264.0382455995873	1264.352	409	STUNG
1264.352	1264.542	208	HIS
1264.542	1265.112	149	EYES
1265.112	1274.7854357844271	99999	sp
1274.7854357844271	1275.0982865119115	229	JOHN'S
1275.0982865119115	1275.417695109021	66	BROTHER
1275.417695109021	1276.042	363	REPAINTED
1276.042	1276.1658236098845	434	THE
1276.1658236098845	1276.5903147259908	173	GARAGE
1276.5903147259908	1276.912	129	DOOR
1276.912	1287.020444574056	99999	sp
1287.020444574056	1287.4332940962079	84	CHALLENGE
1287.4332940962079	1287.712	132	EACH
1287.712	1288.212	175	GENERAL'S
1288.212	1289.052	221	INTELLIGENCE
1289.052	1297.6068852213275	99999	sp
1297.6068852213275	1298.3385777022477	17	AMBIDEXTROUS
1298.3385777022477	1298.9280181361612	327	PICKPOCKETS
1298.9280181361612	1299.452	6	ACCOMPLISH
1299.452	1299.842	267	MORE
1299.842	1310.1815810325809	99999	sp
1310.1815810325809	1310.2496744860557	1	A
1310.2496744860557	1310.792	271	MUSCULAR
1310.792	1311.3220000000001	2	ABDOMEN
1311.3220000000001	1311.512	224	IS
1311.512	1311.6731996504727	189	GOOD
1311.6731996504727	1311.8611082860698	161	FOR
1311.8611082860698	1312.0173214891565	496	YOUR
1312.0173214891565	1312.492	43	BACK
1312.492	1320.7899032088717	99999	sp
1320.7899032088717	1320.922	438	THEY
1320.922	1321.0230910337693	317	OWN
1321.0230910337693	1321.172512358461	1	A
1321.172512358461	1321.352	52	BIG
1321.352	1321.7310736447648	209	HOUSE
1321.7310736447648	1321.9379409620333	217	IN
1321.9379409620333	1322.0193058264492	434	THE
1322.0193058264492	1322.4108303072924	361	REMOTE
1322.4108303072924	1323.239579978098	109	COUNTRYSIDE
1323.239579978098	1332.912610364374	99999	sp
1332.912610364374	1332.9781986039332	434	THE
1332.9781986039332	1333.231762064016	369	ROSE
1333.231762064016	1333.2617753403556	99999	sp
1333.2617753403556	1333.912	106	CORSAGE
1333.912	1334.292	393	SMELLED
1334.292	1334.782	421	SWEET
1334.782	1342.723536480095	99999	sp
1342.723536480095	1342.9290465591146	433	THAT
1342.9290465591146	1343.462	326	PICKPOCKET
1343.462	1343.6423671301723	472	WAS
1343.6423671301723	1343.862	80	CAUGHT
1343.862	1344.0883671447823	356	RED
1344.0883671447823	1344.632	199	HANDED
1344.632	1353.9752365188695	99999	sp
1353.9752365188695	1354.031488535984	19	AN
1354.031488535984	1354.4118337261082	9	ADULT
1354.4118337261082	1354.649048398959	255	MALE
1354.649048398959	1355.1969702305341	42	BABOON'S
1355.1969702305341	1355.446005771687	430	TEETH
1355.446005771687	1355.513924555638	30	ARE
1355.513924555638	1355.7475945293954	285	NOT
1355.7475945293954	1356.166427030425	415	SUITABLE
1356.166427030425	1356.353011285355	161	FOR
1356.353011285355	1356.6360062184833	135	EATING
1356.6360062184833	1357.362	376	SHELLFISH
1357.362	1370.3718871185997	99999	sp
1370.3718871185997	1370.4768482955737	204	HER
1370.4768482955737	1370.8866249587434	470	WARDROBE
1370.8866249587434	1371.4272059318	102	CONSISTS
1371.4272059318	1371.7011450270682	298	ONLY
1371.7011450270682	1371.772	294	OF
1371.772	1372.162	385	SKIRTS
1372.162	1372.262	20	AND
1372.262	1372.942	54	BLOUSES
1372.942	1382.9461157387282	99999	sp
1382.9461157387282	1383.0638416309096	434	THE
1383.0638416309096	1383.2472223475766	453	TWO
1383.2472223475766	1383.622582188833	33	ARTISTS
1383.622582188833	1384.2112116497397	147	EXCHANGED
1384.2112116497397	1385.032	39	AUTOGRAPHS
1385.032	1394.563549838958	99999	sp
1394.563549838958	1395.152	71	BUTTERSCOTCH
1395.152	1395.5090724706781	169	FUDGE
1395.5090724706781	1395.7490521739708	186	GOES
1395.7490521739708	1395.9731841610082	481	WELL
1395.9731841610082	1396.1588288371404	487	WITH
1396.1588288371404	1396.4901380514705	463	VANILLA
1396.4901380514705	1396.7798090476936	212	ICE
1396.7798090476936	1397.112	112	CREAM
1397.112	1407.1563800908707	99999	sp
1407.1563800908707	1407.4620664741508	366	RICH
1407.4620664741508	1407.9006667876538	349	PURCHASED
1407.9006667876538	1408.2931508166862	374	SEVERAL
1408.2931508166862	1408.721039155576	382	SIGNED
1408.721039155576	1409.622	245	LITHOGRAPHS
1409.622	1420.4948571119558	99999	sp
1420.4948571119558	1420.7590462752164	24	ANY
1420.7590462752164	1421.632	105	CONTRIBUTIONS
1421.632	1421.7664603280064	485	WILL
1421.7664603280064	1421.913617693233	47	BE
1421.913617693233	1422.2192522210114	195	GREATLY
1422.2192522210114	1423.122	28	APPRECIATED
1423.122	1433.267190486513	99999	sp
1433.267190486513	1433.3710127218067	434	THE
1433.3710127218067	1433.9425432023957	111	CRANBERRY
1433.9425432023957	1434.2892437567386	57	BOG
1434.2892437567386	1434.652	178	GETS
1434.652	1435.0574332064205	99999	sp
1435.0574332064205	1435.5289307745506	465	VERY
1435.5289307745506	1435.6606527581353	99999	sp
1435.6606527581353	1436.0331678589519	340	PRETTY
1436.0331678589519	1436.2346602513392	217	IN
1436.2346602513392	1436.762	40	AUTUMN
1436.762	1448.094224094034	99999	sp
1448.094224094034	1448.368163189302	210	HOW
1448.368163189302	1448.5696555816894	128	DO
1448.5696555816894	1449.0360312314847	318	OYSTERS
1449.0360312314847	1449.2963865699626	253	MAKE
1449.2963865699626	1449.852	320	PEARLS
1449.852	1457.4219812217648	99999	sp
1457.4219812217648	1457.6013640775082	257	MAY
1457.6013640775082	1457.662	211	I
1457.662	1458.185953580833	304	ORDER
1458.185953580833	1458.4049012412308	1	A
1458.4049012412308	1458.9244080747344	319	PARFAIT
1458.9244080747344	1459.362	10	AFTER
1459.362	1459.4314870857538	211	I
1459.4314870857538	1459.7369305157472	134	EAT
1459.7369305157472	1460.132	124	DINNER
1460.132	1470.2234248299783	99999	sp
1470.2234248299783	1470.3864299114603	224	IS
1470.3864299114603	1470.81884616928	375	SHE
1470.81884616928	1471.131923170675	187	GOING
1471.131923170675	1471.3605830766426	487	WITH
1471.3605830766426	1471.7205526315815	495	YOU
1471.7205526315815	1482.497004271196	99999	sp
1482.497004271196	1482.642	76	CAN
1482.642	1482.7301920960936	434	THE
1482.7301920960936	1483.2643180834782	11	AGENCY
1483.2643180834782	1483.9252258009042	315	OVERTHROW
1483.9252258009042	1484.3893374912343	13	ALIEN
1484.3893374912343	1485.172	162	FORCES
1485.172	1494.6327225562925	99999	sp
1494.6327225562925	1494.6738593317168	1	A
1494.6738593317168	1495.3319999999999	371	SCREWDRIVER
1495.3319999999999	1495.5031190911375	224	IS
1495.5031190911375	1495.75239570672	252	MADE
1495.75239570672	1495.9470962207124	166	FROM
1495.9470962207124	1496.3206495324416	469	VODKA
1496.3206495324416	1496.432	20	AND
1496.432	1496.792	303	ORANGE
1496.792	1497.282	230	JUICE
1497.282	1508.185964086507	99999	sp
1508.185964086507	1508.2986856808316	210	HOW
1508.2986856808316	1508.493100242629	269	MUCH
1508.493100242629	1508.9485313640816	16	ALLOWANCE
1508.9485313640816	1509.032	128	DO
1509.032	1509.2015486537778	495	YOU
1509.2015486537778	1509.482	177	GET
1509.482	1516.116753463713	99999	sp
1516.116753463713	1516.7741875489046	115	CYCLICAL
1516.7741875489046	1517.3739563321692	346	PROGRAMS
1517.3739563321692	1517.452	485	WILL
1517.452	1517.73115721174	281	NEVER
1517.73115721174	1518.3319999999999	100	COMPILE
1518.3319999999999	1526.4372802035473	99999	sp
1526.4372802035473	1526.550470142577	434	THE
1526.550470142577	1527.0319316479913	61	BOSTON
1527.0319316479913	1527.432	45	BALLET
1527.432	1528.0589810162146	312	OVERCAME
1528.0589810162146	1528.1884663350593	435	THEIR
1528.1884663350593	1528.612	170	FUNDING
1528.612	1529.3220000000001	380	SHORTAGE
1529.3220000000001	1542.185552306014	99999	sp
1542.185552306014	1542.4445229437029	145	EVERY
1542.4445229437029	1542.7854698206722	74	CAB
1542.7854698206722	1543.032	280	NEEDS
1543.032	1543.6417194239439	364	REPAINTING
1543.6417194239439	1544.252	296	OFTEN
1544.252	1554.171400919211	99999	sp
1554.171400919211	1554.466091644857	203	HELP
1554.466091644857	1554.810705593179	196	GREG
1554.810705593179	1554.9780422293468	446	TO
1554.9780422293468	1555.1442673875172	325	PICK
1555.1442673875172	1555.3022674963486	1	A
1555.3022674963486	1555.499284281575	321	PECK
1555.499284281575	1555.655559666387	294	OF
1555.655559666387	1556.462	338	POTATOES
1556.462	1565.4880530881817	99999	sp
1565.4880530881817	1565.5819999999999	476	WE
1565.5819999999999	1565.7996998388483	241	LIKE
1565.7996998388483	1565.9574635606587	55	BLUE
1565.9574635606587	1566.3654267916554	88	CHEESE
1566.3654267916554	1566.5291438614588	70	BUT
1566.5291438614588	1566.8416636040686	466	VICTOR
1566.8416636040686	1567.178489352946	242	LIKES
1567.178489352946	1567.492	64	BRIE
1567.492	1577.9883545012317	99999	sp
1577.9883545012317	1578.162	108	COUNT
1578.162	1578.242	434	THE
1578.242	1578.562	289	NUMBER
1578.562	1578.704819375163	294	OF
1578.704819375163	1579.182	429	TEASPOONS
1579.182	1579.2346052924968	294	OF
1579.2346052924968	1579.8582184947477	395	SOYSAUCE
1579.8582184947477	1580.0308655865401	433	THAT
1580.0308655865401	1580.1231424804294	495	YOU
1580.1231424804294	1580.5274798291816	7	ADD
1580.5274798291816	1589.6400197349747	99999	sp
1589.6400197349747	1590.3034310015794	44	BAGPIPES
1590.3034310015794	1590.498403148345	20	AND
1590.498403148345	1590.9669289085218	59	BONGOS
1590.9669289085218	1591.0770658463894	30	ARE
1591.0770658463894	1591.538198341304	273	MUSICAL
1591.538198341304	1592.382	220	INSTRUMENTS
1592.382	1603.5113805765086	99999	sp
1603.5113805765086	1603.7474874247337	210	HOW
1603.7474874247337	1603.8485838668544	189	GOOD
1603.8485838668544	1604.0592480276962	224	IS
1604.0592480276962	1604.176568112451	496	YOUR
1604.176568112451	1604.9328022010295	138	ENDURANCE
1604.9328022010295	1618.662	99999	sp
1618.662	1631.304223823477	99999	{NS}
1631.304223823477	1631.420600814547	30	ARE
1631.420600814547	1631.630456331295	496	YOUR
1631.630456331295	1631.942	192	GRADES
1631.942	1632.2805281782387	206	HIGHER
1632.2805281782387	1632.422	302	OR
1632.422	1632.816757758327	251	LOWER
1632.816757758327	1632.942	432	THAN
1632.942	1633.752	275	NANCY'S
1633.752	1640.9506585952658	99999	sp
1640.9506585952658	1641.2319542879277	375	SHE
1641.2319542879277	1641.6844087353843	490	WORE
1641.6844087353843	1642.2087005924718	471	WARM
1642.2087005924718	1642.7160025613457	158	FLEECY
1642.7160025613457	1643.0151582979863	489	WOOLEN
1643.0151582979863	1643.772	311	OVERALLS
1643.772	1652.4004665370317	99999	sp
1652.4004665370317	1652.6775675977876	354	READING
1652.6775675977876	1652.841296645922	217	IN
1652.841296645922	1653.0114938198774	335	POOR
1653.0114938198774	1653.2942778495376	240	LIGHT
1653.2942778495376	1653.5411208437242	181	GIVES
1653.5411208437242	1653.642	495	YOU
1653.642	1654.3005838177403	150	EYESTRAIN
1654.3005838177403	1661.7227589383642	99999	sp
1661.7227589383642	1661.942	142	EVEN
1661.942	1662.1534270653374	211	I
1662.1534270653374	1662.8067759805376	293	OCCASIONALLY
1662.8067759805376	1663.0178194400237	177	GET
1663.0178194400237	1663.0788412569505	434	THE
1663.0788412569505	1663.4772252577097	265	MONDAY
1663.4772252577097	1664.0520000000001	56	BLUES
1664.0520000000001	1672.6483594587894	99999	sp
1672.6483594587894	1672.7463647759948	476	WE
1672.7463647759948	1672.8396707191355	30	ARE
1672.8396707191355	1673.1283770697737	301	OPEN
1673.1283770697737	1673.4111610994341	145	EVERY
1673.4111610994341	1673.7371069020423	265	MONDAY
1673.7371069020423	1674.282	143	EVENING
1674.282	1683.71888202576	99999	sp
1683.71888202576	1683.9220813817028	226	IT'S
1683.9220813817028	1684.132	285	NOT
1684.132	1684.3909559558683	133	EASY
1684.3909559558683	1684.5338363076967	446	TO
1684.5338363076967	1684.8375054750604	113	CREATE
1684.8375054750604	1685.3837251534042	215	ILLUMINATING
1685.3837251534042	1686.152	146	EXAMPLES
1686.152	1695.9984976042729	99999	sp
1695.9984976042729	1696.202	270	MUM
1696.202	1696.751755018855	407	STRONGLY
1696.751755018855	1697.1733032033374	126	DISLIKES
1697.1733032033374	1698.112	27	APPETIZERS
1698.112	1709.859752682573	99999	sp
1709.859752682573	1710.112	443	THOSE
1710.112	1710.2736332266481	484	WHO
1710.2736332266481	1710.5520000000001	427	TEACH
1710.5520000000001	1711.002	462	VALUES
1711.002	1711.2607184434364	156	FIRST
1711.2607184434364	1711.7748923357963	4	ABOLISH
1711.7748923357963	1712.252	87	CHEATING
1712.252	1722.0175321173847	99999	sp
1722.0175321173847	1722.0889722932989	434	THE
1722.0889722932989	1722.4238481178966	165	FRIGHTENED
1722.4238481178966	1722.8126218614034	89	CHILD
1722.8126218614034	1723.022	472	WAS
1723.022	1723.2814480158402	176	GENTLY
1723.2814480158402	1723.672	410	SUBDUED
1723.672	1723.800466760198	73	BY
1723.800466760198	1723.967160503998	208	HIS
1723.967160503998	1724.187434379733	52	BIG
1724.187434379733	1724.592	66	BROTHER
1724.592	1734.220567458562	99999	sp
1734.220567458562	1734.392	142	EVEN
1734.392	1734.4356102236575	1	A
1734.4356102236575	1734.780990271625	383	SIMPLE
1734.780990271625	1735.5101338999755	468	VOCABULARY
1735.5101338999755	1735.922	104	CONTAINS
1735.922	1736.5720000000001	422	SYMBOLS
1736.5720000000001	1744.338653157924	99999	sp
1744.338653157924	1744.4075205899817	1	A
1744.4075205899817	1744.6218411177242	110	CRAB
1744.6218411177242	1745.1512782210696	85	CHALLENGED
1745.1512782210696	1745.286685860892	258	ME
1745.286685860892	1745.4102178317435	70	BUT
1745.4102178317435	1745.498029714638	1	A
1745.498029714638	1745.7034202203913	350	QUICK
1745.7034202203913	1746.0543673577095	402	STAB
1746.0543673577095	1746.5880001048047	464	VANQUISHED
1746.5880001048047	1746.8319999999999	207	HIM
1746.8319999999999	1757.0211159951496	99999	sp
1757.0211159951496	1757.452	183	GLUCOSE
1757.452	1757.5636787642338	20	AND
1757.5636787642338	1758.1203102686327	167	FRUCTOSE
1758.1203102686327	1758.3719999999998	30	ARE
1758.3719999999998	1758.7395928592935	276	NATURAL
1758.7395928592935	1759.192	414	SUGARS
1759.192	1759.402410530973	163	FOUND
1759.402410530973	1759.5333841868155	217	IN
1759.5333841868155	1759.8771900334025	168	FRUIT
1759.8771900334025	1774.651823491372	99999	sp
1774.651823491372	1774.7738671252255	30	ARE
1774.7738671252255	1774.942	495	YOU
1774.942	1775.252	250	LOOKING
1775.252	1775.402	161	FOR
1775.402	1776.0004157052388	136	EMPLOYMENT
1776.0004157052388	1785.5067395407302	99999	sp
1785.5067395407302	1785.8065134586043	98	COFFEE
1785.8065134586043	1785.944928799438	224	IS
1785.944928799438	1786.1149480312224	198	GROWN
1786.1149480312224	1786.2846184490186	297	ON
1786.2846184490186	1786.6177055423586	404	STEEP
1786.6177055423586	1786.9325527507162	231	JUNGLE
1786.9325527507162	1787.1398598541996	241	LIKE
1787.1398598541996	1787.562	390	SLOPES
1787.562	1787.6741728365578	217	IN
1787.6741728365578	1787.9911886171767	431	TEMPERATE
1787.9911886171767	1788.522	497	ZONES
1788.522	1795.6845417026457	99999	sp
1795.6845417026457	1795.8065853364988	476	WE
1795.8065853364988	1796.1533678570822	480	WELCOME
1796.1533678570822	1796.402	256	MANY
1796.402	1796.542	282	NEW
1796.542	1797.0304750294897	408	STUDENTS
1797.0304750294897	1797.2572955192159	132	EACH
1797.2572955192159	1797.5320000000002	491	YEAR
1797.5320000000002	1800.0	99999	sp
1800.0	1805.958343336896	99999	sp
1805.958343336896	1806.122	298	ONLY
1806.122	1806.2494844037328	434	THE
1806.2494844037328	1806.502	51	BEST
1806.502	1806.902	330	PLAYERS
1806.902	1807.1945368553606	139	ENJOY
1807.1945368553606	1807.992	336	POPULARITY
1807.992	1819.186321467785	99999	sp
1819.186321467785	1819.555087202434	75	CALCIUM
1819.555087202434	1819.8223838812596	254	MAKES
1819.8223838812596	1820.1277191098836	58	BONES
1820.1277191098836	1820.2308414281267	20	AND
1820.2308414281267	1820.422	430	TEETH
1820.422	1820.8903268067493	406	STRONG
1820.8903268067493	1829.552	99999	sp
1829.552	1829.942	99999	sp
1829.942	1830.00864330797	99999	sp
1830.00864330797	1830.342	286	NOTHING
1830.342	1830.543466195442	224	IS
1830.543466195442	1830.8088317587612	34	AS
1830.8088317587612	1831.2658191357277	295	OFFENSIVE
1831.2658191357277	1831.4872516647365	34	AS
1831.4872516647365	1832.0947710355942	219	INNOCENCE
1832.0947710355942	1840.3220000000001	99999	sp
1840.3220000000001	1840.9107615097241	99999	sp
1840.9107615097241	1841.2533172684887	405	STEVE
1841.2533172684887	1841.482	490	WORE
1841.482	1841.5679847640426	1	A
1841.5679847640426	1841.772	65	BRIGHT
1841.772	1842.0670979783672	356	RED
1842.0670979783672	1842.512	78	CASHMERE
1842.512	1843.0526073337937	420	SWEATER
1843.0526073337937	1849.102	99999	sp
1849.102	1849.5930202683087	99999	sp
1849.5930202683087	1849.9290244661422	46	BARB'S
1849.9290244661422	1850.3108509080312	63	BRACELET
1850.3108509080312	1850.5120627241756	472	WAS
1850.5120627241756	1850.7016188651073	1	A
1850.7016188651073	1851.196892837163	88888	GRAD
1851.196892837163	1851.39923373687	99999	sp
1851.39923373687	1852.005518355984	193	GRADUATION
1852.005518355984	1852.4450186625008	339	PRESENT
1852.4450186625008	1859.207916749133	99999	sp
1859.207916749133	1859.637459152248	130	DRAW
1859.637459152248	1859.894708913014	145	EVERY
1859.894708913014	1860.152	308	OUTER
1860.152	1860.4255488268632	244	LINE
1860.4255488268632	1860.7769294321392	156	FIRST
1860.7769294321392	1860.938765704959	436	THEN
1860.938765704959	1861.0978982899423	154	FILL
1861.0978982899423	1861.2013220918573	217	IN
1861.2013220918573	1861.282	434	THE
1861.282	1861.9344187810234	222	INTERIOR
1861.9344187810234	1870.089408926585	99999	sp
1870.089408926585	1870.132	434	THE
1870.132	1870.3640781565696	475	WATER
1870.3640781565696	1870.818867033593	103	CONTAINED
1870.818867033593	1870.942	448	TOO
1870.942	1871.172	269	MUCH
1871.172	1871.5583951428068	90	CHLORINE
1871.5583951428068	1871.6652382609448	20	AND
1871.6652382609448	1871.912	409	STUNG
1871.912	1872.0759799564808	208	HIS
1872.0759799564808	1872.5348874783572	149	EYES
1872.5348874783572	1880.662	99999	sp
1880.662	1881.2006855528057	99999	sp
1881.2006855528057	1881.5050533759695	229	JOHN'S
1881.5050533759695	1881.7636666295434	66	BROTHER
1881.7636666295434	1882.282	363	REPAINTED
1882.282	1882.3932557053977	434	THE
1882.3932557053977	1882.73404510165	173	GARAGE
1882.73404510165	1883.062	129	DOOR
1883.062	1893.3928451889988	99999	sp
1893.3928451889988	1893.742	84	CHALLENGE
1893.742	1893.995804252419	132	EACH
1893.995804252419	1894.478598767957	175	GENERAL'S
1894.478598767957	1895.306173353508	221	INTELLIGENCE
1895.306173353508	1908.0819999999999	99999	sp
1908.0819999999999	1908.602	99999	sp
1908.602	1908.7113843559966	99999	sp
1908.7113843559966	1909.3853810848022	17	AMBIDEXTROUS
1909.3853810848022	1909.9322074261825	327	PICKPOCKETS
1909.9322074261825	1910.392	6	ACCOMPLISH
1910.392	1910.653453656047	267	MORE
1910.653453656047	1920.632	99999	sp
1920.632	1921.202	99999	sp
1921.202	1921.2869643358079	99999	sp
1921.2869643358079	1921.7486952872457	271	MUSCULAR
1921.7486952872457	1922.3319999999999	2	ABDOMEN
1922.3319999999999	1922.5354427845195	224	IS
1922.5354427845195	1922.66813989208	189	GOOD
1922.66813989208	1922.812	161	FOR
1922.812	1922.9970613729943	496	YOUR
1922.9970613729943	1923.3724161913851	43	BACK
1923.3724161913851	1935.752	99999	sp
1935.752	1936.432	99999	sp
1936.432	1936.6181788624433	99999	sp
1936.6181788624433	1936.6912209741415	438	THEY
1936.6912209741415	1936.862	317	OWN
1936.862	1936.9599438048342	1	A
1936.9599438048342	1937.1495361767663	52	BIG
1937.1495361767663	1937.562	209	HOUSE
1937.562	1937.702	217	IN
1937.702	1937.762	434	THE
1937.762	1938.13581954823	361	REMOTE
1938.13581954823	1938.839932443252	109	COUNTRYSIDE
1938.839932443252	1946.6757310558312	99999	sp
1946.6757310558312	1946.7550854487872	434	THE
1946.7550854487872	1947.0661907393542	369	ROSE
1947.0661907393542	1947.714346451245	106	CORSAGE
1947.714346451245	1948.112	393	SMELLED
1948.112	1948.5168837223232	421	SWEET
1948.5168837223232	1955.972	99999	{NS}
1955.972	1956.422	99999	sp
1956.422	1956.4937650303036	99999	sp
1956.4937650303036	1956.6799405346148	433	THAT
1956.6799405346148	1957.182	326	PICKPOCKET
1957.182	1957.367603976882	472	WAS
1957.367603976882	1957.552	80	CAUGHT
1957.552	1957.7282815599087	356	RED
1957.7282815599087	1958.1897377706841	199	HANDED
1958.1897377706841	1967.472	99999	sp
1967.472	1968.3794264771204	99999	sp
1968.3794264771204	1968.4821879316519	19	AN
1968.4821879316519	1968.712	9	ADULT
1968.712	1969.0185584290434	255	MALE
1969.0185584290434	1969.6437142748334	42	BABOON'S
1969.6437142748334	1969.9271435792625	430	TEETH
1969.9271435792625	1970.042	30	ARE
1970.042	1970.3051723695094	285	NOT
1970.3051723695094	1970.9405666560788	415	SUITABLE
1970.9405666560788	1971.1833993243092	161	FOR
1971.1833993243092	1971.496488524455	135	EATING
1971.496488524455	1972.2126774743447	376	SHELLFISH
1972.2126774743447	1981.6411445131898	99999	sp
1981.6411445131898	1981.7115663532632	204	HER
1981.7115663532632	1982.152	470	WARDROBE
1982.152	1982.632	102	CONSISTS
1982.632	1982.732	294	OF
1982.732	1983.032	298	ONLY
1983.032	1983.402	385	SKIRTS
1983.402	1983.4976376298814	20	AND
1983.4976376298814	1984.172	54	BLOUSES
1984.172	1993.646904200992	99999	sp
1993.646904200992	1993.7278070268128	434	THE
1993.7278070268128	1993.955926470111	453	TWO
1993.955926470111	1994.4108390808744	33	ARTISTS
1994.4108390808744	1995.0712082195278	147	EXCHANGED
1995.0712082195278	1995.9000584407518	39	AUTOGRAPHS
1995.9000584407518	2005.679592988665	99999	sp
2005.679592988665	2006.592	71	BUTTERSCOTCH
2006.592	2007.1434788648805	169	FUDGE
2007.1434788648805	2007.480123664761	186	GOES
2007.480123664761	2007.762	481	WELL
2007.762	2007.912	487	WITH
2007.912	2008.195237047662	463	VANILLA
2008.195237047662	2008.568390096758	212	ICE
2008.568390096758	2008.962	112	CREAM
2008.962	2017.736661484872	99999	sp
2017.736661484872	2018.0605350354972	366	RICH
2018.0605350354972	2018.4561448858947	349	PURCHASED
2018.4561448858947	2018.8840832590454	374	SEVERAL
2018.8840832590454	2019.3197856352383	382	SIGNED
2019.3197856352383	2020.1088283265376	245	LITHOGRAPHS
2020.1088283265376	2033.5290111550494	99999	sp
2033.5290111550494	2033.7423839346447	24	ANY
2033.7423839346447	2034.4557489703382	105	CONTRIBUTIONS
2034.4557489703382	2034.7421362753264	485	WILL
2034.7421362753264	2035.0738890479158	47	BE
2035.0738890479158	2035.402	195	GREATLY
2035.402	2036.1527619725725	28	APPRECIATED
2036.1527619725725	2044.2912297767107	99999	sp
2044.2912297767107	2044.365020564138	434	THE
2044.365020564138	2044.8861858661753	111	CRANBERRY
2044.8861858661753	2045.1838740250487	57	BOG
2045.1838740250487	2045.3819765449614	178	GETS
2045.3819765449614	2045.7292505951089	465	VERY
2045.7292505951089	2046.0122933579266	340	PRETTY
2046.0122933579266	2046.1148015290714	217	IN
2046.1148015290714	2046.552	40	AUTUMN
2046.552	2049.392	99999	sp
2049.392	2051.082	99999	sp
2051.082	2055.492	99999	sp
2055.492	2057.2421128943142	99999	sp
2057.2421128943142	2057.606215427261	210	HOW
2057.606215427261	2057.73360382018	128	DO
2057.73360382018	2058.322	318	OYSTERS
2058.322	2058.5671340657614	253	MAKE
2058.5671340657614	2059.1191883256556	320	PEARLS
2059.1191883256556	2068.017021542016	99999	sp
2068.017021542016	2068.272	257	MAY
2068.272	2068.302	211	I
2068.302	2068.532	304	ORDER
2068.532	2068.7157544518677	1	A
2068.7157544518677	2069.2099127787587	319	PARFAIT
2069.2099127787587	2069.552	10	AFTER
2069.552	2069.622	211	I
2069.622	2069.859121803866	134	EAT
2069.859121803866	2070.252585806368	124	DINNER
2070.252585806368	2079.34792310401	99999	sp
2079.34792310401	2079.407970816087	224	IS
2079.407970816087	2079.612	375	SHE
2079.612	2079.8537758455427	187	GOING
2079.8537758455427	2080.082544215921	487	WITH
2080.082544215921	2080.293715019348	495	YOU
2080.293715019348	2092.3555835895877	99999	sp
2092.3555835895877	2092.545334798243	76	CAN
2092.545334798243	2092.592	434	THE
2092.592	2093.1257704800196	11	AGENCY
2093.1257704800196	2093.733076932049	315	OVERTHROW
2093.733076932049	2094.139320751982	13	ALIEN
2094.139320751982	2094.8131540867244	162	FORCES
2094.8131540867244	2110.8477162009185	99999	sp
2110.8477162009185	2110.922	1	A
2110.922	2111.532	371	SCREWDRIVER
2111.532	2111.713323822573	224	IS
2111.713323822573	2112.002	252	MADE
2112.002	2112.160381057537	166	FROM
2112.160381057537	2112.5032224446636	469	VODKA
2112.5032224446636	2112.6725881246175	20	AND
2112.6725881246175	2112.942	303	ORANGE
2112.942	2113.462	230	JUICE
2113.462	2120.998714773394	99999	sp
2120.998714773394	2121.0888425470125	210	HOW
2121.0888425470125	2121.300995346113	269	MUCH
2121.300995346113	2121.762	16	ALLOWANCE
2121.762	2121.852	128	DO
2121.852	2121.985409151482	495	YOU
2121.985409151482	2122.291977115883	177	GET
2122.291977115883	2130.4234972149948	99999	sp
2130.4234972149948	2130.9383051493237	115	CYCLICAL
2130.9383051493237	2131.452	346	PROGRAMS
2131.452	2131.5282585353157	485	WILL
2131.5282585353157	2131.8128056143405	281	NEVER
2131.8128056143405	2132.372503375372	100	COMPILE
2132.372503375372	2142.0605637866656	99999	sp
2142.0605637866656	2142.1759099040273	434	THE
2142.1759099040273	2142.6461427695353	61	BOSTON
2142.6461427695353	2143.0317683034127	45	BALLET
2143.0317683034127	2143.692	312	OVERCAME
2143.692	2143.8318580501086	435	THEIR
2143.8318580501086	2144.292656988092	170	FUNDING
2144.292656988092	2145.042	380	SHORTAGE
2145.042	2153.841561490688	99999	sp
2153.841561490688	2154.157587523461	145	EVERY
2154.157587523461	2154.477231333896	74	CAB
2154.477231333896	2154.7033108372843	280	NEEDS
2154.7033108372843	2155.232	364	REPAINTING
2155.232	2155.7755422988116	296	OFTEN
2155.7755422988116	2172.422355471223	99999	sp
2172.422355471223	2172.6417730996345	203	HELP
2172.6417730996345	2172.912	196	GREG
2172.912	2173.06222931499	446	TO
2173.06222931499	2173.2259342008524	325	PICK
2173.2259342008524	2173.3265823899383	1	A
2173.3265823899383	2173.5218156241895	321	PECK
2173.5218156241895	2173.626328955004	294	OF
2173.626328955004	2174.3246969621528	338	POTATOES
2174.3246969621528	2182.486298463814	99999	sp
2182.486298463814	2182.563906706001	476	WE
2182.563906706001	2182.767628341741	241	LIKE
2182.767628341741	2182.984688894107	55	BLUE
2182.984688894107	2183.3557203962705	88	CHEESE
2183.3557203962705	2183.6310274912244	70	BUT
2183.6310274912244	2183.968138293223	466	VICTOR
2183.968138293223	2184.3015200794975	242	LIKES
2184.3015200794975	2184.622	64	BRIE
2184.622	2193.4239483730744	99999	sp
2193.4239483730744	2193.602	108	COUNT
2193.602	2193.682	434	THE
2193.682	2194.0048553211095	289	NUMBER
2194.0048553211095	2194.092998280675	294	OF
2194.092998280675	2194.6137707774906	88888	TEASPAWN
2194.6137707774906	2194.914783188427	99999	sp
2194.914783188427	2195.5002334219776	429	TEASPOONS
2195.5002334219776	2195.572	294	OF
2195.572	2196.258740120026	395	SOYSAUCE
2196.258740120026	2196.335645886565	433	THAT
2196.335645886565	2196.513207729899	495	YOU
2196.513207729899	2196.922	7	ADD
2196.922	2205.106543464666	99999	sp
2205.106543464666	2205.7240515312924	44	BAGPIPES
2205.7240515312924	2205.979638107182	20	AND
2205.979638107182	2206.450686163077	59	BONGOS
2206.450686163077	2206.5456874040965	30	ARE
2206.5456874040965	2206.9782022469417	273	MUSICAL
2206.9782022469417	2207.76137520697	220	INSTRUMENTS
2207.76137520697	2210.4719999999998	99999	sp
2210.4719999999998	2219.669885542255	99999	{NS}
2219.669885542255	2219.8809783998527	210	HOW
2219.8809783998527	2219.986590521901	189	GOOD
2219.986590521901	2220.1660163028373	224	IS
2220.1660163028373	2220.31719791433	496	YOUR
2220.31719791433	2220.917460657347	138	ENDURANCE
2220.917460657347	2229.592	99999	sp
