8.911569905	8.982787463	4	AE1	1	29
8.982787463	9.006535043	58	N	1	29
9.006535043	9.128665452	6	AH0	1	29
9.128665452	9.174464356	48	D	1	29
9.174464356	9.267758419	7	AH1	1	29
9.267758419	9.372	56	L	1	29
9.372	9.383103805	64	T	1	29
9.383103805	9.445865266	57	M	1	29
9.445865266	9.552	25	EY1	1	29
9.552	9.702830226	56	L	1	29
9.702830226	9.718096527	46	B	1	29
9.718096527	9.913165931	3	AE0	1	29
9.913165931	9.949708114	46	B	1	29
9.949708114	10.11424492	44	UW1	1	29
10.11424492	10.17361386	58	N	1	29
10.17361386	10.32797313	69	Z	1	29
10.32797313	10.39575654	64	T	1	29
10.39575654	10.60464373	32	IY1	1	29
10.60464373	10.62835576	65	TH	1	29
10.62835576	10.74200489	21	ER0	1	29
10.74200489	10.78271503	58	N	1	29
10.78271503	10.962	1	AA1	1	29
10.962	11.002	64	T	1	29
11.002	11.16476996	62	S	1	29
11.16476996	11.2520495	44	UW1	1	29
11.2520495	11.28011534	64	T	1	29
11.28011534	11.36832064	6	AH0	1	29
11.36832064	11.402	46	B	1	29
11.402	11.432	6	AH0	1	29
11.432	11.562	56	L	1	29
11.562	11.632	50	F	1	29
11.632	11.662	61	R	1	29
11.662	11.71040532	21	ER0	1	29
11.71040532	11.84440952	32	IY1	1	29
11.84440952	11.89699345	64	T	1	29
11.89699345	11.96314742	27	IH0	1	29
11.96314742	12.02251637	59	NG	1	29
12.02251637	12.15108931	63	SH	1	29
12.15108931	12.212	19	EH1	1	29
12.212	12.312	56	L	1	29
12.312	12.40892017	50	F	1	29
12.40892017	12.57006446	29	IH2	1	29
12.57006446	12.862	63	SH	1	29
22.81953895	22.88569292	52	HH	1	30
22.88569292	22.982	22	ER1	1	30
22.982	23.09433237	67	W	1	30
23.09433237	23.18762643	10	AO1	1	30
23.18762643	23.2385141	61	R	1	30
23.2385141	23.33180816	48	D	1	30
23.33180816	23.36199828	61	R	1	30
23.36199828	23.51975006	36	OW2	1	30
23.51975006	23.58760028	46	B	1	30
23.58760028	23.64357672	54	K	1	30
23.64357672	23.682	6	AH0	1	30
23.682	23.752	58	N	1	30
23.752	23.89424452	62	S	1	30
23.89424452	23.97227228	28	IH1	1	30
23.97227228	24.322	62	S	1	30
24.322	24.51568798	74	sp	1	30
24.51568798	24.702	7	AH1	1	30
24.702	24.80914021	66	V	1	30
24.80914021	24.972	35	OW1	1	30
24.972	25.03304596	58	N	1	30
25.03304596	25.06357856	56	L	1	30
25.06357856	25.14330258	31	IY0	1	30
25.14330258	25.32263718	62	S	1	30
25.32263718	25.35147352	54	K	1	30
25.35147352	25.57068791	22	ER1	1	30
25.57068791	25.59273923	64	T	1	30
25.59273923	25.682	62	S	1	30
25.682	25.82003749	4	AE1	1	30
25.82003749	25.882	58	N	1	30
25.882	25.92859786	48	D	1	30
25.92859786	25.94895293	46	B	1	30
25.94895293	26.01001813	56	L	1	30
26.01001813	26.15250361	13	AW1	1	30
26.15250361	26.29159657	62	S	1	30
26.29159657	26.4323858	6	AH0	1	30
26.4323858	26.702	69	Z	1	30
37.15486359	37.18030742	49	DH	1	31
37.18030742	37.28208276	6	AH0	1	31
37.28208276	37.36180678	64	T	1	31
37.36180678	37.492	44	UW1	1	31
37.492	37.602	1	AA1	1	31
37.602	37.71767799	61	R	1	31
37.71767799	37.7363368	64	T	1	31
37.7363368	37.812	6	AH0	1	31
37.812	37.9363334	62	S	1	31
37.9363334	37.98851993	64	T	1	31
37.98851993	38.072	27	IH0	1	31
38.072	38.11065034	54	K	1	31
38.11065034	38.2497433	62	S	1	31
38.2497433	38.33625234	47	CH	1	31
38.33625234	38.63071585	25	EY1	1	31
38.63071585	38.68838855	58	N	1	31
38.68838855	38.782	53	JH	1	31
38.782	38.81900023	48	D	1	31
38.81900023	38.992	10	AO1	1	31
38.992	39.042	64	T	1	31
39.042	39.15485886	6	AH0	1	31
39.15485886	39.1803027	51	G	1	31
39.1803027	39.20405028	61	R	1	31
39.20405028	39.44491858	5	AE2	1	31
39.44491858	39.492	50	F	1	31
39.492	39.802	62	S	1	31
49.912	50.02099497	74	sp	1	32
50.02099497	50.03795753	46	B	1	32
50.03795753	50.082	7	AH1	1	32
50.082	50.10580776	64	T	1	32
50.10580776	50.182	21	ER0	1	32
50.182	50.30596593	62	S	1	32
50.30596593	50.3415873	54	K	1	32
50.3415873	50.47050273	2	AA2	1	32
50.47050273	50.572	47	CH	1	32
50.572	50.67663493	50	F	1	32
50.67663493	50.892	7	AH1	1	32
50.892	51.0260636	53	JH	1	32
51.0260636	51.05320369	51	G	1	32
51.05320369	51.18381538	35	OW1	1	32
51.18381538	51.3588011	69	Z	1	32
51.3588011	51.46905772	67	W	1	32
51.46905772	51.64037954	19	EH1	1	32
51.64037954	51.712	56	L	1	32
51.712	51.742	67	W	1	32
51.742	51.83884146	28	IH1	1	32
51.83884146	51.882	65	TH	1	32
51.882	51.92118254	66	V	1	32
51.92118254	51.96528519	6	AH0	1	32
51.96528519	52.03143916	58	N	1	32
52.03143916	52.09589688	28	IH1	1	32
52.09589688	52.152	56	L	1	32
52.152	52.23838236	6	AH0	1	32
52.23838236	52.39104537	16	AY1	1	32
52.39104537	52.5537599	62	S	1	32
52.5537599	52.63687643	54	K	1	32
52.63687643	52.78953944	61	R	1	32
52.78953944	52.88452976	32	IY1	1	32
52.88452976	53.042	57	M	1	32
64.21340118	64.302	61	R	1	33
64.302	64.41355935	28	IH1	1	33
64.41355935	64.54077853	47	CH	1	33
64.54077853	64.64764264	74	sp	1	33
64.64764264	64.7195589	60	P	1	33
64.7195589	64.83175907	22	ER1	1	33
64.83175907	64.95897824	47	CH	1	33
64.95897824	65.02343596	6	AH0	1	33
65.02343596	65.182	62	S	1	33
65.182	65.212	64	T	1	33
65.212	65.25039173	62	S	1	33
65.25039173	65.38778844	19	EH1	1	33
65.38778844	65.45394241	66	V	1	33
65.45394241	65.49804506	61	R	1	33
65.49804506	65.57098405	6	AH0	1	33
65.57098405	65.6150867	56	L	1	33
65.6150867	65.78664675	62	S	1	33
65.78664675	66.022	16	AY1	1	33
66.022	66.10896849	58	N	1	33
66.10896849	66.13101982	48	D	1	33
66.13101982	66.21074383	56	L	1	33
66.21074383	66.29725287	28	IH1	1	33
66.29725287	66.39902822	65	TH	1	33
66.39902822	66.47535972	6	AH0	1	33
66.47535972	66.52115862	51	G	1	33
66.52115862	66.582	61	R	1	33
66.582	66.81500826	5	AE2	1	33
66.81500826	66.872	50	F	1	33
66.872	67.162	62	S	1	33
77.83883012	77.92814827	19	EH1	1	34
77.92814827	77.95698462	58	N	1	34
77.95698462	78.07070697	31	IY0	1	34
78.07070697	78.12251344	54	K	1	34
78.12251344	78.232	2	AA2	1	34
78.232	78.272	58	N	1	34
78.272	78.36069347	64	T	1	34
78.36069347	78.38431504	61	R	1	34
78.38431504	78.45738005	6	AH0	1	34
78.45738005	78.48282388	46	B	1	34
78.48282388	78.51831924	68	Y	1	34
78.51831924	78.58653059	44	UW1	1	34
78.58653059	78.71847741	63	SH	1	34
78.71847741	78.772	6	AH0	1	34
78.772	78.842	58	N	1	34
78.842	78.92177606	69	Z	1	34
78.92177606	78.95909369	67	W	1	34
78.95909369	79.00319633	6	AH0	1	34
79.00319633	79.09479414	56	L	1	34
79.09479414	79.11854172	46	B	1	34
79.11854172	79.26950848	32	IY1	1	34
79.26950848	79.31305216	51	G	1	34
79.31305216	79.352	61	R	1	34
79.352	79.472	25	EY1	1	34
79.472	79.52508412	64	T	1	34
79.52508412	79.552	56	L	1	34
79.552	79.63873325	31	IY0	1	34
79.63873325	79.76764868	6	AH0	1	34
79.76764868	79.83059107	60	P	1	34
79.83059107	79.862	61	R	1	34
79.862	79.92558138	32	IY1	1	34
79.92558138	80.10715438	63	SH	1	34
80.10715438	80.222615	31	IY0	1	34
80.222615	80.36830412	26	EY2	1	34
80.36830412	80.38865919	64	T	1	34
80.38865919	80.5260559	6	AH0	1	34
80.5260559	80.632	48	D	1	34
90.45062435	90.52766057	49	DH	1	35
90.52766057	90.63113217	6	AH0	1	35
90.63113217	90.70576742	54	K	1	35
90.70576742	90.7600476	61	R	1	35
90.7600476	90.85673418	4	AE1	1	35
90.85673418	90.93476194	58	N	1	35
90.93476194	90.95850952	46	B	1	35
90.95850952	91.032	20	EH2	1	35
91.032	91.09081746	61	R	1	35
91.09081746	91.25705052	31	IY0	1	35
91.25705052	91.27740559	46	B	1	35
91.27740559	91.4963712	1	AA1	1	35
91.4963712	91.59244064	51	G	1	35
91.59244064	91.612	51	G	1	35
91.612	91.72644484	28	IH1	1	35
91.72644484	91.75188868	64	T	1	35
91.75188868	91.812	62	S	1	35
91.812	91.85871723	66	V	1	35
91.85871723	92.00289896	19	EH1	1	35
92.00289896	92.06057166	61	R	1	35
92.06057166	92.20471784	31	IY0	1	35
92.20471784	92.28783437	60	P	1	35
92.28783437	92.35398834	61	R	1	35
92.35398834	92.42862359	28	IH1	1	35
92.42862359	92.452	64	T	1	35
92.452	92.59303438	31	IY0	1	35
92.59303438	92.692	28	IH1	1	35
92.692	92.76872571	58	N	1	35
92.76872571	93.01370579	10	AO1	1	35
93.01370579	93.03575711	64	T	1	35
93.03575711	93.19181263	6	AH0	1	35
93.19181263	93.302	57	M	1	35
103.2805464	103.4169967	52	HH	1	36
103.4169967	103.6370059	13	AW1	1	36
103.6370059	103.6963749	48	D	1	36
103.6963749	103.7935493	44	UW1	1	36
103.7935493	103.9716562	38	OY1	1	36
103.9716562	104.092	62	S	1	36
104.092	104.1395855	64	T	1	36
104.1395855	104.2379683	21	ER0	1	36
104.2379683	104.332	69	Z	1	36
104.332	104.3889351	57	M	1	36
104.3889351	104.5314206	25	EY1	1	36
104.5314206	104.6179296	54	K	1	36
104.6179296	104.6622132	60	P	1	36
104.6622132	104.812	22	ER1	1	36
104.812	104.979413	56	L	1	36
104.979413	105.2172777	69	Z	1	36
113.8038489	113.8980828	57	M	1	37
113.8980828	114.0388721	25	EY1	1	37
114.0388721	114.0948485	16	AY1	1	37
114.0948485	114.192	10	AO1	1	37
114.192	114.262	61	R	1	37
114.262	114.3034879	48	D	1	37
114.3034879	114.4425809	21	ER0	1	37
114.4425809	114.6262644	25	EY1	1	37
114.6262644	114.6907221	60	P	1	37
114.6907221	114.7416098	1	AA1	1	37
114.7416098	114.8179413	61	R	1	37
114.8179413	114.9468567	50	F	1	37
114.9468567	115.2169588	25	EY1	1	37
115.2169588	115.4035469	4	AE1	1	37
115.4035469	115.4697009	50	F	1	37
115.4697009	115.5409436	64	T	1	37
115.5409436	115.6787377	21	ER0	1	37
115.6787377	115.8834257	16	AY1	1	37
115.8834257	116.082	32	IY1	1	37
116.082	116.1565228	64	T	1	37
116.1565228	116.1887517	48	D	1	37
116.1887517	116.3040971	28	IH1	1	37
116.3040971	116.3549848	58	N	1	37
116.3549848	116.572	21	ER0	1	37
125.954341	126.0049767	28	IH1	1	38
126.0049767	126.0524718	69	Z	1	38
126.0524718	126.2068311	63	SH	1	38
126.2068311	126.3374428	32	IY1	1	38
126.3374428	126.3628866	51	G	1	38
126.3628866	126.4765357	35	OW1	1	38
126.4765357	126.572	6	AH0	1	38
126.572	126.6614276	58	N	1	38
126.6614276	126.7445441	67	W	1	38
126.7445441	126.8174831	28	IH1	1	38
126.8174831	126.9548798	65	TH	1	38
126.9548798	127.0583514	68	Y	1	38
127.0583514	127.222	44	UW1	1	38
135.2364425	135.322	54	K	1	39
135.322	135.3687505	4	AE1	1	39
135.3687505	135.452	58	N	1	39
135.452	135.4705258	49	DH	1	39
135.4705258	135.5587311	6	AH0	1	39
135.5587311	135.6846159	25	EY1	1	39
135.6846159	135.792	53	JH	1	39
135.792	135.842	6	AH0	1	39
135.842	135.864419	58	N	1	39
135.864419	136.0001194	62	S	1	39
136.0001194	136.1171611	31	IY0	1	39
136.1171611	136.3426743	35	OW1	1	39
136.3426743	136.4130139	66	V	1	39
136.4130139	136.5038588	21	ER0	1	39
136.5038588	136.6470972	65	TH	1	39
136.6470972	136.804849	61	R	1	39
136.804849	137.0181087	36	OW2	1	39
137.0181087	137.182	25	EY1	1	39
137.182	137.252	56	L	1	39
137.252	137.312	31	IY0	1	39
137.312	137.3556636	6	AH0	1	39
137.3556636	137.4421726	58	N	1	39
137.4421726	137.5032378	50	F	1	39
137.5032378	137.6050132	10	AO1	1	39
137.6050132	137.692	61	R	1	39
137.692	137.8211768	62	S	1	39
137.8211768	138.0059078	6	AH0	1	39
138.0059078	138.312	69	Z	1	39
147.8357182	147.922	25	EY1	1	40
147.922	148.084655	62	S	1	40
148.084655	148.1236689	54	K	1	40
148.1236689	148.1626828	61	R	1	40
148.1626828	148.2508881	44	UW1	1	40
148.2508881	148.3187383	48	D	1	40
148.3187383	148.372	61	R	1	40
148.372	148.5097302	17	AY2	1	40
148.5097302	148.5775804	66	V	1	40
148.5775804	148.7319397	21	ER0	1	40
148.7319397	148.802	28	IH1	1	40
148.802	148.906654	69	Z	1	40
148.906654	148.9869015	57	M	1	40
148.9869015	149.1420555	25	EY1	1	40
149.1420555	149.172	48	D	1	40
149.172	149.2624897	50	F	1	40
149.2624897	149.302	21	ER0	1	40
149.302	149.3914051	57	M	1	40
149.3914051	149.4507741	66	V	1	40
149.4507741	149.6272297	1	AA1	1	40
149.6272297	149.6899461	48	D	1	40
149.6899461	149.7376222	54	K	1	40
149.7376222	149.9123365	6	AH0	1	40
149.9123365	150.012	4	AE1	1	40
150.012	150.062	58	N	1	40
150.062	150.0921396	48	D	1	40
150.0921396	150.2023962	10	AO1	1	40
150.2023962	150.2600689	61	R	1	40
150.2600689	150.302	6	AH0	1	40
150.302	150.3380967	58	N	1	40
150.3380967	150.4279983	53	JH	1	40
150.4279983	150.5314699	53	JH	1	40
150.5314699	150.722	44	UW1	1	40
150.722	151.012	62	S	1	40
165.5792229	165.6482006	52	HH	1	41
165.6482006	165.7442284	13	AW1	1	41
165.7442284	165.8226737	57	M	1	41
165.8226737	165.9295215	7	AH1	1	41
165.9295215	166.0412617	47	CH	1	41
166.0412617	166.1724546	6	AH0	1	41
166.1724546	166.2549573	56	L	1	41
166.2549573	166.4794731	13	AW1	1	41
166.4794731	166.552	6	AH0	1	41
166.552	166.592	58	N	1	41
166.592	166.8015858	62	S	1	41
166.8015858	166.822	48	D	1	41
166.822	166.9503613	44	UW1	1	41
166.9503613	167.0199009	68	Y	1	41
167.0199009	167.186259	44	UW1	1	41
167.186259	167.2160141	51	G	1	41
167.2160141	167.462	19	EH1	1	41
167.462	167.532	64	T	1	41
178.2406427	178.3853607	62	S	1	42
178.3853607	178.5259461	28	IH1	1	42
178.5259461	178.552	54	K	1	42
178.552	178.5990563	56	L	1	42
178.5990563	178.6788541	27	IH0	1	42
178.6788541	178.7275443	54	K	1	42
178.7275443	178.7802919	6	AH0	1	42
178.7802919	178.8931117	56	L	1	42
178.8931117	178.933051	60	P	1	42
178.933051	178.993197	61	R	1	42
178.993197	179.1230374	35	OW1	1	42
179.1230374	179.14062	51	G	1	42
179.14062	179.2123027	61	R	1	42
179.2123027	179.3232081	5	AE2	1	42
179.3232081	179.3962433	57	M	1	42
179.3962433	179.512	69	Z	1	42
179.512	179.5454803	67	W	1	42
179.5454803	179.582	6	AH0	1	42
179.582	179.612	56	L	1	42
179.612	179.6969608	58	N	1	42
179.6969608	179.8065137	19	EH1	1	42
179.8065137	179.8579088	66	V	1	42
179.8579088	180.0039793	21	ER0	1	42
180.0039793	180.0432019	54	K	1	42
180.0432019	180.078367	6	AH0	1	42
180.078367	180.1933299	57	M	1	42
180.1933299	180.2312	60	P	1	42
180.2312	180.452	16	AY1	1	42
180.452	180.662	56	L	1	42
189.8103587	189.822	49	DH	1	43
189.822	189.9036815	6	AH0	1	43
189.9036815	189.9307315	46	B	1	43
189.9307315	190.0916796	1	AA1	1	43
190.0916796	190.222	62	S	1	43
190.222	190.2769726	64	T	1	43
190.2769726	190.3428721	6	AH0	1	43
190.3428721	190.4429575	58	N	1	43
190.4429575	190.4564825	46	B	1	43
190.4564825	190.5957905	3	AE0	1	43
190.5957905	190.6825675	56	L	1	43
190.6825675	190.8935582	25	EY1	1	43
190.8935582	191.032	35	OW1	1	43
191.032	191.0964338	66	V	1	43
191.0964338	191.2654968	21	ER0	1	43
191.2654968	191.322	54	K	1	43
191.322	191.4657839	25	EY1	1	43
191.4657839	191.562	57	M	1	43
191.562	191.5861568	49	DH	1	43
191.5861568	191.652	19	EH1	1	43
191.652	191.7579249	61	R	1	43
191.7579249	191.817435	50	F	1	43
191.817435	191.8999378	7	AH1	1	43
191.8999378	191.9864981	58	N	1	43
191.9864981	192.0000231	48	D	1	43
192.0000231	192.0764978	27	IH0	1	43
192.0764978	192.132	59	NG	1	43
192.132	192.2536759	63	SH	1	43
192.2536759	192.332	10	AO1	1	43
192.332	192.450078	61	R	1	43
192.450078	192.4987682	64	T	1	43
192.4987682	192.6772988	6	AH0	1	43
192.6772988	192.8820552	53	JH	1	43
203.2494846	203.332	19	EH1	1	44
203.332	203.382	66	V	1	44
203.382	203.4334252	61	R	1	44
203.4334252	203.5727331	31	IY0	1	44
203.5727331	203.6418844	54	K	1	44
203.6418844	203.8800906	4	AE1	1	44
203.8800906	203.9783841	46	B	1	44
203.9783841	204.0165713	58	N	1	44
204.0165713	204.162	32	IY1	1	44
204.162	204.1991594	48	D	1	44
204.1991594	204.272	69	Z	1	44
204.272	204.3586545	61	R	1	44
204.3586545	204.4641499	31	IY0	1	44
204.4641499	204.5272721	60	P	1	44
204.5272721	204.652	25	EY1	1	44
204.652	204.7170682	58	N	1	44
204.7170682	204.7680179	64	T	1	44
204.7680179	204.8532257	27	IH0	1	44
204.8532257	204.9235559	59	NG	1	44
204.9235559	205.1291365	10	AO1	1	44
205.1291365	205.267092	50	F	1	44
205.267092	205.3049621	64	T	1	44
205.3049621	205.42804	6	AH0	1	44
205.42804	205.562	58	N	1	44
216.3115627	216.3751304	52	HH	1	45
216.3751304	216.462	19	EH1	1	45
216.462	216.5171434	56	L	1	45
216.5171434	216.6091137	60	P	1	45
216.6091137	216.6402213	51	G	1	45
216.6402213	216.7186665	61	R	1	45
216.7186665	216.9512973	19	EH1	1	45
216.9512973	217.1669253	51	G	1	45
217.1669253	217.2542021	64	T	1	45
217.2542021	217.3380574	6	AH0	1	45
217.3380574	217.3921575	60	P	1	45
217.3921575	217.5003579	28	IH1	1	45
217.5003579	217.5179404	54	K	1	45
217.5179404	217.7072911	6	AH0	1	45
217.7072911	217.7613912	60	P	1	45
217.7613912	217.9051274	19	EH1	1	45
217.9051274	217.9230456	54	K	1	45
217.9230456	217.9703833	6	AH0	1	45
217.9703833	218.0944594	66	V	1	45
218.0944594	218.1245688	60	P	1	45
218.1245688	218.2128168	6	AH0	1	45
218.2128168	218.2671912	64	T	1	45
218.2671912	218.4342923	25	EY1	1	45
218.4342923	218.4613424	64	T	1	45
218.4613424	218.6899156	34	OW0	1	45
218.6899156	218.982	69	Z	1	45
228.9008375	228.9343499	67	W	1	46
228.9343499	229.012	32	IY1	1	46
229.012	229.052	56	L	1	46
229.052	229.2034982	16	AY1	1	46
229.2034982	229.31025	54	K	1	46
229.31025	229.3657988	46	B	1	46
229.3657988	229.392	56	L	1	46
229.392	229.5172792	44	UW1	1	46
229.5172792	229.6668266	47	CH	1	46
229.6668266	229.8215927	32	IY1	1	46
229.8215927	229.9540098	69	Z	1	46
229.9540098	229.9675348	46	B	1	46
229.9675348	230.032	7	AH1	1	46
230.032	230.1326126	64	T	1	46
230.1326126	230.1623677	66	V	1	46
230.1623677	230.2670001	28	IH1	1	46
230.2670001	230.3129853	54	K	1	46
230.3129853	230.373848	64	T	1	46
230.373848	230.4883654	21	ER0	1	46
230.4883654	230.562	56	L	1	46
230.562	230.669601	16	AY1	1	46
230.669601	230.6925935	54	K	1	46
230.6925935	230.8738291	62	S	1	46
230.8738291	230.8954692	46	B	1	46
230.8954692	231.0442447	61	R	1	46
231.0442447	231.242	32	IY1	1	46
241.0540616	241.1081617	54	K	1	47
241.1081617	241.212	13	AW1	1	47
241.212	241.262	58	N	1	47
241.262	241.2934548	64	T	1	47
241.2934548	241.331325	49	DH	1	47
241.331325	241.382	6	AH0	1	47
241.382	241.4516978	58	N	1	47
241.4516978	241.5559852	7	AH1	1	47
241.5559852	241.5869483	57	M	1	47
241.5869483	241.6126459	46	B	1	47
241.6126459	241.8180666	21	ER0	1	47
241.8180666	242.0194487	7	AH1	1	47
242.0194487	242.0938364	66	V	1	47
242.0938364	242.1831017	74	sp	1	47
242.1831017	242.283187	64	T	1	47
242.283187	242.3724243	32	IY1	1	47
242.3724243	242.5090272	62	S	1	47
242.5090272	242.5468973	60	P	1	47
242.5468973	242.6848527	45	UW2	1	47
242.6848527	242.722	58	N	1	47
242.722	242.7785649	69	Z	1	47
242.7785649	242.872	7	AH1	1	47
242.872	242.9157019	66	V	1	47
242.9157019	243.0558283	62	S	1	47
243.0558283	243.2127188	38	OY1	1	47
243.2127188	243.3476682	62	S	1	47
243.3476682	243.5126738	11	AO2	1	47
243.5126738	243.6222266	62	S	1	47
243.6222266	243.6560392	49	DH	1	47
243.6560392	243.7642396	6	AH0	1	47
243.7642396	243.8805549	64	T	1	47
243.8805549	243.89949	68	Y	1	47
243.89949	243.9833453	44	UW1	1	47
243.9833453	244.309343	4	AE1	1	47
244.309343	244.452	48	D	1	47
254.8089832	254.8319758	46	B	1	48
254.8319758	254.992	4	AE1	1	48
254.992	255.0835416	51	G	1	48
255.0835416	255.1511668	60	P	1	48
255.1511668	255.2945323	17	AY2	1	48
255.2945323	255.3256399	60	P	1	48
255.3256399	255.4014705	62	S	1	48
255.4014705	255.472	4	AE1	1	48
255.472	255.562	58	N	1	48
255.562	255.6122704	48	D	1	48
255.6122704	255.6257955	46	B	1	48
255.6257955	255.7575656	1	AA1	1	48
255.7575656	255.8236879	59	NG	1	48
255.8236879	255.8683651	51	G	1	48
255.8683651	256.0309901	36	OW2	1	48
256.0309901	256.109622	69	Z	1	48
256.109622	256.2365052	21	ER0	1	48
256.2365052	256.3204984	57	M	1	48
256.3204984	256.3580272	68	Y	1	48
256.3580272	256.4187882	44	UW1	1	48
256.4187882	256.509208	69	Z	1	48
256.509208	256.569969	27	IH0	1	48
256.569969	256.6128591	54	K	1	48
256.6128591	256.6539621	6	AH0	1	48
256.6539621	256.754039	56	L	1	48
256.754039	256.8398193	28	IH1	1	48
256.8398193	256.8773481	58	N	1	48
256.8773481	257.0238893	62	S	1	48
257.0238893	257.0417602	64	T	1	48
257.0417602	257.0703536	61	R	1	48
257.0703536	257.1329017	6	AH0	1	48
257.1329017	257.1847273	57	M	1	48
257.1847273	257.3098234	6	AH0	1	48
257.3098234	257.3956036	58	N	1	48
257.3956036	257.4331325	64	T	1	48
257.4331325	257.7180861	62	S	1	48
269.5816938	269.6746224	52	HH	1	49
269.6746224	269.8729892	13	AW1	1	49
269.8729892	269.8997955	51	G	1	49
269.8997955	270.0052337	41	UH1	1	49
270.0052337	270.0302529	48	D	1	49
270.0302529	270.112459	6	AH0	1	49
270.112459	270.255426	69	Z	1	49
270.255426	270.2888821	68	Y	1	49
270.2888821	270.3626513	41	UH1	1	49
270.3626513	270.4222719	61	R	1	49
270.4222719	270.4490782	19	EH1	1	49
270.4490782	270.5420068	58	N	1	49
270.5420068	270.5652389	48	D	1	49
270.5652389	270.7171414	21	ER0	1	49
270.7171414	270.8225796	6	AH0	1	49
270.8225796	270.9197283	58	N	1	49
270.9197283	271.2849044	62	S	1	49
304.3550761	304.462	21	ER0	1	0
304.462	304.5409333	68	Y	1	0
304.5409333	304.602	41	UH1	1	0
304.602	304.6910487	61	R	1	0
304.6910487	304.722	51	G	1	0
304.722	304.8018481	61	R	1	0
304.8018481	304.9537506	25	EY1	1	0
304.9537506	304.9787698	48	D	1	0
304.9787698	305.032	69	Z	1	0
305.032	305.1074402	52	HH	1	0
305.1074402	305.2587412	16	AY1	1	0
305.2587412	305.402	21	ER0	1	0
305.402	305.502	10	AO1	1	0
305.502	305.5960572	61	R	1	0
305.5960572	305.6854116	56	L	1	0
305.6854116	305.855185	35	OW1	1	0
305.855185	305.9365833	21	ER0	1	0
305.9365833	306.0037038	49	DH	1	0
306.0037038	306.0608907	6	AH0	1	0
306.0608907	306.112	58	N	1	0
306.112	306.1637247	58	N	1	0
306.1637247	306.332	4	AE1	1	0
306.332	306.392	58	N	1	0
306.392	306.5067688	62	S	1	0
306.5067688	306.7338058	31	IY0	1	0
306.7338058	306.9648034	69	Z	1	0
315.4654894	315.5870113	63	SH	1	1
315.5870113	315.6888754	32	IY1	1	1
315.6888754	315.8175457	67	W	1	1
315.8175457	315.992	10	AO1	1	1
315.992	316.128499	61	R	1	1
316.128499	316.212	67	W	1	1
316.212	316.3143562	10	AO1	1	1
316.3143562	316.382	61	R	1	1
316.382	316.4859166	57	M	1	1
316.4859166	316.6214697	50	F	1	1
316.6214697	316.6822307	56	L	1	1
316.6822307	316.7626497	32	IY1	1	1
316.7626497	316.9145522	62	S	1	1
316.9145522	317.0257703	31	IY0	1	1
317.0257703	317.122	67	W	1	1
317.122	317.1848211	41	UH1	1	1
317.1848211	317.2402208	56	L	1	1
317.2402208	317.302	6	AH0	1	1
317.302	317.3414959	58	N	1	1
317.3414959	317.512	35	OW1	1	1
317.512	317.5934753	66	V	1	1
317.5934753	317.7257198	21	ER0	1	1
317.7257198	317.872	11	AO2	1	1
317.872	317.9276608	56	L	1	1
317.9276608	318.212	69	Z	1	1
328.6910556	328.772	61	R	1	2
328.772	328.8439168	32	IY1	1	2
328.8439168	328.8844797	48	D	1	2
328.8844797	328.992	27	IH0	1	2
328.992	329.0631885	59	NG	1	2
329.0631885	329.142	28	IH1	1	2
329.142	329.2714194	58	N	1	2
329.2714194	329.342	60	P	1	2
329.342	329.4082871	41	UH1	1	2
329.4082871	329.486919	61	R	1	2
329.486919	329.562	56	L	1	2
329.562	329.7619602	16	AY1	1	2
329.7619602	329.8320616	64	T	1	2
329.8320616	329.853272	51	G	1	2
329.853272	329.962	28	IH1	1	2
329.962	329.9889204	66	V	1	2
329.9889204	330.0872102	69	Z	1	2
330.0872102	330.1354616	68	Y	1	2
330.1354616	330.202	44	UW1	1	2
330.202	330.387441	16	AY1	1	2
330.387441	330.532	62	S	1	2
330.532	330.5840207	64	T	1	2
330.5840207	330.672	61	R	1	2
330.672	330.8189761	26	EY2	1	2
330.8189761	331.002	58	N	1	2
340.4562851	340.5831683	32	IY1	1	3
340.5831683	340.638568	66	V	1	3
340.638568	340.6903936	6	AH0	1	3
340.6903936	340.7279224	58	N	1	3
340.7279224	340.9535142	16	AY1	1	3
340.9535142	341.0232106	6	AH0	1	3
341.0232106	341.1072037	54	K	1	3
341.1072037	341.2643347	25	EY1	1	3
341.2643347	341.372	70	ZH	1	3
341.372	341.4251726	6	AH0	1	3
341.4251726	341.4769982	58	N	1	3
341.4769982	341.5520559	56	L	1	3
341.5520559	341.6165816	31	IY0	1	3
341.6165816	341.642	51	G	1	3
341.642	341.742	28	IH1	1	3
341.742	341.8328192	64	T	1	3
341.8328192	341.8560514	49	DH	1	3
341.8560514	341.908847	6	AH0	1	3
341.908847	342.0035627	57	M	1	3
342.0035627	342.092	7	AH1	1	3
342.092	342.1608264	58	N	1	3
342.1608264	342.1822715	48	D	1	3
342.1822715	342.3800493	26	EY2	1	3
342.3800493	342.4247265	46	B	1	3
342.4247265	342.4997842	56	L	1	3
342.4997842	342.7857183	44	UW1	1	3
342.7857183	343.052	69	Z	1	3
354.0906385	354.1291372	67	W	1	4
354.1291372	354.1837199	32	IY1	1	4
354.1837199	354.2766485	21	ER0	1	4
354.2766485	354.4607186	35	OW1	1	4
354.4607186	354.489312	60	P	1	4
354.489312	354.522	6	AH0	1	4
354.522	354.5643697	58	N	1	4
354.5643697	354.7269572	19	EH1	1	4
354.7269572	354.7698473	66	V	1	4
354.7698473	354.832	61	R	1	4
354.832	354.902	31	IY0	1	4
354.902	354.952	57	M	1	4
354.952	355.0539943	7	AH1	1	4
355.0539943	355.1254778	58	N	1	4
355.1254778	355.1469229	48	D	1	4
355.1469229	355.2952512	26	EY2	1	4
355.2952512	355.452	32	IY1	1	4
355.452	355.5339992	66	V	1	4
355.5339992	355.5751022	58	N	1	4
355.5751022	355.7430885	27	IH0	1	4
355.7430885	355.8492755	59	NG	1	4
369.5548023	369.6513051	6	AH0	1	5
369.6513051	369.6673889	64	T	1	5
369.6673889	369.752	62	S	1	5
369.752	369.808208	58	N	1	5
369.808208	369.9767028	1	AA1	1	5
369.9767028	370.032	64	T	1	5
370.032	370.2174511	32	IY1	1	5
370.2174511	370.296083	69	Z	1	5
370.296083	370.4354759	31	IY0	1	5
370.4354759	370.5105336	64	T	1	5
370.5105336	370.5820171	44	UW1	1	5
370.5820171	370.6803647	54	K	1	5
370.6803647	370.7339773	61	R	1	5
370.7339773	370.78759	31	IY0	1	5
370.78759	370.8858798	25	EY1	1	5
370.8858798	370.9108991	64	T	1	5
370.9108991	370.992	29	IH2	1	5
370.992	371.030634	56	L	1	5
371.030634	371.11284	44	UW1	1	5
371.11284	371.1861106	57	M	1	5
371.1861106	371.232	6	AH0	1	5
371.232	371.275465	58	N	1	5
371.275465	371.4162038	26	EY2	1	5
371.4162038	371.457159	64	T	1	5
371.457159	371.522	27	IH0	1	5
371.522	371.5929777	59	NG	1	5
371.5929777	371.706195	27	IH0	1	5
371.706195	371.7538157	51	G	1	5
371.7538157	371.8274096	69	Z	1	5
371.8274096	371.982	4	AE1	1	5
371.982	372.0901116	57	M	1	5
372.0901116	372.1169179	60	P	1	5
372.1169179	372.1723176	6	AH0	1	5
372.1723176	372.2938396	56	L	1	5
372.2938396	372.552	69	Z	1	5
381.3250697	381.4573142	57	M	1	6
381.4573142	381.5788362	7	AH1	1	6
381.5788362	381.682	57	M	1	6
381.682	381.842	62	S	1	6
381.842	381.8871854	64	T	1	6
381.8871854	381.932	61	R	1	6
381.932	382.032	10	AO1	1	6
382.032	382.122	59	NG	1	6
382.122	382.1659712	56	L	1	6
382.1659712	382.2996419	31	IY0	1	6
382.2996419	382.3264482	48	D	1	6
382.3264482	382.3907834	29	IH2	1	6
382.3907834	382.5176666	62	S	1	6
382.5176666	382.572	56	L	1	6
382.572	382.6427628	16	AY1	1	6
382.6427628	382.6695691	54	K	1	6
382.6695691	382.7419274	62	S	1	6
382.7419274	382.9581651	4	AE1	1	6
382.9581651	382.9939068	60	P	1	6
382.9939068	383.0779	6	AH0	1	6
383.0779	383.146228	64	T	1	6
383.146228	383.3124271	17	AY2	1	6
383.3124271	383.4125041	69	Z	1	6
383.4125041	383.5840645	21	ER0	1	6
383.5840645	383.822	69	Z	1	6
395.9630649	396.0005938	49	DH	1	7
396.0005938	396.1042449	35	OW1	1	7
396.1042449	396.2239798	69	Z	1	7
396.2239798	396.2382765	52	HH	1	7
396.2382765	396.350863	44	UW1	1	7
396.350863	396.4420045	64	T	1	7
396.4420045	396.5446105	32	IY1	1	7
396.5446105	396.6375391	47	CH	1	7
396.6375391	396.7000872	66	V	1	7
396.7000872	396.842	4	AE1	1	7
396.842	396.9056023	56	L	1	7
396.9056023	397.0074663	68	Y	1	7
397.0074663	397.0724482	43	UW0	1	7
397.0724482	397.192	69	Z	1	7
397.192	397.2779633	50	F	1	7
397.2779633	397.3637436	22	ER1	1	7
397.3637436	397.452	62	S	1	7
397.452	397.498061	64	T	1	7
397.498061	397.6094494	6	AH0	1	7
397.6094494	397.6326816	46	B	1	7
397.6326816	397.752	1	AA1	1	7
397.752	397.8113904	56	L	1	7
397.8113904	397.8608399	29	IH2	1	7
397.8608399	397.9984457	63	SH	1	7
397.9984457	398.1163935	47	CH	1	7
398.1163935	398.268296	32	IY1	1	7
398.268296	398.2933152	64	T	1	7
398.2933152	398.4613015	27	IH0	1	7
398.4613015	398.612	59	NG	1	7
416.3657935	416.412	49	DH	1	8
416.412	416.4462124	6	AH0	1	8
416.4462124	416.5584074	50	F	1	8
416.5584074	416.602	61	R	1	8
416.602	416.7237267	16	AY1	1	8
416.7237267	416.7518045	64	T	1	8
416.7518045	416.7696754	6	AH0	1	8
416.7696754	416.8181173	58	N	1	8
416.8181173	416.852072	48	D	1	8
416.852072	416.9682327	47	CH	1	8
416.9682327	417.1344319	16	AY1	1	8
417.1344319	417.19698	56	L	1	8
417.19698	417.2237863	48	D	1	8
417.2237863	417.282	67	W	1	8
417.282	417.3327987	6	AH0	1	8
417.3327987	417.4547872	69	Z	1	8
417.4547872	417.5186558	53	JH	1	8
417.5186558	417.5980297	19	EH1	1	8
417.5980297	417.622	58	N	1	8
417.622	417.6498552	64	T	1	8
417.6498552	417.702	56	L	1	8
417.702	417.7471474	31	IY0	1	8
417.7471474	417.8911121	62	S	1	8
417.8911121	417.9790981	6	AH0	1	8
417.9790981	418.0085556	46	B	1	8
418.0085556	418.0358663	48	D	1	8
418.0358663	418.162	44	UW1	1	8
418.162	418.2400129	48	D	1	8
418.2400129	418.2543096	46	B	1	8
418.2543096	418.382	16	AY1	1	8
418.382	418.422	52	HH	1	8
418.422	418.462	28	IH1	1	8
418.462	418.6175479	69	Z	1	8
418.6175479	418.6272221	46	B	1	8
418.6272221	418.728673	28	IH1	1	8
418.728673	418.8255888	51	G	1	8
418.8255888	418.8541823	46	B	1	8
418.8541823	418.9138694	61	R	1	8
418.9138694	419.0477372	7	AH1	1	8
419.0477372	419.0811049	49	DH	1	8
419.0811049	419.282	21	ER0	1	8
1148.381809	1148.412533	51	G	2	11
1148.412533	1148.440106	56	L	2	11
1148.440106	1148.506913	44	UW1	2	11
1148.506913	1148.607794	54	K	2	11
1148.607794	1148.738099	36	OW2	2	11
1148.738099	1148.870783	62	S	2	11
1148.870783	1148.902163	6	AH0	2	11
1148.902163	1148.959672	58	N	2	11
1148.959672	1149.087295	50	F	2	11
1149.087295	1149.142	61	R	2	11
1149.142	1149.182	44	UW1	2	11
1149.182	1149.29564	54	K	2	11
1149.29564	1149.349543	64	T	2	11
1149.349543	1149.559097	36	OW2	2	11
1149.559097	1149.669871	62	S	2	11
1149.669871	1149.772	21	ER0	2	11
1149.772	1149.843186	58	N	2	11
1149.843186	1149.972	4	AE1	2	11
1149.972	1150.091899	47	CH	2	11
1150.091899	1150.112	61	R	2	11
1150.112	1150.142	6	AH0	2	11
1150.142	1150.162013	56	L	2	11
1150.162013	1150.300665	63	SH	2	11
1150.300665	1150.396776	41	UH1	2	11
1150.396776	1150.432	51	G	2	11
1150.432	1150.54768	21	ER0	2	11
1150.54768	1150.639852	69	Z	2	11
1150.639852	1150.707603	50	F	2	11
1150.707603	1150.812	13	AW1	2	11
1150.812	1150.852	58	N	2	11
1150.852	1150.882	48	D	2	11
1150.882	1150.922	6	AH0	2	11
1150.922	1150.985416	58	N	2	11
1150.985416	1151.115403	50	F	2	11
1151.115403	1151.196546	61	R	2	11
1151.196546	1151.306315	44	UW1	2	11
1151.306315	1151.332312	64	T	2	11
1160.427357	1160.542	21	ER0	2	12
1160.542	1160.632	68	Y	2	12
1160.632	1160.682	44	UW1	2	12
1160.682	1160.712	56	L	2	12
1160.712	1160.782653	41	UH1	2	12
1160.782653	1160.864584	54	K	2	12
1160.864584	1160.912	27	IH0	2	12
1160.912	1161.03361	59	NG	2	12
1161.03361	1161.07949	50	F	2	12
1161.07949	1161.142	21	ER0	2	12
1161.142	1161.172	6	AH0	2	12
1161.172	1161.289838	57	M	2	12
1161.289838	1161.347347	60	P	2	12
1161.347347	1161.392	56	L	2	12
1161.392	1161.499392	38	OY1	2	12
1161.499392	1161.577384	57	M	2	12
1161.577384	1161.66271	6	AH0	2	12
1161.66271	1161.685557	58	N	2	12
1161.685557	1161.731249	64	T	2	12
1169.726652	1169.768405	54	K	2	13
1169.768405	1169.884211	1	AA1	2	13
1169.884211	1169.980323	50	F	2	13
1169.980323	1170.086675	31	IY0	2	13
1170.086675	1170.133155	28	IH1	2	13
1170.133155	1170.217524	69	Z	2	13
1170.217524	1170.254551	51	G	2	13
1170.254551	1170.327816	61	R	2	13
1170.327816	1170.372	35	OW1	2	13
1170.372	1170.412	58	N	2	13
1170.412	1170.472	1	AA1	2	13
1170.472	1170.532	58	N	2	13
1170.532	1170.687751	62	S	2	13
1170.687751	1170.73817	64	T	2	13
1170.73817	1170.827978	32	IY1	2	13
1170.827978	1170.918792	60	P	2	13
1170.918792	1170.977089	53	JH	2	13
1170.977089	1171.062	7	AH1	2	13
1171.062	1171.112	59	NG	2	13
1171.112	1171.155661	51	G	2	13
1171.155661	1171.192	6	AH0	2	13
1171.192	1171.222	56	L	2	13
1171.222	1171.252	56	L	2	13
1171.252	1171.428049	16	AY1	2	13
1171.428049	1171.442	54	K	2	13
1171.442	1171.59953	62	S	2	13
1171.59953	1171.652	56	L	2	13
1171.652	1171.782	35	OW1	2	13
1171.782	1171.812	60	P	2	13
1171.812	1171.899328	62	S	2	13
1171.899328	1171.932	6	AH0	2	13
1171.932	1172.013558	58	N	2	13
1172.013558	1172.072	64	T	2	13
1172.072	1172.132	19	EH1	2	13
1172.132	1172.215241	57	M	2	13
1172.215241	1172.232	60	P	2	13
1172.232	1172.272	21	ER0	2	13
1172.272	1172.342076	6	AH0	2	13
1172.342076	1172.362	64	T	2	13
1172.362	1172.442	69	Z	2	13
1172.442	1172.642	35	OW1	2	13
1172.642	1172.722	58	N	2	13
1172.722	1172.89113	69	Z	2	13
1182.304707	1182.349426	67	W	2	14
1182.349426	1182.399417	32	IY1	2	14
1182.399417	1182.449048	67	W	2	14
1182.449048	1182.515651	19	EH1	2	14
1182.515651	1182.556617	56	L	2	14
1182.556617	1182.633033	54	K	2	14
1182.633033	1182.682	6	AH0	2	14
1182.682	1182.712	57	M	2	14
1182.712	1182.772848	57	M	2	14
1182.772848	1182.835493	19	EH1	2	14
1182.835493	1182.877014	58	N	2	14
1182.877014	1182.952	31	IY0	2	14
1182.952	1183.012467	58	N	2	14
1183.012467	1183.102	44	UW1	2	14
1183.102	1183.249575	62	S	2	14
1183.249575	1183.286331	64	T	2	14
1183.286331	1183.372	44	UW1	2	14
1183.372	1183.404768	48	D	2	14
1183.404768	1183.462	6	AH0	2	14
1183.462	1183.522	58	N	2	14
1183.522	1183.557302	64	T	2	14
1183.557302	1183.620605	62	S	2	14
1183.620605	1183.717882	32	IY1	2	14
1183.717882	1183.825427	47	CH	2	14
1183.825427	1183.909197	68	Y	2	14
1183.909197	1184.001087	28	IH1	2	14
1184.001087	1184.119524	61	R	2	14
1192.389496	1192.425453	35	OW1	2	15
1192.425453	1192.459529	58	N	2	15
1192.459529	1192.511225	56	L	2	15
1192.511225	1192.571146	31	IY0	2	15
1192.571146	1192.59112	49	DH	2	15
1192.59112	1192.698457	7	AH1	2	15
1192.698457	1192.712	46	B	2	15
1192.712	1192.785157	19	EH1	2	15
1192.785157	1192.857351	62	S	2	15
1192.857351	1192.922	64	T	2	15
1192.922	1192.97037	60	P	2	15
1192.97037	1193.012	56	L	2	15
1193.012	1193.112	25	EY1	2	15
1193.112	1193.199708	21	ER0	2	15
1193.199708	1193.312	69	Z	2	15
1193.312	1193.342	6	AH0	2	15
1193.342	1193.372	58	N	2	15
1193.372	1193.424776	53	JH	2	15
1193.424776	1193.635397	38	OY1	2	15
1193.635397	1193.6575	60	P	2	15
1193.6575	1193.827166	2	AA2	2	15
1193.827166	1193.870071	60	P	2	15
1193.870071	1193.892	68	Y	2	15
1193.892	1193.922	6	AH0	2	15
1193.922	1193.952	56	L	2	15
1193.952	1194.051108	19	EH1	2	15
1194.051108	1194.132	61	R	2	15
1194.132	1194.205297	6	AH0	2	15
1194.205297	1194.277454	64	T	2	15
1194.277454	1194.412	31	IY0	2	15
1202.839489	1202.880584	54	K	2	16
1202.880584	1202.953031	4	AE1	2	16
1202.953031	1203.002	56	L	2	16
1203.002	1203.1183	62	S	2	16
1203.1183	1203.172	31	IY0	2	16
1203.172	1203.202	6	AH0	2	16
1203.202	1203.252	57	M	2	16
1203.252	1203.292625	57	M	2	16
1203.292625	1203.392	25	EY1	2	16
1203.392	1203.432	54	K	2	16
1203.432	1203.532	62	S	2	16
1203.532	1203.611386	46	B	2	16
1203.611386	1203.792	35	OW1	2	16
1203.792	1203.862	58	N	2	16
1203.862	1203.973619	69	Z	2	16
1203.973619	1203.992	6	AH0	2	16
1203.992	1204.022	58	N	2	16
1204.022	1204.052	48	D	2	16
1204.052	1204.130421	64	T	2	16
1204.130421	1204.210856	32	IY1	2	16
1204.210856	1204.272	65	TH	2	16
1204.272	1204.422	62	S	2	16
1204.422	1204.462635	64	T	2	16
1204.462635	1204.56633	61	R	2	16
1204.56633	1204.732	10	AO1	2	16
1204.732	1204.819407	59	NG	2	16
1214.110863	1214.210478	58	N	2	17
1214.210478	1214.287452	7	AH1	2	17
1214.287452	1214.35636	65	TH	2	17
1214.35636	1214.470833	27	IH0	2	17
1214.470833	1214.52064	59	NG	2	17
1214.52064	1214.662	28	IH1	2	17
1214.662	1214.744772	69	Z	2	17
1214.744772	1214.898721	19	EH1	2	17
1214.898721	1214.987016	69	Z	2	17
1214.987016	1215.052671	6	AH0	2	17
1215.052671	1215.172	50	F	2	17
1215.172	1215.252	19	EH1	2	17
1215.252	1215.30448	58	N	2	17
1215.30448	1215.424563	62	S	2	17
1215.424563	1215.612	27	IH0	2	17
1215.612	1215.770948	66	V	2	17
1215.770948	1215.868299	4	AE1	2	17
1215.868299	1215.972	69	Z	2	17
1215.972	1216.062	28	IH1	2	17
1216.062	1216.112806	58	N	2	17
1216.112806	1216.162	6	AH0	2	17
1216.162	1216.289525	62	S	2	17
1216.289525	1216.372	6	AH0	2	17
1216.372	1216.465234	58	N	2	17
1216.465234	1216.752	62	S	2	17
1226.181626	1226.362	62	S	2	18
1226.362	1226.412	64	T	2	18
1226.412	1226.528146	32	IY1	2	18
1226.528146	1226.595328	66	V	2	18
1226.595328	1226.622	67	W	2	18
1226.622	1226.692	10	AO1	2	18
1226.692	1226.782	61	R	2	18
1226.782	1226.894412	6	AH0	2	18
1226.894412	1226.922	46	B	2	18
1226.922	1226.972	61	R	2	18
1226.972	1227.062	16	AY1	2	18
1227.062	1227.150239	64	T	2	18
1227.150239	1227.252	61	R	2	18
1227.252	1227.362	19	EH1	2	18
1227.362	1227.478513	48	D	2	18
1227.478513	1227.524648	54	K	2	18
1227.524648	1227.666422	4	AE1	2	18
1227.666422	1227.772	70	ZH	2	18
1227.772	1227.840747	57	M	2	18
1227.840747	1227.902	27	IH0	2	18
1227.902	1227.935833	61	R	2	18
1227.935833	1228.100476	62	S	2	18
1228.100476	1228.154811	67	W	2	18
1228.154811	1228.242	19	EH1	2	18
1228.242	1228.304445	64	T	2	18
1228.304445	1228.522	21	ER0	2	18
1236.99206	1237.032419	46	B	2	19
1237.032419	1237.116578	1	AA1	2	19
1237.116578	1237.159593	61	R	2	19
1237.159593	1237.182233	46	B	2	19
1237.182233	1237.288639	69	Z	2	19
1237.288639	1237.342	51	G	2	19
1237.342	1237.431268	35	OW1	2	19
1237.431268	1237.502	56	L	2	19
1237.502	1237.564842	48	D	2	19
1237.564842	1237.589746	46	B	2	19
1237.589746	1237.642	61	R	2	19
1237.642	1237.738903	25	EY1	2	19
1237.738903	1237.886311	62	S	2	19
1237.886311	1237.922	56	L	2	19
1237.922	1238.012	6	AH0	2	19
1238.012	1238.087889	64	T	2	19
1238.087889	1238.171656	67	W	2	19
1238.171656	1238.225991	7	AH1	2	19
1238.225991	1238.319341	69	Z	2	19
1238.319341	1238.51125	25	EY1	2	19
1238.51125	1238.561057	51	G	2	19
1238.561057	1238.595016	61	R	2	19
1238.595016	1238.696894	5	AE2	2	19
1238.696894	1238.783745	53	JH	2	19
1238.783745	1238.862	43	UW0	2	19
1238.862	1238.945342	25	EY1	2	19
1238.945342	1239.065992	63	SH	2	19
1239.065992	1239.102	6	AH0	2	19
1239.102	1239.170135	58	N	2	19
1239.170135	1239.208622	60	P	2	19
1239.208622	1239.242	61	R	2	19
1239.242	1239.362571	19	EH1	2	19
1239.362571	1239.492	69	Z	2	19
1239.492	1239.582	6	AH0	2	19
1239.582	1239.639584	58	N	2	19
1239.639584	1239.670327	64	T	2	19
1248.492559	1248.562463	48	D	2	20
1248.562463	1248.630382	61	R	2	20
1248.630382	1248.920169	10	AO1	2	20
1248.920169	1249.019783	19	EH1	2	20
1249.019783	1249.071854	66	V	2	20
1249.071854	1249.112561	61	R	2	20
1249.112561	1249.178374	31	IY0	2	20
1249.178374	1249.350851	13	AW1	2	20
1249.350851	1249.392	64	T	2	20
1249.392	1249.450465	21	ER0	2	20
1249.450465	1249.535495	56	L	2	20
1249.535495	1249.642	16	AY1	2	20
1249.642	1249.742516	58	N	2	20
1249.742516	1249.842	50	F	2	20
1249.842	1250.005618	22	ER1	2	20
1250.005618	1250.156565	62	S	2	20
1250.156565	1250.202	64	T	2	20
1250.202	1250.232	49	DH	2	20
1250.232	1250.292	19	EH1	2	20
1250.292	1250.383043	58	N	2	20
1250.383043	1250.520616	50	F	2	20
1250.520616	1250.659902	28	IH1	2	20
1250.659902	1250.822	56	L	2	20
1250.822	1250.911201	28	IH1	2	20
1250.911201	1251.015343	58	N	2	20
1251.015343	1251.042	49	DH	2	20
1251.042	1251.140512	6	AH0	2	20
1251.140512	1251.24239	29	IH2	2	20
1251.24239	1251.35106	58	N	2	20
1251.35106	1251.432	64	T	2	20
1251.432	1251.573271	28	IH1	2	20
1251.573271	1251.684095	61	R	2	20
1251.684095	1251.778948	31	IY0	2	20
1251.778948	1251.962	21	ER0	2	20
1262.202922	1262.224061	49	DH	2	21
1262.224061	1262.250921	6	AH0	2	21
1262.250921	1262.33016	67	W	2	21
1262.33016	1262.384086	10	AO1	2	21
1262.384086	1262.402197	64	T	2	21
1262.402197	1262.522	21	ER0	2	21
1262.522	1262.596898	54	K	2	21
1262.596898	1262.632	6	AH0	2	21
1262.632	1262.721416	58	N	2	21
1262.721416	1262.780929	64	T	2	21
1262.780929	1262.898655	25	EY1	2	21
1262.898655	1262.952	58	N	2	21
1262.952	1262.968838	48	D	2	21
1262.968838	1263.041284	64	T	2	21
1263.041284	1263.112	44	UW1	2	21
1263.112	1263.152	57	M	2	21
1263.152	1263.232	7	AH1	2	21
1263.232	1263.378614	47	CH	2	21
1263.378614	1263.452	54	K	2	21
1263.452	1263.525772	56	L	2	21
1263.525772	1263.636706	10	AO1	2	21
1263.636706	1263.712	61	R	2	21
1263.712	1263.784682	31	IY0	2	21
1263.784682	1263.841281	58	N	2	21
1263.841281	1263.962	4	AE1	2	21
1263.962	1264.022398	58	N	2	21
1264.022398	1264.038246	48	D	2	21
1264.038246	1264.185662	62	S	2	21
1264.185662	1264.2094	64	T	2	21
1264.2094	1264.292	7	AH1	2	21
1264.292	1264.352	59	NG	2	21
1264.352	1264.382	52	HH	2	21
1264.382	1264.434439	28	IH1	2	21
1264.434439	1264.542	69	Z	2	21
1264.542	1264.855535	16	AY1	2	21
1264.855535	1265.112	69	Z	2	21
1274.785436	1274.850575	53	JH	2	22
1274.850575	1274.982	1	AA1	2	22
1274.982	1275.035168	58	N	2	22
1275.035168	1275.098287	69	Z	2	22
1275.098287	1275.166478	46	B	2	22
1275.166478	1275.202	61	R	2	22
1275.202	1275.28194	7	AH1	2	22
1275.28194	1275.324069	49	DH	2	22
1275.324069	1275.417695	21	ER0	2	22
1275.417695	1275.482	61	R	2	22
1275.482	1275.641909	31	IY0	2	22
1275.641909	1275.723412	60	P	2	22
1275.723412	1275.822	25	EY1	2	22
1275.822	1275.906793	58	N	2	22
1275.906793	1275.959803	64	T	2	22
1275.959803	1276.012	6	AH0	2	22
1276.012	1276.042	48	D	2	22
1276.042	1276.072	49	DH	2	22
1276.072	1276.165824	6	AH0	2	22
1276.165824	1276.206976	51	G	2	22
1276.206976	1276.28721	21	ER0	2	22
1276.28721	1276.434368	1	AA1	2	22
1276.434368	1276.590315	70	ZH	2	22
1276.590315	1276.63586	48	D	2	22
1276.63586	1276.772	10	AO1	2	22
1276.772	1276.912	61	R	2	22
1287.020445	1287.100284	47	CH	2	23
1287.100284	1287.20251	4	AE1	2	23
1287.20251	1287.240997	56	L	2	23
1287.240997	1287.304388	6	AH0	2	23
1287.304388	1287.342	58	N	2	23
1287.342	1287.433294	53	JH	2	23
1287.433294	1287.552904	32	IY1	2	23
1287.552904	1287.712	47	CH	2	23
1287.712	1287.816043	53	JH	2	23
1287.816043	1287.884612	19	EH1	2	23
1287.884612	1287.942	58	N	2	23
1287.942	1288.00913	21	ER0	2	23
1288.00913	1288.062	6	AH0	2	23
1288.062	1288.115536	56	L	2	23
1288.115536	1288.212	69	Z	2	23
1288.212	1288.242	29	IH2	2	23
1288.242	1288.29916	58	N	2	23
1288.29916	1288.332	64	T	2	23
1288.332	1288.400795	19	EH1	2	23
1288.400795	1288.482298	56	L	2	23
1288.482298	1288.5638	6	AH0	2	23
1288.5638	1288.643039	53	JH	2	23
1288.643039	1288.742653	6	AH0	2	23
1288.742653	1288.813589	58	N	2	23
1288.813589	1289.052	62	S	2	23
1297.606885	1297.692	5	AE2	2	24
1297.692	1297.755046	57	M	2	24
1297.755046	1297.773158	46	B	2	24
1297.773158	1297.792	6	AH0	2	24
1297.792	1297.835193	48	D	2	24
1297.835193	1297.962	19	EH1	2	24
1297.962	1298.002	54	K	2	24
1298.002	1298.072	62	S	2	24
1298.072	1298.115016	64	T	2	24
1298.115016	1298.148975	61	R	2	24
1298.148975	1298.172	6	AH0	2	24
1298.172	1298.338578	62	S	2	24
1298.338578	1298.359523	60	P	2	24
1298.359523	1298.428912	28	IH1	2	24
1298.428912	1298.549696	54	K	2	24
1298.549696	1298.583655	60	P	2	24
1298.583655	1298.739868	2	AA2	2	24
1298.739868	1298.782	54	K	2	24
1298.782	1298.859858	6	AH0	2	24
1298.859858	1298.882498	64	T	2	24
1298.882498	1298.928018	62	S	2	24
1298.928018	1299.011785	6	AH0	2	24
1299.011785	1299.092	54	K	2	24
1299.092	1299.172526	1	AA1	2	24
1299.172526	1299.251764	57	M	2	24
1299.251764	1299.278932	60	P	2	24
1299.278932	1299.308363	56	L	2	24
1299.308363	1299.342	27	IH0	2	24
1299.342	1299.452	63	SH	2	24
1299.452	1299.534759	57	M	2	24
1299.534759	1299.672	10	AO1	2	24
1299.672	1299.842	61	R	2	24
1310.181581	1310.249674	6	AH0	2	25
1310.249674	1310.331177	57	M	2	25
1310.331177	1310.402	7	AH1	2	25
1310.402	1310.525878	62	S	2	25
1310.525878	1310.591532	54	K	2	25
1310.591532	1310.632	68	Y	2	25
1310.632	1310.676816	6	AH0	2	25
1310.676816	1310.715304	56	L	2	25
1310.715304	1310.792	21	ER0	2	25
1310.792	1310.962	4	AE1	2	25
1310.962	1311.05037	46	B	2	25
1311.05037	1311.079801	48	D	2	25
1311.079801	1311.134136	6	AH0	2	25
1311.134136	1311.204319	57	M	2	25
1311.204319	1311.288327	6	AH0	2	25
1311.288327	1311.322	58	N	2	25
1311.322	1311.408316	28	IH1	2	25
1311.408316	1311.512	69	Z	2	25
1311.512	1311.555474	51	G	2	25
1311.555474	1311.63924	41	UH1	2	25
1311.63924	1311.6732	48	D	2	25
1311.6732	1311.77055	50	F	2	25
1311.77055	1311.802245	61	R	2	25
1311.802245	1311.861108	21	ER0	2	25
1311.861108	1311.913179	68	Y	2	25
1311.913179	1311.952	41	UH1	2	25
1311.952	1312.017321	61	R	2	25
1312.017321	1312.046753	46	B	2	25
1312.046753	1312.359179	4	AE1	2	25
1312.359179	1312.492	54	K	2	25
1320.789903	1320.823863	49	DH	2	26
1320.823863	1320.922	25	EY1	2	26
1320.922	1320.998187	35	OW1	2	26
1320.998187	1321.023091	58	N	2	26
1321.023091	1321.172512	6	AH0	2	26
1321.172512	1321.192	46	B	2	26
1321.192	1321.311144	28	IH1	2	26
1321.311144	1321.352	51	G	2	26
1321.352	1321.41755	52	HH	2	26
1321.41755	1321.612251	13	AW1	2	26
1321.612251	1321.731074	62	S	2	26
1321.731074	1321.811022	28	IH1	2	26
1321.811022	1321.937941	58	N	2	26
1321.937941	1321.955915	49	DH	2	26
1321.955915	1322.019306	6	AH0	2	26
1322.019306	1322.082697	61	R	2	26
1322.082697	1322.127976	6	AH0	2	26
1322.127976	1322.201087	57	M	2	26
1322.201087	1322.34758	35	OW1	2	26
1322.34758	1322.41083	64	T	2	26
1322.41083	1322.453986	54	K	2	26
1322.453986	1322.512	7	AH1	2	26
1322.512	1322.568367	58	N	2	26
1322.568367	1322.655478	64	T	2	26
1322.655478	1322.693966	61	R	2	26
1322.693966	1322.730608	31	IY0	2	26
1322.730608	1322.870555	62	S	2	26
1322.870555	1323.14223	17	AY2	2	26
1323.14223	1323.23958	48	D	2	26
1332.91261	1332.930787	49	DH	2	27
1332.930787	1332.978199	6	AH0	2	27
1332.978199	1333.068757	61	R	2	27
1333.068757	1333.15026	35	OW1	2	27
1333.15026	1333.231762	69	Z	2	27
1333.231762	1333.261775	74	sp	2	27
1333.261775	1333.304707	54	K	2	27
1333.304707	1333.357918	9	AO0	2	27
1333.357918	1333.405461	61	R	2	27
1333.405461	1333.542	62	S	2	27
1333.542	1333.842405	1	AA1	2	27
1333.842405	1333.912	70	ZH	2	27
1333.912	1334.056852	62	S	2	27
1334.056852	1334.1254	57	M	2	27
1334.1254	1334.215959	19	EH1	2	27
1334.215959	1334.262	56	L	2	27
1334.262	1334.292	48	D	2	27
1334.292	1334.442	62	S	2	27
1334.442	1334.512537	67	W	2	27
1334.512537	1334.702	32	IY1	2	27
1334.702	1334.782	64	T	2	27
1342.723536	1342.752	49	DH	2	28
1342.752	1342.824534	4	AE1	2	28
1342.824534	1342.929047	64	T	2	28
1342.929047	1342.955662	60	P	2	28
1342.955662	1343.035963	28	IH1	2	28
1343.035963	1343.117465	54	K	2	28
1343.117465	1343.158217	60	P	2	28
1343.158217	1343.323486	2	AA2	2	28
1343.323486	1343.382349	54	K	2	28
1343.382349	1343.432	6	AH0	2	28
1343.432	1343.462	64	T	2	28
1343.462	1343.502002	67	W	2	28
1343.502002	1343.542753	7	AH1	2	28
1343.542753	1343.642367	69	Z	2	28
1343.642367	1343.714814	54	K	2	28
1343.714814	1343.832	1	AA1	2	28
1343.832	1343.862	64	T	2	28
1343.862	1343.956939	61	R	2	28
1343.956939	1344.048697	19	EH1	2	28
1344.048697	1344.088367	48	D	2	28
1344.088367	1344.163078	52	HH	2	28
1344.163078	1344.303443	4	AE1	2	28
1344.303443	1344.36457	58	N	2	28
1344.36457	1344.391255	48	D	2	28
1344.391255	1344.488158	6	AH0	2	28
1344.488158	1344.632	48	D	2	28
1353.975237	1354.011113	4	AE1	2	29
1354.011113	1354.031489	58	N	2	29
1354.031489	1354.152514	6	AH0	2	29
1354.152514	1354.239773	48	D	2	29
1354.239773	1354.307692	7	AH1	2	29
1354.307692	1354.382402	56	L	2	29
1354.382402	1354.411834	64	T	2	29
1354.411834	1354.482016	57	M	2	29
1354.482016	1354.595214	25	EY1	2	29
1354.595214	1354.649048	56	L	2	29
1354.649048	1354.7	46	B	2	29
1354.7	1354.828258	3	AE0	2	29
1354.828258	1354.892	46	B	2	29
1354.892	1355.042	44	UW1	2	29
1355.042	1355.072	58	N	2	29
1355.072	1355.19697	69	Z	2	29
1355.19697	1355.278473	64	T	2	29
1355.278473	1355.416574	32	IY1	2	29
1355.416574	1355.446006	65	TH	2	29
1355.446006	1355.513925	21	ER0	2	29
1355.513925	1355.572	58	N	2	29
1355.572	1355.712	1	AA1	2	29
1355.712	1355.747595	64	T	2	29
1355.747595	1355.892	62	S	2	29
1355.892	1355.944559	44	UW1	2	29
1355.944559	1355.976254	64	T	2	29
1355.976254	1356.030589	6	AH0	2	29
1356.030589	1356.062	46	B	2	29
1356.062	1356.114356	6	AH0	2	29
1356.114356	1356.166427	56	L	2	29
1356.166427	1356.291884	50	F	2	29
1356.291884	1356.316788	61	R	2	29
1356.316788	1356.353011	21	ER0	2	29
1356.353011	1356.474645	32	IY1	2	29
1356.474645	1356.520544	64	T	2	29
1356.520544	1356.579407	27	IH0	2	29
1356.579407	1356.636006	59	NG	2	29
1356.636006	1356.774108	63	SH	2	29
1356.774108	1356.848818	19	EH1	2	29
1356.848818	1356.921265	56	L	2	29
1356.921265	1356.99471	50	F	2	29
1356.99471	1357.145397	29	IH2	2	29
1357.145397	1357.362	63	SH	2	29
1370.371887	1370.422513	52	HH	2	30
1370.422513	1370.476848	21	ER0	2	30
1370.476848	1370.522127	67	W	2	30
1370.522127	1370.592	10	AO1	2	30
1370.592	1370.655701	61	R	2	30
1370.655701	1370.721356	48	D	2	30
1370.721356	1370.762107	61	R	2	30
1370.762107	1370.83229	36	OW2	2	30
1370.83229	1370.886625	46	B	2	30
1370.886625	1370.950196	54	K	2	30
1370.950196	1370.998089	6	AH0	2	30
1370.998089	1371.052	58	N	2	30
1371.052	1371.183734	62	S	2	30
1371.183734	1371.25618	28	IH1	2	30
1371.25618	1371.427206	62	S	2	30
1371.427206	1371.547196	35	OW1	2	30
1371.547196	1371.608725	58	N	2	30
1371.608725	1371.655866	56	L	2	30
1371.655866	1371.701145	31	IY0	2	30
1371.701145	1371.742	6	AH0	2	30
1371.742	1371.772	66	V	2	30
1371.772	1371.892	62	S	2	30
1371.892	1371.932	54	K	2	30
1371.932	1372.024891	22	ER1	2	30
1372.024891	1372.076962	64	T	2	30
1372.076962	1372.162	62	S	2	30
1372.162	1372.192	6	AH0	2	30
1372.192	1372.232	58	N	2	30
1372.232	1372.262	48	D	2	30
1372.262	1372.302	46	B	2	30
1372.302	1372.362	56	L	2	30
1372.362	1372.492	13	AW1	2	30
1372.492	1372.616949	62	S	2	30
1372.616949	1372.735438	6	AH0	2	30
1372.735438	1372.942	69	Z	2	30
1382.946116	1382.987245	49	DH	2	31
1382.987245	1383.063842	6	AH0	2	31
1383.063842	1383.152136	64	T	2	31
1383.152136	1383.247222	44	UW1	2	31
1383.247222	1383.344573	1	AA1	2	31
1383.344573	1383.4057	61	R	2	31
1383.4057	1383.432867	64	T	2	31
1383.432867	1383.511487	6	AH0	2	31
1383.511487	1383.622582	62	S	2	31
1383.622582	1383.704085	27	IH0	2	31
1383.704085	1383.738044	54	K	2	31
1383.738044	1383.803699	62	S	2	31
1383.803699	1383.907475	47	CH	2	31
1383.907475	1384.052	25	EY1	2	31
1384.052	1384.082	58	N	2	31
1384.082	1384.190836	53	JH	2	31
1384.190836	1384.211212	48	D	2	31
1384.211212	1384.352	10	AO1	2	31
1384.352	1384.39912	64	T	2	31
1384.39912	1384.507048	6	AH0	2	31
1384.507048	1384.545217	51	G	2	31
1384.545217	1384.571181	61	R	2	31
1384.571181	1384.75909	5	AE2	2	31
1384.75909	1384.802105	50	F	2	31
1384.802105	1385.032	62	S	2	31
1394.56355	1394.600285	46	B	2	32
1394.600285	1394.656306	7	AH1	2	32
1394.656306	1394.699321	64	T	2	32
1394.699321	1394.742337	21	ER0	2	32
1394.742337	1394.851007	62	S	2	32
1394.851007	1394.89855	54	K	2	32
1394.89855	1395.002	2	AA2	2	32
1395.002	1395.152	47	CH	2	32
1395.152	1395.217022	50	F	2	32
1395.217022	1395.377763	7	AH1	2	32
1395.377763	1395.509072	53	JH	2	32
1395.509072	1395.552088	51	G	2	32
1395.552088	1395.631326	35	OW1	2	32
1395.631326	1395.749052	69	Z	2	32
1395.749052	1395.832	67	W	2	32
1395.832	1395.932433	19	EH1	2	32
1395.932433	1395.973184	56	L	2	32
1395.973184	1396.020727	67	W	2	32
1396.020727	1396.063743	28	IH1	2	32
1396.063743	1396.158829	65	TH	2	32
1396.158829	1396.201844	66	V	2	32
1396.201844	1396.269763	6	AH0	2	32
1396.269763	1396.29693	58	N	2	32
1396.29693	1396.358057	28	IH1	2	32
1396.358057	1396.423712	56	L	2	32
1396.423712	1396.490138	6	AH0	2	32
1396.490138	1396.637295	16	AY1	2	32
1396.637295	1396.779809	62	S	2	32
1396.779809	1396.83426	54	K	2	32
1396.83426	1396.890859	61	R	2	32
1396.890859	1396.992	32	IY1	2	32
1396.992	1397.112	57	M	2	32
1407.15638	1407.213579	61	R	2	33
1407.213579	1407.263386	28	IH1	2	33
1407.263386	1407.462066	47	CH	2	33
1407.462066	1407.49431	60	P	2	33
1407.49431	1407.582604	22	ER1	2	33
1407.582604	1407.71165	47	CH	2	33
1407.71165	1407.770513	6	AH0	2	33
1407.770513	1407.900667	62	S	2	33
1407.900667	1407.968658	62	S	2	33
1407.968658	1408.091658	19	EH1	2	33
1408.091658	1408.150521	66	V	2	33
1408.150521	1408.191273	61	R	2	33
1408.191273	1408.247872	6	AH0	2	33
1408.247872	1408.293151	56	L	2	33
1408.293151	1408.456388	62	S	2	33
1408.456388	1408.652	16	AY1	2	33
1408.652	1408.689344	58	N	2	33
1408.689344	1408.721039	48	D	2	33
1408.721039	1408.782	56	L	2	33
1408.782	1408.852	28	IH1	2	33
1408.852	1408.936115	65	TH	2	33
1408.936115	1409.026674	6	AH0	2	33
1409.026674	1409.056105	51	G	2	33
1409.056105	1409.092	61	R	2	33
1409.092	1409.302877	5	AE2	2	33
1409.302877	1409.357212	50	F	2	33
1409.357212	1409.622	62	S	2	33
1420.494857	1420.580193	19	EH1	2	34
1420.580193	1420.627737	58	N	2	34
1420.627737	1420.759046	31	IY0	2	34
1420.759046	1420.812341	54	K	2	34
1420.812341	1420.922051	2	AA2	2	34
1420.922051	1420.953747	58	N	2	34
1420.953747	1421.051049	64	T	2	34
1421.051049	1421.066897	61	R	2	34
1421.066897	1421.132552	6	AH0	2	34
1421.132552	1421.165677	46	B	2	34
1421.165677	1421.192	68	Y	2	34
1421.192	1421.296089	44	UW1	2	34
1421.296089	1421.42582	63	SH	2	34
1421.42582	1421.470083	6	AH0	2	34
1421.470083	1421.541528	58	N	2	34
1421.541528	1421.632	69	Z	2	34
1421.632	1421.672	67	W	2	34
1421.672	1421.712	6	AH0	2	34
1421.712	1421.76646	56	L	2	34
1421.76646	1421.792	46	B	2	34
1421.792	1421.913618	32	IY1	2	34
1421.913618	1421.949841	51	G	2	34
1421.949841	1421.981536	61	R	2	34
1421.981536	1422.072095	25	EY1	2	34
1422.072095	1422.099262	64	T	2	34
1422.099262	1422.162	56	L	2	34
1422.162	1422.219252	31	IY0	2	34
1422.219252	1422.298491	6	AH0	2	34
1422.298491	1422.35509	60	P	2	34
1422.35509	1422.386785	61	R	2	34
1422.386785	1422.477344	32	IY1	2	34
1422.477344	1422.609135	63	SH	2	34
1422.609135	1422.692	31	IY0	2	34
1422.692	1422.840059	26	EY2	2	34
1422.840059	1422.892	64	T	2	34
1422.892	1423.014384	6	AH0	2	34
1423.014384	1423.122	48	D	2	34
1433.26719	1433.293102	49	DH	2	35
1433.293102	1433.371013	31	IY0	2	35
1433.371013	1433.447051	54	K	2	35
1433.447051	1433.512	61	R	2	35
1433.512	1433.585152	4	AE1	2	35
1433.585152	1433.66138	58	N	2	35
1433.66138	1433.687031	46	B	2	35
1433.687031	1433.764005	20	EH2	2	35
1433.764005	1433.809284	61	R	2	35
1433.809284	1433.942543	31	IY0	2	35
1433.942543	1433.972289	46	B	2	35
1433.972289	1434.212269	1	AA1	2	35
1434.212269	1434.289244	51	G	2	35
1434.289244	1434.323203	51	G	2	35
1434.323203	1434.438665	28	IH1	2	35
1434.438665	1434.470361	64	T	2	35
1434.470361	1434.652	62	S	2	35
1434.652	1435.057433	74	sp	2	35
1435.057433	1435.181503	66	V	2	35
1435.181503	1435.338758	19	EH1	2	35
1435.338758	1435.412	61	R	2	35
1435.412	1435.528931	31	IY0	2	35
1435.528931	1435.660653	74	sp	2	35
1435.660653	1435.721367	60	P	2	35
1435.721367	1435.784758	61	R	2	35
1435.784758	1435.838241	28	IH1	2	35
1435.838241	1435.877581	64	T	2	35
1435.877581	1436.033168	31	IY0	2	35
1436.033168	1436.182	28	IH1	2	35
1436.182	1436.23466	58	N	2	35
1436.23466	1436.490488	10	AO1	2	35
1436.490488	1436.517655	64	T	2	35
1436.517655	1436.622	6	AH0	2	35
1436.622	1436.762	57	M	2	35
1448.094224	1448.168935	52	HH	2	36
1448.168935	1448.368163	13	AW1	2	36
1448.368163	1448.402	48	D	2	36
1448.402	1448.569656	44	UW1	2	36
1448.569656	1448.710021	38	OY1	2	36
1448.710021	1448.822	62	S	2	36
1448.822	1448.86397	64	T	2	36
1448.86397	1448.947737	21	ER0	2	36
1448.947737	1449.036031	69	Z	2	36
1449.036031	1449.072255	57	M	2	36
1449.072255	1449.185453	25	EY1	2	36
1449.185453	1449.296387	54	K	2	36
1449.296387	1449.33261	60	P	2	36
1449.33261	1449.462	22	ER1	2	36
1449.462	1449.609632	56	L	2	36
1449.609632	1449.852	69	Z	2	36
1457.421981	1457.460469	57	M	2	37
1457.460469	1457.601364	25	EY1	2	37
1457.601364	1457.662	16	AY1	2	37
1457.662	1457.764369	10	AO1	2	37
1457.764369	1457.820968	61	R	2	37
1457.820968	1457.859455	48	D	2	37
1457.859455	1458.185954	21	ER0	2	37
1458.185954	1458.404901	25	EY1	2	37
1458.404901	1458.454708	60	P	2	37
1458.454708	1458.532912	1	AA1	2	37
1458.532912	1458.571399	61	R	2	37
1458.571399	1458.682333	50	F	2	37
1458.682333	1458.924408	25	EY1	2	37
1458.924408	1459.114581	4	AE1	2	37
1459.114581	1459.182	50	F	2	37
1459.182	1459.220739	64	T	2	37
1459.220739	1459.362	21	ER0	2	37
1459.362	1459.431487	16	AY1	2	37
1459.431487	1459.628197	32	IY1	2	37
1459.628197	1459.736931	64	T	2	37
1459.736931	1459.757497	48	D	2	37
1459.757497	1459.85032	28	IH1	2	37
1459.85032	1459.902391	58	N	2	37
1459.902391	1460.132	21	ER0	2	37
1470.223425	1470.322	28	IH1	2	38
1470.322	1470.38643	69	Z	2	38
1470.38643	1470.606034	63	SH	2	38
1470.606034	1470.818846	32	IY1	2	38
1470.818846	1470.846014	51	G	2	38
1470.846014	1470.988643	35	OW1	2	38
1470.988643	1471.074674	27	IH0	2	38
1471.074674	1471.131923	59	NG	2	38
1471.131923	1471.202	67	W	2	38
1471.202	1471.251913	28	IH1	2	38
1471.251913	1471.360583	65	TH	2	38
1471.360583	1471.412654	68	Y	2	38
1471.412654	1471.720553	44	UW1	2	38
1482.497004	1482.549075	54	K	2	39
1482.549075	1482.580771	6	AH0	2	39
1482.580771	1482.642	58	N	2	39
1482.642	1482.664537	49	DH	2	39
1482.664537	1482.730192	6	AH0	2	39
1482.730192	1482.886405	25	EY1	2	39
1482.886405	1482.988283	53	JH	2	39
1482.988283	1483.012	6	AH0	2	39
1483.012	1483.052	58	N	2	39
1483.052	1483.164939	62	S	2	39
1483.164939	1483.264318	31	IY0	2	39
1483.264318	1483.432	35	OW1	2	39
1483.432	1483.48845	66	V	2	39
1483.48845	1483.599384	21	ER0	2	39
1483.599384	1483.71711	65	TH	2	39
1483.71711	1483.775804	61	R	2	39
1483.775804	1483.925226	36	OW2	2	39
1483.925226	1484.097287	25	EY1	2	39
1484.097287	1484.192	56	L	2	39
1484.192	1484.242	31	IY0	2	39
1484.242	1484.303307	6	AH0	2	39
1484.303307	1484.389337	58	N	2	39
1484.389337	1484.463067	50	F	2	39
1484.463067	1484.552536	10	AO1	2	39
1484.552536	1484.624982	61	R	2	39
1484.624982	1484.770132	62	S	2	39
1484.770132	1484.917033	6	AH0	2	39
1484.917033	1485.172	69	Z	2	39
1494.632723	1494.673859	6	AH0	2	40
1494.673859	1494.814225	62	S	2	40
1494.814225	1494.854976	54	K	2	40
1494.854976	1494.884408	61	R	2	40
1494.884408	1494.961214	44	UW1	2	40
1494.961214	1495.04498	48	D	2	40
1495.04498	1495.090259	61	R	2	40
1495.090259	1495.210249	17	AY2	2	40
1495.210249	1495.266848	66	V	2	40
1495.266848	1495.332	21	ER0	2	40
1495.332	1495.419353	28	IH1	2	40
1495.419353	1495.503119	69	Z	2	40
1495.503119	1495.56651	57	M	2	40
1495.56651	1495.716172	25	EY1	2	40
1495.716172	1495.752396	48	D	2	40
1495.752396	1495.838426	50	F	2	40
1495.838426	1495.86333	21	ER0	2	40
1495.86333	1495.947096	57	M	2	40
1495.947096	1496.005959	66	V	2	40
1496.005959	1496.15538	1	AA1	2	40
1496.15538	1496.222	48	D	2	40
1496.222	1496.262	54	K	2	40
1496.262	1496.32065	6	AH0	2	40
1496.32065	1496.362	4	AE1	2	40
1496.362	1496.402	58	N	2	40
1496.402	1496.432	48	D	2	40
1496.432	1496.508558	10	AO1	2	40
1496.508558	1496.551573	61	R	2	40
1496.551573	1496.603644	6	AH0	2	40
1496.603644	1496.652	58	N	2	40
1496.652	1496.792	53	JH	2	40
1496.792	1496.849501	53	JH	2	40
1496.849501	1497.00345	44	UW1	2	40
1497.00345	1497.282	62	S	2	40
1508.185964	1508.244009	52	HH	2	41
1508.244009	1508.298686	13	AW1	2	41
1508.298686	1508.334909	57	M	2	41
1508.334909	1508.40962	7	AH1	2	41
1508.40962	1508.4931	47	CH	2	41
1508.4931	1508.549657	6	AH0	2	41
1508.549657	1508.602	56	L	2	41
1508.602	1508.753559	13	AW1	2	41
1508.753559	1508.811604	6	AH0	2	41
1508.811604	1508.842859	58	N	2	41
1508.842859	1508.948531	62	S	2	41
1508.948531	1508.99467	48	D	2	41
1508.99467	1509.032	44	UW1	2	41
1509.032	1509.069087	68	Y	2	41
1509.069087	1509.201549	44	UW1	2	41
1509.201549	1509.228339	51	G	2	41
1509.228339	1509.373285	19	EH1	2	41
1509.373285	1509.482	64	T	2	41
1516.116753	1516.345957	62	S	2	42
1516.345957	1516.450141	28	IH1	2	42
1516.450141	1516.508186	54	K	2	42
1516.508186	1516.54093	56	L	2	42
1516.54093	1516.6213	27	IH0	2	42
1516.6213	1516.662973	54	K	2	42
1516.662973	1516.702	6	AH0	2	42
1516.702	1516.774188	56	L	2	42
1516.774188	1516.851581	60	P	2	42
1516.851581	1516.89772	61	R	2	42
1516.89772	1517.015298	35	OW1	2	42
1517.015298	1517.042088	51	G	2	42
1517.042088	1517.113528	61	R	2	42
1517.113528	1517.216224	5	AE2	2	42
1517.216224	1517.262362	57	M	2	42
1517.262362	1517.373956	69	Z	2	42
1517.373956	1517.392	67	W	2	42
1517.392	1517.422	6	AH0	2	42
1517.422	1517.452	56	L	2	42
1517.452	1517.48707	58	N	2	42
1517.48707	1517.582	19	EH1	2	42
1517.582	1517.625485	66	V	2	42
1517.625485	1517.731157	21	ER0	2	42
1517.731157	1517.793667	54	K	2	42
1517.793667	1517.812	6	AH0	2	42
1517.812	1517.905293	57	M	2	42
1517.905293	1517.958873	60	P	2	42
1517.958873	1518.132	16	AY1	2	42
1518.132	1518.332	56	L	2	42
1526.43728	1526.453533	49	DH	2	43
1526.453533	1526.55047	6	AH0	2	43
1526.55047	1526.562377	46	B	2	43
1526.562377	1526.718652	1	AA1	2	43
1526.718652	1526.842	62	S	2	43
1526.842	1526.877145	64	T	2	43
1526.877145	1526.942	6	AH0	2	43
1526.942	1527.031932	58	N	2	43
1527.031932	1527.043838	46	B	2	43
1527.043838	1527.186719	3	AE0	2	43
1527.186719	1527.26222	56	L	2	43
1527.26222	1527.432	25	EY1	2	43
1527.432	1527.582	35	OW1	2	43
1527.582	1527.622	66	V	2	43
1527.622	1527.781833	21	ER0	2	43
1527.781833	1527.863482	54	K	2	43
1527.863482	1527.968192	25	EY1	2	43
1527.968192	1528.058981	57	M	2	43
1528.058981	1528.078329	49	DH	2	43
1528.078329	1528.145305	19	EH1	2	43
1528.145305	1528.188466	61	R	2	43
1528.188466	1528.295627	50	F	2	43
1528.295627	1528.38195	7	AH1	2	43
1528.38195	1528.463809	58	N	2	43
1528.463809	1528.475715	48	D	2	43
1528.475715	1528.538195	27	IH0	2	43
1528.538195	1528.612	59	NG	2	43
1528.612	1528.746562	63	SH	2	43
1528.746562	1528.822467	10	AO1	2	43
1528.822467	1528.904325	61	R	2	43
1528.904325	1528.932604	64	T	2	43
1528.932604	1529.094833	6	AH0	2	43
1529.094833	1529.322	53	JH	2	43
1542.185552	1542.272	19	EH1	2	44
1542.272	1542.302	66	V	2	44
1542.302	1542.344804	61	R	2	44
1542.344804	1542.444523	31	IY0	2	44
1542.444523	1542.51001	54	K	2	44
1542.51001	1542.7154	4	AE1	2	44
1542.7154	1542.78547	46	B	2	44
1542.78547	1542.8047	58	N	2	44
1542.8047	1542.95553	32	IY1	2	44
1542.95553	1542.97339	48	D	2	44
1542.97339	1543.032	69	Z	2	44
1543.032	1543.074597	61	R	2	44
1543.074597	1543.201106	31	IY0	2	44
1543.201106	1543.265104	60	P	2	44
1543.265104	1543.379406	25	EY1	2	44
1543.379406	1543.440428	58	N	2	44
1543.440428	1543.500125	64	T	2	44
1543.500125	1543.569913	27	IH0	2	44
1543.569913	1543.641719	59	NG	2	44
1543.641719	1543.822	10	AO1	2	44
1543.822	1543.927114	50	F	2	44
1543.927114	1543.977717	64	T	2	44
1543.977717	1544.102738	6	AH0	2	44
1544.102738	1544.252	58	N	2	44
1554.171401	1554.235399	52	HH	2	45
1554.235399	1554.29791	19	EH1	2	45
1554.29791	1554.362	56	L	2	45
1554.362	1554.466092	60	P	2	45
1554.466092	1554.483952	51	G	2	45
1554.483952	1554.548758	61	R	2	45
1554.548758	1554.709499	19	EH1	2	45
1554.709499	1554.810706	51	G	2	45
1554.810706	1554.885202	64	T	2	45
1554.885202	1554.978042	27	IH0	2	45
1554.978042	1555.008734	60	P	2	45
1555.008734	1555.118871	28	IH1	2	45
1555.118871	1555.144267	54	K	2	45
1555.144267	1555.302267	25	EY1	2	45
1555.302267	1555.3704	60	P	2	45
1555.3704	1555.481354	19	EH1	2	45
1555.481354	1555.499284	54	K	2	45
1555.499284	1555.533516	6	AH0	2	45
1555.533516	1555.65556	66	V	2	45
1555.65556	1555.689791	60	P	2	45
1555.689791	1555.786533	6	AH0	2	45
1555.786533	1555.831183	64	T	2	45
1555.831183	1556.003831	25	EY1	2	45
1556.003831	1556.035086	64	T	2	45
1556.035086	1556.227081	34	OW0	2	45
1556.227081	1556.462	69	Z	2	45
1565.488053	1565.510962	67	W	2	46
1565.510962	1565.582	32	IY1	2	46
1565.582	1565.612	56	L	2	46
1565.612	1565.742	16	AY1	2	46
1565.742	1565.7997	54	K	2	46
1565.7997	1565.830036	46	B	2	46
1565.830036	1565.872628	56	L	2	46
1565.872628	1565.957464	44	UW1	2	46
1565.957464	1566.089926	47	CH	2	46
1566.089926	1566.225364	32	IY1	2	46
1566.225364	1566.365427	69	Z	2	46
1566.365427	1566.382	46	B	2	46
1566.382	1566.432	7	AH1	2	46
1566.432	1566.529144	64	T	2	46
1566.529144	1566.570817	66	V	2	46
1566.570817	1566.645234	28	IH1	2	46
1566.645234	1566.698814	54	K	2	46
1566.698814	1566.74709	64	T	2	46
1566.74709	1566.841664	21	ER0	2	46
1566.841664	1566.901197	56	L	2	46
1566.901197	1567.014311	16	AY1	2	46
1567.014311	1567.042	54	K	2	46
1567.042	1567.178489	62	S	2	46
1567.178489	1567.200353	46	B	2	46
1567.200353	1567.291949	61	R	2	46
1567.291949	1567.492	32	IY1	2	46
1577.988355	1578.028496	54	K	2	47
1578.028496	1578.102	13	AW1	2	47
1578.102	1578.132	58	N	2	47
1578.132	1578.162	64	T	2	47
1578.162	1578.192	49	DH	2	47
1578.192	1578.242	7	AH1	2	47
1578.242	1578.305327	58	N	2	47
1578.305327	1578.382	7	AH1	2	47
1578.382	1578.458626	57	M	2	47
1578.458626	1578.474997	46	B	2	47
1578.474997	1578.562	21	ER0	2	47
1578.562	1578.625938	6	AH0	2	47
1578.625938	1578.704819	66	V	2	47
1578.704819	1578.801561	64	T	2	47
1578.801561	1578.880443	32	IY1	2	47
1578.880443	1578.962	62	S	2	47
1578.962	1579.00844	60	P	2	47
1579.00844	1579.07095	45	UW2	2	47
1579.07095	1579.10667	58	N	2	47
1579.10667	1579.182	69	Z	2	47
1579.182	1579.212	6	AH0	2	47
1579.212	1579.234605	66	V	2	47
1579.234605	1579.374619	62	S	2	47
1579.374619	1579.524941	38	OY1	2	47
1579.524941	1579.634684	62	S	2	47
1579.634684	1579.74968	11	AO2	2	47
1579.74968	1579.858218	62	S	2	47
1579.858218	1579.876079	49	DH	2	47
1579.876079	1579.934124	6	AH0	2	47
1579.934124	1580.030866	64	T	2	47
1580.030866	1580.078492	68	Y	2	47
1580.078492	1580.123142	44	UW1	2	47
1580.123142	1580.393529	4	AE1	2	47
1580.393529	1580.52748	48	D	2	47
1589.64002	1589.651032	46	B	2	48
1589.651032	1589.851957	4	AE1	2	48
1589.851957	1589.935304	51	G	2	48
1589.935304	1590.017163	60	P	2	48
1590.017163	1590.194782	17	AY2	2	48
1590.194782	1590.224549	60	P	2	48
1590.224549	1590.303431	62	S	2	48
1590.303431	1590.370406	6	AH0	2	48
1590.370406	1590.442	58	N	2	48
1590.442	1590.498403	48	D	2	48
1590.498403	1590.516263	46	B	2	48
1590.516263	1590.696352	1	AA1	2	48
1590.696352	1590.749932	59	NG	2	48
1590.749932	1590.767792	51	G	2	48
1590.767792	1590.894301	36	OW2	2	48
1590.894301	1590.966929	69	Z	2	48
1590.966929	1591.077066	21	ER0	2	48
1591.077066	1591.154459	57	M	2	48
1591.154459	1591.192	68	Y	2	48
1591.192	1591.237806	44	UW1	2	48
1591.237806	1591.342	69	Z	2	48
1591.342	1591.382	27	IH0	2	48
1591.382	1591.408649	54	K	2	48
1591.408649	1591.472	6	AH0	2	48
1591.472	1591.538198	56	L	2	48
1591.538198	1591.602	28	IH1	2	48
1591.602	1591.658754	58	N	2	48
1591.658754	1591.782	62	S	2	48
1591.782	1591.844796	64	T	2	48
1591.844796	1591.862	61	R	2	48
1591.862	1591.892	6	AH0	2	48
1591.892	1591.936662	57	M	2	48
1591.936662	1592.072	6	AH0	2	48
1592.072	1592.125681	58	N	2	48
1592.125681	1592.156936	64	T	2	48
1592.156936	1592.382	62	S	2	48
1603.511381	1603.576218	52	HH	2	49
1603.576218	1603.747487	13	AW1	2	49
1603.747487	1603.771301	51	G	2	49
1603.771301	1603.8337	41	UH1	2	49
1603.8337	1603.848584	48	D	2	49
1603.848584	1603.930442	6	AH0	2	49
1603.930442	1604.059248	69	Z	2	49
1604.059248	1604.108105	68	Y	2	49
1604.108105	1604.149778	10	AO1	2	49
1604.149778	1604.176568	61	R	2	49
1604.176568	1604.227172	19	EH1	2	49
1604.227172	1604.313495	58	N	2	49
1604.313495	1604.331355	48	D	2	49
1604.331355	1604.448934	21	ER0	2	49
1604.448934	1604.554606	6	AH0	2	49
1604.554606	1604.654324	58	N	2	49
1604.654324	1604.932802	62	S	2	49
1631.304224	1631.420601	21	ER0	2	0
1631.420601	1631.463763	68	Y	2	0
1631.463763	1631.542	41	UH1	2	0
1631.542	1631.630456	61	R	2	0
1631.630456	1631.649805	51	G	2	0
1631.649805	1631.73464	61	R	2	0
1631.73464	1631.86859	25	EY1	2	0
1631.86859	1631.88645	48	D	2	0
1631.88645	1631.942	69	Z	2	0
1631.942	1631.992	52	HH	2	0
1631.992	1632.102	16	AY1	2	0
1632.102	1632.280528	21	ER0	2	0
1632.280528	1632.422	21	ER0	2	0
1632.422	1632.522067	56	L	2	0
1632.522067	1632.676854	35	OW1	2	0
1632.676854	1632.816758	21	ER0	2	0
1632.816758	1632.848362	49	DH	2	0
1632.848362	1632.902	6	AH0	2	0
1632.902	1632.942	58	N	2	0
1632.942	1633.016544	58	N	2	0
1633.016544	1633.162	4	AE1	2	0
1633.162	1633.232353	58	N	2	0
1633.232353	1633.35142	62	S	2	0
1633.35142	1633.516625	31	IY0	2	0
1633.516625	1633.752	69	Z	2	0
1640.950659	1641.127771	63	SH	2	1
1641.127771	1641.231954	32	IY1	2	1
1641.231954	1641.292	67	W	2	1
1641.292	1641.499855	10	AO1	2	1
1641.499855	1641.684409	61	R	2	1
1641.684409	1641.802795	67	W	2	1
1641.802795	1641.932	10	AO1	2	1
1641.932	1642.061766	61	R	2	1
1642.061766	1642.208701	57	M	2	1
1642.208701	1642.360511	50	F	2	1
1642.360511	1642.411114	56	L	2	1
1642.411114	1642.462	32	IY1	2	1
1642.462	1642.611819	62	S	2	1
1642.611819	1642.716003	31	IY0	2	1
1642.716003	1642.780001	67	W	2	1
1642.780001	1642.876743	41	UH1	2	1
1642.876743	1642.922881	56	L	2	1
1642.922881	1642.967532	6	AH0	2	1
1642.967532	1643.015158	58	N	2	1
1643.015158	1643.153574	35	OW1	2	1
1643.153574	1643.216512	66	V	2	1
1643.216512	1643.299859	21	ER0	2	1
1643.299859	1643.451669	11	AO2	2	1
1643.451669	1643.545435	56	L	2	1
1643.545435	1643.772	69	Z	2	1
1652.400467	1652.461759	61	R	2	2
1652.461759	1652.516827	19	EH1	2	2
1652.516827	1652.552	48	D	2	2
1652.552	1652.618034	27	IH0	2	2
1652.618034	1652.677568	59	NG	2	2
1652.677568	1652.738589	28	IH1	2	2
1652.738589	1652.841297	58	N	2	2
1652.841297	1652.882	60	P	2	2
1652.882	1652.957914	41	UH1	2	2
1652.957914	1653.011494	61	R	2	2
1653.011494	1653.102	56	L	2	2
1653.102	1653.200719	16	AY1	2	2
1653.200719	1653.294278	64	T	2	2
1653.294278	1653.322556	51	G	2	2
1653.322556	1653.392	28	IH1	2	2
1653.392	1653.450553	66	V	2	2
1653.450553	1653.541121	69	Z	2	2
1653.541121	1653.58825	68	Y	2	2
1653.58825	1653.642	44	UW1	2	2
1653.642	1653.806045	16	AY1	2	2
1653.806045	1653.932	62	S	2	2
1653.932	1653.983157	64	T	2	2
1653.983157	1654.081387	61	R	2	2
1654.081387	1654.175939	26	EY2	2	2
1654.175939	1654.300584	58	N	2	2
1661.722759	1661.825454	32	IY1	2	3
1661.825454	1661.859686	66	V	2	3
1661.859686	1661.912	6	AH0	2	3
1661.912	1661.942	58	N	2	3
1661.942	1662.153427	16	AY1	2	3
1662.153427	1662.2296	6	AH0	2	3
1662.2296	1662.326074	54	K	2	3
1662.326074	1662.460024	25	EY1	2	3
1662.460024	1662.575165	70	ZH	2	3
1662.575165	1662.60642	6	AH0	2	3
1662.60642	1662.645117	58	N	2	3
1662.645117	1662.738882	56	L	2	3
1662.738882	1662.806776	31	IY0	2	3
1662.806776	1662.833566	51	G	2	3
1662.833566	1662.942215	28	IH1	2	3
1662.942215	1663.017819	64	T	2	3
1663.017819	1663.046098	49	DH	2	3
1663.046098	1663.078841	6	AH0	2	3
1663.078841	1663.150281	57	M	2	3
1663.150281	1663.217257	7	AH1	2	3
1663.217257	1663.290185	58	N	2	3
1663.290185	1663.30358	48	D	2	3
1663.30358	1663.477225	26	EY2	2	3
1663.477225	1663.512945	46	B	2	3
1663.512945	1663.587362	56	L	2	3
1663.587362	1663.782334	44	UW1	2	3
1663.782334	1664.052	69	Z	2	3
1672.648359	1672.67939	67	W	2	4
1672.67939	1672.746365	32	IY1	2	4
1672.746365	1672.839671	21	ER0	2	4
1672.839671	1673.001899	35	OW1	2	4
1673.001899	1673.033614	60	P	2	4
1673.033614	1673.082	6	AH0	2	4
1673.082	1673.128377	58	N	2	4
1673.128377	1673.252	19	EH1	2	4
1673.252	1673.317396	66	V	2	4
1673.317396	1673.369488	21	ER0	2	4
1673.369488	1673.411161	31	IY0	2	4
1673.411161	1673.487066	57	M	2	4
1673.487066	1673.565948	7	AH1	2	4
1673.565948	1673.62077	58	N	2	4
1673.62077	1673.6359	48	D	2	4
1673.6359	1673.737107	26	EY2	2	4
1673.737107	1673.902	32	IY1	2	4
1673.902	1673.986008	66	V	2	4
1673.986008	1674.075308	58	N	2	4
1674.075308	1674.122	27	IH0	2	4
1674.122	1674.282	59	NG	2	4
1683.718882	1683.832	28	IH1	2	5
1683.832	1683.850641	64	T	2	5
1683.850641	1683.922081	62	S	2	5
1683.922081	1683.992033	58	N	2	5
1683.992033	1684.114077	1	AA1	2	5
1684.114077	1684.132	64	T	2	5
1684.132	1684.252	32	IY1	2	5
1684.252	1684.356724	69	Z	2	5
1684.356724	1684.390956	31	IY0	2	5
1684.390956	1684.443249	64	T	2	5
1684.443249	1684.533836	44	UW1	2	5
1684.533836	1684.627602	54	K	2	5
1684.627602	1684.652	61	R	2	5
1684.652	1684.682	31	IY0	2	5
1684.682	1684.81518	25	EY1	2	5
1684.81518	1684.837505	64	T	2	5
1684.837505	1684.882156	29	IH2	2	5
1684.882156	1684.929782	56	L	2	5
1684.929782	1684.992293	44	UW1	2	5
1684.992293	1685.029501	57	M	2	5
1685.029501	1685.068198	6	AH0	2	5
1685.068198	1685.115824	58	N	2	5
1685.115824	1685.205125	26	EY2	2	5
1685.205125	1685.255728	64	T	2	5
1685.255728	1685.332	27	IH0	2	5
1685.332	1685.383725	59	NG	2	5
1685.383725	1685.476002	27	IH0	2	5
1685.476002	1685.50428	51	G	2	5
1685.50428	1685.587627	69	Z	2	5
1685.587627	1685.710099	4	AE1	2	5
1685.710099	1685.79826	57	M	2	5
1685.79826	1685.836608	60	P	2	5
1685.836608	1685.896141	6	AH0	2	5
1685.896141	1685.955675	56	L	2	5
1685.955675	1686.152	69	Z	2	5
1695.998498	1696.023799	57	M	2	6
1696.023799	1696.120541	7	AH1	2	6
1696.120541	1696.202	57	M	2	6
1696.202	1696.332	62	S	2	6
1696.332	1696.383977	64	T	2	6
1696.383977	1696.428627	61	R	2	6
1696.428627	1696.540252	10	AO1	2	6
1696.540252	1696.592	59	NG	2	6
1696.592	1696.644436	56	L	2	6
1696.644436	1696.751755	31	IY0	2	6
1696.751755	1696.772592	48	D	2	6
1696.772592	1696.837055	29	IH2	2	6
1696.837055	1696.962	62	S	2	6
1696.962	1697.012	56	L	2	6
1697.012	1697.072	16	AY1	2	6
1697.072	1697.102	54	K	2	6
1697.102	1697.173303	62	S	2	6
1697.173303	1697.350415	4	AE1	2	6
1697.350415	1697.365299	60	P	2	6
1697.365299	1697.438386	6	AH0	2	6
1697.438386	1697.510835	64	T	2	6
1697.510835	1697.68545	17	AY2	2	6
1697.68545	1697.750937	69	Z	2	6
1697.750937	1697.896573	21	ER0	2	6
1697.896573	1698.112	69	Z	2	6
1709.859753	1709.877736	49	DH	2	7
1709.877736	1709.999779	35	OW1	2	7
1709.999779	1710.112	69	Z	2	7
1710.112	1710.157543	52	HH	2	7
1710.157543	1710.273633	44	UW1	2	7
1710.273633	1710.373701	64	T	2	7
1710.373701	1710.448117	32	IY1	2	7
1710.448117	1710.552	47	CH	2	7
1710.552	1710.590998	66	V	2	7
1710.590998	1710.722	4	AE1	2	7
1710.722	1710.7949	56	L	2	7
1710.7949	1710.84848	68	Y	2	7
1710.84848	1710.894619	43	UW0	2	7
1710.894619	1711.002	69	Z	2	7
1711.002	1711.055328	50	F	2	7
1711.055328	1711.135698	22	ER1	2	7
1711.135698	1711.219045	62	S	2	7
1711.219045	1711.260718	64	T	2	7
1711.260718	1711.301231	6	AH0	2	7
1711.301231	1711.383491	46	B	2	7
1711.383491	1711.489132	1	AA1	2	7
1711.489132	1711.547208	56	L	2	7
1711.547208	1711.611206	29	IH2	2	7
1711.611206	1711.774892	63	SH	2	7
1711.774892	1711.846333	47	CH	2	7
1711.846333	1711.987725	32	IY1	2	7
1711.987725	1712.016003	64	T	2	7
1712.016003	1712.152	27	IH0	2	7
1712.152	1712.252	59	NG	2	7
1722.017532	1722.045811	49	DH	2	8
1722.045811	1722.088972	6	AH0	2	8
1722.088972	1722.191668	50	F	2	8
1722.191668	1722.222	61	R	2	8
1722.222	1722.282	16	AY1	2	8
1722.282	1722.303293	64	T	2	8
1722.303293	1722.352408	6	AH0	2	8
1722.352408	1722.410453	58	N	2	8
1722.410453	1722.423848	48	D	2	8
1722.423848	1722.54738	47	CH	2	8
1722.54738	1722.662	16	AY1	2	8
1722.662	1722.776902	56	L	2	8
1722.776902	1722.812622	48	D	2	8
1722.812622	1722.836435	67	W	2	8
1722.836435	1722.952526	7	AH1	2	8
1722.952526	1723.022	69	Z	2	8
1723.022	1723.096894	53	JH	2	8
1723.096894	1723.160893	19	EH1	2	8
1723.160893	1723.182	58	N	2	8
1723.182	1723.202566	64	T	2	8
1723.202566	1723.242	56	L	2	8
1723.242	1723.281448	31	IY0	2	8
1723.281448	1723.412422	62	S	2	8
1723.412422	1723.481963	6	AH0	2	8
1723.481963	1723.513629	46	B	2	8
1723.513629	1723.532	48	D	2	8
1723.532	1723.642	44	UW1	2	8
1723.642	1723.672	48	D	2	8
1723.672	1723.69926	46	B	2	8
1723.69926	1723.800467	16	AY1	2	8
1723.800467	1723.876372	28	IH1	2	8
1723.876372	1723.967161	69	Z	2	8
1723.967161	1724.005857	46	B	2	8
1724.005857	1724.102	28	IH1	2	8
1724.102	1724.187434	51	G	2	8
1724.187434	1724.203806	46	B	2	8
1724.203806	1724.242	61	R	2	8
1724.242	1724.342	7	AH1	2	8
1724.342	1724.39604	49	DH	2	8
1724.39604	1724.592	21	ER0	2	8
1734.220567	1734.305403	32	IY1	2	9
1734.305403	1734.322	66	V	2	9
1734.322	1734.362	6	AH0	2	9
1734.362	1734.392	58	N	2	9
1734.392	1734.43561	6	AH0	2	9
1734.43561	1734.567529	62	S	2	9
1734.567529	1734.612	28	IH1	2	9
1734.612	1734.652185	57	M	2	9
1734.652185	1734.672	60	P	2	9
1734.672	1734.734852	6	AH0	2	9
1734.734852	1734.78099	56	L	2	9
1734.78099	1734.824152	66	V	2	9
1734.824152	1734.917917	34	OW0	2	9
1734.917917	1734.978939	54	K	2	9
1734.978939	1735.128312	4	AE1	2	9
1735.128312	1735.152125	46	B	2	9
1735.152125	1735.196775	68	Y	2	9
1735.196775	1735.248867	6	AH0	2	9
1735.248867	1735.302	56	L	2	9
1735.302	1735.392555	20	EH2	2	9
1735.392555	1735.426787	61	R	2	9
1735.426787	1735.510134	31	IY0	2	9
1735.510134	1735.569667	54	K	2	9
1735.569667	1735.591992	6	AH0	2	9
1735.591992	1735.666651	58	N	2	9
1735.666651	1735.705027	64	T	2	9
1735.705027	1735.815243	25	EY1	2	9
1735.815243	1735.876265	58	N	2	9
1735.876265	1735.922	69	Z	2	9
1735.922	1735.992324	62	S	2	9
1735.992324	1736.048881	28	IH1	2	9
1736.048881	1736.139669	57	M	2	9
1736.139669	1736.191761	46	B	2	9
1736.191761	1736.279573	6	AH0	2	9
1736.279573	1736.322	56	L	2	9
1736.322	1736.572	69	Z	2	9
1744.338653	1744.407521	6	AH0	2	10
1744.407521	1744.473007	54	K	2	10
1744.473007	1744.502	61	R	2	10
1744.502	1744.586121	4	AE1	2	10
1744.586121	1744.621841	46	B	2	10
1744.621841	1744.744366	47	CH	2	10
1744.744366	1744.869983	4	AE1	2	10
1744.869983	1744.922	56	L	2	10
1744.922	1744.972	6	AH0	2	10
1744.972	1745.003933	58	N	2	10
1745.003933	1745.112	53	JH	2	10
1745.112	1745.151278	48	D	2	10
1745.151278	1745.163185	57	M	2	10
1745.163185	1745.286686	32	IY1	2	10
1745.286686	1745.309011	46	B	2	10
1745.309011	1745.384916	7	AH1	2	10
1745.384916	1745.410218	64	T	2	10
1745.410218	1745.49803	6	AH0	2	10
1745.49803	1745.579888	54	K	2	10
1745.579888	1745.602	67	W	2	10
1745.602	1745.68556	28	IH1	2	10
1745.68556	1745.70342	54	K	2	10
1745.70342	1745.826952	62	S	2	10
1745.826952	1745.866837	64	T	2	10
1745.866837	1746.029066	4	AE1	2	10
1746.029066	1746.054367	46	B	2	10
1746.054367	1746.148831	66	V	2	10
1746.148831	1746.250148	4	AE1	2	10
1746.250148	1746.327541	59	NG	2	10
1746.327541	1746.36475	54	K	2	10
1746.36475	1746.382	67	W	2	10
1746.382	1746.419818	27	IH0	2	10
1746.419818	1746.55228	63	SH	2	10
1746.55228	1746.588	64	T	2	10
1746.588	1746.707067	29	IH2	2	10
1746.707067	1746.832	57	M	2	10
