139.03650793650792	139.14625850340133	30	ARE	0
139.14625850340133	139.315873015873	496	YOUR	0
139.315873015873	139.7349206349206	192	GRADES	0
139.7349206349206	140.2437641723356	206	HIGHER	0
140.2437641723356	140.33356009070292	302	OR	0
140.33356009070292	140.74263038548753	251	LOWER	0
140.74263038548753	140.96213151927438	432	THAN	0
140.96213151927438	141.5408163265306	275	NANCY'S	0
149.77210884353738	150.0614512471655	490	WORE	1
150.0614512471655	150.54036281179137	471	WARM	1
150.54036281179137	151.15895691609975	158	FLEECY	1
151.15895691609975	151.46825396825398	489	WOOLEN	1
151.46825396825398	152.39802191879602	311	OVERALLS	1
159.6795918367347	160.06870748299318	354	READING	2
160.06870748299318	160.23832199546484	217	IN	2
160.23832199546484	160.5077097505669	335	POOR	2
160.5077097505669	160.84693877551018	240	LIGHT	2
160.84693877551018	161.12630385487526	181	GIVES	2
161.12630385487526	161.2160997732426	495	YOU	2
161.2160997732426	161.97437641723354	150	EYESTRAIN	2
173.18888888888887	173.52811791383218	142	EVEN	3
173.52811791383218	173.78752834467116	211	I	3
173.78752834467116	174.4659863945578	293	OCCASIONALLY	3
174.4659863945578	174.6954648526077	177	GET	3
174.6954648526077	174.775283446712	434	THE	3
174.775283446712	175.17437641723353	265	MONDAY	3
175.17437641723353	175.84285714285713	56	BLUES	3
184.83242630385487	185.08185941043084	476	WE	4
185.08185941043084	185.25147392290248	30	ARE	4
185.25147392290248	185.63061224489795	301	OPEN	4
185.63061224489795	185.97981859410427	145	EVERY	4
185.97981859410427	186.3988662131519	265	MONDAY	4
528.6909297052155	528.850566893424	496	YOUR	0
528.850566893424	529.2396825396825	192	GRADES	0
529.2396825396825	529.6387755102041	206	HIGHER	0
529.6387755102041	529.7185941043084	302	OR	0
529.7185941043084	530.0578231292517	251	LOWER	0
530.0578231292517	530.2074829931972	432	THAN	0
530.2074829931972	530.9179533640757	275	NANCY'S	0
536.9820861678005	537.2115646258503	490	WORE	1
537.2115646258503	537.5807256235828	471	WARM	1
537.5807256235828	538.0995464852607	158	FLEECY	1
538.0995464852607	538.4786848072563	489	WOOLEN	1
538.4786848072563	539.2208554714616	311	OVERALLS	1
546.0015873015874	546.3707482993198	354	READING	2
546.3707482993198	546.4904761904762	217	IN	2
546.4904761904762	546.7598639455782	335	POOR	2
546.7598639455782	547.0591836734694	240	LIGHT	2
547.0591836734694	547.3086167800453	181	GIVES	2
547.3086167800453	547.4083900226758	495	YOU	2
547.4083900226758	548.0968253968255	150	EYESTRAIN	2
554.7217687074831	555.0210884353742	142	EVEN	3
555.0210884353742	555.3603174603174	211	I	3
555.3603174603174	555.9888888888889	293	OCCASIONALLY	3
555.9888888888889	556.2183673469389	177	GET	3
556.2183673469389	556.298185941043	434	THE	3
556.298185941043	556.7072562358277	265	MONDAY	3
556.7072562358277	557.3657596371883	56	BLUES	3
585.8210884353741	585.9907029478458	476	WE	4
585.9907029478458	586.1603174603175	30	ARE	4
586.1603174603175	586.4995464852608	301	OPEN	4
586.4995464852608	586.808843537415	145	EVERY	4
586.808843537415	587.1879818594105	265	MONDAY	4
587.1879818594105	587.7766439909298	143	EVENING	4
594.9403628117914	595.1399092970522	226	IT'S	5
595.1399092970522	595.3793650793651	285	NOT	5
595.3793650793651	595.6886621315193	133	EASY	5
595.6886621315193	595.7684807256236	446	TO	5
595.7684807256236	596.1875283446713	113	CREATE	5
596.1875283446713	596.8360544217687	215	ILLUMINATING	5
596.8360544217687	597.6043083900228	146	EXAMPLES	5
605.0	605.2519274376417	99999	sp	6
605.2519274376417	606.628798185941	126	DISLIKES	6
606.628798185941	607.5566893424036	27	APPETIZERS	6
614.5807256235828	614.9698412698413	443	THOSE	7
614.9698412698413	615.0696145124716	484	WHO	7
615.0696145124716	615.3988662131519	427	TEACH	7
615.3988662131519	615.9077097505669	462	VALUES	7
615.9077097505669	616.3367346938776	156	FIRST	7
616.3367346938776	616.8256235827664	4	ABOLISH	7
616.8256235827664	617.4442176870748	87	CHEATING	7
633.6873015873016	634.1861678004535	165	FRIGHTENED	8
634.1861678004535	634.6351473922903	89	CHILD	8
634.6351473922903	634.8047619047619	472	WAS	8
634.8047619047619	635.1040816326531	176	GENTLY	8
635.1040816326531	635.5929705215419	410	SUBDUED	8
635.5929705215419	635.7725623582767	73	BY	8
635.7725623582767	635.9222222222222	208	HIS	8
635.9222222222222	636.101814058957	52	BIG	8
636.101814058957	636.5607709750567	66	BROTHER	8
645.4220612306343	645.7009435562005	142	EVEN	9
645.7009435562005	645.7798307023008	1	A	9
645.7798307023008	646.1895462342393	383	SIMPLE	9
646.1895462342393	646.9272108843537	468	VOCABULARY	9
646.9272108843537	647.4859410430839	104	CONTAINS	9
647.4859410430839	648.1643990929705	422	SYMBOLS	9
663.2301587301588	663.6891156462585	110	CRAB	10
663.6891156462585	664.2777777777778	85	CHALLENGED	10
664.2777777777778	664.5371882086167	258	ME	10
664.5371882086167	664.7068027210885	70	BUT	10
664.7068027210885	664.7467120181406	1	A	10
664.7467120181406	665.0460317460318	350	QUICK	10
665.0460317460318	665.5548752834467	402	STAB	10
665.5548752834467	666.0936507936508	464	VANQUISHED	10
666.0936507936508	666.412925170068	207	HIM	10
674.5544217687075	675.1730158730159	183	GLUCOSE	11
675.1730158730159	675.3526077097506	20	AND	11
675.3526077097506	675.9512471655329	167	FRUCTOSE	11
675.9512471655329	676.0909297052154	30	ARE	11
676.0909297052154	676.5	276	NATURAL	11
676.5	677.0487528344671	414	SUGARS	11
677.0487528344671	677.3879818594104	163	FOUND	11
677.3879818594104	677.537641723356	217	IN	11
677.537641723356	677.9192552366818	168	FRUIT	11
686.1780045351474	686.3875283446712	30	ARE	12
686.3875283446712	686.6269841269841	495	YOU	12
686.6269841269841	686.9662131519274	250	LOOKING	12
686.9662131519274	687.125850340136	161	FOR	12
687.125850340136	687.7669953578572	136	EMPLOYMENT	12
694.6886621315193	694.800198363193	99999	sp	13
694.800198363193	695.2699913636866	98	COFFEE	13
695.2699913636866	695.4868480725623	224	IS	13
695.4868480725623	695.8460317460317	198	GROWN	13
695.8460317460317	696.0755102040816	297	ON	13
696.0755102040816	696.1154195011338	99999	sp	13
696.1154195011338	696.6442176870748	404	STEEP	13
696.6442176870748	697.0732426303855	231	JUNGLE	13
697.0732426303855	697.3126984126984	241	LIKE	13
697.3126984126984	697.3326530612245	99999	sp	13
697.3326530612245	697.8015873015873	390	SLOPES	13
697.8015873015873	697.971201814059	217	IN	13
697.971201814059	698.4800453514739	431	TEMPERATE	13
698.4800453514739	699.0986394557823	497	ZONES	13
708.4174603174603	708.6170068027211	476	WE	14
708.6170068027211	709.0759637188208	480	WELCOME	14
709.0759637188208	709.3154195011338	256	MANY	14
709.3154195011338	709.4950113378685	282	NEW	14
709.4950113378685	710.0238095238095	408	STUDENTS	14
710.0238095238095	710.3331065759637	132	EACH	14
710.3331065759637	710.7022675736962	491	YEAR	14
731.0460317460318	731.1358276643991	434	THE	15
731.1358276643991	731.5548752834467	51	BEST	15
731.5548752834467	732.0437641723356	330	PLAYERS	15
732.0437641723356	732.4428571428572	139	ENJOY	15
732.4428571428572	733.3408163265306	336	POPULARITY	15
741.3725623582766	741.9612244897959	75	CALCIUM	16
741.9612244897959	742.3503401360545	254	MAKES	16
742.3503401360545	742.9190476190477	58	BONES	16
742.9190476190477	743.1185941043084	20	AND	16
743.1185941043084	743.4777777777778	430	TEETH	16
743.4777777777778	744.1362811791383	406	STRONG	16
751.8786848072561	752.3575963718821	286	NOTHING	17
752.3575963718821	752.5371882086167	224	IS	17
752.5371882086167	752.6968253968254	34	AS	17
752.6968253968254	753.2555555555556	295	OFFENSIVE	17
753.2555555555556	753.4750566893424	34	AS	17
753.4750566893424	754.143537414966	219	INNOCENCE	17
761.656462585034	762.1952380952381	405	STEVE	18
762.1952380952381	762.5743764172336	490	WORE	18
762.5743764172336	762.6043083900227	1	A	18
762.6043083900227	762.8936507936507	65	BRIGHT	18
762.8936507936507	763.2628117913832	356	RED	18
763.2628117913832	763.7716553287981	78	CASHMERE	18
763.7716553287981	764.2705215419501	420	SWEATER	18
772.3920634920635	772.8909297052154	46	BARB'S	19
772.8909297052154	773.2501133786848	188	GOLD	19
773.2501133786848	773.7789115646258	63	BRACELET	19
773.7789115646258	773.9285714285714	472	WAS	19
773.9285714285714	773.9684807256235	1	A	19
773.9684807256235	774.8065759637188	193	GRADUATION	19
774.8065759637188	775.375283446712	339	PRESENT	19
783.6764172335601	784.2151927437642	130	DRAW	20
784.2151927437642	784.6043083900227	145	EVERY	20
784.6043083900227	785.0034013605442	308	OUTER	20
785.0034013605442	785.4124716553288	244	LINE	20
785.4124716553288	786.0410430839001	156	FIRST	20
786.0410430839001	786.2106575963719	99999	sp	20
786.2106575963719	786.769387755102	436	THEN	20
786.769387755102	787.0786848072562	154	FILL	20
787.0786848072562	787.1884353741497	217	IN	20
787.1884353741497	787.298185941043	434	THE	20
787.298185941043	788.0664399092971	222	INTERIOR	20
797.4551020408163	797.5548752834467	434	THE	21
797.5548752834467	797.9739229024943	475	WATER	21
797.9739229024943	798.5625850340136	103	CONTAINED	21
798.5625850340136	798.8519274376417	448	TOO	21
798.8519274376417	799.0913832199547	269	MUCH	21
799.0913832199547	799.6700680272108	90	CHLORINE	21
799.6700680272108	799.8795918367347	20	AND	21
799.8795918367347	799.9095238095238	99999	sp	21
799.9095238095238	800.248752834467	409	STUNG	21
800.248752834467	800.4283446712018	208	HIS	21
800.4283446712018	800.987074829932	149	EYES	21
809.5675736961451	810.056462585034	229	JOHN'S	22
810.056462585034	810.5054421768707	66	BROTHER	22
810.5054421768707	811.2038548752835	363	REPAINTED	22
811.2038548752835	811.2936507936508	434	THE	22
811.2936507936508	811.7725623582767	173	GARAGE	22
811.7725623582767	812.2414965986394	129	DOOR	22
826.7285714285714	827.3072562358277	84	CHALLENGE	23
827.3072562358277	827.3471655328798	99999	sp	23
827.3471655328798	827.7063492063492	132	EACH	23
827.7063492063492	828.3249433106575	175	GENERAL'S	23
828.3249433106575	829.0832199546485	221	INTELLIGENCE	23
837.3145124716553	838.1426303854876	17	AMBIDEXTROUS	24
838.1426303854876	838.9208616780045	327	PICKPOCKETS	24
838.9208616780045	839.5294784580499	6	ACCOMPLISH	24
839.5294784580499	840.1780045351474	267	MORE	24
851.1231292517007	851.7816326530613	271	MUSCULAR	25
851.7816326530613	852.4401360544217	2	ABDOMEN	25
852.4401360544217	852.6396825396826	224	IS	25
852.6396825396826	852.8492063492063	189	GOOD	25
852.8492063492063	852.9988662131519	161	FOR	25
852.9988662131519	853.1485260770975	496	YOUR	25
853.1485260770975	853.6374149659864	43	BACK	25
861.7390022675736	862.1281179138322	438	THEY	26
862.1281179138322	862.3775510204082	317	OWN	26
862.3775510204082	862.4473922902494	1	A	26
862.4473922902494	862.7467120181406	52	BIG	26
862.7467120181406	863.2655328798185	209	HOUSE	26
863.2655328798185	863.4551020408162	217	IN	26
863.4551020408162	863.5448979591836	434	THE	26
863.5448979591836	864.0736961451247	361	REMOTE	26
864.0736961451247	865.0215419501134	109	COUNTRYSIDE	26
873.6319727891157	873.7916099773242	434	THE	27
873.7916099773242	874.2405895691609	369	ROSE	27
874.2405895691609	875.038775510204	106	CORSAGE	27
875.038775510204	875.1086167800453	99999	sp	27
875.1086167800453	875.6074829931972	393	SMELLED	27
875.6074829931972	876.0678355535347	421	SWEET	27
883.6292517006802	883.9585034013605	433	THAT	28
883.9585034013605	884.6070294784581	326	PICKPOCKET	28
884.6070294784581	884.7965986394559	472	WAS	28
884.7965986394559	885.0959183673469	80	CAUGHT	28
885.0959183673469	885.3453514739228	356	RED	28
885.3453514739228	886.2034013605441	199	HANDED	28
894.5420561469111	894.675602763878	19	AN	29
894.675602763878	895.0931972789115	9	ADULT	29
895.0931972789115	895.4424036281179	255	MALE	29
895.4424036281179	896.001133786848	42	BABOON'S	29
896.001133786848	896.4002267573696	430	TEETH	29
896.4002267573696	896.5598639455782	30	ARE	29
896.5598639455782	896.8292517006803	285	NOT	29
896.8292517006803	897.3680272108843	415	SUITABLE	29
897.3680272108843	897.547619047619	161	FOR	29
897.547619047619	897.8469387755101	135	EATING	29
897.8469387755101	898.6251700680272	376	SHELLFISH	29
909.9993197278911	910.5680272108843	470	WARDROBE	30
910.5680272108843	911.1965986394557	102	CONSISTS	30
911.1965986394557	911.2963718820861	294	OF	30
911.2963718820861	911.6156462585034	298	ONLY	30
911.6156462585034	912.0646258503401	385	SKIRTS	30
912.0646258503401	912.1943310657596	20	AND	30
912.1943310657596	912.9326530612245	54	BLOUSES	30
922.4557262664441	922.5407538926288	434	THE	31
922.5407538926288	922.939909297052	453	TWO	31
922.939909297052	923.418820861678	33	ARTISTS	31
923.418820861678	923.5185941043084	99999	sp	31
923.5185941043084	924.2768707482993	147	EXCHANGED	31
924.2768707482993	925.1249433106575	39	AUTOGRAPHS	31
933.6655328798186	934.3639455782313	71	BUTTERSCOTCH	32
934.3639455782313	934.8727891156462	169	FUDGE	32
934.8727891156462	935.2020408163265	186	GOES	32
935.2020408163265	935.5612244897959	481	WELL	32
935.5612244897959	935.7408163265306	487	WITH	32
935.7408163265306	936.1199546485261	463	VANILLA	32
936.1199546485261	936.5090702947846	212	ICE	32
936.5090702947846	937.0179138321995	112	CREAM	32
945.9077097505669	946.3965986394558	366	RICH	33
946.3965986394558	946.9852607709751	349	PURCHASED	33
946.9852607709751	947.474149659864	374	SEVERAL	33
947.474149659864	947.8632653061225	382	SIGNED	33
947.8632653061225	948.7512471655328	245	LITHOGRAPHS	33
967.0596371882086	967.9675736961451	105	CONTRIBUTIONS	34
967.9675736961451	968.1072562358277	485	WILL	34
968.1072562358277	968.2269841269841	47	BE	34
968.2269841269841	968.6659863945579	195	GREATLY	34
968.6659863945579	969.5739229024944	28	APPRECIATED	34
978.7331065759637	978.8528344671201	434	THE	35
978.8528344671201	979.4714285714285	111	CRANBERRY	35
979.4714285714285	979.9204081632653	57	BOG	35
979.9204081632653	980.1598639455782	178	GETS	35
980.1598639455782	980.4392290249432	465	VERY	35
980.4392290249432	980.7984126984127	340	PRETTY	35
980.7984126984127	980.9380952380952	217	IN	35
980.9380952380952	981.4469387755103	40	AUTUMN	35
989.7680272108844	989.9276643990929	210	HOW	36
989.9276643990929	990.1272108843536	128	DO	36
990.1272108843536	990.725850340136	318	OYSTERS	36
990.725850340136	990.965306122449	253	MAKE	36
990.965306122449	991.75398034627	320	PEARLS	36
998.9571428571428	999.1666666666666	257	MAY	37
999.1666666666666	999.3462585034014	211	I	37
999.3462585034014	1000.1244897959184	304	ORDER	37
1000.1244897959184	1000.3639455782313	1	A	37
1000.3639455782313	1000.7630385487528	10	AFTER	37
1000.7630385487528	1000.8528344671201	211	I	37
1000.8528344671201	1001.0823129251701	134	EAT	37
1001.0823129251701	1001.5312925170068	124	DINNER	37
1009.8523809523809	1009.9721088435374	224	IS	38
1009.9721088435374	1010.3612244897959	375	SHE	38
1010.3612244897959	1010.6904761904761	187	GOING	38
1010.6904761904761	1010.8700680272109	487	WITH	38
1010.8700680272109	1011.4487528344671	495	YOU	38
1017.7145124716553	1017.7799687409165	99999	sp	39
1017.7799687409165	1017.9211225170723	76	CAN	39
1017.9211225170723	1018.133560090703	434	THE	39
1018.133560090703	1018.8619047619047	11	AGENCY	39
1018.8619047619047	1019.709977324263	315	OVERTHROW	39
1019.709977324263	1020.1489795918367	13	ALIEN	39
1020.1489795918367	1020.9172335600907	162	FORCES	39
1028.7793652789114	1028.8257998440629	1	A	40
1028.8257998440629	1029.7272108843538	371	SCREWDRIVER	40
1029.7272108843538	1029.8968253968253	224	IS	40
1029.8968253968253	1030.1662131519274	252	MADE	40
1030.1662131519274	1030.4156462585033	166	FROM	40
1030.4156462585033	1030.824716553288	469	VODKA	40
1030.824716553288	1031.114058956916	20	AND	40
1031.114058956916	1031.4832199546486	303	ORANGE	40
1031.4832199546486	1031.9820861678004	230	JUICE	40
1039.1358276643991	1039.4251700680272	210	HOW	41
1039.4251700680272	1039.634693877551	269	MUCH	41
1039.634693877551	1040.163492063492	16	ALLOWANCE	41
1040.163492063492	1040.2632653061223	128	DO	41
1040.2632653061223	1040.4528344671203	495	YOU	41
1040.4528344671203	1040.7721088435374	177	GET	41
1047.8260770975057	1048.8836734693878	115	CYCLICAL	42
1048.8836734693878	1049.5621315192743	346	PROGRAMS	42
1049.5621315192743	1049.681859410431	485	WILL	42
1049.681859410431	1050.0609977324264	281	NEVER	42
1050.0609977324264	1050.779365079365	100	COMPILE	42
1067.5811791383219	1067.6909297052155	434	THE	43
1067.6909297052155	1068.2696145124717	61	BOSTON	43
1068.2696145124717	1068.7684807256235	45	BALLET	43
1068.7684807256235	1069.3870748299319	312	OVERCAME	43
1069.3870748299319	1069.5167800453514	435	THEIR	43
1069.5167800453514	1069.955782312925	170	FUNDING	43
1069.955782312925	1070.6043083900227	380	SHORTAGE	43
1079.5240362811792	1079.8832199546484	145	EVERY	44
1079.8832199546484	1080.4120181405897	74	CAB	44
1080.4120181405897	1080.6913832199546	280	NEEDS	44
1080.6913832199546	1081.3897959183673	364	REPAINTING	44
1081.3897959183673	1081.9285714285713	296	OFTEN	44
1089.1222222222223	1089.4514739229026	203	HELP	45
1089.4514739229026	1089.9503401360544	196	GREG	45
1089.9503401360544	1090.1	446	TO	45
1090.1	1090.4492063492064	325	PICK	45
1090.4492063492064	1090.5090702947846	1	A	45
1090.5090702947846	1090.8083900226757	321	PECK	45
1090.8083900226757	1091.0378684807256	294	OF	45
1091.0378684807256	1091.0977324263038	99999	sp	45
1091.0977324263038	1091.8713284386413	338	POTATOES	45
1099.5385487528345	1099.718140589569	476	WE	46
1099.718140589569	1099.967573696145	241	LIKE	46
1099.967573696145	1100.2469387755102	55	BLUE	46
1100.2469387755102	1100.725850340136	88	CHEESE	46
1100.725850340136	1100.9054421768706	70	BUT	46
1100.9054421768706	1101.3444444444444	466	VICTOR	46
1101.3444444444444	1101.6637188208615	242	LIKES	46
1101.6637188208615	1102.1326530612246	64	BRIE	46
1109.545804988662	1109.9448979591837	108	COUNT	47
1109.9448979591837	1110.0147392290248	434	THE	47
1110.0147392290248	1110.3938775510203	289	NUMBER	47
1110.3938775510203	1110.5036281179136	294	OF	47
1110.5036281179136	1111.2519274376416	429	TEASPOONS	47
1111.2519274376416	1111.3616780045352	294	OF	47
1111.3616780045352	1111.9802721088436	395	SOYSAUCE	47
1111.9802721088436	1112.0102040816325	99999	sp	47
1112.0102040816325	1112.2396825396825	433	THAT	47
1112.2396825396825	1112.379365079365	495	YOU	47
1112.379365079365	1112.8083900226757	7	ADD	47
1120.9798185941045	1121.6383219954648	44	BAGPIPES	48
1121.6383219954648	1121.7680272108844	20	AND	48
1121.7680272108844	1122.3367346938776	59	BONGOS	48
1122.3367346938776	1122.436507936508	30	ARE	48
1122.436507936508	1122.945351473923	273	MUSICAL	48
1122.945351473923	1123.9581798701402	220	INSTRUMENTS	48
1131.525850340136	1131.805215419501	210	HOW	49
1131.805215419501	1132.1444444444446	189	GOOD	49
1132.1444444444446	1132.284126984127	224	IS	49
1132.284126984127	1132.4337868480725	496	YOUR	49
1132.4337868480725	1133.1820861678004	138	ENDURANCE	49
1139.8369614512471	1140.07641723356	434	THE	50
1140.07641723356	1140.5653061224489	141	ESSAY	50
1140.5653061224489	1141.4333333333334	454	UNDENIABLY	50
1141.4333333333334	1141.9621315192744	358	REFLECTS	50
1141.9621315192744	1142.1417233560092	305	OUR	50
1142.1417233560092	1142.6006802721088	467	VIEW	50
1142.6006802721088	1143.2691609977323	3	ABLY	50
1151.3607709750568	1151.430612244898	1	A	51
1151.430612244898	1151.8097505668934	60	BORING	51
1151.8097505668934	1152.3086167800452	287	NOVEL	51
1152.3086167800452	1152.6278911564627	224	IS	51
1152.6278911564627	1152.6877551020407	1	A	51
1152.6877551020407	1153.1367346938775	418	SUPERB	51
1153.1367346938775	1153.6854875283448	386	SLEEPING	51
1153.6854875283448	1154.0646258503402	328	PILL	51
1162.2160997732426	1162.6351473922903	303	ORANGE	52
1162.6351473922903	1162.9843537414968	230	JUICE	52
1162.9843537414968	1163.4832199546486	425	TASTES	52
1163.4832199546486	1163.5331065759638	99999	sp	52
1163.5331065759638	1163.8523809523808	171	FUNNY	52
1163.8523809523808	1164.2315192743763	10	AFTER	52
1164.2315192743763	1165.0197278911564	449	TOOTHPASTE	52
1172.9616780045353	1173.0614512471657	434	THE	53
1173.0614512471657	1173.5403628117915	486	WILLOWY	53
1173.5403628117915	1173.939455782313	488	WOMAN	53
1173.939455782313	1174.2886621315192	490	WORE	53
1174.2886621315192	1174.4083900226758	1	A	53
1174.4083900226758	1175.007029478458	274	MUSKRAT	53
1175.007029478458	1175.4160997732426	96	COAT	53
1182.8192743764173	1182.9190476190477	434	THE	54
1182.9190476190477	1183.557596371882	264	MISQUOTE	54
1183.557596371882	1183.7571428571428	472	WAS	54
1183.7571428571428	1184.3557823129252	365	RETRACTED	54
1184.3557823129252	1184.525396825397	487	WITH	54
1184.525396825397	1184.6052154195013	19	AN	54
1184.6052154195013	1185.313605442177	26	APOLOGY	54
1205.9566893424035	1206.2260770975058	233	JUST	55
1206.2260770975058	1206.3458049886622	370	SAW	55
1206.3458049886622	1206.7448979591836	228	JIM	55
1206.7448979591836	1207.0242630385487	277	NEAR	55
1207.0242630385487	1207.114058956916	434	THE	55
1207.114058956916	1207.3634920634922	282	NEW	55
1207.3634920634922	1208.2215419501135	29	ARCHEOLOGICAL	55
1208.2215419501135	1210.0	272	MUSEUM	55
1217.53537414966	1217.804761904762	367	RIGHT	56
1217.804761904762	1218.074149659864	288	NOW	56
1218.074149659864	1218.2936507936508	257	MAY	56
1218.2936507936508	1218.5031746031746	285	NOT	56
1218.5031746031746	1218.7126984126985	47	BE	56
1218.7126984126985	1218.7925170068027	434	THE	56
1218.7925170068027	1219.1417233560092	51	BEST	56
1219.1417233560092	1219.4310657596372	445	TIME	56
1219.4310657596372	1219.6106575963718	161	FOR	56
1219.6106575963718	1220.0396825396826	69	BUSINESS	56
1220.0396825396826	1220.668253968254	260	MERGERS	56
1228.969387755102	1229.1190476190477	434	THE	57
1229.1190476190477	1229.7276643990929	263	MISPRINT	57
1229.7276643990929	1230.236507936508	348	PROVOKED	57
1230.236507936508	1230.3462585034013	19	AN	57
1230.3462585034013	1230.815192743764	216	IMMEDIATE	57
1230.815192743764	1231.5335600907028	125	DISCLAIMER	57
1239.006575963719	1239.2061224489796	438	THEY	58
1239.2061224489796	1239.605215419501	14	ALL	58
1239.605215419501	1240.074149659864	139	ENJOY	58
1240.074149659864	1240.3834467120182	212	ICE	58
1240.3834467120182	1240.7426303854875	112	CREAM	58
1240.7426303854875	1240.8124716553289	99999	sp	58
1240.8124716553289	1241.3213151927437	128	DO	58
1248.2455782312925	1249.2931972789115	38	ATYPICAL	59
1249.2931972789115	1249.8718820861677	151	FARMERS	59
1249.8718820861677	1250.2909297052154	197	GROW	59
1250.2909297052154	1250.8795918367348	291	OATS	59
1257.8337868480726	1258.5721088435373	121	DIANE	60
1258.5721088435373	1258.721768707483	257	MAY	60
1258.721768707483	1259.4201814058956	399	SPLURGE	60
1259.4201814058956	1259.6097505668934	20	AND	60
1259.6097505668934	1259.8990929705215	72	BUY	60
1259.8990929705215	1260.018820861678	1	A	60
1260.018820861678	1260.6274376417234	452	TURQUOISE	60
1260.6274376417234	1261.1462585034014	278	NECKLACE	60
1269.7167800453515	1270.4451247165532	194	GRANDMOTHER	61
1270.4451247165532	1271.0238095238096	309	OUTGREW	61
1271.0238095238096	1271.2133786848074	204	HER	61
1271.2133786848074	1271.8020408163266	459	UPBRINGING	61
1271.8020408163266	1272.0414965986395	217	IN	61
1272.0414965986395	1272.8696145124716	323	PETTICOATS	61
1281.4201814058956	1282.2882086167801	292	OBJECTS	62
1282.2882086167801	1282.4877551020409	252	MADE	62
1282.4877551020409	1282.5875283446712	294	OF	62
1282.5875283446712	1283.2759637188208	324	PEWTER	62
1283.2759637188208	1283.53537414966	99999	sp	62
1283.53537414966	1283.6850340136054	30	ARE	62
1283.6850340136054	1284.373469387755	48	BEAUTIFUL	62
1294.3208616780046	1294.8696145124716	32	ARTIFICIAL	63
1294.8696145124716	1295.5780045351473	221	INTELLIGENCE	63
1295.5780045351473	1295.8873015873016	224	IS	63
1295.8873015873016	1295.9172335600906	99999	sp	63
1295.9172335600906	1296.1965986394557	161	FOR	63
1296.1965986394557	1296.6755102040815	355	REAL	63
1303.799319727891	1304.537641723356	447	TODD	64
1304.537641723356	1304.567573696145	99999	sp	64
1304.567573696145	1304.9068027210885	329	PLACED	64
1304.9068027210885	1305.1961451247166	450	TOP	64
1305.1961451247166	1305.7448979591836	342	PRIORITY	64
1305.7448979591836	1305.8945578231292	297	ON	64
1305.8945578231292	1306.1639455782313	179	GETTING	64
1306.1639455782313	1306.333560090703	208	HIS	64
1306.333560090703	1306.6129251700681	53	BIKE	64
1306.6129251700681	1307.4809523809524	157	FIXED	64
1315.0537414965986	1315.2632653061225	482	WHEN	65
1315.2632653061225	1315.7222222222222	322	PEELING	65
1315.7222222222222	1315.891836734694	19	AN	65
1315.891836734694	1316.3607709750568	303	ORANGE	65
1316.3607709750568	1316.480498866213	225	IT	65
1316.480498866213	1316.6501133786849	224	IS	65
1316.6501133786849	1317.0891156462585	200	HARD	65
1317.0891156462585	1317.3285714285714	285	NOT	65
1317.3285714285714	1317.448299319728	446	TO	65
1317.448299319728	1317.8972789115646	401	SPRAY	65
1317.8972789115646	1318.5458049886622	230	JUICE	65
1328.8944183555302	1328.989118988824	434	THE	66
1328.989118988824	1329.4609977324262	268	MORNING	66
1329.4609977324262	1329.8201814058957	120	DEW	66
1329.8201814058957	1329.9798185941042	297	ON	66
1329.9798185941042	1330.0396825396824	434	THE	66
1330.0396825396824	1330.45873015873	398	SPIDER	66
1330.45873015873	1330.7081632653062	479	WEB	66
1330.7081632653062	1331.2469387755102	182	GLISTENED	66
1331.2469387755102	1331.3732719070993	217	IN	66
1331.3732719070993	1331.4685136868688	434	THE	66
1331.4685136868688	1331.9177792706407	416	SUN	66
1339.8374149659865	1340.6356009070294	451	TORNADOS	67
1340.6356009070294	1341.034693877551	296	OFTEN	67
1341.034693877551	1341.5235827664399	118	DESTROY	67
1341.5235827664399	1342.5013605442177	41	AVIARIES	67
1350.0342403628117	1350.2138321995465	438	THEY	68
1350.2138321995465	1350.6229024943311	360	REMAINED	68
1350.6229024943311	1351.1816326530611	239	LIFELONG	68
1351.1816326530611	1351.7004535147391	164	FRIENDS	68
1351.7004535147391	1351.919954648526	20	AND	68
1351.919954648526	1352.9067658406575	99	COMPANIONS	68
1360.388963921621	1360.4468139199996	434	THE	69
1360.4468139199996	1360.939455782313	160	FOOTBALL	69
1360.939455782313	1361.1888888888889	428	TEAM	69
1361.1888888888889	1361.6578231292517	95	COACH	69
1361.6578231292517	1361.8473922902494	201	HAS	69
1361.8473922902494	1361.8972789115646	1	A	69
1361.8972789115646	1362.3562358276645	474	WATCH	69
1362.3562358276645	1362.545804988662	34	AS	69
1362.545804988662	1362.5857142857142	99999	sp	69
1362.5857142857142	1362.815192743764	439	THIN	69
1362.815192743764	1363.0047619047618	34	AS	69
1363.0047619047618	1363.0746031746032	1	A	69
1363.0746031746032	1363.7031746031746	123	DIME	69
1371.5211173479631	1371.6330656159487	438	THEY	70
1371.6330656159487	1372.0442176870747	296	OFTEN	70
1372.0442176870747	1372.2337868480727	184	GO	70
1372.2337868480727	1372.4532879818594	306	OUT	70
1372.4532879818594	1372.5630385487527	217	IN	70
1372.5630385487527	1372.7725623582767	434	THE	70
1372.7725623582767	1373.2514739229025	143	EVENING	70
1379.7965986394556	1380.0160997732426	305	OUR	71
1380.0160997732426	1380.7145124716553	148	EXPERIMENT'S	71
1380.7145124716553	1381.2133786848071	337	POSITIVE	71
1381.2133786848071	1381.692290249433	307	OUTCOME	71
1381.692290249433	1381.8619047619047	472	WAS	71
1381.8619047619047	1382.6401360544219	456	UNEXPECTED	71
1390.3925170068028	1390.6519274376417	132	EACH	72
1390.6519274376417	1391.2405895691609	403	STAG	72
1391.2405895691609	1391.72947845805	419	SURELY	72
1391.72947845805	1392.1485260770976	155	FINDS	72
1392.1485260770976	1392.1984126984128	1	A	72
1392.1984126984128	1392.4179138321995	52	BIG	72
1392.4179138321995	1392.9866213151927	153	FAWN	72
1400.6107707735982	1400.7187951536625	434	THE	73
1400.7187951536625	1401.337641723356	91	CIGARETTES	73
1401.337641723356	1401.4374149659864	217	IN	73
1401.4374149659864	1401.5172335600907	434	THE	73
1401.5172335600907	1401.866439909297	94	CLAY	73
1401.866439909297	1402.5648526077098	35	ASHTRAY	73
1402.5648526077098	1403.2133786848071	314	OVERFLOWED	73
1403.2133786848071	1403.5126984126985	299	ONTO	73
1403.5126984126985	1403.7421768707482	434	THE	73
1403.7421768707482	1403.8319727891155	290	OAK	73
1403.8319727891155	1404.3607709750568	424	TABLE	73
1412.710301719113	1413.250566893424	347	PROJECT	74
1413.250566893424	1413.8192743764173	119	DEVELOPMENT	74
1413.8192743764173	1413.9789115646258	472	WAS	74
1413.9789115646258	1414.5975056689342	344	PROCEEDING	74
1414.5975056689342	1414.8170068027212	448	TOO	74
1414.8170068027212	1415.4490224547853	391	SLOWLY	74
1423.1380952380953	1423.4473922902494	485	WILL	75
1423.4473922902494	1423.87641723356	368	ROBIN	75
1423.87641723356	1424.3553287981858	477	WEAR	75
1424.3553287981858	1424.4351473922902	1	A	75
1424.4351473922902	1424.7544217687075	493	YELLOW	75
1424.7544217687075	1425.1834467120182	243	LILY	75
1432.3176036364555	1432.7761904761905	442	THOMAS	76
1432.7761904761905	1432.8460317460317	99999	sp	76
1432.8460317460317	1433.0854875283446	440	THINKS	76
1433.0854875283446	1433.1154195011338	1	A	76
1433.1154195011338	1433.6142857142856	235	LARGER	76
1433.6142857142856	1434.0233560090703	92	CLAMP	76
1434.0233560090703	1434.3925170068028	394	SOLVES	76
1434.3925170068028	1434.472335600907	434	THE	76
1434.472335600907	1435.0809523809523	343	PROBLEM	76
1442.7335757758515	1443.064545359213	441	THIS	77
1443.064545359213	1443.252380952381	472	WAS	77
1443.252380952381	1443.6015873015872	133	EASY	77
1443.6015873015872	1443.9308390022675	161	FOR	77
1443.9308390022675	1444.323075479521	460	US	77
1453.3195011337868	1453.4691609977324	20	AND	78
1453.4691609977324	1454.1975056689344	227	JANUARY	78
1454.1975056689344	1454.3172335600907	30	ARE	78
1454.3172335600907	1454.7263038548754	283	NICE	78
1454.7263038548754	1455.155328798186	266	MONTHS	78
1455.155328798186	1455.2451247165532	446	TO	78
1455.2451247165532	1455.6242630385486	397	SPEND	78
1455.6242630385486	1455.7439909297052	217	IN	78
1455.7439909297052	1456.3426303854876	261	MIAMI	78
1464.9630385487528	1465.3342334620424	236	LAST	79
1465.3342334620424	1465.5616780045352	492	YEAR'S	79
1465.5616780045352	1465.9308390022675	174	GAS	79
1465.9308390022675	1466.8487528344672	380	SHORTAGE	79
1466.8487528344672	1467.2877551020408	99999	sp	79
1467.2877551020408	1467.7566893424037	81	CAUSED	79
1467.7566893424037	1468.1857142857143	404	STEEP	79
1468.1857142857143	1468.5349206349206	341	PRICE	79
1468.5349206349206	1469.5027210884355	218	INCREASES	79
1485.8755102040816	1486.6537414965987	12	AGRICULTURAL	80
1486.6537414965987	1487.2224489795917	345	PRODUCTS	80
1487.2224489795917	1487.51179138322	30	ARE	80
1487.51179138322	1487.9707482993197	455	UNEVENLY	80
1487.9707482993197	1488.798866213152	127	DISTRIBUTED	80
1496.7044843493604	1496.860544217687	73	BY	81
1496.860544217687	1497.149886621315	135	EATING	81
1497.149886621315	1497.588888888889	494	YOGURT	81
1497.588888888889	1497.7984126984127	495	YOU	81
1497.7984126984127	1497.9979591836734	257	MAY	81
1497.9979591836734	1498.2773242630385	246	LIVE	81
1498.2773242630385	1498.8061224489795	248	LONGER	81
1505.8900226757369	1505.9798185941042	434	THE	82
1505.9798185941042	1506.6383219954648	82	CAUSEWAY	82
1506.6383219954648	1507.0274376417233	137	ENDED	82
1507.0274376417233	1507.6560090702947	5	ABRUPTLY	82
1507.6560090702947	1507.8056689342404	37	AT	82
1507.8056689342404	1507.8854875283446	434	THE	82
1507.8854875283446	1508.3643990929704	379	SHORE	82
1515.8873015873016	1516.545804988662	478	WEATHERPROOF	83
1516.545804988662	1517.29410430839	172	GALOSHES	83
1517.29410430839	1517.4537414965985	30	ARE	83
1517.4537414965985	1517.7630385487528	465	VERY	83
1517.7630385487528	1518.321768707483	461	USEFUL	83
1518.321768707483	1518.4913832199545	217	IN	83
1518.4913832199545	1519.379365079365	372	SEATTLE	83
1527.447430881729	1527.6643488894379	434	THE	84
1527.6643488894379	1528.0496598639456	396	SPEECH	84
1528.0496598639456	1528.9476190476191	423	SYMPOSIUM	84
1528.9476190476191	1529.197052154195	262	MIGHT	84
1529.197052154195	1529.6160997732427	50	BEGIN	84
1529.6160997732427	1529.8755102040816	297	ON	84
1529.8755102040816	1530.2945578231293	265	MONDAY	84
1538.007029478458	1538.1766439909297	213	I'D	85
1538.1766439909297	1538.4659863945578	353	RATHER	85
1538.4659863945578	1538.7253968253967	285	NOT	85
1538.7253968253967	1538.9648526077096	72	BUY	85
1538.9648526077096	1539.2242630385488	437	THESE	85
1539.2242630385488	1539.7730158730158	378	SHOES	85
1539.7730158730158	1540.022448979592	432	THAN	85
1540.022448979592	1540.1820861678004	47	BE	85
1540.1820861678004	1541.0201814058955	313	OVERCHARGED	85
1549.2015873015873	1549.399988120379	47	BE	86
1549.399988120379	1549.7802721088435	77	CAREFUL	86
1549.7802721088435	1549.9798185941042	285	NOT	86
1549.9798185941042	1550.0596371882086	446	TO	86
1550.0596371882086	1550.378911564626	332	PLOW	86
1550.378911564626	1550.658276643991	310	OVER	86
1550.658276643991	1550.7380952380952	434	THE	86
1550.7380952380952	1551.1471655328799	159	FLOWER	86
1551.1471655328799	1551.6560090702947	49	BEDS	86
1558.9294784580497	1559.3086167800452	434	THE	87
1559.3086167800452	1559.707709750567	316	OVERWEIGHT	87
1559.707709750567	1560.1566893424035	86	CHARMER	87
1560.1566893424035	1560.3662131519275	107	COULD	87
1560.3662131519275	1560.6555555555556	387	SLIP	87
1560.6555555555556	1561.1244897959184	333	POISON	87
1561.1244897959184	1561.3639455782313	223	INTO	87
1561.3639455782313	1561.9027210884353	25	ANYONE'S	87
1561.9027210884353	1562.2619047619048	426	TEA	87
1570.09410430839	1570.2437641723357	434	THE	88
1570.2437641723357	1570.6727891156463	21	ANGRY	88
1570.6727891156463	1571.0120181405896	62	BOY	88
1571.0120181405896	1571.620634920635	23	ANSWERED	88
1571.620634920635	1571.8201814058957	70	BUT	88
1571.8201814058957	1572.149433106576	122	DIDN'T	88
1572.149433106576	1572.3689342403627	249	LOOK	88
1572.3689342403627	1572.8179138321996	458	UP	88
1580.0514739229025	1580.3807256235827	483	WHICH	89
1580.3807256235827	1580.7897959183674	247	LONG	89
1580.7897959183674	1581.3086167800452	31	ARTICLE	89
1581.3086167800452	1581.48820861678	472	WAS	89
1581.48820861678	1582.017006802721	300	OPAQUE	89
1582.017006802721	1582.1766439909297	20	AND	89
1582.1766439909297	1582.545804988662	279	NEEDED	89
1582.545804988662	1583.4836734693877	93	CLARIFICATION	89
1591.545351473923	1592.1739229024943	203	HELP	90
1592.1739229024943	1592.7027210884353	83	CELEBRATE	90
1592.7027210884353	1592.8124716553289	496	YOUR	90
1592.8124716553289	1593.2115646258503	67	BROTHER'S	90
1593.2115646258503	1593.870068027211	412	SUCCESS	90
1602.83852362955	1602.9763863777516	495	YOU	91
1602.9763863777516	1603.3485260770976	331	PLEASE	91
1603.3485260770976	1603.8473922902494	101	CONFIRM	91
1603.8473922902494	1604.3662131519275	191	GOVERNMENT	91
1604.3662131519275	1604.9448979591837	334	POLICY	91
1604.9448979591837	1605.4038548752835	359	REGARDING	91
1605.4038548752835	1605.7430839002268	473	WASTE	91
1605.7430839002268	1606.301814058957	362	REMOVAL	91
1615.7104308390021	1615.870068027211	438	THEY	92
1615.870068027211	1616.2891156462583	36	ASSUME	92
1616.2891156462583	1616.5585034013607	284	NO	92
1616.5585034013607	1617.0473922902493	68	BURGLAR	92
1617.0473922902493	1617.2868480725624	485	WILL	92
1617.2868480725624	1617.5961451247165	144	EVER	92
1617.5961451247165	1617.9353741496598	140	ENTER	92
1617.9353741496598	1618.254648526077	205	HERE	92
1625.867733342789	1626.0228266948902	202	HE	93
1626.0228266948902	1626.1699033515042	485	WILL	93
1626.1699033515042	1626.7154195011337	15	ALLOW	93
1626.7154195011337	1626.8451247165533	1	A	93
1626.8451247165533	1627.1843537414966	352	RARE	93
1627.1843537414966	1627.6832199546484	238	LIE	93
1634.9965986394557	1635.7648526077098	114	CURIOSITY	94
1635.7648526077098	1635.9045351473924	20	AND	94
1635.9045351473924	1636.7925170068027	259	MEDIOCRITY	94
1636.7925170068027	1637.4609977324262	99999	sp	94
1637.4609977324262	1637.8301587301587	373	SELDOM	94
1637.8301587301587	1637.9897959183672	88888	CO	94
1637.9897959183672	1638.7580498866214	88888	EXIST	94
1648.286394557823	1648.5757369614512	208	HIS	95
1648.5757369614512	1648.9049886621315	413	SUDDEN	95
1648.9049886621315	1649.4238095238095	117	DEPARTURE	95
1649.4238095238095	1649.9825396825397	377	SHOCKED	95
1649.9825396825397	1650.072335600907	434	THE	95
1650.072335600907	1650.7023644597828	79	CAST	95
1657.6850340136054	1657.8646258503402	375	SHE	96
1657.8646258503402	1658.2537414965986	388	SLIPPED	96
1658.2537414965986	1658.353514739229	20	AND	96
1658.353514739229	1658.7825396825397	400	SPRAINED	96
1658.7825396825397	1658.892290249433	204	HER	96
1658.892290249433	1659.2614512471655	22	ANKLE	96
1659.2614512471655	1659.391156462585	297	ON	96
1659.391156462585	1659.4510204081632	434	THE	96
1659.4510204081632	1659.7303854875283	404	STEEP	96
1659.7303854875283	1660.189342403628	389	SLOPE	96
1675.1253968253968	1675.2052154195012	1	A	97
1675.2052154195012	1675.5344671201815	52	BIG	97
1675.5344671201815	1675.9036281179137	185	GOAT	97
1675.9036281179137	1676.3725623582766	214	IDLY	97
1676.3725623582766	1676.7816326530613	18	AMBLED	97
1676.7816326530613	1676.9612244897958	444	THROUGH	97
1676.9612244897958	1677.0410430839001	434	THE	97
1677.0410430839001	1677.819274376417	152	FARMYARD	97
1685.1027210884354	1685.312244897959	381	SHOULD	98
1685.312244897959	1685.831065759637	180	GIRAFFES	98
1685.831065759637	1685.9707482993197	47	BE	98
1685.9707482993197	1686.290022675737	234	KEPT	98
1686.290022675737	1686.4097505668933	217	IN	98
1686.4097505668933	1686.798866213152	392	SMALL	98
1686.798866213152	1687.357596371882	498	ZOOS	98
1694.6410430839003	1694.9603174603176	476	WE	99
1694.9603174603176	1695.2097505668935	190	GOT	99
1695.2097505668935	1695.7185941043083	131	DRENCHED	99
1695.7185941043083	1695.928117913832	166	FROM	99
1695.928117913832	1696.0777777777778	434	THE	99
1696.0777777777778	1696.7961451247165	457	UNINTERRUPTED	99
1696.7961451247165	1697.2650793650794	351	RAIN	99
3508.822902494331	3508.9426303854875	30	ARE	0
3508.9426303854875	3509.112244897959	496	YOUR	0
3509.112244897959	3509.4215419501134	192	GRADES	0
3509.4215419501134	3509.601133786848	206	HIGHER	0
3509.601133786848	3509.7707482993196	302	OR	0
3509.7707482993196	3510.0102040816328	251	LOWER	0
3510.0102040816328	3510.1798185941043	432	THAN	0
3510.1798185941043	3510.7884353741497	275	NANCY'S	0
3517.582993197279	3517.7825396825397	375	SHE	1
3517.7825396825397	3517.9621315192744	490	WORE	1
3517.9621315192744	3518.3013605442175	471	WARM	1
3518.3013605442175	3518.7503401360545	158	FLEECY	1
3518.7503401360545	3519.079591836735	489	WOOLEN	1
3519.079591836735	3519.7979591836734	311	OVERALLS	1
3526.5052100263274	3526.7044138177007	354	READING	2
3526.7044138177007	3526.881859410431	217	IN	2
3526.881859410431	3527.0514739229025	335	POOR	2
3527.0514739229025	3527.3507936507935	240	LIGHT	2
3527.3507936507935	3527.5503401360543	181	GIVES	2
3527.5503401360543	3527.6301587301587	495	YOU	2
3527.6301587301587	3528.2687074829932	150	EYESTRAIN	2
3534.664172335601	3534.943537414966	142	EVEN	3
3534.943537414966	3535.163038548753	211	I	3
3535.163038548753	3535.751700680272	293	OCCASIONALLY	3
3535.751700680272	3535.9612244897958	177	GET	3
3535.9612244897958	3536.0310657596374	434	THE	3
3536.0310657596374	3536.430158730159	265	MONDAY	3
3536.430158730159	3536.978911564626	56	BLUES	3
3543.3743764172336	3543.514058956916	476	WE	4
3543.514058956916	3543.6637188208615	30	ARE	4
3543.6637188208615	3544.0428571428574	301	OPEN	4
3544.0428571428574	3544.3920634920632	145	EVERY	4
3544.3920634920632	3544.761224489796	265	MONDAY	4
3544.761224489796	3545.359863945578	143	EVENING	4
3552.182422379113	3552.3895061254634	226	IT'S	5
3552.3895061254634	3552.6133786848072	285	NOT	5
3552.6133786848072	3552.8927437641723	133	EASY	5
3552.8927437641723	3553.022448979592	446	TO	5
3553.022448979592	3553.341723356009	113	CREATE	5
3553.341723356009	3553.9902494331063	215	ILLUMINATING	5
3553.9902494331063	3554.7285714285713	146	EXAMPLES	5
3562.201587301587	3562.6006802721085	270	MUM	6
3562.6006802721085	3563.0197278911564	407	STRONGLY	6
3563.0197278911564	3563.428798185941	126	DISLIKES	6
3563.428798185941	3564.3068027210884	27	APPETIZERS	6
3578.773922902494	3579.0532879818593	443	THOSE	7
3579.0532879818593	3579.1131519274377	484	WHO	7
3579.1131519274377	3579.3526077097504	427	TEACH	7
3579.3526077097504	3579.7517006802723	462	VALUES	7
3579.7517006802723	3580.0709750566893	156	FIRST	7
3580.0709750566893	3580.460090702948	4	ABOLISH	7
3580.460090702948	3580.978911564626	87	CHEATING	7
3587.8133786848075	3588.072789115646	434	THE	8
3588.072789115646	3588.4519274376416	165	FRIGHTENED	8
3588.4519274376416	3588.791156462585	89	CHILD	8
3588.791156462585	3588.9507936507935	472	WAS	8
3588.9507936507935	3589.20022675737	176	GENTLY	8
3589.20022675737	3589.659183673469	410	SUBDUED	8
3589.659183673469	3589.798866213152	73	BY	8
3589.798866213152	3589.9585034013608	208	HIS	8
3589.9585034013608	3589.9784580498867	99999	sp	8
3589.9784580498867	3590.138095238095	52	BIG	8
3590.138095238095	3590.54716553288	66	BROTHER	8
3597.9603174603176	3598.2197278911563	142	EVEN	9
3598.2197278911563	3598.2795918367347	1	A	9
3598.2795918367347	3598.6886621315193	383	SIMPLE	9
3598.6886621315193	3599.4469387755103	468	VOCABULARY	9
3599.4469387755103	3600.0954648526076	104	CONTAINS	9
3600.0954648526076	3600.7739229024946	422	SYMBOLS	9
3607.8368129161145	3607.9859834113668	1	A	10
3607.9859834113668	3608.3566893424036	110	CRAB	10
3608.3566893424036	3608.8156462585034	85	CHALLENGED	10
3608.8156462585034	3608.955328798186	258	ME	10
3608.955328798186	3609.1149659863945	70	BUT	10
3609.1149659863945	3609.1648526077097	1	A	10
3609.1648526077097	3609.404308390023	350	QUICK	10
3609.404308390023	3609.8133786848075	402	STAB	10
3609.8133786848075	3610.3122448979593	464	VANQUISHED	10
3610.3122448979593	3610.5716553287984	207	HIM	10
3617.50589569161	3618.034693877551	183	GLUCOSE	11
3618.034693877551	3618.1743764172334	20	AND	11
3618.1743764172334	3618.7331065759636	167	FRUCTOSE	11
3618.7331065759636	3618.8528344671204	30	ARE	11
3618.8528344671204	3619.31179138322	276	NATURAL	11
3619.31179138322	3619.740816326531	414	SUGARS	11
3619.740816326531	3620.0201814058955	163	FOUND	11
3620.0201814058955	3620.1399092970523	217	IN	11
3620.1399092970523	3620.5489795918365	168	FRUIT	11
3628.041950113379	3628.201587301587	30	ARE	12
3628.201587301587	3628.401133786848	495	YOU	12
3628.401133786848	3628.7104308390026	250	LOOKING	12
3628.7104308390026	3628.919954648526	161	FOR	12
3628.919954648526	3630.0	136	EMPLOYMENT	12
3635.749433106576	3636.1185941043086	98	COFFEE	13
3636.1185941043086	3636.3181405895693	224	IS	13
3636.3181405895693	3636.5476190476193	198	GROWN	13
3636.5476190476193	3636.717233560091	297	ON	13
3636.717233560091	3636.74716553288	99999	sp	13
3636.74716553288	3637.086394557823	404	STEEP	13
3637.086394557823	3637.505442176871	231	JUNGLE	13
3637.505442176871	3637.6650793650792	241	LIKE	13
3637.6650793650792	3638.084126984127	390	SLOPES	13
3638.084126984127	3638.2138321995467	217	IN	13
3638.2138321995467	3638.672789115646	431	TEMPERATE	13
3638.672789115646	3639.2414965986395	497	ZONES	13
3646.7244897959185	3646.874149659864	476	WE	14
3646.874149659864	3647.2832199546483	480	WELCOME	14
3647.2832199546483	3647.4827664399095	256	MANY	14
3647.4827664399095	3647.622448979592	282	NEW	14
3647.622448979592	3648.0115646258505	408	STUDENTS	14
3648.0115646258505	3648.211111111111	132	EACH	14
3648.211111111111	3648.450566893424	491	YEAR	14
3655.5444444444443	3655.7938775510206	298	ONLY	15
3655.7938775510206	3655.8836734693878	434	THE	15
3655.8836734693878	3656.2428571428572	51	BEST	15
3656.2428571428572	3656.6818594104307	330	PLAYERS	15
3656.6818594104307	3657.011111111111	139	ENJOY	15
3657.011111111111	3657.819274376417	336	POPULARITY	15
3664.8832199546487	3665.481859410431	75	CALCIUM	16
3665.481859410431	3665.851020408163	254	MAKES	16
3665.851020408163	3666.319954648526	58	BONES	16
3666.319954648526	3666.4496598639457	20	AND	16
3666.4496598639457	3666.7589569160996	430	TEETH	16
3666.7589569160996	3666.8088435374148	99999	sp	16
3666.8088435374148	3667.4074829931974	406	STRONG	16
3680.28820861678	3680.6374149659864	286	NOTHING	17
3680.6374149659864	3680.797052154195	224	IS	17
3680.797052154195	3680.9666666666667	34	AS	17
3680.9666666666667	3681.4356009070293	295	OFFENSIVE	17
3681.4356009070293	3681.585260770975	34	AS	17
3681.585260770975	3682.383446712018	219	INNOCENCE	17
3688.8986394557824	3689.4074829931974	405	STEVE	18
3689.4074829931974	3689.617006802721	490	WORE	18
3689.617006802721	3689.64693877551	1	A	18
3689.64693877551	3689.9761904761904	65	BRIGHT	18
3689.9761904761904	3690.2555555555555	356	RED	18
3690.2555555555555	3690.7643990929705	78	CASHMERE	18
3690.7643990929705	3691.2931972789115	420	SWEATER	18
3698.4269841269843	3698.7761904761905	46	BARB'S	19
3698.7761904761905	3699.0455782312924	188	GOLD	19
3699.0455782312924	3699.5244897959183	63	BRACELET	19
3699.5244897959183	3699.664172335601	472	WAS	19
3699.664172335601	3699.69410430839	1	A	19
3699.69410430839	3700.392517006803	193	GRADUATION	19
3700.392517006803	3700.831519274376	339	PRESENT	19
3708.154875283447	3708.514058956916	130	DRAW	20
3708.514058956916	3708.7834467120183	145	EVERY	20
3708.7834467120183	3709.042857142857	308	OUTER	20
3709.042857142857	3709.3421768707485	244	LINE	20
3709.3421768707485	3709.791156462585	156	FIRST	20
3709.791156462585	3709.8210884353743	99999	sp	20
3709.8210884353743	3710.050566893424	436	THEN	20
3710.050566893424	3710.309977324263	154	FILL	20
3710.309977324263	3710.3997732426305	217	IN	20
3710.3997732426305	3710.5095238095237	434	THE	20
3710.5095238095237	3711.2079365079367	222	INTERIOR	20
3719.791669111177	3719.9307401333376	434	THE	21
3719.9307401333376	3720.187528344671	475	WATER	21
3720.187528344671	3720.67641723356	103	CONTAINED	21
3720.67641723356	3720.875963718821	448	TOO	21
3720.875963718821	3721.0555555555557	269	MUCH	21
3721.0555555555557	3721.4290964592587	90	CHLORINE	21
3721.4290964592587	3721.609584546335	20	AND	21
3721.609584546335	3721.9232900310153	409	STUNG	21
3721.9232900310153	3722.0951834472785	208	HIS	21
3722.0951834472785	3722.610863696068	149	EYES	21
3730.0950113378685	3730.5938775510203	229	JOHN'S	22
3730.5938775510203	3731.0129251700682	66	BROTHER	22
3731.0129251700682	3731.6514739229024	363	REPAINTED	22
3731.6514739229024	3731.74126984127	434	THE	22
3731.74126984127	3732.1204081632654	173	GARAGE	22
3732.1204081632654	3732.549433106576	129	DOOR	22
3739.553514739229	3740.1321995464855	84	CHALLENGE	23
3740.1321995464855	3740.4414965986393	132	EACH	23
3740.4414965986393	3740.9702947845803	175	GENERAL'S	23
3740.9702947845803	3741.858276643991	221	INTELLIGENCE	23
3748.832426303855	3749.680498866213	17	AMBIDEXTROUS	24
3749.680498866213	3750.3290249433107	327	PICKPOCKETS	24
3750.3290249433107	3750.8678004535145	6	ACCOMPLISH	24
3750.8678004535145	3751.2868480725624	267	MORE	24
3758.3349526844945	3758.4838288747937	1	A	25
3758.4838288747937	3758.8995464852605	271	MUSCULAR	25
3758.8995464852605	3759.398412698413	2	ABDOMEN	25
3759.398412698413	3759.538095238095	224	IS	25
3759.538095238095	3759.677777777778	189	GOOD	25
3759.677777777778	3759.8074829931975	161	FOR	25
3759.8074829931975	3759.94716553288	496	YOUR	25
3759.94716553288	3760.4659863945576	43	BACK	25
3767.230612244898	3767.470068027211	438	THEY	26
3767.470068027211	3767.6197278911563	317	OWN	26
3767.6197278911563	3767.6696145124715	1	A	26
3767.6696145124715	3767.9090702947847	52	BIG	26
3767.9090702947847	3768.28820861678	209	HOUSE	26
3768.28820861678	3768.3780045351473	217	IN	26
3768.3780045351473	3768.4378684807257	434	THE	26
3768.4378684807257	3768.767120181406	361	REMOTE	26
3768.767120181406	3769.6251700680273	109	COUNTRYSIDE	26
3776.4097505668933	3776.559410430839	434	THE	27
3776.559410430839	3776.9185941043083	369	ROSE	27
3776.9185941043083	3777.4972789115645	106	CORSAGE	27
3777.4972789115645	3777.9662131519276	393	SMELLED	27
3777.9662131519276	3778.7145124716553	421	SWEET	27
3784.810657596372	3785.109977324263	433	THAT	28
3785.109977324263	3785.648752834467	326	PICKPOCKET	28
3785.648752834467	3785.798412698413	472	WAS	28
3785.798412698413	3786.127664399093	80	CAUGHT	28
3786.127664399093	3786.4668934240362	356	RED	28
3786.4668934240362	3787.0755950139337	199	HANDED	28
3794.039682639456	3794.1333221861573	19	AN	29
3794.1333221861573	3794.488662131519	9	ADULT	29
3794.488662131519	3794.6882086167802	255	MALE	29
3794.6882086167802	3795.137188208617	42	BABOON'S	29
3795.137188208617	3795.3866213151928	430	TEETH	29
3795.3866213151928	3795.456462585034	30	ARE	29
3795.456462585034	3795.6759637188206	285	NOT	29
3795.6759637188206	3796.0950113378685	415	SUITABLE	29
3796.0950113378685	3796.2047619047617	161	FOR	29
3796.2047619047617	3796.424263038549	135	EATING	29
3796.424263038549	3797.1027210884354	376	SHELLFISH	29
3804.665532879819	3804.8351473922903	204	HER	30
3804.8351473922903	3805.373922902494	470	WARDROBE	30
3805.373922902494	3805.9725623582767	102	CONSISTS	30
3805.9725623582767	3806.062358276644	294	OF	30
3806.062358276644	3806.3117913832198	298	ONLY	30
3806.3117913832198	3806.6809523809525	385	SKIRTS	30
3806.6809523809525	3806.7907029478456	20	AND	30
3806.7907029478456	3807.3195011337866	54	BLOUSES	30
3814.922804938741	3815.0359508433685	434	THE	31
3815.0359508433685	3815.2714285714287	453	TWO	31
3815.2714285714287	3815.7004535147394	33	ARTISTS	31
3815.7004535147394	3815.890022675737	99999	sp	31
3815.890022675737	3816.5984126984126	147	EXCHANGED	31
3816.5984126984126	3817.3566893424036	39	AUTOGRAPHS	31
3824.270975056689	3824.8297052154194	71	BUTTERSCOTCH	32
3824.8297052154194	3824.8795918367346	99999	sp	32
3824.8795918367346	3825.208843537415	169	FUDGE	32
3825.208843537415	3825.428344671202	186	GOES	32
3825.428344671202	3825.6578231292515	481	WELL	32
3825.6578231292515	3825.787528344671	487	WITH	32
3825.787528344671	3825.8274376417235	99999	sp	32
3825.8274376417235	3826.1666666666665	463	VANILLA	32
3826.1666666666665	3826.436054421769	212	ICE	32
3826.436054421769	3826.845124716553	112	CREAM	32
3833.6496598639455	3834.0387755102042	366	RICH	33
3834.0387755102042	3834.5875283446712	349	PURCHASED	33
3834.5875283446712	3835.066439909297	374	SEVERAL	33
3835.066439909297	3835.4854875283445	382	SIGNED	33
3835.4854875283445	3836.313605442177	245	LITHOGRAPHS	33
3843.357596371882	3843.626984126984	24	ANY	34
3843.626984126984	3844.4151927437642	105	CONTRIBUTIONS	34
3844.4151927437642	3844.5049886621314	485	WILL	34
3844.5049886621314	3844.634693877551	47	BE	34
3844.634693877551	3845.0337868480724	195	GREATLY	34
3845.0337868480724	3845.8120181405893	28	APPRECIATED	34
3853.0655328798184	3853.165306122449	434	THE	35
3853.165306122449	3853.684126984127	111	CRANBERRY	35
3853.684126984127	3853.9934240362813	57	BOG	35
3853.9934240362813	3854.163038548753	178	GETS	35
3854.163038548753	3854.372562358277	465	VERY	35
3854.372562358277	3854.6219954648527	340	PRETTY	35
3854.6219954648527	3854.761678004535	217	IN	35
3854.761678004535	3855.1408163265305	40	AUTUMN	35
3861.775736961451	3861.945351473923	210	HOW	36
3861.945351473923	3862.0650793650793	128	DO	36
3862.0650793650793	3862.49410430839	318	OYSTERS	36
3862.49410430839	3862.6936507936507	253	MAKE	36
3862.6936507936507	3862.72358276644	99999	sp	36
3862.72358276644	3863.302267573696	320	PEARLS	36
3869.0392290249433	3869.228798185941	257	MAY	37
3869.228798185941	3869.3485260770976	211	I	37
3869.3485260770976	3869.967120181406	304	ORDER	37
3869.967120181406	3870.206575963719	1	A	37
3870.206575963719	3870.545804988662	10	AFTER	37
3870.545804988662	3870.6356009070296	211	I	37
3870.6356009070296	3870.8650793650795	134	EAT	37
3870.8650793650795	3871.2541950113377	124	DINNER	37
3878.098639455782	3878.258276643991	224	IS	38
3878.258276643991	3878.527664399093	375	SHE	38
3878.527664399093	3878.8968253968255	187	GOING	38
3878.8968253968255	3879.036507936508	487	WITH	38
3879.036507936508	3879.365759637188	495	YOU	38
3885.4252925839296	3885.5701987424877	76	CAN	39
3885.5701987424877	3885.736940075623	434	THE	39
3885.736940075623	3886.290022675737	11	AGENCY	39
3886.290022675737	3886.888662131519	315	OVERTHROW	39
3886.888662131519	3887.277777777778	13	ALIEN	39
3887.277777777778	3887.9163265306124	162	FORCES	39
3895.409297052154	3895.440886841375	1	A	40
3895.440886841375	3896.0777777777776	371	SCREWDRIVER	40
3896.0777777777776	3896.2573696145123	224	IS	40
3896.2573696145123	3896.4569160997735	252	MADE	40
3896.4569160997735	3896.616553287982	166	FROM	40
3896.616553287982	3896.925850340136	469	VODKA	40
3896.925850340136	3897.085487528345	20	AND	40
3897.085487528345	3897.434693877551	303	ORANGE	40
3897.434693877551	3897.843764172336	230	JUICE	40
3904.5503168100886	3904.681327857552	210	HOW	41
3904.681327857552	3904.8578231292518	269	MUCH	41
3904.8578231292518	3905.3367346938776	16	ALLOWANCE	41
3905.3367346938776	3905.456462585034	128	DO	41
3905.456462585034	3905.5961451247167	495	YOU	41
3905.5961451247167	3905.8906361360996	177	GET	41
3911.8718820861677	3912.520408163265	115	CYCLICAL	42
3912.520408163265	3913.1190476190477	346	PROGRAMS	42
3913.1190476190477	3913.238775510204	485	WILL	42
3913.238775510204	3913.508163265306	281	NEVER	42
3913.508163265306	3914.1566893424038	100	COMPILE	42
3920.761678004535	3920.8714285714286	434	THE	43
3920.8714285714286	3921.3004535147393	61	BOSTON	43
3921.3004535147393	3921.6795918367347	45	BALLET	43
3921.6795918367347	3922.2083900226758	312	OVERCAME	43
3922.2083900226758	3922.328117913832	435	THEIR	43
3922.328117913832	3922.6773242630384	170	FUNDING	43
3922.6773242630384	3923.295918367347	380	SHORTAGE	43
3930.828798185941	3931.098185941043	145	EVERY	44
3931.098185941043	3931.4074829931974	74	CAB	44
3931.4074829931974	3931.6369614512473	280	NEEDS	44
3931.6369614512473	3932.135827664399	364	REPAINTING	44
3932.135827664399	3932.654648526077	296	OFTEN	44
3938.4215419501134	3938.9104308390024	203	HELP	45
3938.9104308390024	3939.284210191676	196	GREG	45
3939.284210191676	3939.379490953467	446	TO	45
3939.379490953467	3939.560127397697	325	PICK	45
3939.560127397697	3939.6851833975484	99999	sp	45
3939.6851833975484	3939.7427488577973	1	A	45
3939.7427488577973	3939.774509111728	99999	sp	45
3939.774509111728	3940.0266061273014	321	PECK	45
3940.0266061273014	3940.0623364129733	99999	sp	45
3940.0623364129733	3940.155632158894	294	OF	45
3940.155632158894	3940.799857440341	338	POTATOES	45
3949.456462585034	3949.5961451247167	476	WE	46
3949.5961451247167	3949.8356009070294	241	LIKE	46
3949.8356009070294	3950.0850340136053	55	BLUE	46
3950.0850340136053	3950.4841269841268	88	CHEESE	46
3950.4841269841268	3950.6537414965987	70	BUT	46
3950.6537414965987	3950.9430839002266	466	VICTOR	46
3950.9430839002266	3951.2424036281177	242	LIKES	46
3951.2424036281177	3951.6414965986396	64	BRIE	46
3958.6084007060404	3958.840647562907	108	COUNT	47
3958.840647562907	3958.9577634992756	434	THE	47
3958.9577634992756	3959.144444444444	289	NUMBER	47
3959.144444444444	3959.244217687075	294	OF	47
3959.244217687075	3959.7131519274376	429	TEASPOONS	47
3959.7131519274376	3959.792970521542	294	OF	47
3959.792970521542	3960.351700680272	395	SOYSAUCE	47
3960.351700680272	3960.3816326530614	99999	sp	47
3960.3816326530614	3960.531292517007	433	THAT	47
3960.531292517007	3960.6709750566893	495	YOU	47
3960.6709750566893	3961.040136054422	7	ADD	47
3968.632879818594	3969.1716553287984	44	BAGPIPES	48
3969.1716553287984	3969.2614512471655	20	AND	48
3969.2614512471655	3969.8102040816325	59	BONGOS	48
3969.8102040816325	3969.890022675737	30	ARE	48
3969.890022675737	3970.3589569161	273	MUSICAL	48
3970.3589569161	3971.226984126984	220	INSTRUMENTS	48
3978.181179138322	3978.3507936507935	210	HOW	49
3978.3507936507935	3978.5902494331067	189	GOOD	49
3978.5902494331067	3978.709977324263	224	IS	49
3978.709977324263	3978.8995464852605	496	YOUR	49
3978.8995464852605	3979.518140589569	138	ENDURANCE	49
3985.5244897959183	3985.69410430839	434	THE	50
3985.69410430839	3986.0732426303857	141	ESSAY	50
3986.0732426303857	3986.8514739229026	454	UNDENIABLY	50
3986.8514739229026	3987.3403628117912	358	REFLECTS	50
3987.3403628117912	3987.5598639455784	305	OUR	50
3987.5598639455784	3987.789342403628	467	VIEW	50
3987.789342403628	3988.298185941043	3	ABLY	50
3995.4219954648524	3995.581632653061	1	A	51
3995.581632653061	3995.990702947846	60	BORING	51
3995.990702947846	3996.339909297052	287	NOVEL	51
3996.339909297052	3996.4795918367345	224	IS	51
3996.4795918367345	3996.549433106576	1	A	51
3996.549433106576	3997.0383219954647	418	SUPERB	51
3997.0383219954647	3997.5072562358278	386	SLEEPING	51
3997.5072562358278	3997.816553287982	328	PILL	51
4005.129931972789	4005.4791383219954	303	ORANGE	52
4005.4791383219954	4005.7585034013605	230	JUICE	52
4005.7585034013605	4006.147619047619	425	TASTES	52
4006.147619047619	4006.407029478458	171	FUNNY	52
4006.407029478458	4006.736281179138	10	AFTER	52
4006.736281179138	4007.863718820862	449	TOOTHPASTE	52
4014.4986394557823	4014.5984126984126	434	THE	53
4014.5984126984126	4014.9875283446713	486	WILLOWY	53
4014.9875283446713	4015.3267573696144	488	WOMAN	53
4015.3267573696144	4015.6260770975055	490	WORE	53
4015.6260770975055	4015.70589569161	1	A	53
4015.70589569161	4016.1848072562357	274	MUSKRAT	53
4016.1848072562357	4016.992970521542	96	COAT	53
4023.438321995465	4023.558049886621	434	THE	54
4023.558049886621	4024.086848072562	264	MISQUOTE	54
4024.086848072562	4024.266439909297	472	WAS	54
4024.266439909297	4024.8151927437643	365	RETRACTED	54
4024.8151927437643	4024.9548752834467	487	WITH	54
4024.9548752834467	4025.024716553288	19	AN	54
4025.024716553288	4025.7829931972788	26	APOLOGY	54
4032.3780045351473	4032.51768707483	211	I	55
4032.51768707483	4032.7371882086168	233	JUST	55
4032.7371882086168	4032.856916099773	370	SAW	55
4032.856916099773	4033.2061224489794	228	JIM	55
4033.2061224489794	4033.4356009070293	277	NEAR	55
4033.4356009070293	4033.4954648526077	434	THE	55
4033.4954648526077	4033.6551020408165	282	NEW	55
4033.6551020408165	4034.42335600907	29	ARCHEOLOGICAL	55
4034.42335600907	4034.9920634920636	272	MUSEUM	55
4042.2854875283447	4042.5149659863946	367	RIGHT	56
4042.5149659863946	4042.7743764172337	288	NOW	56
4042.7743764172337	4042.9439909297053	257	MAY	56
4042.9439909297053	4043.2034013605444	285	NOT	56
4043.2034013605444	4043.4727891156463	434	THE	56
4043.4727891156463	4043.5326530612247	99999	sp	56
4043.5326530612247	4043.7621315192746	257	MAY	56
4043.7621315192746	4043.991609977324	285	NOT	56
4043.991609977324	4044.201133786848	47	BE	56
4044.201133786848	4044.270975056689	434	THE	56
4044.270975056689	4044.5503401360543	51	BEST	56
4044.5503401360543	4044.8496598639454	445	TIME	56
4044.8496598639454	4044.959410430839	161	FOR	56
4044.959410430839	4045.378458049887	69	BUSINESS	56
4045.378458049887	4046.0768707482994	260	MERGERS	56
4046.0768707482994	4046.5657596371884	99999	sp	56
4054.118594104308	4054.1984126984125	434	THE	57
4054.1984126984125	4054.74716553288	263	MISPRINT	57
4054.74716553288	4055.136281179138	348	PROVOKED	57
4055.136281179138	4055.226077097506	19	AN	57
4055.226077097506	4055.6750566893425	216	IMMEDIATE	57
4055.6750566893425	4056.333560090703	125	DISCLAIMER	57
4063.2179138321994	4063.397505668934	438	THEY	58
4063.397505668934	4063.6369614512473	14	ALL	58
4063.6369614512473	4063.946258503401	139	ENJOY	58
4063.946258503401	4064.2156462585035	212	ICE	58
4064.2156462585035	4064.475056689342	112	CREAM	58
4064.475056689342	4065.228005444091	417	SUNDAES	58
4072.087755102041	4072.267544210461	128	DO	59
4072.267544210461	4072.8160997732425	38	ATYPICAL	59
4072.8160997732425	4073.3349206349208	151	FARMERS	59
4073.3349206349208	4073.5643990929707	197	GROW	59
4073.5643990929707	4074.02335600907	291	OATS	59
4080.5023117938945	4081.0773242630385	121	DIANE	60
4081.0773242630385	4081.2170068027212	257	MAY	60
4081.2170068027212	4081.785714285714	399	SPLURGE	60
4081.785714285714	4081.9054421768706	20	AND	60
4081.9054421768706	4082.1648526077097	72	BUY	60
4082.1648526077097	4082.2047619047617	1	A	60
4082.2047619047617	4082.7136054421767	452	TURQUOISE	60
4082.7136054421767	4083.2024943310657	278	NECKLACE	60
4090.615646258503	4091.2342403628118	194	GRANDMOTHER	61
4091.2342403628118	4091.6931972789116	309	OUTGREW	61
4091.6931972789116	4091.792970521542	204	HER	61
4091.792970521542	4092.321768707483	459	UPBRINGING	61
4092.321768707483	4092.4614512471653	217	IN	61
4092.4614512471653	4093.2092915715875	323	PETTICOATS	61
4099.984353741496	4100.573015873016	292	OBJECTS	62
4100.573015873016	4100.7326530612245	252	MADE	62
4100.7326530612245	4100.822448979592	294	OF	62
4100.822448979592	4100.842403628118	99999	sp	62
4100.842403628118	4101.3013605442175	324	PEWTER	62
4101.3013605442175	4101.4410430839	30	ARE	62
4101.4410430839	4102.019727891156	48	BEAUTIFUL	62
4108.734467120182	4109.382993197279	32	ARTIFICIAL	63
4109.382993197279	4110.051473922902	221	INTELLIGENCE	63
4110.051473922902	4110.3707482993195	224	IS	63
4110.3707482993195	4110.440589569161	99999	sp	63
4110.440589569161	4110.739909297052	161	FOR	63
4110.739909297052	4111.1290249433105	355	REAL	63
4118.173015873016	4118.5721088435375	447	TODD	64
4118.5721088435375	4118.931292517007	329	PLACED	64
4118.931292517007	4119.210657596372	450	TOP	64
4119.210657596372	4119.82925170068	342	PRIORITY	64
4119.82925170068	4119.978911564625	297	ON	64
4119.978911564625	4120.268253968254	179	GETTING	64
4120.268253968254	4120.487755102041	208	HIS	64
4120.487755102041	4120.787074829932	53	BIKE	64
4120.787074829932	4121.315873015873	157	FIXED	64
4129.337641723356	4129.557142857143	482	WHEN	65
4129.557142857143	4129.856462585034	322	PEELING	65
4129.856462585034	4129.976190476191	19	AN	65
4129.976190476191	4130.425170068027	303	ORANGE	65
4130.425170068027	4130.524943310657	225	IT	65
4130.524943310657	4130.654648526077	224	IS	65
4130.654648526077	4131.093650793651	200	HARD	65
4131.093650793651	4131.303174603175	285	NOT	65
4131.303174603175	4131.373015873016	446	TO	65
4131.373015873016	4131.662358276644	401	SPRAY	65
4131.662358276644	4132.201133786848	230	JUICE	65
4139.644217687075	4139.724036281179	434	THE	66
4139.724036281179	4140.1231292517	268	MORNING	66
4140.1231292517	4140.4224489795915	120	DEW	66
4140.4224489795915	4140.532199546486	297	ON	66
4140.532199546486	4140.592063492063	434	THE	66
4140.592063492063	4141.011111111111	398	SPIDER	66
4141.011111111111	4141.220634920635	479	WEB	66
4141.220634920635	4141.72947845805	182	GLISTENED	66
4141.72947845805	4141.849206349207	217	IN	66
4141.849206349207	4141.909070294784	434	THE	66
4141.909070294784	4142.407936507936	416	SUN	66
4150.160317460318	4151.018367346939	451	TORNADOS	67
4151.018367346939	4151.337641723356	296	OFTEN	67
4151.337641723356	4151.756689342404	118	DESTROY	67
4151.756689342404	4152.674603174603	41	AVIARIES	67
4159.578911564626	4159.7385487528345	438	THEY	68
4159.7385487528345	4160.08775510204	360	REMAINED	68
4160.08775510204	4160.586621315193	239	LIFELONG	68
4160.586621315193	4160.955782312925	164	FRIENDS	68
4160.955782312925	4161.145351473923	20	AND	68
4161.145351473923	4161.963492063492	99	COMPANIONS	68
4168.877777777778	4168.977551020408	434	THE	69
4168.977551020408	4169.4165532879815	160	FOOTBALL	69
4169.4165532879815	4169.636054421769	428	TEAM	69
4169.636054421769	4169.995238095238	95	COACH	69
4169.995238095238	4170.154875283447	201	HAS	69
4170.154875283447	4170.194784580499	1	A	69
4170.194784580499	4170.573922902495	474	WATCH	69
4170.573922902495	4170.7036281179135	34	AS	69
4170.7036281179135	4171.012925170068	439	THIN	69
4171.012925170068	4171.132653061224	34	AS	69
4171.132653061224	4171.1925170068025	1	A	69
4171.1925170068025	4171.74126984127	123	DIME	69
4179.044671201814	4179.204308390023	438	THEY	70
4179.204308390023	4179.553514739229	296	OFTEN	70
4179.553514739229	4179.733106575964	184	GO	70
4179.733106575964	4179.942630385487	306	OUT	70
4179.942630385487	4180.062358276644	217	IN	70
4180.062358276644	4180.142176870749	434	THE	70
4180.142176870749	4180.710884353742	143	EVENING	70
4186.84693877551	4187.096371882086	305	OUR	71
4187.096371882086	4187.605215419501	148	EXPERIMENT'S	71
4187.605215419501	4188.233786848073	337	POSITIVE	71
4188.233786848073	4188.702721088435	307	OUTCOME	71
4188.702721088435	4188.932199546485	472	WAS	71
4188.932199546485	4189.760317460317	456	UNEXPECTED	71
4197.093650793651	4197.3530612244895	132	EACH	72
4197.3530612244895	4197.821995464853	403	STAG	72
4197.821995464853	4198.1811791383225	419	SURELY	72
4198.1811791383225	4198.580272108844	155	FINDS	72
4198.580272108844	4198.630158730159	1	A	72
4198.630158730159	4198.849659863946	52	BIG	72
4198.849659863946	4199.398412698412	153	FAWN	72
4206.192970521542	4206.432426303855	434	THE	73
4206.432426303855	4207.001133786848	91	CIGARETTES	73
4207.001133786848	4207.090929705216	217	IN	73
4207.090929705216	4207.150793650793	434	THE	73
4207.150793650793	4207.380272108843	94	CLAY	73
4207.380272108843	4207.978911564625	35	ASHTRAY	73
4207.978911564625	4208.5376417233565	314	OVERFLOWED	73
4208.5376417233565	4208.787074829932	299	ONTO	73
4208.787074829932	4208.926757369614	434	THE	73
4208.926757369614	4209.066439909297	290	OAK	73
4209.066439909297	4209.53537414966	424	TABLE	73
4217.417460317461	4218.016099773243	347	PROJECT	74
4218.016099773243	4218.475056689343	119	DEVELOPMENT	74
4218.475056689343	4218.654648526077	472	WAS	74
4218.654648526077	4219.203401360544	344	PROCEEDING	74
4219.203401360544	4219.402947845805	448	TOO	74
4219.402947845805	4219.91179138322	391	SLOWLY	74
4226.9857142857145	4227.245124716554	485	WILL	75
4227.245124716554	4227.624263038549	368	ROBIN	75
4227.624263038549	4228.093197278911	477	WEAR	75
4228.093197278911	4228.182993197279	1	A	75
4228.182993197279	4228.432426303855	493	YELLOW	75
4228.432426303855	4228.921315192743	243	LILY	75
4235.0	4235.471428571429	99999	sp	76
4235.471428571429	4236.199773242631	1	A	76
4236.199773242631	4236.529024943311	235	LARGER	76
4236.529024943311	4236.908163265306	92	CLAMP	76
4236.908163265306	4237.2673469387755	394	SOLVES	76
4237.2673469387755	4237.337188208617	434	THE	76
4237.337188208617	4237.915873015873	343	PROBLEM	76
4245.059637188208	4245.3190476190475	441	THIS	77
4245.3190476190475	4245.4687074829935	472	WAS	77
4245.4687074829935	4245.748072562358	133	EASY	77
4245.748072562358	4246.007482993197	161	FOR	77
4246.007482993197	4246.37664399093	460	US	77
4253.061451247166	4253.540362811791	116	DECEMBER	78
4253.540362811791	4253.660090702948	20	AND	78
4253.660090702948	4254.2786848072565	227	JANUARY	78
4254.2786848072565	4254.418367346939	30	ARE	78
4254.418367346939	4254.687755102041	283	NICE	78
4254.687755102041	4255.036961451247	266	MONTHS	78
4255.036961451247	4255.116780045351	446	TO	78
4255.116780045351	4255.50589569161	397	SPEND	78
4255.50589569161	4255.655555555555	217	IN	78
4255.655555555555	4256.224263038549	261	MIAMI	78
4264.5952380952385	4264.89455782313	236	LAST	79
4264.89455782313	4265.173922902494	492	YEAR'S	79
4265.173922902494	4265.45328798186	174	GAS	79
4265.45328798186	4265.932199546485	380	SHORTAGE	79
4265.932199546485	4266.281405895692	81	CAUSED	79
4266.281405895692	4266.630612244898	404	STEEP	79
4266.630612244898	4266.87006802721	341	PRICE	79
4266.87006802721	4267.578458049887	218	INCREASES	79
4275.759863945578	4276.498185941043	12	AGRICULTURAL	80
4276.498185941043	4276.94716553288	345	PRODUCTS	80
4276.94716553288	4277.1866213151925	30	ARE	80
4277.1866213151925	4277.655555555555	455	UNEVENLY	80
4277.655555555555	4278.363945578231	127	DISTRIBUTED	80
4286.315873015873	4286.515419501134	73	BY	81
4286.515419501134	4286.834693877551	135	EATING	81
4286.834693877551	4287.2038548752835	494	YOGURT	81
4287.2038548752835	4287.303628117914	495	YOU	81
4287.303628117914	4287.463265306123	257	MAY	81
4287.463265306123	4287.702721088435	246	LIVE	81
4287.702721088435	4288.251473922903	248	LONGER	81
4294.567120181406	4294.666893424036	434	THE	82
4294.666893424036	4295.225623582766	82	CAUSEWAY	82
4295.225623582766	4295.524943310657	137	ENDED	82
4295.524943310657	4296.033786848073	5	ABRUPTLY	82
4296.033786848073	4296.103628117914	37	AT	82
4296.103628117914	4296.183446712018	434	THE	82
4296.183446712018	4296.632426303855	379	SHORE	82
4303.586621315193	4304.13537414966	88888	WATERPROOF	83
4304.13537414966	4304.714058956916	172	GALOSHES	83
4304.714058956916	4304.79387755102	30	ARE	83
4304.79387755102	4305.113151927438	465	VERY	83
4305.113151927438	4305.602040816327	461	USEFUL	83
4305.602040816327	4305.671882086168	217	IN	83
4305.671882086168	4306.2904761904765	372	SEATTLE	83
4313.589481100315	4313.800205249969	434	THE	84
4313.800205249969	4314.012925170068	396	SPEECH	84
4314.012925170068	4314.74126984127	423	SYMPOSIUM	84
4314.74126984127	4314.920861678004	262	MIGHT	84
4314.920861678004	4315.270068027211	50	BEGIN	84
4315.270068027211	4315.389795918368	297	ON	84
4315.389795918368	4315.88866213152	265	MONDAY	84
4322.932653061224	4323.122222222222	213	I'D	85
4323.122222222222	4323.381632653061	353	RATHER	85
4323.381632653061	4323.601133786848	285	NOT	85
4323.601133786848	4323.880498866213	72	BUY	85
4323.880498866213	4324.050113378685	437	THESE	85
4324.050113378685	4324.638775510204	378	SHOES	85
4324.638775510204	4324.958049886622	432	THAN	85
4324.958049886622	4325.107709750567	47	BE	85
4325.107709750567	4325.895918367347	313	OVERCHARGED	85
4334.57619047619	4334.70589569161	47	BE	86
4334.70589569161	4335.104988662131	77	CAREFUL	86
4335.104988662131	4335.2845804988665	285	NOT	86
4335.2845804988665	4335.354421768708	446	TO	86
4335.354421768708	4335.7036281179135	332	PLOW	86
4335.7036281179135	4336.012925170068	310	OVER	86
4336.012925170068	4336.092743764172	434	THE	86
4336.092743764172	4336.491836734694	159	FLOWER	86
4336.491836734694	4336.960770975057	49	BEDS	86
4346.978004535147	4347.367120181406	316	OVERWEIGHT	87
4347.367120181406	4347.766213151927	86	CHARMER	87
4347.766213151927	4347.935827664399	107	COULD	87
4347.935827664399	4348.165306122449	387	SLIP	87
4348.165306122449	4348.674149659864	333	POISON	87
4348.674149659864	4348.803854875284	223	INTO	87
4348.803854875284	4349.242857142857	25	ANYONE'S	87
4349.242857142857	4349.631972789116	426	TEA	87
4357.244671201814	4357.334467120181	434	THE	88
4357.334467120181	4357.673696145124	21	ANGRY	88
4357.673696145124	4357.873242630386	62	BOY	88
4357.873242630386	4358.362131519274	23	ANSWERED	88
4358.362131519274	4358.521768707483	70	BUT	88
4358.521768707483	4358.74126984127	122	DIDN'T	88
4358.74126984127	4358.960770975057	249	LOOK	88
4358.960770975057	4359.449659863945	458	UP	88
4392.075510204081	4392.384807256236	483	WHICH	89
4392.384807256236	4392.7040816326535	247	LONG	89
4392.7040816326535	4393.202947845805	31	ARTICLE	89
4393.202947845805	4393.38253968254	472	WAS	89
4393.38253968254	4393.891383219955	300	OPAQUE	89
4393.891383219955	4394.001133786848	20	AND	89
4394.001133786848	4394.2904761904765	279	NEEDED	89
4394.2904761904765	4395.178458049887	93	CLARIFICATION	89
4403.20022675737	4403.4396825396825	203	HELP	90
4403.4396825396825	4403.938548752834	83	CELEBRATE	90
4403.938548752834	4404.038321995465	496	YOUR	90
4404.038321995465	4404.367573696145	67	BROTHER'S	90
4404.367573696145	4404.8764172335605	412	SUCCESS	90
4411.631065759637	4411.830612244898	485	WILL	91
4411.830612244898	4411.910430839002	495	YOU	91
4411.910430839002	4412.279591836735	331	PLEASE	91
4412.279591836735	4412.708616780045	101	CONFIRM	91
4412.708616780045	4413.177551020408	191	GOVERNMENT	91
4413.177551020408	4413.626530612245	334	POLICY	91
4413.626530612245	4414.045578231293	359	REGARDING	91
4414.045578231293	4414.304988662131	473	WASTE	91
4414.304988662131	4414.743990929705	362	REMOVAL	91
4422.366666666667	4422.556235827665	438	THEY	92
4422.556235827665	4422.885487528345	36	ASSUME	92
4422.885487528345	4423.114965986395	284	NO	92
4423.114965986395	4423.563945578231	68	BURGLAR	92
4423.563945578231	4423.793424036281	485	WILL	92
4423.793424036281	4424.022902494331	144	EVER	92
4424.022902494331	4424.3421768707485	140	ENTER	92
4424.3421768707485	4424.631519274377	205	HERE	92
4431.645578231292	4431.845124716553	202	HE	93
4431.845124716553	4432.024716553288	485	WILL	93
4432.024716553288	4432.443764172335	15	ALLOW	93
4432.443764172335	4432.553514739229	1	A	93
4432.553514739229	4432.912698412699	352	RARE	93
4432.912698412699	4433.461451247165	238	LIE	93
4440.734920634921	4441.563038548753	114	CURIOSITY	94
4441.563038548753	4441.662811791383	20	AND	94
4441.662811791383	4442.490929705215	259	MEDIOCRITY	94
4442.490929705215	4442.810204081633	99999	sp	94
4442.810204081633	4443.259183673469	373	SELDOM	94
4443.259183673469	4443.448752834467	88888	CO	94
4443.448752834467	4443.937641723356	88888	EXIST	94
4452.268707482993	4452.438321995465	208	HIS	95
4452.438321995465	4452.81746031746	413	SUDDEN	95
4452.81746031746	4453.366213151928	117	DEPARTURE	95
4453.366213151928	4453.914965986394	377	SHOCKED	95
4453.914965986394	4454.014739229025	434	THE	95
4454.014739229025	4454.5834467120185	79	CAST	95
4462.176190476191	4462.315873015873	375	SHE	96
4462.315873015873	4462.625170068027	388	SLIPPED	96
4462.625170068027	4462.714965986394	20	AND	96
4462.714965986394	4463.09410430839	400	SPRAINED	96
4463.09410430839	4463.193877551021	204	HER	96
4463.193877551021	4463.612925170068	22	ANKLE	96
4463.612925170068	4463.702721088435	297	ON	96
4463.702721088435	4463.772562358276	434	THE	96
4463.772562358276	4464.081859410431	404	STEEP	96
4464.081859410431	4464.480952380953	389	SLOPE	96
4471.846713010977	4472.020365319488	1	A	97
4472.020365319488	4472.193424036281	52	BIG	97
4472.193424036281	4472.572562358277	185	GOAT	97
4472.572562358277	4472.981632653061	214	IDLY	97
4472.981632653061	4473.380725623583	18	AMBLED	97
4473.380725623583	4473.500453514739	444	THROUGH	97
4473.500453514739	4473.580272108844	434	THE	97
4473.580272108844	4474.298639455782	152	FARMYARD	97
4481.2328798185945	4481.452380952381	381	SHOULD	98
4481.452380952381	4481.951247165533	180	GIRAFFES	98
4481.951247165533	4482.070975056689	47	BE	98
4482.070975056689	4482.360317460318	234	KEPT	98
4482.360317460318	4482.470068027211	217	IN	98
4482.470068027211	4482.809297052154	392	SMALL	98
4482.809297052154	4483.28820861678	498	ZOOS	98
4490.890929705215	4491.025054687496	476	WE	99
4491.025054687496	4491.20022675737	190	GOT	99
4491.20022675737	4491.719047619048	131	DRENCHED	99
4491.719047619048	4491.908616780045	166	FROM	99
4491.908616780045	4492.108163265306	434	THE	99
4492.108163265306	4492.8764172335605	457	UNINTERRUPTED	99
4492.8764172335605	4493.355328798186	351	RAIN	99
