154.409875	154.63935345804987	375	SHE	1
154.63935345804987	154.928695861678	490	WORE	1
154.928695861678	155.40760742630385	471	WARM	1
155.40760742630385	156.02620153061224	88888	FLEECEY	1
156.02620153061224	156.33549858276646	489	WOOLEN	1
156.33549858276646	157.2652665333085	311	OVERALLS	1
164.2450625997732	164.63417814625848	354	READING	2
164.63417814625848	164.80379265873015	217	IN	2
164.80379265873015	165.0731804138322	335	POOR	2
165.0731804138322	165.41240943877548	240	LIGHT	2
165.41240943877548	165.69177451814056	181	GIVES	2
165.69177451814056	165.7815704365079	495	YOU	2
165.7815704365079	166.53984708049884	150	EYESTRAIN	2
178.1201875	178.4594165249433	142	EVEN	3
178.4594165249433	178.71882695578228	211	I	3
178.71882695578228	179.39728500566892	293	OCCASIONALLY	3
179.39728500566892	179.62676346371882	177	GET	3
179.62676346371882	179.7065820578231	434	THE	3
179.7065820578231	180.10567502834465	265	MONDAY	3
180.10567502834465	180.77415575396824	56	BLUES	3
189.41706269954645	189.66649560657595	476	WE	4
189.66649560657595	189.8361101190476	30	ARE	4
189.8361101190476	190.21524844104306	301	OPEN	4
190.21524844104306	190.56445479024939	145	EVERY	4
190.56445479024939	190.98350240929702	265	MONDAY	4
190.98350240929702	191.50232327097504	143	EVENING	4
541.1915625997733	541.3511996882087	375	SHE	1
541.3511996882087	541.5806781462585	490	WORE	1
541.5806781462585	541.949839143991	471	WARM	1
541.949839143991	542.4686600056689	158	FLEECY	1
542.4686600056689	542.8477983276645	489	WOOLEN	1
542.8477983276645	543.5899689918698	311	OVERALLS	1
550.206625	550.5757859977324	354	READING	2
550.5757859977324	550.6955138888889	217	IN	2
550.6955138888889	550.9649016439909	335	POOR	2
550.9649016439909	551.2642213718821	240	LIGHT	2
551.2642213718821	551.513654478458	181	GIVES	2
551.513654478458	551.6134277210884	495	YOU	2
551.6134277210884	552.3018630952381	150	EYESTRAIN	2
559.0374375	559.3367572278911	142	EVEN	3
559.3367572278911	559.6759862528344	211	I	3
559.6759862528344	560.3045576814059	293	OCCASIONALLY	3
560.3045576814059	560.5340361394558	177	GET	3
560.5340361394558	560.61385473356	434	THE	3
560.61385473356	561.0229250283446	265	MONDAY	3
561.0229250283446	561.6814284297052	56	BLUES	3
589.922875	590.0924895124716	476	WE	4
590.0924895124716	590.2621040249434	30	ARE	4
590.2621040249434	590.6013330498866	301	OPEN	4
590.6013330498866	590.9106301020408	145	EVERY	4
590.9106301020408	591.2897684240363	265	MONDAY	4
591.2897684240363	591.8784305555556	143	EVENING	4
599.8926875	600.0922339852608	226	IT'S	5
600.0922339852608	600.3316897675737	285	NOT	5
600.3316897675737	600.6409868197279	133	EASY	5
600.6409868197279	600.7208054138322	446	TO	5
600.7208054138322	601.1398530328798	113	CREATE	5
601.1398530328798	601.7883791099773	215	ILLUMINATING	5
601.7883791099773	602.5566330782314	146	EXAMPLES	5
609.6979352569291	610.1238033599709	270	MUM	6
610.1238033599709	610.6420041889251	407	STRONGLY	6
610.6420041889251	611.0836451846722	126	DISLIKES	6
611.0836451846722	612.0122888382435	27	APPETIZERS	6
619.5670625	619.9561781462585	443	THOSE	7
619.9561781462585	620.0559513888888	484	WHO	7
620.0559513888888	620.3852030895691	427	TEACH	7
620.3852030895691	620.8940466269842	462	VALUES	7
620.8940466269842	621.3230715702948	156	FIRST	7
621.3230715702948	621.8119604591836	4	ABOLISH	7
621.8119604591836	622.430554563492	87	CHEATING	7
639.344648563733	639.4324281405275	434	THE	8
639.4324281405275	639.8897232364668	165	FRIGHTENED	8
639.8897232364668	640.3387028283036	89	CHILD	8
640.3387028283036	640.5083173407752	472	WAS	8
640.5083173407752	640.8076370686664	176	GENTLY	8
640.8076370686664	641.2965259575552	410	SUBDUED	8
641.2965259575552	641.47611779429	73	BY	8
641.47611779429	641.6257776582355	208	HIS	8
641.6257776582355	641.8053694949703	52	BIG	8
641.8053694949703	642.26432641107	66	BROTHER	8
650.3198125	650.5986948255662	142	EVEN	9
650.5986948255662	650.6775819716665	1	A	9
650.6775819716665	651.087297503605	383	SIMPLE	9
651.087297503605	651.8249621537194	468	VOCABULARY	9
651.8249621537194	652.3836923124496	104	CONTAINS	9
652.3836923124496	653.0621503623362	422	SYMBOLS	9
668.4600625997733	668.5598357426305	1	A	10
668.5598357426305	669.0187926587303	110	CRAB	10
669.0187926587303	669.6074547902496	85	CHALLENGED	10
669.6074547902496	669.8668652210885	258	ME	10
669.8668652210885	670.0364797335602	70	BUT	10
670.0364797335602	670.0763890306123	1	A	10
670.0763890306123	670.3757087585035	350	QUICK	10
670.3757087585035	670.8845522959184	402	STAB	10
670.8845522959184	671.4233278061225	464	VANQUISHED	10
671.4233278061225	671.7426021825397	207	HIM	10
680.17775	680.7963441043083	183	GLUCOSE	11
680.7963441043083	680.9759359410431	20	AND	11
680.9759359410431	681.5745753968254	167	FRUCTOSE	11
681.5745753968254	681.7142579365079	30	ARE	11
681.7142579365079	682.1233282312925	276	NATURAL	11
682.1233282312925	682.6720810657596	414	SUGARS	11
682.6720810657596	683.0113100907029	163	FOUND	11
683.0113100907029	683.1609699546485	217	IN	11
683.1609699546485	683.5425834679743	168	FRUIT	11
690.156875	690.3663988095238	30	ARE	12
690.3663988095238	690.6058545918368	495	YOU	12
690.6058545918368	690.94508361678	250	LOOKING	12
690.94508361678	691.1047208049887	161	FOR	12
691.1047208049887	691.7458658227099	136	EMPLOYMENT	12
701.3014375	701.7712305004936	98	COFFEE	13
701.7712305004936	701.9880872093694	224	IS	13
701.9880872093694	702.3472708828388	198	GROWN	13
702.3472708828388	702.5767493408887	297	ON	13
702.5767493408887	702.6166586379409	99999	sp	13
702.6166586379409	703.1454568238819	404	STEEP	13
703.1454568238819	703.5744817671925	231	JUNGLE	13
703.5744817671925	703.8139375495055	241	LIKE	13
703.8139375495055	703.8338921980315	99999	sp	13
703.8338921980315	704.3028264383944	390	SLOPES	13
704.3028264383944	704.472440950866	217	IN	13
704.472440950866	704.981284488281	431	TEMPERATE	13
704.981284488281	705.5998785925893	497	ZONES	13
713.3635	713.5630464852609	476	WE	14
713.5630464852609	714.0220034013606	480	WELCOME	14
714.0220034013606	714.2614591836735	256	MANY	14
714.2614591836735	714.4410510204083	282	NEW	14
714.4410510204083	714.9698492063493	408	STUDENTS	14
714.9698492063493	715.2791462585035	132	EACH	14
715.2791462585035	715.648307256236	491	YEAR	14
735.8355000997733	736.1647517006803	298	ONLY	15
736.1647517006803	736.2545476190477	434	THE	15
736.2545476190477	736.6735952380952	51	BEST	15
736.6735952380952	737.1624841269842	330	PLAYERS	15
737.1624841269842	737.5615770975057	139	ENJOY	15
737.5615770975057	738.4595362811791	336	POPULARITY	15
746.3903125	746.9789746315193	75	CALCIUM	16
746.9789746315193	747.3680902777779	254	MAKES	16
747.3680902777779	747.9367977607711	58	BONES	16
747.9367977607711	748.1363442460319	20	AND	16
748.1363442460319	748.4955279195012	430	TEETH	16
748.4955279195012	749.1540313208618	406	STRONG	16
756.3122774765559	756.7552900281904	286	NOTHING	17
756.7552900281904	756.9637665230773	224	IS	17
756.9637665230773	757.125610117792	34	AS	17
757.125610117792	757.6893195875189	295	OFFENSIVE	17
757.6893195875189	757.8676218528826	34	AS	17
757.8676218528826	758.6027758085362	219	INNOCENCE	17
766.7123125	767.2510880102042	405	STEVE	18
767.2510880102042	767.6302263321996	490	WORE	18
767.6302263321996	767.6601583049887	1	A	18
767.6601583049887	767.9495007086168	65	BRIGHT	18
767.9495007086168	768.3186617063493	356	RED	18
768.3186617063493	768.8275052437642	78	CASHMERE	18
768.8275052437642	769.3263714569161	420	SWEATER	18
777.8435	778.3423662131519	46	BARB'S	19
778.3423662131519	778.7015498866213	188	GOLD	19
778.7015498866213	779.2303480725623	63	BRACELET	19
779.2303480725623	779.3800079365079	472	WAS	19
779.3800079365079	779.41991723356	1	A	19
779.41991723356	780.2580124716553	193	GRADUATION	19
780.2580124716553	780.8267199546485	339	PRESENT	19
790.357	790.8957755102041	130	DRAW	20
790.8957755102041	791.2848911564625	145	EVERY	20
791.2848911564625	791.6839841269841	308	OUTER	20
791.6839841269841	792.0930544217687	244	LINE	20
792.0930544217687	792.72162585034	156	FIRST	20
792.72162585034	792.8912403628118	99999	sp	20
792.8912403628118	793.4499705215419	436	THEN	20
793.4499705215419	793.7592675736961	154	FILL	20
793.7592675736961	793.8690181405896	217	IN	20
793.8690181405896	793.9787687074829	434	THE	20
793.9787687074829	794.747022675737	222	INTERIOR	20
803.0245	803.1242732426304	434	THE	21
803.1242732426304	803.543320861678	475	WATER	21
803.543320861678	804.1319829931973	103	CONTAINED	21
804.1319829931973	804.4213253968254	448	TOO	21
804.4213253968254	804.6607811791383	269	MUCH	21
804.6607811791383	805.2394659863945	90	CHLORINE	21
805.2394659863945	805.4489897959184	20	AND	21
805.4489897959184	805.4789217687074	99999	sp	21
805.4789217687074	805.8181507936507	409	STUNG	21
805.8181507936507	805.9977426303855	208	HIS	21
805.9977426303855	806.5564727891157	149	EYES	21
814.5445	815.0333888888888	229	JOHN'S	22
815.0333888888888	815.4823684807255	66	BROTHER	22
815.4823684807255	816.1807811791383	363	REPAINTED	22
816.1807811791383	816.2705770975057	434	THE	22
816.2705770975057	816.7494886621315	173	GARAGE	22
816.7494886621315	817.2184229024942	129	DOOR	22
831.6788247572582	832.2575095645145	84	CHALLENGE	23
832.2575095645145	832.2974188615666	99999	sp	23
832.2974188615666	832.656602535036	132	EACH	23
832.656602535036	833.2751966393444	175	GENERAL'S	23
833.2751966393444	834.0334732833353	221	INTELLIGENCE	23
842.6117334653223	843.4398513791546	17	AMBIDEXTROUS	24
843.4398513791546	844.2180826716715	327	PICKPOCKETS	24
844.2180826716715	844.8266994517169	6	ACCOMPLISH	24
844.8266994517169	845.4752255288143	267	MORE	24
856.0251875997733	856.1050060941044	1	A	25
856.1050060941044	856.763509495465	271	MUSCULAR	25
856.763509495465	857.4220128968254	2	ABDOMEN	25
857.4220128968254	857.6215593820863	224	IS	25
857.6215593820863	857.83108319161	189	GOOD	25
857.83108319161	857.9807430555556	161	FOR	25
857.9807430555556	858.1304029195012	496	YOUR	25
858.1304029195012	858.6192918083901	43	BACK	25
867.4400625	867.8291781462585	438	THEY	26
867.8291781462585	868.0786112528345	317	OWN	26
868.0786112528345	868.1484525226757	1	A	26
868.1484525226757	868.4477722505669	52	BIG	26
868.4477722505669	868.9665931122448	209	HOUSE	26
868.9665931122448	869.1561622732426	217	IN	26
869.1561622732426	869.2459581916099	434	THE	26
869.2459581916099	869.7747563775511	361	REMOTE	26
869.7747563775511	870.7226021825397	109	COUNTRYSIDE	26
878.3106875	878.4703246882085	434	THE	27
878.4703246882085	878.9193042800451	369	ROSE	27
878.9193042800451	879.7174902210883	106	CORSAGE	27
879.7174902210883	879.7873314909295	99999	sp	27
879.7873314909295	880.2861977040815	393	SMELLED	27
880.2861977040815	880.7465502644189	421	SWEET	27
887.9165625	888.2458142006803	433	THAT	28
888.2458142006803	888.8943402777779	326	PICKPOCKET	28
888.8943402777779	889.0839094387757	472	WAS	28
889.0839094387757	889.3832291666668	80	CAUGHT	28
889.3832291666668	889.6326622732427	356	RED	28
889.6326622732427	890.490712159864	199	HANDED	28
900.8475625	900.9811091169669	19	AN	29
900.9811091169669	901.3987036320003	9	ADULT	29
901.3987036320003	901.7479099812067	255	MALE	29
901.7479099812067	902.3066401399368	42	BABOON'S	29
902.3066401399368	902.7057331104585	430	TEETH	29
902.7057331104585	902.865370298667	30	ARE	29
902.865370298667	903.1347580537691	285	NOT	29
903.1347580537691	903.6735335639731	415	SUITABLE	29
903.6735335639731	903.8531254007079	161	FOR	29
903.8531254007079	904.152445128599	135	EATING	29
904.152445128599	904.930676421116	376	SHELLFISH	29
915.4148124002267	915.8637920918367	204	HER	30
915.8637920918367	916.4324995748299	470	WARDROBE	30
916.4324995748299	917.0610710034013	102	CONSISTS	30
917.0610710034013	917.1608442460316	294	OF	30
917.1608442460316	917.4801186224489	298	ONLY	30
917.4801186224489	917.9290982142857	385	SKIRTS	30
917.9290982142857	918.0588034297051	20	AND	30
918.0588034297051	918.7971254251701	54	BLOUSES	30
927.4369375	927.5219651261847	434	THE	31
927.5219651261847	927.9211205306079	453	TWO	31
927.9211205306079	928.4000320952339	33	ARTISTS	31
928.4000320952339	928.4998053378642	99999	sp	31
928.4998053378642	929.2580819818552	147	EXCHANGED	31
929.2580819818552	930.1061545442134	39	AUTOGRAPHS	31
939.48125	940.1796626984128	71	BUTTERSCOTCH	32
940.1796626984128	940.6885062358277	169	FUDGE	32
940.6885062358277	941.017757936508	186	GOES	32
941.017757936508	941.3769416099774	481	WELL	32
941.3769416099774	941.5565334467121	487	WITH	32
941.5565334467121	941.9356717687076	463	VANILLA	32
941.9356717687076	942.3247874149661	212	ICE	32
942.3247874149661	942.833630952381	112	CREAM	32
951.0746156024134	951.5635044913022	366	RICH	33
951.5635044913022	952.1521666228215	349	PURCHASED	33
952.1521666228215	952.6410555117104	374	SEVERAL	33
952.6410555117104	953.0301711579689	382	SIGNED	33
953.0301711579689	953.9181530173793	245	LITHOGRAPHS	33
972.556875	972.8761493764173	24	ANY	34
972.8761493764173	973.7840858843538	105	CONTRIBUTIONS	34
973.7840858843538	973.9237684240363	485	WILL	34
973.9237684240363	974.0434963151928	47	BE	34
974.0434963151928	974.4824985827665	195	GREATLY	34
974.4824985827665	975.390435090703	28	APPRECIATED	34
983.812375	983.9321028911564	434	THE	35
983.9321028911564	984.5506969954648	111	CRANBERRY	35
984.5506969954648	984.9996765873016	57	BOG	35
984.9996765873016	985.2391323696145	178	GETS	35
985.2391323696145	985.5184974489795	465	VERY	35
985.5184974489795	985.877681122449	340	PRETTY	35
985.877681122449	986.0173636621315	217	IN	35
986.0173636621315	986.5262071995465	40	AUTUMN	35
993.9121875	994.0718246882085	210	HOW	36
994.0718246882085	994.2713711734692	128	DO	36
994.2713711734692	994.8700106292516	318	OYSTERS	36
994.8700106292516	995.1094664115645	253	MAKE	36
995.1094664115645	995.8981406353856	320	PEARLS	36
1004.0928125	1004.3023363095239	257	MAY	37
1004.3023363095239	1004.4819281462586	211	I	37
1004.4819281462586	1005.2601594387756	304	ORDER	37
1005.2601594387756	1005.4996152210886	1	A	37
1005.4996152210886	1005.89870819161	10	AFTER	37
1005.89870819161	1005.9885041099774	211	I	37
1005.9885041099774	1006.2179825680273	134	EAT	37
1006.2179825680273	1006.666962159864	124	DINNER	37
1013.4664563047938	1013.5861841959503	224	IS	38
1013.5861841959503	1013.9752998422088	375	SHE	38
1013.9752998422088	1014.304551542889	187	GOING	38
1014.304551542889	1014.4841433796238	487	WITH	38
1014.4841433796238	1015.06282818688	495	YOU	38
1023.0064326924697	1023.0718889617309	99999	sp	39
1023.0718889617309	1023.2130427378867	76	CAN	39
1023.2130427378867	1023.4254803115174	434	THE	39
1023.4254803115174	1024.153824982719	11	AGENCY	39
1024.153824982719	1025.0018975450776	315	OVERTHROW	39
1025.0018975450776	1025.440899812651	13	ALIEN	39
1025.440899812651	1026.2091537809051	162	FORCES	39
1033.7245654348485	1033.771	1	A	40
1033.771	1034.6724110402909	371	SCREWDRIVER	40
1034.6724110402909	1034.8420255527624	224	IS	40
1034.8420255527624	1035.1114133078645	252	MADE	40
1035.1114133078645	1035.3608464144404	166	FROM	40
1035.3608464144404	1035.769916709225	469	VODKA	40
1035.769916709225	1036.0592591128532	20	AND	40
1036.0592591128532	1036.4284201105856	303	ORANGE	40
1036.4284201105856	1036.9272863237375	230	JUICE	40
1043.095125	1043.3844674036282	210	HOW	41
1043.3844674036282	1043.5939912131519	269	MUCH	41
1043.5939912131519	1044.1227893990929	16	ALLOWANCE	41
1044.1227893990929	1044.2225626417232	128	DO	41
1044.2225626417232	1044.4121318027212	495	YOU	41
1044.4121318027212	1044.7314061791383	177	GET	41
1053.4365	1054.494096371882	115	CYCLICAL	42
1054.494096371882	1055.1725544217686	346	PROGRAMS	42
1055.1725544217686	1055.2922823129252	485	WILL	42
1055.2922823129252	1055.6714206349207	281	NEVER	42
1055.6714206349207	1056.3897879818594	100	COMPILE	42
1073.27925	1073.3890005668936	434	THE	43
1073.3890005668936	1073.9676853741498	61	BOSTON	43
1073.9676853741498	1074.4665515873016	45	BALLET	43
1074.4665515873016	1075.08514569161	312	OVERCAME	43
1075.08514569161	1075.2148509070296	435	THEIR	43
1075.2148509070296	1075.6538531746032	170	FUNDING	43
1075.6538531746032	1076.3023792517008	380	SHORTAGE	43
1084.24075	1084.5999336734692	145	EVERY	44
1084.5999336734692	1085.1287318594104	74	CAB	44
1085.1287318594104	1085.4080969387753	280	NEEDS	44
1085.4080969387753	1086.106509637188	364	REPAINTING	44
1086.106509637188	1086.645285147392	296	OFTEN	44
1094.1011875	1094.4304392006802	203	HELP	45
1094.4304392006802	1094.929305413832	196	GREG	45
1094.929305413832	1095.0789652777776	446	TO	45
1095.0789652777776	1095.428171626984	325	PICK	45
1095.428171626984	1095.4880355725622	1	A	45
1095.4880355725622	1095.7873553004533	321	PECK	45
1095.7873553004533	1096.0168337585033	294	OF	45
1096.0168337585033	1096.0766977040814	99999	sp	45
1096.0766977040814	1096.850293716419	338	POTATOES	45
1104.1579375	1104.3375293367344	476	WE	46
1104.3375293367344	1104.5869624433105	241	LIKE	46
1104.5869624433105	1104.8663275226756	55	BLUE	46
1104.8663275226756	1105.3452390873015	88	CHEESE	46
1105.3452390873015	1105.524830924036	70	BUT	46
1105.524830924036	1105.9638331916099	466	VICTOR	46
1105.9638331916099	1106.283107568027	242	LIKES	46
1106.283107568027	1106.75204180839	64	BRIE	46
1115.0283015915195	1115.4273945620412	108	COUNT	47
1115.4273945620412	1115.4972358318823	434	THE	47
1115.4972358318823	1115.8763741538778	289	NUMBER	47
1115.8763741538778	1115.9861247207712	294	OF	47
1115.9861247207712	1116.734424040499	429	TEASPOONS	47
1116.734424040499	1116.8441746073927	294	OF	47
1116.8441746073927	1117.462768711701	395	SOYSAUCE	47
1117.462768711701	1117.49270068449	99999	sp	47
1117.49270068449	1117.72217914254	433	THAT	47
1117.72217914254	1117.8618616822225	495	YOU	47
1117.8618616822225	1118.2908866255332	7	ADD	47
1125.9401875	1126.5986909013604	44	BAGPIPES	48
1126.5986909013604	1126.72839611678	20	AND	48
1126.72839611678	1127.2971035997732	59	BONGOS	48
1127.2971035997732	1127.3968768424036	30	ARE	48
1127.3968768424036	1127.9057203798186	273	MUSICAL	48
1127.9057203798186	1128.9185487760358	220	INSTRUMENTS	48
1135.3887315779652	1135.6680966573304	210	HOW	49
1135.6680966573304	1136.0073256822739	189	GOOD	49
1136.0073256822739	1136.1470082219562	224	IS	49
1136.1470082219562	1136.2966680859017	496	YOUR	49
1136.2966680859017	1137.0449674056297	138	ENDURANCE	49
1145.3733125	1145.612768282313	434	THE	50
1145.612768282313	1146.1016571712019	141	ESSAY	50
1146.1016571712019	1146.9696843820864	454	UNDENIABLY	50
1146.9696843820864	1147.4984825680274	358	REFLECTS	50
1147.4984825680274	1147.6780744047621	305	OUR	50
1147.6780744047621	1148.1370313208618	467	VIEW	50
1148.1370313208618	1148.8055120464853	3	ABLY	50
1156.52425	1156.594091269841	1	A	51
1156.594091269841	1156.9732295918366	60	BORING	51
1156.9732295918366	1157.4720958049884	287	NOVEL	51
1157.4720958049884	1157.791370181406	224	IS	51
1157.791370181406	1157.8512341269839	1	A	51
1157.8512341269839	1158.3002137188207	418	SUPERB	51
1158.3002137188207	1158.848966553288	386	SLEEPING	51
1158.848966553288	1159.2281048752834	328	PILL	51
1167.4641328432217	1167.8275951533863	303	ORANGE	52
1167.8275951533863	1168.2198601371865	230	JUICE	52
1168.2198601371865	1168.7012762536688	425	TASTES	52
1168.7012762536688	1169.1415456935283	171	FUNNY	52
1169.1415456935283	1169.4762053300572	10	AFTER	52
1169.4762053300572	1170.2997362262468	449	TOOTHPASTE	52
1177.44375	1177.5435232426303	434	THE	53
1177.5435232426303	1178.022434807256	486	WILLOWY	53
1178.022434807256	1178.4215277777776	488	WOMAN	53
1178.4215277777776	1178.7707341269838	490	WORE	53
1178.7707341269838	1178.8904620181404	1	A	53
1178.8904620181404	1179.4891014739226	274	MUSKRAT	53
1179.4891014739226	1179.8981717687072	96	COAT	53
1187.4115796973788	1187.4818803459025	434	THE	54
1187.4818803459025	1188.1786307367083	264	MISQUOTE	54
1188.1786307367083	1188.3370370324108	472	WAS	54
1188.3370370324108	1188.9034896139124	365	RETRACTED	54
1188.9034896139124	1189.072876766008	487	WITH	54
1189.072876766008	1189.1716287899017	19	AN	54
1189.1716287899017	1189.825518059226	26	APOLOGY	54
1211.5820624002265	1211.7217450396822	211	I	55
1211.7217450396822	1211.9911327947846	233	JUST	55
1211.9911327947846	1212.110860685941	370	SAW	55
1212.110860685941	1212.5099536564624	228	JIM	55
1212.5099536564624	1212.7893187358275	277	NEAR	55
1212.7893187358275	1212.8791146541948	434	THE	55
1212.8791146541948	1213.128547760771	282	NEW	55
1213.128547760771	1213.9865976473923	29	ARCHEOLOGICAL	55
1213.9865976473923	1214.6872098256028	272	MUSEUM	55
1223.083125	1223.3525127551022	367	RIGHT	56
1223.3525127551022	1223.6219005102041	288	NOW	56
1223.6219005102041	1223.841401643991	257	MAY	56
1223.841401643991	1224.0509254535148	285	NOT	56
1224.0509254535148	1224.2604492630387	47	BE	56
1224.2604492630387	1224.3402678571429	434	THE	56
1224.3402678571429	1224.6894742063494	51	BEST	56
1224.6894742063494	1224.9788166099775	445	TIME	56
1224.9788166099775	1225.158408446712	161	FOR	56
1225.158408446712	1225.5874333900229	69	BUSINESS	56
1225.5874333900229	1226.2160048185942	260	MERGERS	56
1233.8646777140555	1234.0143375780012	434	THE	57
1234.0143375780012	1234.6229543580464	263	MISPRINT	57
1234.6229543580464	1235.1317978954614	348	PROVOKED	57
1235.1317978954614	1235.2415484623548	19	AN	57
1235.2415484623548	1235.7104827027176	216	IMMEDIATE	57
1235.7104827027176	1236.4288500496564	125	DISCLAIMER	57
1243.4598519677943	1243.659398453055	438	THEY	58
1243.659398453055	1244.0584914235765	14	ALL	58
1244.0584914235765	1244.5274256639393	139	ENJOY	58
1244.5274256639393	1244.8367227160936	212	ICE	58
1244.8367227160936	1245.1959063895629	112	CREAM	58
1245.1959063895629	1245.2657476594043	99999	sp	58
1245.2657476594043	1245.774591196819	128	DO	58
1252.9447366576233	1253.1655571554968	128	DO	59
1253.1655571554968	1253.9467577290652	38	ATYPICAL	59
1253.9467577290652	1254.5254425363214	151	FARMERS	59
1254.5254425363214	1254.944490155369	197	GROW	59
1254.944490155369	1255.5331522868885	291	OATS	59
1263.3841875	1264.1225094954648	121	DIANE	60
1264.1225094954648	1264.2721693594106	257	MAY	60
1264.2721693594106	1264.970582057823	399	SPLURGE	60
1264.970582057823	1265.1601512188208	20	AND	60
1265.1601512188208	1265.449493622449	72	BUY	60
1265.449493622449	1265.5692215136055	1	A	60
1265.5692215136055	1266.177838293651	452	TURQUOISE	60
1266.177838293651	1266.696659155329	278	NECKLACE	60
1275.3815401567222	1276.109884827924	194	GRANDMOTHER	61
1276.109884827924	1276.6885696351803	309	OUTGREW	61
1276.6885696351803	1276.878138796178	204	HER	61
1276.878138796178	1277.4668009276972	459	UPBRINGING	61
1277.4668009276972	1277.7062567100102	217	IN	61
1277.7062567100102	1278.5343746238423	323	PETTICOATS	61
1286.7713125	1287.6393397108845	292	OBJECTS	62
1287.6393397108845	1287.8388861961453	252	MADE	62
1287.8388861961453	1287.9386594387756	294	OF	62
1287.9386594387756	1288.6270948129252	324	PEWTER	62
1288.6270948129252	1288.8865052437643	99999	sp	62
1288.8865052437643	1289.0361651077098	30	ARE	62
1289.0361651077098	1289.7246004818594	48	BEAUTIFUL	62
1298.8704375	1299.419190334467	32	ARTIFICIAL	63
1299.419190334467	1300.1275803571427	221	INTELLIGENCE	63
1300.1275803571427	1300.436877409297	224	IS	63
1300.436877409297	1300.466809382086	99999	sp	63
1300.466809382086	1300.7461744614511	161	FOR	63
1300.7461744614511	1301.225086026077	355	REAL	63
1309.0668125	1309.805134495465	447	TODD	64
1309.805134495465	1309.835066468254	99999	sp	64
1309.835066468254	1310.1742954931974	329	PLACED	64
1310.1742954931974	1310.4636378968255	450	TOP	64
1310.4636378968255	1311.0123907312925	342	PRIORITY	64
1311.0123907312925	1311.162050595238	297	ON	64
1311.162050595238	1311.4314383503402	179	GETTING	64
1311.4314383503402	1311.601052862812	208	HIS	64
1311.601052862812	1311.880417942177	53	BIKE	64
1311.880417942177	1312.7484451530613	157	FIXED	64
1320.8729375	1321.082461309524	482	WHEN	65
1321.082461309524	1321.5414182256236	322	PEELING	65
1321.5414182256236	1321.7110327380954	19	AN	65
1321.7110327380954	1322.1799669784582	303	ORANGE	65
1322.1799669784582	1322.2996948696145	225	IT	65
1322.2996948696145	1322.4693093820863	224	IS	65
1322.4693093820863	1322.90831164966	200	HARD	65
1322.90831164966	1323.1477674319729	285	NOT	65
1323.1477674319729	1323.2674953231294	446	TO	65
1323.2674953231294	1323.716474914966	401	SPRAY	65
1323.716474914966	1324.3650009920636	230	JUICE	65
1334.1799375	1334.2746381332938	434	THE	66
1334.2746381332938	1334.746516876896	268	MORNING	66
1334.746516876896	1335.1057005503656	120	DEW	66
1335.1057005503656	1335.265337738574	297	ON	66
1335.265337738574	1335.3252016841523	434	THE	66
1335.3252016841523	1335.7442493032	398	SPIDER	66
1335.7442493032	1335.993682409776	479	WEB	66
1335.993682409776	1336.53245791998	182	GLISTENED	66
1336.53245791998	1336.658791051569	217	IN	66
1336.658791051569	1336.7540328313387	434	THE	66
1336.7540328313387	1337.2032984151106	416	SUN	66
1344.6363125	1345.434498441043	451	TORNADOS	67
1345.434498441043	1345.8335914115646	296	OFTEN	67
1345.8335914115646	1346.3224803004534	118	DESTROY	67
1346.3224803004534	1347.3002580782313	41	AVIARIES	67
1355.0641875	1355.2437793367346	438	THEY	68
1355.2437793367346	1355.6528496315193	360	REMAINED	68
1355.6528496315193	1356.2115797902493	239	LIFELONG	68
1356.2115797902493	1356.7304006519273	164	FRIENDS	68
1356.7304006519273	1356.9499017857142	20	AND	68
1356.9499017857142	1357.9367129778457	99	COMPANIONS	68
1365.751375	1365.8092249983786	434	THE	69
1365.8092249983786	1366.301866860692	160	FOOTBALL	69
1366.301866860692	1366.5512999672678	428	TEAM	69
1366.5512999672678	1367.0202342076307	95	COACH	69
1367.0202342076307	1367.2098033686284	201	HAS	69
1367.2098033686284	1367.2596899899436	1	A	69
1367.2596899899436	1367.7186469060434	474	WATCH	69
1367.7186469060434	1367.908216067041	34	AS	69
1367.908216067041	1367.9481253640931	99999	sp	69
1367.9481253640931	1368.177603822143	439	THIN	69
1368.177603822143	1368.3671729831408	34	AS	69
1368.3671729831408	1368.4370142529822	1	A	69
1368.4370142529822	1369.0655856815536	123	DIME	69
1375.4599375	1375.5718857679856	438	THEY	70
1375.5718857679856	1375.9830378391116	296	OFTEN	70
1375.9830378391116	1376.1726070001096	184	GO	70
1376.1726070001096	1376.3921081338963	306	OUT	70
1376.3921081338963	1376.5018587007896	217	IN	70
1376.5018587007896	1376.7113825103136	434	THE	70
1376.7113825103136	1377.1902940749394	143	EVENING	70
1384.926875	1385.146376133787	305	OUR	71
1385.146376133787	1385.8447888321998	148	EXPERIMENT'S	71
1385.8447888321998	1386.3436550453516	337	POSITIVE	71
1386.3436550453516	1386.8225666099775	307	OUTCOME	71
1386.8225666099775	1386.9921811224492	472	WAS	71
1386.9921811224492	1387.7704124149664	456	UNEXPECTED	71
1395.2230625	1395.4824729308389	132	EACH	72
1395.4824729308389	1396.071135062358	403	STAG	72
1396.071135062358	1396.560023951247	419	SURELY	72
1396.560023951247	1396.9790715702948	155	FINDS	72
1396.9790715702948	1397.02895819161	1	A	72
1397.02895819161	1397.2484593253967	52	BIG	72
1397.2484593253967	1397.8171668083899	153	FAWN	72
1406.4121875	1406.5202118800644	434	THE	73
1406.5202118800644	1407.1390584497578	91	CIGARETTES	73
1407.1390584497578	1407.2388316923882	217	IN	73
1407.2388316923882	1407.3186502864926	434	THE	73
1407.3186502864926	1407.6678566356989	94	CLAY	73
1407.6678566356989	1408.3662693341116	35	ASHTRAY	73
1408.3662693341116	1409.014795411209	314	OVERFLOWED	73
1409.014795411209	1409.3141151391003	299	ONTO	73
1409.3141151391003	1409.54359359715	434	THE	73
1409.54359359715	1409.6333895155174	290	OAK	73
1409.6333895155174	1410.1621877014586	424	TABLE	73
1417.6273125	1418.1675776743111	347	PROJECT	74
1418.1675776743111	1418.7362851573043	119	DEVELOPMENT	74
1418.7362851573043	1418.8959223455129	472	WAS	74
1418.8959223455129	1419.5145164498213	344	PROCEEDING	74
1419.5145164498213	1419.7340175836082	448	TOO	74
1419.7340175836082	1420.3660332356724	391	SLOWLY	74
1427.47425	1427.783547052154	485	WILL	75
1427.783547052154	1428.2125719954647	368	ROBIN	75
1428.2125719954647	1428.6914835600905	477	WEAR	75
1428.6914835600905	1428.771302154195	1	A	75
1428.771302154195	1429.0905765306122	493	YELLOW	75
1429.0905765306122	1429.5196014739229	243	LILY	75
1437.3654197345702	1437.8240065743053	442	THOMAS	76
1437.8240065743053	1437.8938478441464	99999	sp	76
1437.8938478441464	1438.1333036264593	440	THINKS	76
1438.1333036264593	1438.1632355992485	1	A	76
1438.1632355992485	1438.6621018124004	235	LARGER	76
1438.6621018124004	1439.071172107185	92	CLAMP	76
1439.071172107185	1439.4403331049175	394	SOLVES	76
1439.4403331049175	1439.5201516990217	434	THE	76
1439.5201516990217	1440.128768479067	343	PROBLEM	76
1446.231434487558	1446.5624040709197	441	THIS	77
1446.5624040709197	1446.7502396640875	472	WAS	77
1446.7502396640875	1447.0994460132938	133	EASY	77
1447.0994460132938	1447.428697713974	161	FOR	77
1447.428697713974	1447.8209341912277	460	US	77
1458.7994375	1459.3481903344673	116	DECEMBER	78
1459.3481903344673	1459.4978501984128	20	AND	78
1459.4978501984128	1460.2261948696148	227	JANUARY	78
1460.2261948696148	1460.3459227607711	30	ARE	78
1460.3459227607711	1460.7549930555558	283	NICE	78
1460.7549930555558	1461.1840179988665	266	MONTHS	78
1461.1840179988665	1461.2738139172336	446	TO	78
1461.2738139172336	1461.652952239229	397	SPEND	78
1461.652952239229	1461.7726801303857	217	IN	78
1461.7726801303857	1462.371319586168	261	MIAMI	78
1471.61725	1471.9884449132896	236	LAST	79
1471.9884449132896	1472.2158894557824	492	YEAR'S	79
1472.2158894557824	1472.5850504535147	174	GAS	79
1472.5850504535147	1473.5029642857144	380	SHORTAGE	79
1473.5029642857144	1473.941966553288	99999	sp	79
1473.941966553288	1474.4109007936509	81	CAUSED	79
1474.4109007936509	1474.8399257369615	404	STEEP	79
1474.8399257369615	1475.1891320861678	341	PRICE	79
1475.1891320861678	1476.1569325396827	218	INCREASES	79
1491.043625	1491.8218562925172	12	AGRICULTURAL	80
1491.8218562925172	1492.3905637755101	345	PRODUCTS	80
1492.3905637755101	1492.6799061791385	30	ARE	80
1492.6799061791385	1493.138863095238	455	UNEVENLY	80
1493.138863095238	1493.9669810090704	127	DISTRIBUTED	80
1501.0181875	1501.1742473683266	73	BY	81
1501.1742473683266	1501.4635897719547	135	EATING	81
1501.4635897719547	1501.9025920395286	494	YOGURT	81
1501.9025920395286	1502.1121158490523	495	YOU	81
1502.1121158490523	1502.311662334313	257	MAY	81
1502.311662334313	1502.5910274136781	246	LIVE	81
1502.5910274136781	1503.1198255996192	248	LONGER	81
1510.2959375	1510.3857334183674	434	THE	82
1510.3857334183674	1511.044236819728	82	CAUSEWAY	82
1511.044236819728	1511.4333524659864	137	ENDED	82
1511.4333524659864	1512.0619238945578	5	ABRUPTLY	82
1512.0619238945578	1512.2115837585036	37	AT	82
1512.2115837585036	1512.2914023526077	434	THE	82
1512.2914023526077	1512.7703139172336	379	SHORE	82
1521.407875	1522.0663784013605	478	WEATHERPROOF	83
1522.0663784013605	1522.8146777210884	172	GALOSHES	83
1522.8146777210884	1522.974314909297	30	ARE	83
1522.974314909297	1523.2836119614512	465	VERY	83
1523.2836119614512	1523.8423421201815	461	USEFUL	83
1523.8423421201815	1524.011956632653	217	IN	83
1524.011956632653	1524.8999384920635	372	SEATTLE	83
1532.3697482620046	1532.5866662697135	434	THE	84
1532.5866662697135	1532.9719772442213	396	SPEECH	84
1532.9719772442213	1533.8699364278948	423	SYMPOSIUM	84
1533.8699364278948	1534.1193695344707	262	MIGHT	84
1534.1193695344707	1534.5384171535184	50	BEGIN	84
1534.5384171535184	1534.7978275843573	297	ON	84
1534.7978275843573	1535.216875203405	265	MONDAY	84
1543.4378125	1543.6074270124718	213	I'D	85
1543.6074270124718	1543.8967694161	353	RATHER	85
1543.8967694161	1544.1561798469388	285	NOT	85
1544.1561798469388	1544.3956356292517	72	BUY	85
1544.3956356292517	1544.6550460600909	437	THESE	85
1544.6550460600909	1545.2037988945578	378	SHOES	85
1545.2037988945578	1545.453232001134	432	THAN	85
1545.453232001134	1545.6128691893425	47	BE	85
1545.6128691893425	1546.4509644274376	313	OVERCHARGED	85
1553.785875	1553.9842758187917	47	BE	86
1553.9842758187917	1554.3645598072562	77	CAREFUL	86
1554.3645598072562	1554.564106292517	285	NOT	86
1554.564106292517	1554.6439248866213	446	TO	86
1554.6439248866213	1554.9631992630386	332	PLOW	86
1554.9631992630386	1555.2425643424037	310	OVER	86
1555.2425643424037	1555.322382936508	434	THE	86
1555.322382936508	1555.7314532312926	159	FLOWER	86
1555.7314532312926	1556.2402967687074	49	BEDS	86
1564.2769375	1564.6560758219955	434	THE	87
1564.6560758219955	1565.0551687925172	316	OVERWEIGHT	87
1565.0551687925172	1565.5041483843538	86	CHARMER	87
1565.5041483843538	1565.7136721938778	107	COULD	87
1565.7136721938778	1566.0030145975059	387	SLIP	87
1566.0030145975059	1566.4719488378687	333	POISON	87
1566.4719488378687	1566.7114046201816	223	INTO	87
1566.7114046201816	1567.2501801303856	25	ANYONE'S	87
1567.2501801303856	1567.609363803855	426	TEA	87
1574.8968553557158	1575.0266872868272	434	THE	88
1575.0266872868272	1575.4671335550936	21	ANGRY	88
1575.4671335550936	1575.8100225269468	62	BOY	88
1575.8100225269468	1576.4162502291836	23	ANSWERED	88
1576.4162502291836	1576.6110111651963	70	BUT	88
1576.6110111651963	1576.9254414881384	122	DIDNT	88
1576.9254414881384	1577.2669589041043	249	LOOK	88
1577.2669589041043	1577.628994683443	458	UP	88
1585.756301813062	1586.0855535137423	483	WHICH	89
1586.0855535137423	1586.494623808527	247	LONG	89
1586.494623808527	1587.0134446702048	31	ARTICLE	89
1587.0134446702048	1587.1930365069395	472	WAS	89
1587.1930365069395	1587.7218346928805	300	OPAQUE	89
1587.7218346928805	1587.8814718810893	20	AND	89
1587.8814718810893	1588.2506328788215	279	NEEDED	89
1588.2506328788215	1589.1885013595472	93	CLARIFICATION	89
1595.993102861982	1596.6216743903267	203	HELP	90
1596.6216743903267	1597.1504725762677	83	CELEBRATE	90
1597.1504725762677	1597.2602231431613	496	YOUR	90
1597.2602231431613	1597.6593161136827	67	BROTHERS	90
1597.6593161136827	1598.3178195150433	412	SUCCESS	90
1608.9346875	1609.0699196383239	485	WILL	91
1609.0699196383239	1609.2076971890845	495	YOU	91
1609.2076971890845	1609.5799220858714	331	PLEASE	91
1609.5799220858714	1610.0787882990232	101	CONFIRM	91
1610.0787882990232	1610.5976091607013	191	GOVERNMENT	91
1610.5976091607013	1611.1762939679575	334	POLICY	91
1611.1762939679575	1611.6352508840573	359	REGARDING	91
1611.6352508840573	1611.9744799090006	473	WASTE	91
1611.9744799090006	1612.5332100677308	362	REMOVAL	91
1620.4215002993199	1620.5811371882087	438	THEY	92
1620.5811371882087	1621.0001848072561	36	ASSUME	92
1621.0001848072561	1621.2695725623585	284	NO	92
1621.2695725623585	1621.758461451247	68	BURGLAR	92
1621.758461451247	1621.9979172335602	485	WILL	92
1621.9979172335602	1622.3072142857143	144	EVER	92
1622.3072142857143	1622.6464433106576	140	ENTER	92
1622.6464433106576	1622.9657176870749	205	HERE	92
1630.2381058560252	1630.47	202	HE	93
1630.47	1630.6131373255723	485	WILL	93
1630.6131373255723	1631.1056163727712	15	ALLOW	93
1631.1056163727712	1631.2967893990926	1	A	93
1631.2967893990926	1631.586083735892	352	RARE	93
1631.586083735892	1632.0846116118594	238	LIE	93
1640.5134374002268	1641.2816914682542	114	CURIOSITY	94
1641.2816914682542	1641.4213740079367	20	AND	94
1641.4213740079367	1642.309355867347	88888	MEDIOCRISY	94
1642.309355867347	1642.9778365929706	99999	sp	94
1642.9778365929706	1643.346997590703	373	SELDOM	94
1643.346997590703	1644.2748887471657	97	COEXIST	94
1652.8889691693919	1653.17831157302	208	HIS	95
1653.17831157302	1653.5075632737003	413	SUDDEN	95
1653.5075632737003	1654.0263841353783	117	DEPARTURE	95
1654.0263841353783	1654.5851142941085	377	SHOCKED	95
1654.5851142941085	1654.6749102124759	434	THE	95
1654.6749102124759	1655.3049390713516	79	CAST	95
1662.268453211749	1662.4480448489371	375	SHE	96
1662.4480448489371	1662.8371604951956	388	SLIPPED	96
1662.8371604951956	1662.936933737826	20	AND	96
1662.936933737826	1663.3659586811366	400	SPRAINED	96
1663.3659586811366	1663.47570924803	204	HER	96
1663.47570924803	1663.8448702457624	22	ANKLE	96
1663.8448702457624	1663.974575461182	297	ON	96
1663.974575461182	1664.0344394067602	434	THE	96
1664.0344394067602	1664.3138044861253	404	STEEP	96
1664.3138044861253	1664.772761402225	389	SLOPE	96
1679.9447499002267	1680.0245685941045	1	A	97
1680.0245685941045	1680.3538202947848	52	BIG	97
1680.3538202947848	1680.722981292517	185	GOAT	97
1680.722981292517	1681.1919155328799	214	IDLY	97
1681.1919155328799	1681.6009858276645	18	AMBLED	97
1681.6009858276645	1681.780577664399	444	THROUGH	97
1681.780577664399	1681.8603962585034	434	THE	97
1681.8603962585034	1682.6386275510204	152	FARMYARD	97
1689.4367179873375	1689.6462415973149	381	SHOULD	98
1689.6462415973149	1690.165062458993	180	GIRAFFES	98
1690.165062458993	1690.3047449986755	47	BE	98
1690.3047449986755	1690.6240193750928	234	KEPT	98
1690.6240193750928	1690.743747266249	217	IN	98
1690.743747266249	1691.1328629125078	392	SMALL	98
1691.1328629125078	1691.6915930712378	498	ZOOS	98
1699.693878517913	1700.013152694784	476	WE	99
1700.013152694784	1700.2625858013598	190	GOT	99
1700.2625858013598	1700.7714293387746	131	DRENCHED	99
1700.7714293387746	1700.9809531482983	166	FROM	99
1700.9809531482983	1701.130613012244	434	THE	99
1701.130613012244	1701.8489803591829	457	UNINTERRUPTED	99
1701.8489803591829	1702.3179145995457	351	RAIN	99
3522.0733589852607	3522.2529508219955	490	WORE	1
3522.2529508219955	3522.5921798469385	471	WARM	1
3522.5921798469385	3523.0411594387756	158	FLEECY	1
3523.0411594387756	3523.370411139456	489	WOOLEN	1
3523.370411139456	3524.0887784863944	311	OVERALLS	1
3530.30975	3530.508953791373	354	READING	2
3530.508953791373	3530.6863993841034	217	IN	2
3530.6863993841034	3530.856013896575	335	POOR	2
3530.856013896575	3531.155333624466	240	LIGHT	2
3531.155333624466	3531.3548801097268	181	GIVES	2
3531.3548801097268	3531.434698703831	495	YOU	2
3531.434698703831	3532.0732474566657	150	EYESTRAIN	2
3538.922805524848	3539.2014135297595	142	EVEN	3
3539.2014135297595	3539.4110204867256	211	I	3
3539.4110204867256	3539.9929727212834	293	OCCASIONALLY	3
3539.9929727212834	3540.2116930242046	177	GET	3
3540.2116930242046	3540.2859016984103	434	THE	3
3540.2859016984103	3540.660850789132	265	MONDAY	3
3540.660850789132	3541.186821041395	56	BLUES	3
3547.413	3547.5526825396823	476	WE	4
3547.5526825396823	3547.702342403628	30	ARE	4
3547.702342403628	3548.081480725624	301	OPEN	4
3548.081480725624	3548.4306870748296	145	EVERY	4
3548.4306870748296	3548.7998480725623	265	MONDAY	4
3548.7998480725623	3549.3984875283445	143	EVENING	4
3556.85210097754	3557.05918472389	226	IT'S	5
3557.05918472389	3557.283057283234	285	NOT	5
3557.283057283234	3557.562422362599	133	EASY	5
3557.562422362599	3557.6921275780187	446	TO	5
3557.6921275780187	3558.0114019544358	113	CREATE	5
3558.0114019544358	3558.659928031533	215	ILLUMINATING	5
3558.659928031533	3559.398250026998	146	EXAMPLES	5
3566.25675	3566.6558429705215	270	MUM	6
3566.6558429705215	3567.0748905895693	407	STRONGLY	6
3567.0748905895693	3567.483960884354	126	DISLIKES	6
3567.483960884354	3568.3619654195013	27	APPETIZERS	6
3582.996	3583.275365079365	443	THOSE	7
3583.275365079365	3583.3352290249436	484	WHO	7
3583.3352290249436	3583.5746848072563	427	TEACH	7
3583.5746848072563	3583.973777777778	462	VALUES	7
3583.973777777778	3584.2930521541953	156	FIRST	7
3584.2930521541953	3584.682167800454	4	ABOLISH	7
3584.682167800454	3585.2009886621317	87	CHEATING	7
3592.6753125	3592.9347229308387	434	THE	8
3592.9347229308387	3593.313861252834	165	FRIGHTENED	8
3593.313861252834	3593.6530902777777	89	CHILD	8
3593.6530902777777	3593.812727465986	472	WAS	8
3593.812727465986	3594.0621605725623	176	GENTLY	8
3594.0621605725623	3594.5211174886617	410	SUBDUED	8
3594.5211174886617	3594.6608000283445	73	BY	8
3594.6608000283445	3594.8204372165533	208	HIS	8
3594.8204372165533	3594.8403918650793	99999	sp	8
3594.8403918650793	3595.0000290532876	52	BIG	8
3595.0000290532876	3595.4090993480727	66	BROTHER	8
3602.7604776413264	3603.0132472299374	142	EVEN	9
3603.0132472299374	3603.0588139597126	1	A	9
3603.0588139597126	3603.4663107145598	383	SIMPLE	9
3603.4663107145598	3604.2188127091335	468	VOCABULARY	9
3604.2188127091335	3604.882785057287	104	CONTAINS	9
3604.882785057287	3605.5404080366275	422	SYMBOLS	9
3612.4439375	3612.5931079952525	1	A	10
3612.5931079952525	3612.9638139262893	110	CRAB	10
3612.9638139262893	3613.422770842389	85	CHALLENGED	10
3613.422770842389	3613.562453382072	258	ME	10
3613.562453382072	3613.72209057028	70	BUT	10
3613.72209057028	3613.7719771915954	1	A	10
3613.7719771915954	3614.0114329739085	350	QUICK	10
3614.0114329739085	3614.420503268693	402	STAB	10
3614.420503268693	3614.919369481845	464	VANQUISHED	10
3614.919369481845	3615.178779912684	207	HIM	10
3622.7050544535173	3623.2338526394583	183	GLUCOSE	11
3623.2338526394583	3623.3735351791406	20	AND	11
3623.3735351791406	3623.932265337871	167	FRUCTOSE	11
3623.932265337871	3624.0519932290276	30	ARE	11
3624.0519932290276	3624.5109501451275	276	NATURAL	11
3624.5109501451275	3624.939975088438	414	SUGARS	11
3624.939975088438	3625.219340167803	163	FOUND	11
3625.219340167803	3625.3390680589596	217	IN	11
3625.3390680589596	3625.748138353744	168	FRUIT	11
3631.573531239558	3631.7331684277665	30	ARE	12
3631.7331684277665	3631.932714913027	495	YOU	12
3631.932714913027	3632.242011965182	250	LOOKING	12
3632.242011965182	3632.4515357747055	161	FOR	12
3632.4515357747055	3633.5315811261794	136	EMPLOYMENT	12
3641.104375	3641.4735359977326	98	COFFEE	13
3641.4735359977326	3641.6730824829933	224	IS	13
3641.6730824829933	3641.9025609410432	198	GROWN	13
3641.9025609410432	3642.072175453515	297	ON	13
3642.072175453515	3642.102107426304	99999	sp	13
3642.102107426304	3642.441336451247	404	STEEP	13
3642.441336451247	3642.860384070295	231	JUNGLE	13
3642.860384070295	3643.020021258503	241	LIKE	13
3643.020021258503	3643.439068877551	390	SLOPES	13
3643.439068877551	3643.5687740929707	217	IN	13
3643.5687740929707	3644.02773100907	431	TEMPERATE	13
3644.02773100907	3644.5964384920635	497	ZONES	13
3650.8387739095992	3650.988433773545	476	WE	14
3650.988433773545	3651.397504068329	480	WELCOME	14
3651.397504068329	3651.59705055359	256	MANY	14
3651.59705055359	3651.7367330932725	282	NEW	14
3651.7367330932725	3652.125848739531	408	STUDENTS	14
3652.125848739531	3652.325395224792	132	EACH	14
3652.325395224792	3652.5648510071046	491	YEAR	14
3659.988486383468	3660.2379194900445	298	ONLY	15
3660.2379194900445	3660.3277154084117	434	THE	15
3660.3277154084117	3660.686899081881	51	BEST	15
3660.686899081881	3661.1259013494546	330	PLAYERS	15
3661.1259013494546	3661.455153050135	139	ENJOY	15
3661.455153050135	3662.263316315441	336	POPULARITY	15
3669.32758911157	3669.926228567352	75	CALCIUM	16
3669.926228567352	3670.2953895650844	254	MAKES	16
3670.2953895650844	3670.7643238054475	58	BONES	16
3670.7643238054475	3670.894029020867	20	AND	16
3670.894029020867	3671.203326073021	430	TEETH	16
3671.203326073021	3671.253212694336	99999	sp	16
3671.253212694336	3671.8518521501187	406	STRONG	16
3684.514577359247	3684.842657813629	286	NOTHING	17
3684.842657813629	3685.0184151999047	224	IS	17
3685.0184151999047	3685.1798516139656	34	AS	17
3685.1798516139656	3685.651141790498	295	OFFENSIVE	17
3685.651141790498	3685.791747699519	34	AS	17
3685.791747699519	3686.4921734314926	219	INNOCENCE	17
3693.303375	3693.812218537415	405	STEVE	18
3693.812218537415	3694.0217423469385	490	WORE	18
3694.0217423469385	3694.0516743197277	1	A	18
3694.0516743197277	3694.380926020408	65	BRIGHT	18
3694.380926020408	3694.660291099773	356	RED	18
3694.660291099773	3695.169134637188	78	CASHMERE	18
3695.169134637188	3695.697932823129	420	SWEATER	18
3703.135875	3703.485081349206	46	BARB'S	19
3703.485081349206	3703.754469104308	188	GOLD	19
3703.754469104308	3704.233380668934	63	BRACELET	19
3704.233380668934	3704.3730632086167	472	WAS	19
3704.3730632086167	3704.4029951814055	1	A	19
3704.4029951814055	3705.1014078798185	193	GRADUATION	19
3705.1014078798185	3705.540410147392	339	PRESENT	19
3713.0163125	3713.375496173469	130	DRAW	20
3713.375496173469	3713.6448839285713	145	EVERY	20
3713.6448839285713	3713.90429435941	308	OUTER	20
3713.90429435941	3714.2036140873015	244	LINE	20
3714.2036140873015	3714.652593679138	156	FIRST	20
3714.652593679138	3714.6825256519273	99999	sp	20
3714.6825256519273	3714.912004109977	436	THEN	20
3714.912004109977	3715.171414540816	154	FILL	20
3715.171414540816	3715.2612104591835	217	IN	20
3715.2612104591835	3715.3709610260767	434	THE	20
3715.3709610260767	3716.0693737244897	222	INTERIOR	20
3724.6099375	3724.7490085221607	434	THE	21
3724.7490085221607	3725.005796733494	475	WATER	21
3725.005796733494	3725.4946856223833	103	CONTAINED	21
3725.4946856223833	3725.694232107644	448	TOO	21
3725.694232107644	3725.8738239443787	269	MUCH	21
3725.8738239443787	3726.247364848082	90	CHLORINE	21
3726.247364848082	3726.427852935158	20	AND	21
3726.427852935158	3726.7415584198384	409	STUNG	21
3726.7415584198384	3726.9134518361016	208	HIS	21
3726.9134518361016	3727.429132084891	149	EYES	21
3734.6635625	3735.1624287131517	229	JOHN'S	22
3735.1624287131517	3735.5814763321996	66	BROTHER	22
3735.5814763321996	3736.2200250850337	363	REPAINTED	22
3736.2200250850337	3736.3098210034013	434	THE	22
3736.3098210034013	3736.688959325397	173	GARAGE	22
3736.688959325397	3737.1179842687075	129	DOOR	22
3743.9374093947545	3744.516094202011	84	CHALLENGE	23
3744.516094202011	3744.825391254165	132	EACH	23
3744.825391254165	3745.354189440106	175	GENERAL'S	23
3745.354189440106	3746.2421712995165	221	INTELLIGENCE	23
3753.436349978183	3754.284422540541	17	AMBIDEXTROUS	24
3754.284422540541	3754.932948617639	327	PICKPOCKETS	24
3754.932948617639	3755.4717241278427	6	ACCOMPLISH	24
3755.4717241278427	3755.8907717468906	267	MORE	24
3762.5740625	3762.722938690299	1	A	25
3762.722938690299	3763.138656300766	271	MUSCULAR	25
3763.138656300766	3763.637522513918	2	ABDOMEN	25
3763.637522513918	3763.7772050536005	224	IS	25
3763.7772050536005	3763.9168875932833	189	GOOD	25
3763.9168875932833	3764.046592808703	161	FOR	25
3764.046592808703	3764.186275348385	496	YOUR	25
3764.186275348385	3764.705096210063	43	BACK	25
3771.6413894815946	3771.8808452639073	438	THEY	26
3771.8808452639073	3772.030505127853	317	OWN	26
3772.030505127853	3772.080391749168	1	A	26
3772.080391749168	3772.319847531481	52	BIG	26
3772.319847531481	3772.6989858534766	209	HOUSE	26
3772.6989858534766	3772.788781771844	217	IN	26
3772.788781771844	3772.848645717422	434	THE	26
3772.848645717422	3773.1778974181025	361	REMOTE	26
3773.1778974181025	3774.035947304724	109	COUNTRYSIDE	26
3780.411616836539	3780.5612767004845	434	THE	27
3780.5612767004845	3780.920460373954	369	ROSE	27
3780.920460373954	3781.49914518121	106	CORSAGE	27
3781.49914518121	3781.9680794215733	393	SMELLED	27
3781.9680794215733	3782.716378741301	421	SWEET	27
3789.0705530120686	3789.3698727399596	433	THAT	28
3789.3698727399596	3789.9086482501634	326	PICKPOCKET	28
3789.9086482501634	3790.0583081141094	472	WAS	28
3790.0583081141094	3790.3875598147897	80	CAUGHT	28
3790.3875598147897	3790.7267888397328	356	RED	28
3790.7267888397328	3791.33549042963	199	HANDED	28
3799.2550707514747	3799.3487102981762	19	AN	29
3799.3487102981762	3799.704050243538	9	ADULT	29
3799.704050243538	3799.903596728799	255	MALE	29
3799.903596728799	3800.3525763206358	42	BABOON'S	29
3800.3525763206358	3800.6020094272117	430	TEETH	29
3800.6020094272117	3800.671850697053	30	ARE	29
3800.671850697053	3800.8913518308395	285	NOT	29
3800.8913518308395	3801.3103994498874	415	SUITABLE	29
3801.3103994498874	3801.4201500167806	161	FOR	29
3801.4201500167806	3801.6396511505677	135	EATING	29
3801.6396511505677	3802.3181092004543	376	SHELLFISH	29
3809.711916396048	3809.8815309085194	204	HER	30
3809.8815309085194	3810.420306418723	470	WARDROBE	30
3810.420306418723	3811.018945874506	102	CONSISTS	30
3811.018945874506	3811.108741792873	294	OF	30
3811.108741792873	3811.358174899449	298	ONLY	30
3811.358174899449	3811.7273358971815	385	SKIRTS	30
3811.7273358971815	3811.8370864640747	20	AND	30
3811.8370864640747	3812.3658846500157	54	BLOUSES	30
3819.4431875	3819.5563334046274	434	THE	31
3819.5563334046274	3819.7918111326876	453	TWO	31
3819.7918111326876	3820.2208360759982	33	ARTISTS	31
3820.2208360759982	3820.4104052369958	99999	sp	31
3820.4104052369958	3821.1187952596715	147	EXCHANGED	31
3821.1187952596715	3821.8770719036625	39	AUTOGRAPHS	31
3828.7211875	3829.27991765873	71	BUTTERSCOTCH	32
3829.27991765873	3829.329804280045	99999	sp	32
3829.329804280045	3829.6590559807255	169	FUDGE	32
3829.6590559807255	3829.8785571145127	186	GOES	32
3829.8785571145127	3830.108035572562	481	WELL	32
3830.108035572562	3830.2377407879817	487	WITH	32
3830.2377407879817	3830.277650085034	99999	sp	32
3830.277650085034	3830.616879109977	463	VANILLA	32
3830.616879109977	3830.8862668650795	212	ICE	32
3830.8862668650795	3831.2953371598637	112	CREAM	32
3838.2845625	3838.6736781462587	366	RICH	33
3838.6736781462587	3839.2224309807257	349	PURCHASED	33
3839.2224309807257	3839.7013425453515	374	SEVERAL	33
3839.7013425453515	3840.120390164399	382	SIGNED	33
3840.120390164399	3840.9485080782315	245	LITHOGRAPHS	33
3847.8504369341413	3848.119824689243	24	ANY	34
3848.119824689243	3848.9080333060233	105	CONTRIBUTIONS	34
3848.9080333060233	3848.9978292243904	485	WILL	34
3848.9978292243904	3849.12753443981	47	BE	34
3849.12753443981	3849.5266274103315	195	GREATLY	34
3849.5266274103315	3850.3048587028484	28	APPRECIATED	34
3857.2411875	3857.34096074263	434	THE	35
3857.34096074263	3857.8597816043084	111	CRANBERRY	35
3857.8597816043084	3858.1690786564627	57	BOG	35
3858.1690786564627	3858.3386931689342	178	GETS	35
3858.3386931689342	3858.548216978458	465	VERY	35
3858.548216978458	3858.797650085034	340	PRETTY	35
3858.797650085034	3858.9373326247164	217	IN	35
3858.9373326247164	3859.316470946712	40	AUTUMN	35
3865.1679375	3865.337552012472	210	HOW	36
3865.337552012472	3865.457279903628	128	DO	36
3865.457279903628	3865.886304846939	318	OYSTERS	36
3865.886304846939	3866.0858513321996	253	MAKE	36
3866.0858513321996	3866.115783304989	99999	sp	36
3866.115783304989	3866.694468112245	320	PEARLS	36
3873.4595	3873.6490691609974	257	MAY	37
3873.6490691609974	3873.7687970521542	211	I	37
3873.7687970521542	3874.3873911564624	304	ORDER	37
3874.3873911564624	3874.6268469387755	1	A	37
3874.6268469387755	3874.9660759637186	10	AFTER	37
3874.9660759637186	3875.055871882086	211	I	37
3875.055871882086	3875.285350340136	134	EAT	37
3875.285350340136	3875.6744659863944	124	DINNER	37
3881.4182017603043	3881.577838948513	224	IS	38
3881.577838948513	3881.847226703615	375	SHE	38
3881.847226703615	3882.2163877013477	187	GOING	38
3882.2163877013477	3882.35607024103	487	WITH	38
3882.35607024103	3882.6853219417103	495	YOU	38
3890.257508907284	3890.402415065842	76	CAN	39
3890.402415065842	3890.569156398977	434	THE	39
3890.569156398977	3891.122238999091	11	AGENCY	39
3891.122238999091	3891.7208784548734	315	OVERTHROW	39
3891.7208784548734	3892.109994101132	13	ALIEN	39
3892.109994101132	3892.7485428539667	162	FORCES	39
3899.8649102107793	3899.8965	1	A	40
3899.8965	3900.5333909364026	371	SCREWDRIVER	40
3900.5333909364026	3900.7129827731374	224	IS	40
3900.7129827731374	3900.9125292583985	252	MADE	40
3900.9125292583985	3901.072166446607	166	FROM	40
3901.072166446607	3901.381463498761	469	VODKA	40
3901.381463498761	3901.54110068697	20	AND	40
3901.54110068697	3901.890307036176	303	ORANGE	40
3901.890307036176	3902.299377330961	230	JUICE	40
3907.9258125	3908.0568235474634	210	HOW	41
3908.0568235474634	3908.2333188191633	269	MUCH	41
3908.2333188191633	3908.712230383789	16	ALLOWANCE	41
3908.712230383789	3908.8319582749455	128	DO	41
3908.8319582749455	3908.9716408146282	495	YOU	41
3908.9716408146282	3909.266131826011	177	GET	41
3916.074496032516	3916.7230221096133	115	CYCLICAL	42
3916.7230221096133	3917.321661565396	346	PROGRAMS	42
3917.321661565396	3917.4413894565523	485	WILL	42
3917.4413894565523	3917.710777211654	281	NEVER	42
3917.710777211654	3918.359303288752	100	COMPILE	42
3925.383	3925.4927505668934	434	THE	43
3925.4927505668934	3925.921775510204	61	BOSTON	43
3925.921775510204	3926.3009138321995	45	BALLET	43
3926.3009138321995	3926.8297120181405	312	OVERCAME	43
3926.8297120181405	3926.949439909297	435	THEIR	43
3926.949439909297	3927.298646258503	170	FUNDING	43
3927.298646258503	3927.9172403628118	380	SHORTAGE	43
3934.376580472535	3934.645968227637	145	EVERY	44
3934.645968227637	3934.955265279791	74	CAB	44
3934.955265279791	3935.184743737841	280	NEEDS	44
3935.184743737841	3935.683609950993	364	REPAINTING	44
3935.683609950993	3936.2024308126706	296	OFTEN	44
3942.9556630501934	3943.4445519390824	203	HELP	45
3943.4445519390824	3943.818331291756	196	GREG	45
3943.818331291756	3943.9136120535472	446	TO	45
3943.9136120535472	3944.0942484977772	325	PICK	45
3944.0942484977772	3944.2193044976284	99999	sp	45
3944.2193044976284	3944.2768699578774	1	A	45
3944.2768699578774	3944.308630211808	99999	sp	45
3944.308630211808	3944.5607272273814	321	PECK	45
3944.5607272273814	3944.5964575130533	99999	sp	45
3944.5964575130533	3944.689753258974	294	OF	45
3944.689753258974	3945.333978540421	338	POTATOES	45
3953.801748244195	3953.941430783878	476	WE	46
3953.941430783878	3954.1808865661906	241	LIKE	46
3954.1808865661906	3954.4303196727665	55	BLUE	46
3954.4303196727665	3954.829412643288	88	CHEESE	46
3954.829412643288	3954.99902715576	70	BUT	46
3954.99902715576	3955.288369559388	466	VICTOR	46
3955.288369559388	3955.587689287279	242	LIKES	46
3955.587689287279	3955.9867822578008	64	BRIE	46
3963.3220400851524	3963.554286942019	108	COUNT	47
3963.554286942019	3963.6714028783877	434	THE	47
3963.6714028783877	3963.858083823556	289	NUMBER	47
3963.858083823556	3963.957857066187	294	OF	47
3963.957857066187	3964.4267913065496	429	TEASPOONS	47
3964.4267913065496	3964.506609900654	294	OF	47
3964.506609900654	3965.065340059384	395	SOYSAUCE	47
3965.065340059384	3965.0952720321734	99999	sp	47
3965.0952720321734	3965.244931896119	433	THAT	47
3965.244931896119	3965.3846144358013	495	YOU	47
3965.3846144358013	3965.753775433534	7	ADD	47
3973.424125	3973.9629005102042	44	BAGPIPES	48
3973.9629005102042	3974.0526964285714	20	AND	48
3974.0526964285714	3974.6014492630384	59	BONGOS	48
3974.6014492630384	3974.6812678571428	30	ARE	48
3974.6812678571428	3975.150202097506	273	MUSICAL	48
3975.150202097506	3976.01822930839	220	INSTRUMENTS	48
3981.4533125	3981.6229270124713	210	HOW	49
3981.6229270124713	3981.8623827947845	189	GOOD	49
3981.8623827947845	3981.982110685941	224	IS	49
3981.982110685941	3982.1716798469383	496	YOUR	49
3982.1716798469383	3982.790273951247	138	ENDURANCE	49
3990.2435	3990.4131145124716	434	THE	50
3990.4131145124716	3990.7922528344675	141	ESSAY	50
3990.7922528344675	3991.5704841269844	454	UNDENIABLY	50
3991.5704841269844	3992.059373015873	358	REFLECTS	50
3992.059373015873	3992.27887414966	305	OUR	50
3992.27887414966	3992.5083526077096	467	VIEW	50
3992.5083526077096	3993.0171961451247	3	ABLY	50
4000.0275	4000.187137188209	1	A	51
4000.187137188209	4000.5962074829936	60	BORING	51
4000.5962074829936	4000.9454138322	287	NOVEL	51
4000.9454138322	4001.085096371882	224	IS	51
4001.085096371882	4001.154937641724	1	A	51
4001.154937641724	4001.6438265306124	418	SUPERB	51
4001.6438265306124	4002.1127607709755	386	SLEEPING	51
4002.1127607709755	4002.4220578231298	328	PILL	51
4009.7987810600425	4010.147987409249	303	ORANGE	52
4010.147987409249	4010.427352488614	230	JUICE	52
4010.427352488614	4010.8164681348726	425	TASTES	52
4010.8164681348726	4011.0758785657113	171	FUNNY	52
4011.0758785657113	4011.4051302663916	10	AFTER	52
4011.4051302663916	4012.532567908115	449	TOOTHPASTE	52
4018.662162402041	4018.786810067888	434	THE	53
4018.786810067888	4019.146503677019	486	WILLOWY	53
4019.146503677019	4019.5223872771166	488	WOMAN	53
4019.5223872771166	4019.758032365383	490	WORE	53
4019.758032365383	4019.828838366479	1	A	53
4019.828838366479	4020.347796039331	274	MUSKRAT	53
4020.347796039331	4020.630341796745	96	COAT	53
4027.70875	4027.828477891156	434	THE	54
4027.828477891156	4028.357276077097	264	MISQUOTE	54
4028.357276077097	4028.536867913832	472	WAS	54
4028.536867913832	4029.0856207482993	365	RETRACTED	54
4029.0856207482993	4029.2253032879817	487	WITH	54
4029.2253032879817	4029.295144557823	19	AN	54
4029.295144557823	4030.0534212018138	26	APOLOGY	54
4037.0694375	4037.2091200396826	211	I	55
4037.2091200396826	4037.4286211734693	233	JUST	55
4037.4286211734693	4037.5483490646257	370	SAW	55
4037.5483490646257	4037.897555413832	228	JIM	55
4037.897555413832	4038.127033871882	277	NEAR	55
4038.127033871882	4038.1868978174602	434	THE	55
4038.1868978174602	4038.346535005669	282	NEW	55
4038.346535005669	4039.1147889739227	29	ARCHEOLOGICAL	55
4039.1147889739227	4039.683496456916	272	MUSEUM	55
4047.8068125	4048.03629095805	367	RIGHT	56
4048.03629095805	4048.295701388889	288	NOW	56
4048.295701388889	4048.4653159013606	257	MAY	56
4048.4653159013606	4048.7247263321997	285	NOT	56
4048.7247263321997	4048.9941140873016	434	THE	56
4048.9941140873016	4049.05397803288	99999	sp	56
4049.05397803288	4049.28345649093	257	MAY	56
4049.28345649093	4049.5129349489794	285	NOT	56
4049.5129349489794	4049.7224587585033	47	BE	56
4049.7224587585033	4049.7923000283445	434	THE	56
4049.7923000283445	4050.0716651077096	51	BEST	56
4050.0716651077096	4050.3709848356007	445	TIME	56
4050.3709848356007	4050.4807354024942	161	FOR	56
4050.4807354024942	4050.899783021542	69	BUSINESS	56
4050.899783021542	4051.5981957199547	260	MERGERS	56
4058.62085849802	4058.7006770921244	434	THE	57
4058.7006770921244	4059.249429926592	263	MISPRINT	57
4059.249429926592	4059.63854557285	348	PROVOKED	57
4059.63854557285	4059.7283414912176	19	AN	57
4059.7283414912176	4060.1773210830543	216	IMMEDIATE	57
4060.1773210830543	4060.835824484415	125	DISCLAIMER	57
4067.3546875	4067.534279336735	438	THEY	58
4067.534279336735	4067.773735119048	14	ALL	58
4067.773735119048	4068.083032171202	139	ENJOY	58
4068.083032171202	4068.3524199263043	212	ICE	58
4068.3524199263043	4068.611830357143	112	CREAM	58
4068.611830357143	4069.364779111892	417	SUNDAES	58
4076.055832228635	4076.2356213370554	128	DO	59
4076.2356213370554	4076.784176899837	38	ATYPICAL	59
4076.784176899837	4077.302997761515	151	FARMERS	59
4077.302997761515	4077.532476219565	197	GROW	59
4077.532476219565	4077.9914331356645	291	OATS	59
4085.492	4086.067012469144	121	DIANE	60
4086.067012469144	4086.206695008827	257	MAY	60
4086.206695008827	4086.77540249182	399	SPLURGE	60
4086.77540249182	4086.8951303829763	20	AND	60
4086.8951303829763	4087.1545408138154	72	BUY	60
4087.1545408138154	4087.1944501108674	1	A	60
4087.1944501108674	4087.7032936482824	452	TURQUOISE	60
4087.7032936482824	4088.1921825371714	278	NECKLACE	60
4095.133125	4095.7517191043084	194	GRANDMOTHER	61
4095.7517191043084	4096.210676020408	309	OUTGREW	61
4096.210676020408	4096.310449263039	204	HER	61
4096.310449263039	4096.839247448979	459	UPBRINGING	61
4096.839247448979	4096.978929988662	217	IN	61
4096.978929988662	4097.726770313084	323	PETTICOATS	61
4104.18575	4104.774412131519	292	OBJECTS	62
4104.774412131519	4104.934049319728	252	MADE	62
4104.934049319728	4105.023845238095	294	OF	62
4105.023845238095	4105.043799886621	99999	sp	62
4105.043799886621	4105.502756802721	324	PEWTER	62
4105.502756802721	4105.642439342403	30	ARE	62
4105.642439342403	4106.22112414966	48	BEAUTIFUL	62
4113.1833125	4113.831838577097	32	ARTIFICIAL	63
4113.831838577097	4114.5003193027205	221	INTELLIGENCE	63
4114.5003193027205	4114.819593679138	224	IS	63
4114.819593679138	4114.889434948979	99999	sp	63
4114.889434948979	4115.18875467687	161	FOR	63
4115.18875467687	4115.577870323129	355	REAL	63
4123.6341875	4124.033280470521	447	TODD	64
4124.033280470521	4124.392464143991	329	PLACED	64
4124.392464143991	4124.671829223355	450	TOP	64
4124.671829223355	4125.290423327664	342	PRIORITY	64
4125.290423327664	4125.440083191609	297	ON	64
4125.440083191609	4125.729425595237	179	GETTING	64
4125.729425595237	4125.948926729025	208	HIS	64
4125.948926729025	4126.248246456916	53	BIKE	64
4126.248246456916	4126.777044642857	157	FIXED	64
4134.325125	4134.5446261337875	482	WHEN	65
4134.5446261337875	4134.843945861679	322	PEELING	65
4134.843945861679	4134.963673752835	19	AN	65
4134.963673752835	4135.4126533446715	303	ORANGE	65
4135.4126533446715	4135.512426587302	225	IT	65
4135.512426587302	4135.642131802721	224	IS	65
4135.642131802721	4136.081134070296	200	HARD	65
4136.081134070296	4136.290657879819	285	NOT	65
4136.290657879819	4136.36049914966	446	TO	65
4136.36049914966	4136.649841553289	401	SPRAY	65
4136.649841553289	4137.1886170634925	230	JUICE	65
4144.5155	4144.595318594104	434	THE	66
4144.595318594104	4144.994411564626	268	MORNING	66
4144.994411564626	4145.293731292517	120	DEW	66
4145.293731292517	4145.403481859411	297	ON	66
4145.403481859411	4145.463345804988	434	THE	66
4145.463345804988	4145.882393424036	398	SPIDER	66
4145.882393424036	4146.091917233561	479	WEB	66
4146.091917233561	4146.600760770975	182	GLISTENED	66
4146.600760770975	4146.720488662132	217	IN	66
4146.720488662132	4146.78035260771	434	THE	66
4146.78035260771	4147.279218820861	416	SUN	66
4154.434875	4155.292924886621	451	TORNADOS	67
4155.292924886621	4155.612199263038	296	OFTEN	67
4155.612199263038	4156.031246882086	118	DESTROY	67
4156.031246882086	4156.949160714285	41	AVIARIES	67
4164.158202417422	4164.317839605631	438	THEY	68
4164.317839605631	4164.667045954837	360	REMAINED	68
4164.667045954837	4165.1659121679895	239	LIFELONG	68
4165.1659121679895	4165.535073165722	164	FRIENDS	68
4165.535073165722	4165.72464232672	20	AND	68
4165.72464232672	4166.542782916288	99	COMPANIONS	68
4173.652625	4173.75239824263	434	THE	69
4173.75239824263	4174.1914005102035	160	FOOTBALL	69
4174.1914005102035	4174.410901643991	428	TEAM	69
4174.410901643991	4174.77008531746	95	COACH	69
4174.77008531746	4174.929722505669	201	HAS	69
4174.929722505669	4174.969631802721	1	A	69
4174.969631802721	4175.348770124717	474	WATCH	69
4175.348770124717	4175.478475340135	34	AS	69
4175.478475340135	4175.78777239229	439	THIN	69
4175.78777239229	4175.907500283446	34	AS	69
4175.907500283446	4175.9673642290245	1	A	69
4175.9673642290245	4176.516117063492	123	DIME	69
4182.763625	4182.923262188208	438	THEY	70
4182.923262188208	4183.272468537415	296	OFTEN	70
4183.272468537415	4183.452060374149	184	GO	70
4183.452060374149	4183.661584183673	306	OUT	70
4183.661584183673	4183.78131207483	217	IN	70
4183.78131207483	4183.8611306689345	434	THE	70
4183.8611306689345	4184.4298381519275	143	EVENING	70
4191.7226875	4191.972120606575	305	OUR	71
4191.972120606575	4192.480964143991	148	EXPERIMENT'S	71
4192.480964143991	4193.109535572562	337	POSITIVE	71
4193.109535572562	4193.578469812925	307	OUTCOME	71
4193.578469812925	4193.8079482709745	472	WAS	71
4193.8079482709745	4194.636066184807	456	UNEXPECTED	71
4201.461875	4201.721285430838	132	EACH	72
4201.721285430838	4202.190219671202	403	STAG	72
4202.190219671202	4202.549403344671	419	SURELY	72
4202.549403344671	4202.948496315193	155	FINDS	72
4202.948496315193	4202.998382936507	1	A	72
4202.998382936507	4203.2178840702945	52	BIG	72
4203.2178840702945	4203.766636904761	153	FAWN	72
4211.7604375	4211.999893282314	434	THE	73
4211.999893282314	4212.568600765307	91	CIGARETTES	73
4212.568600765307	4212.658396683674	217	IN	73
4212.658396683674	4212.718260629252	434	THE	73
4212.718260629252	4212.947739087302	94	CLAY	73
4212.947739087302	4213.546378543084	35	ASHTRAY	73
4213.546378543084	4214.105108701815	314	OVERFLOWED	73
4214.105108701815	4214.35454180839	299	ONTO	73
4214.35454180839	4214.494224348073	434	THE	73
4214.494224348073	4214.633906887755	290	OAK	73
4214.633906887755	4215.102841128119	424	TABLE	73
4221.9429375	4222.541576955782	347	PROJECT	74
4222.541576955782	4223.000533871882	119	DEVELOPMENT	74
4223.000533871882	4223.180125708616	472	WAS	74
4223.180125708616	4223.728878543084	344	PROCEEDING	74
4223.728878543084	4223.9284250283445	448	TOO	74
4223.9284250283445	4224.437268565759	391	SLOWLY	74
4231.035794780181	4231.29520521102	485	WILL	75
4231.29520521102	4231.674343533015	368	ROBIN	75
4231.674343533015	4232.143277773378	477	WEAR	75
4232.143277773378	4232.233073691746	1	A	75
4232.233073691746	4232.482506798322	493	YELLOW	75
4232.482506798322	4232.97139568721	243	LILY	75
4239.335875	4239.807303571429	99999	sp	76
4239.807303571429	4240.247660866492	442	THOMAS	76
4240.247660866492	4240.505716269841	440	THINKS	76
4240.505716269841	4240.547099376443	1	A	76
4240.547099376443	4240.864899943311	235	LARGER	76
4240.864899943311	4241.244038265306	92	CLAMP	76
4241.244038265306	4241.603221938775	394	SOLVES	76
4241.603221938775	4241.673063208616	434	THE	76
4241.673063208616	4242.251748015873	343	PROBLEM	76
4248.8253928534095	4249.084803284249	441	THIS	77
4249.084803284249	4249.234463148195	472	WAS	77
4249.234463148195	4249.513828227559	133	EASY	77
4249.513828227559	4249.773238658398	161	FOR	77
4249.773238658398	4250.142399656131	460	US	77
4258.768159558516	4259.247071123142	116	DECEMBER	78
4259.247071123142	4259.3667990142985	20	AND	78
4259.3667990142985	4259.985393118607	227	JANUARY	78
4259.985393118607	4260.1250756582895	30	ARE	78
4260.1250756582895	4260.394463413391	283	NICE	78
4260.394463413391	4260.743669762598	266	MONTHS	78
4260.743669762598	4260.823488356702	446	TO	78
4260.823488356702	4261.212604002961	397	SPEND	78
4261.212604002961	4261.362263866906	217	IN	78
4261.362263866906	4261.9309713499	261	MIAMI	78
4269.69775	4269.997069727891	236	LAST	79
4269.997069727891	4270.276434807256	492	YEAR'S	79
4270.276434807256	4270.555799886622	174	GAS	79
4270.555799886622	4271.034711451247	380	SHORTAGE	79
4271.034711451247	4271.383917800454	81	CAUSED	79
4271.383917800454	4271.7331241496595	404	STEEP	79
4271.7331241496595	4271.972579931972	341	PRICE	79
4271.972579931972	4272.680969954648	218	INCREASES	79
4281.0953125	4281.833634495464	12	AGRICULTURAL	80
4281.833634495464	4282.282614087301	345	PRODUCTS	80
4282.282614087301	4282.522069869614	30	ARE	80
4282.522069869614	4282.9910041099765	455	UNEVENLY	80
4282.9910041099765	4283.699394132653	127	DISTRIBUTED	80
4290.128375	4290.327921485261	73	BY	81
4290.327921485261	4290.6471958616785	135	EATING	81
4290.6471958616785	4291.016356859411	494	YOGURT	81
4291.016356859411	4291.116130102041	495	YOU	81
4291.116130102041	4291.27576729025	257	MAY	81
4291.27576729025	4291.515223072563	246	LIVE	81
4291.515223072563	4292.06397590703	248	LONGER	81
4298.9348125	4299.03458574263	434	THE	82
4299.03458574263	4299.59331590136	82	CAUSEWAY	82
4299.59331590136	4299.892635629251	137	ENDED	82
4299.892635629251	4300.401479166667	5	ABRUPTLY	82
4300.401479166667	4300.471320436508	37	AT	82
4300.471320436508	4300.551139030612	434	THE	82
4300.551139030612	4301.000118622449	379	SHORE	82
4308.4116875	4308.9604403344665	88888	WATERPROOF	83
4308.9604403344665	4309.539125141723	172	GALOSHES	83
4309.539125141723	4309.618943735827	30	ARE	83
4309.618943735827	4309.938218112245	465	VERY	83
4309.938218112245	4310.427107001134	461	USEFUL	83
4310.427107001134	4310.496948270975	217	IN	83
4310.496948270975	4311.115542375283	372	SEATTLE	83
4318.017281133649	4318.228005283302	434	THE	84
4318.228005283302	4318.440725203402	396	SPEECH	84
4318.440725203402	4319.169069874603	423	SYMPOSIUM	84
4319.169069874603	4319.348661711338	262	MIGHT	84
4319.348661711338	4319.697868060544	50	BEGIN	84
4319.697868060544	4319.817595951701	297	ON	84
4319.817595951701	4320.316462164853	265	MONDAY	84
4338.732	4338.8617052154195	47	BE	86
4338.8617052154195	4339.260798185941	77	CAREFUL	86
4339.260798185941	4339.440390022676	285	NOT	86
4339.440390022676	4339.510231292517	446	TO	86
4339.510231292517	4339.859437641723	332	PLOW	86
4339.859437641723	4340.168734693878	310	OVER	86
4340.168734693878	4340.248553287982	434	THE	86
4340.248553287982	4340.647646258503	159	FLOWER	86
4340.647646258503	4341.116580498867	49	BEDS	86
4351.819062599773	4352.0186089852605	434	THE	87
4352.0186089852605	4352.407724631519	316	OVERWEIGHT	87
4352.407724631519	4352.806817602041	86	CHARMER	87
4352.806817602041	4352.976432114512	107	COULD	87
4352.976432114512	4353.205910572562	387	SLIP	87
4353.205910572562	4353.714754109978	333	POISON	87
4353.714754109978	4353.844459325397	223	INTO	87
4353.844459325397	4354.2834615929705	25	ANYONE'S	87
4354.2834615929705	4354.672577239229	426	TEA	87
4361.349118312256	4361.438914230624	434	THE	88
4361.438914230624	4361.778143255567	21	ANGRY	88
4361.778143255567	4361.977689740828	62	BOY	88
4361.977689740828	4362.466578629716	23	ANSWERED	88
4362.466578629716	4362.626215817925	70	BUT	88
4362.626215817925	4362.845716951712	122	DIDN'T	88
4362.845716951712	4363.0652180854995	249	LOOK	88
4363.0652180854995	4363.554106974388	458	UP	88
4397.5499375	4397.859234552155	88888	WHICI	89
4397.859234552155	4398.178508928572	247	LONG	89
4398.178508928572	4398.677375141724	31	ARTICLE	89
4398.677375141724	4398.856966978458	472	WAS	89
4398.856966978458	4399.365810515874	300	OPAQUE	89
4399.365810515874	4399.475561082767	20	AND	89
4399.475561082767	4399.764903486395	279	NEEDED	89
4399.764903486395	4400.652885345806	93	CLARIFICATION	89
4407.2375625	4407.477018282313	203	HELP	90
4407.477018282313	4407.975884495465	83	CELEBRATE	90
4407.975884495465	4408.075657738095	496	YOUR	90
4408.075657738095	4408.404909438776	67	BROTHERS	90
4408.404909438776	4408.913752976191	412	SUCCESS	90
4416.8716875	4417.071233985261	485	WILL	91
4417.071233985261	4417.151052579366	495	YOU	91
4417.151052579366	4417.520213577098	331	PLEASE	91
4417.520213577098	4417.9492385204085	101	CONFIRM	91
4417.9492385204085	4418.418172760771	191	GOVERNMENT	91
4418.418172760771	4418.867152352608	334	POLICY	91
4418.867152352608	4419.286199971656	359	REGARDING	91
4419.286199971656	4419.545610402494	473	WASTE	91
4419.545610402494	4419.984612670069	362	REMOVAL	91
4426.789937400226	4426.979506660998	438	THEY	92
4426.979506660998	4427.308758361678	36	ASSUME	92
4427.308758361678	4427.538236819728	284	NO	92
4427.538236819728	4427.987216411564	68	BURGLAR	92
4427.987216411564	4428.216694869614	485	WILL	92
4428.216694869614	4428.446173327664	144	EVER	92
4428.446173327664	4428.765447704081	140	ENTER	92
4428.765447704081	4429.05479010771	205	HERE	92
4435.814375199547	4436.013921485261	202	HE	93
4436.013921485261	4436.167253506291	485	WILL	93
4436.167253506291	4436.662061158345	15	ALLOW	93
4436.662061158345	4436.791766373764	1	A	93
4436.791766373764	4437.1309953987075	352	RARE	93
4437.1309953987075	4437.629861611859	238	LIE	93
4446.3705	4447.198617913832	114	CURIOSITY	94
4447.198617913832	4447.2983911564625	20	AND	94
4447.2983911564625	4448.126509070295	259	MEDIOCRITY	94
4448.126509070295	4448.445783446712	99999	sp	94
4448.445783446712	4448.894763038548	373	SELDOM	94
4448.894763038548	4449.573221088435	97	COEXIST	94
4456.911937899094	4457.0815520124725	208	HIS	95
4457.0815520124725	4457.4606903344675	413	SUDDEN	95
4457.4606903344675	4458.009443168935	117	DEPARTURE	95
4458.009443168935	4458.5581960034015	377	SHOCKED	95
4458.5581960034015	4458.657969246032	434	THE	95
4458.657969246032	4459.226676729026	79	CAST	95
4466.926112257597	4467.065794697506	375	SHE	96
4467.065794697506	4467.37509174966	388	SLIPPED	96
4467.37509174966	4467.464887668028	20	AND	96
4467.464887668028	4467.8440259900235	400	SPRAINED	96
4467.8440259900235	4467.943799232654	204	HER	96
4467.943799232654	4468.362846851701	22	ANKLE	96
4468.362846851701	4468.452642770068	297	ON	96
4468.452642770068	4468.52248403991	434	THE	96
4468.52248403991	4468.831781092064	404	STEEP	96
4468.831781092064	4469.230874062586	389	SLOPE	96
4476.3939375	4476.567589808511	1	A	97
4476.567589808511	4476.740648525304	52	BIG	97
4476.740648525304	4477.1197868473	185	GOAT	97
4477.1197868473	4477.528857142084	214	IDLY	97
4477.528857142084	4477.927950112607	18	AMBLED	97
4477.927950112607	4478.0476780037625	444	THROUGH	97
4478.0476780037625	4478.127496597867	434	THE	97
4478.127496597867	4478.845863944805	152	FARMYARD	97
4485.547937300454	4485.767438633787	381	SHOULD	98
4485.767438633787	4486.2663048469385	180	GIRAFFES	98
4486.2663048469385	4486.386032738095	47	BE	98
4486.386032738095	4486.675375141724	234	KEPT	98
4486.675375141724	4486.785125708617	217	IN	98
4486.785125708617	4487.12435473356	392	SMALL	98
4487.12435473356	4487.603266298186	498	ZOOS	98
4495.620499800454	4495.754624982281	476	WE	99
4495.754624982281	4495.929797052155	190	GOT	99
4495.929797052155	4496.448617913833	131	DRENCHED	99
4496.448617913833	4496.63818707483	166	FROM	99
4496.63818707483	4496.837733560091	434	THE	99
4496.837733560091	4497.605987528345	457	UNINTERRUPTED	99
4497.605987528345	4498.084899092971	351	RAIN	99
4654.282625	4654.395770904627	434	THE	31
