11.802	12.162	74	sp	0	0
12.162	12.322	1	AA1	0	0
12.322	12.352	61	R	0	0
12.352	12.452	68	Y	0	0
12.452	12.542	41	UH1	0	0
12.542	12.592	61	R	0	0
12.592	12.652	51	G	0	0
12.652	12.742	61	R	0	0
12.742	12.962	25	EY1	0	0
12.962	13.032	48	D	0	0
13.032	13.072	69	Z	0	0
13.072	13.292	52	HH	0	0
13.292	13.932	16	AY1	0	0
13.932	13.972	21	ER0	0	0
13.972	14.002	21	ER0	0	0
14.002	14.232	56	L	0	0
14.232	14.462	35	OW1	0	0
14.462	14.682	21	ER0	0	0
14.682	14.732	49	DH	0	0
14.732	14.812	4	AE1	0	0
14.812	14.872	58	N	0	0
14.872	14.972	58	N	0	0
14.972	15.172	4	AE1	0	0
15.172	15.252	58	N	0	0
15.252	15.382	62	S	0	0
15.382	15.562	31	IY0	0	0
15.562	15.772	69	Z	0	0
24.832	25.042	63	SH	0	1
25.042	25.282	32	IY1	0	1
25.282	25.342	67	W	0	1
25.342	25.622	10	AO1	0	1
25.622	25.782	61	R	0	1
25.782	25.882	67	W	0	1
25.882	26.072	10	AO1	0	1
26.072	26.322	61	R	0	1
26.322	26.352	57	M	0	1
26.352	26.592	74	sp	0	1
26.592	26.682	50	F	0	1
26.682	26.752	56	L	0	1
26.752	26.902	32	IY1	0	1
26.902	27.042	62	S	0	1
27.042	27.362	31	IY0	0	1
27.362	27.422	74	sp	0	1
27.422	27.582	67	W	0	1
27.582	27.902	41	UH1	0	1
27.902	27.932	56	L	0	1
27.932	28.022	6	AH0	0	1
28.022	28.062	58	N	0	1
28.062	28.102	74	sp	0	1
28.102	28.322	35	OW1	0	1
28.322	28.382	66	V	0	1
28.382	28.542	21	ER0	0	1
28.542	28.622	11	AO2	0	1
28.622	28.802	56	L	0	1
28.802	29.072	69	Z	0	1
41.622	41.732	61	R	0	2
41.732	42.092	32	IY1	0	2
42.092	42.122	48	D	0	2
42.122	42.152	27	IH0	0	2
42.152	42.242	59	NG	0	2
42.242	42.402	28	IH1	0	2
42.402	42.632	58	N	0	2
42.632	42.722	60	P	0	2
42.722	42.972	41	UH1	0	2
42.972	43.002	61	R	0	2
43.002	43.052	56	L	0	2
43.052	43.392	16	AY1	0	2
43.392	43.562	64	T	0	2
43.562	43.602	51	G	0	2
43.602	43.702	28	IH1	0	2
43.702	43.732	66	V	0	2
43.732	43.832	69	Z	0	2
43.832	43.982	68	Y	0	2
43.982	44.022	44	UW1	0	2
44.022	44.352	16	AY1	0	2
44.352	44.552	62	S	0	2
44.552	44.632	64	T	0	2
44.632	44.712	61	R	0	2
44.712	44.822	26	EY2	0	2
44.822	44.982	58	N	0	2
56.672	56.872	32	IY1	0	3
56.872	56.902	66	V	0	3
56.902	56.982	6	AH0	0	3
56.982	57.082	58	N	0	3
57.082	57.832	16	AY1	0	3
57.832	57.862	6	AH0	0	3
57.862	57.962	54	K	0	3
57.962	58.102	25	EY1	0	3
58.102	58.202	70	ZH	0	3
58.202	58.272	58	N	0	3
58.272	58.302	6	AH0	0	3
58.302	58.352	56	L	0	3
58.352	58.522	31	IY0	0	3
58.522	58.582	51	G	0	3
58.582	58.812	19	EH1	0	3
58.812	58.862	64	T	0	3
58.862	58.912	74	sp	0	3
58.912	59.032	49	DH	0	3
59.032	59.092	7	AH1	0	3
59.092	59.232	57	M	0	3
59.232	59.302	7	AH1	0	3
59.302	59.392	58	N	0	3
59.392	59.442	48	D	0	3
59.442	59.612	31	IY0	0	3
59.612	59.672	46	B	0	3
59.672	59.772	56	L	0	3
59.772	59.992	44	UW1	0	3
59.992	60.312	69	Z	0	3
72.022	72.152	67	W	0	4
72.152	72.412	32	IY1	0	4
72.412	72.872	1	AA1	0	4
72.872	72.902	61	R	0	4
72.902	73.212	35	OW1	0	4
73.212	73.242	60	P	0	4
73.242	73.272	6	AH0	0	4
73.272	73.312	58	N	0	4
73.312	73.402	74	sp	0	4
73.402	73.602	19	EH1	0	4
73.602	73.652	66	V	0	4
73.652	73.772	61	R	0	4
73.772	74.002	31	IY0	0	4
74.002	74.042	57	M	0	4
74.042	74.142	7	AH1	0	4
74.142	74.242	58	N	0	4
74.242	74.272	48	D	0	4
74.272	74.452	26	EY2	0	4
74.452	74.742	32	IY1	0	4
74.742	74.822	66	V	0	4
74.822	74.882	58	N	0	4
74.882	74.932	27	IH0	0	4
74.932	75.182	59	NG	0	4
86.302	86.462	28	IH1	0	5
86.462	86.502	64	T	0	5
86.502	86.612	62	S	0	5
86.612	86.672	58	N	0	5
86.672	86.912	1	AA1	0	5
86.912	87.002	64	T	0	5
87.002	87.542	32	IY1	0	5
87.542	87.572	69	Z	0	5
87.572	87.602	31	IY0	0	5
87.602	87.672	64	T	0	5
87.672	87.752	27	IH0	0	5
87.752	87.862	54	K	0	5
87.862	87.922	61	R	0	5
87.922	87.972	31	IY0	0	5
87.972	88.172	25	EY1	0	5
88.172	88.232	64	T	0	5
88.232	88.312	29	IH2	0	5
88.312	88.542	56	L	0	5
88.542	88.622	44	UW1	0	5
88.622	88.702	57	M	0	5
88.702	88.742	6	AH0	0	5
88.742	88.822	58	N	0	5
88.822	89.002	26	EY2	0	5
89.002	89.072	64	T	0	5
89.072	89.122	27	IH0	0	5
89.122	89.262	59	NG	0	5
89.262	89.412	27	IH0	0	5
89.412	89.532	51	G	0	5
89.532	89.602	69	Z	0	5
89.602	89.772	4	AE1	0	5
89.772	89.822	57	M	0	5
89.822	89.862	60	P	0	5
89.862	89.912	6	AH0	0	5
89.912	90.132	56	L	0	5
90.132	90.352	69	Z	0	5
101.322	101.512	57	M	0	6
101.512	101.772	7	AH1	0	6
101.772	101.802	57	M	0	6
101.802	102.062	62	S	0	6
102.062	102.172	64	T	0	6
102.172	102.212	61	R	0	6
102.212	102.332	10	AO1	0	6
102.332	102.432	59	NG	0	6
102.432	102.492	56	L	0	6
102.492	102.622	31	IY0	0	6
102.622	102.672	48	D	0	6
102.672	102.812	29	IH2	0	6
102.812	103.002	62	S	0	6
103.002	103.092	56	L	0	6
103.092	103.222	16	AY1	0	6
103.222	103.262	54	K	0	6
103.262	103.362	62	S	0	6
103.362	103.682	4	AE1	0	6
103.682	103.712	60	P	0	6
103.712	103.762	6	AH0	0	6
103.762	103.902	64	T	0	6
103.902	104.062	17	AY2	0	6
104.062	104.172	69	Z	0	6
104.172	104.332	21	ER0	0	6
104.332	104.592	69	Z	0	6
115.082	115.152	49	DH	0	7
115.152	115.402	35	OW1	0	7
115.402	115.442	69	Z	0	7
115.442	115.532	52	HH	0	7
115.532	115.752	44	UW1	0	7
115.752	115.892	64	T	0	7
115.892	116.082	32	IY1	0	7
116.082	116.222	47	CH	0	7
116.222	116.262	66	V	0	7
116.262	116.432	4	AE1	0	7
116.432	116.462	56	L	0	7
116.462	116.642	68	Y	0	7
116.642	116.732	43	UW0	0	7
116.732	116.812	69	Z	0	7
116.812	116.912	50	F	0	7
116.912	117.062	22	ER1	0	7
117.062	117.192	62	S	0	7
117.192	117.292	64	T	0	7
117.292	117.382	6	AH0	0	7
117.382	117.512	46	B	0	7
117.512	117.682	1	AA1	0	7
117.682	117.792	56	L	0	7
117.792	117.832	29	IH2	0	7
117.832	118.122	63	SH	0	7
118.122	118.202	47	CH	0	7
118.202	118.352	32	IY1	0	7
118.352	118.382	64	T	0	7
118.382	118.462	27	IH0	0	7
118.462	118.702	59	NG	0	7
130.232	130.312	49	DH	0	8
130.312	130.402	7	AH1	0	8
130.402	130.562	50	F	0	8
130.562	130.632	61	R	0	8
130.632	130.792	16	AY1	0	8
130.792	130.902	64	T	0	8
130.902	130.952	6	AH0	0	8
130.952	130.992	58	N	0	8
130.992	131.022	48	D	0	8
131.022	131.242	47	CH	0	8
131.242	131.492	16	AY1	0	8
131.492	131.762	56	L	0	8
131.762	131.882	48	D	0	8
131.882	131.992	67	W	0	8
131.992	132.062	6	AH0	0	8
132.062	132.252	69	Z	0	8
132.252	132.332	53	JH	0	8
132.332	132.432	19	EH1	0	8
132.432	132.462	58	N	0	8
132.462	132.492	64	T	0	8
132.492	132.572	56	L	0	8
132.572	132.722	31	IY0	0	8
132.722	132.822	62	S	0	8
132.822	132.922	6	AH0	0	8
132.922	132.952	46	B	0	8
132.952	133.062	48	D	0	8
133.062	133.252	44	UW1	0	8
133.252	133.402	48	D	0	8
133.402	133.432	46	B	0	8
133.432	133.572	16	AY1	0	8
133.572	133.602	52	HH	0	8
133.602	133.742	28	IH1	0	8
133.742	133.872	69	Z	0	8
133.872	133.902	74	sp	0	8
133.902	133.962	46	B	0	8
133.962	134.112	28	IH1	0	8
134.112	134.192	51	G	0	8
134.192	134.302	46	B	0	8
134.302	134.412	61	R	0	8
134.412	134.502	7	AH1	0	8
134.502	134.542	49	DH	0	8
134.542	134.722	21	ER0	0	8
146.152	146.352	32	IY1	0	9
146.352	146.382	66	V	0	9
146.382	146.522	6	AH0	0	9
146.522	146.682	58	N	0	9
146.682	146.762	25	EY1	0	9
146.762	147.032	62	S	0	9
147.032	147.142	28	IH1	0	9
147.142	147.172	57	M	0	9
147.172	147.202	60	P	0	9
147.202	147.252	6	AH0	0	9
147.252	147.352	56	L	0	9
147.352	147.402	66	V	0	9
147.402	147.522	34	OW0	0	9
147.522	147.642	54	K	0	9
147.642	147.802	4	AE1	0	9
147.802	147.852	46	B	0	9
147.852	147.922	68	Y	0	9
147.922	147.952	6	AH0	0	9
147.952	148.032	56	L	0	9
148.032	148.162	20	EH2	0	9
148.162	148.222	61	R	0	9
148.222	148.402	31	IY0	0	9
148.402	148.492	54	K	0	9
148.492	148.542	6	AH0	0	9
148.542	148.642	58	N	0	9
148.642	148.722	64	T	0	9
148.722	148.932	25	EY1	0	9
148.932	149.072	58	N	0	9
149.072	149.102	69	Z	0	9
149.102	149.462	62	S	0	9
149.462	149.532	28	IH1	0	9
149.532	149.622	57	M	0	9
149.622	149.662	46	B	0	9
149.662	149.692	6	AH0	0	9
149.692	149.882	56	L	0	9
149.882	150.102	69	Z	0	9
162.372	162.552	25	EY1	0	10
162.552	162.682	54	K	0	10
162.682	162.742	61	R	0	10
162.742	162.982	4	AE1	0	10
162.982	163.052	46	B	0	10
163.052	163.082	74	sp	0	10
163.082	163.222	47	CH	0	10
163.222	163.402	4	AE1	0	10
163.402	163.542	56	L	0	10
163.542	163.642	6	AH0	0	10
163.642	163.752	53	JH	0	10
163.752	163.872	48	D	0	10
163.872	163.922	57	M	0	10
163.922	164.232	32	IY1	0	10
164.232	164.622	74	sp	0	10
164.622	164.682	46	B	0	10
164.682	164.732	7	AH1	0	10
164.732	164.812	64	T	0	10
164.812	164.842	6	AH0	0	10
164.842	165.002	54	K	0	10
165.002	165.032	67	W	0	10
165.032	165.142	28	IH1	0	10
165.142	165.192	54	K	0	10
165.192	165.472	62	S	0	10
165.472	165.502	64	T	0	10
165.502	165.892	4	AE1	0	10
165.892	166.012	46	B	0	10
166.012	166.122	66	V	0	10
166.122	166.192	4	AE1	0	10
166.192	166.332	59	NG	0	10
166.332	166.382	54	K	0	10
166.382	166.432	67	W	0	10
166.432	166.482	27	IH0	0	10
166.482	166.642	63	SH	0	10
166.642	166.682	64	T	0	10
166.682	166.712	74	sp	0	10
166.712	166.772	52	HH	0	10
166.772	166.902	28	IH1	0	10
166.902	167.102	57	M	0	10
179.802	179.862	51	G	0	11
179.862	180.002	56	L	0	11
180.002	180.092	44	UW1	0	11
180.092	180.382	54	K	0	11
180.382	180.422	36	OW2	0	11
180.422	180.672	62	S	0	11
180.672	180.932	4	AE1	0	11
180.932	181.012	58	N	0	11
181.012	181.052	48	D	0	11
181.052	181.132	74	sp	0	11
181.132	181.212	50	F	0	11
181.212	181.322	61	R	0	11
181.322	181.362	7	AH1	0	11
181.362	181.442	54	K	0	11
181.442	181.672	64	T	0	11
181.672	181.822	36	OW2	0	11
181.822	181.992	62	S	0	11
181.992	182.132	1	AA1	0	11
182.132	182.202	61	R	0	11
182.202	182.322	58	N	0	11
182.322	182.502	4	AE1	0	11
182.502	182.622	47	CH	0	11
182.622	182.672	61	R	0	11
182.672	182.702	6	AH0	0	11
182.702	182.762	56	L	0	11
182.762	182.942	63	SH	0	11
182.942	183.042	41	UH1	0	11
183.042	183.112	51	G	0	11
183.112	183.222	21	ER0	0	11
183.222	183.402	69	Z	0	11
183.402	183.442	50	F	0	11
183.442	183.762	13	AW1	0	11
183.762	183.852	58	N	0	11
183.852	183.932	48	D	0	11
183.932	184.022	28	IH1	0	11
184.022	184.092	58	N	0	11
184.092	184.272	50	F	0	11
184.272	184.382	61	R	0	11
184.382	184.422	44	UW1	0	11
184.422	184.692	64	T	0	11
196.402	196.512	1	AA1	0	12
196.512	196.562	61	R	0	12
196.562	196.742	68	Y	0	12
196.742	196.772	44	UW1	0	12
196.772	196.862	56	L	0	12
196.862	196.962	41	UH1	0	12
196.962	197.012	54	K	0	12
197.012	197.042	27	IH0	0	12
197.042	197.202	59	NG	0	12
197.202	197.322	50	F	0	12
197.322	197.372	10	AO1	0	12
197.372	197.492	61	R	0	12
197.492	197.522	18	EH0	0	12
197.522	197.612	57	M	0	12
197.612	197.702	60	P	0	12
197.702	197.792	56	L	0	12
197.792	197.902	38	OY1	0	12
197.902	197.982	57	M	0	12
197.982	198.012	6	AH0	0	12
198.012	198.102	58	N	0	12
198.102	198.162	64	T	0	12
207.532	207.562	54	K	0	13
207.562	207.882	1	AA1	0	13
207.882	207.932	50	F	0	13
207.932	207.962	31	IY0	0	13
207.962	208.272	28	IH1	0	13
208.272	208.382	69	Z	0	13
208.382	208.422	51	G	0	13
208.422	208.552	61	R	0	13
208.552	208.802	35	OW1	0	13
208.802	208.952	58	N	0	13
208.952	209.152	1	AA1	0	13
209.152	209.242	58	N	0	13
209.242	209.522	62	S	0	13
209.522	209.582	64	T	0	13
209.582	209.782	32	IY1	0	13
209.782	209.822	60	P	0	13
209.822	210.092	74	sp	0	13
210.092	210.202	53	JH	0	13
210.202	210.302	7	AH1	0	13
210.302	210.402	59	NG	0	13
210.402	210.432	51	G	0	13
210.432	210.462	6	AH0	0	13
210.462	210.692	56	L	0	13
210.692	210.722	56	L	0	13
210.722	210.942	16	AY1	0	13
210.942	211.012	54	K	0	13
211.012	211.212	62	S	0	13
211.212	211.312	56	L	0	13
211.312	211.502	35	OW1	0	13
211.502	211.552	60	P	0	13
211.552	211.722	62	S	0	13
211.722	211.892	28	IH1	0	13
211.892	212.032	58	N	0	13
212.032	212.152	64	T	0	13
212.152	212.242	19	EH1	0	13
212.242	212.312	57	M	0	13
212.312	212.382	60	P	0	13
212.382	212.572	61	R	0	13
212.572	212.632	6	AH0	0	13
212.632	212.802	64	T	0	13
212.802	212.842	69	Z	0	13
212.842	213.162	35	OW1	0	13
213.162	213.332	58	N	0	13
213.332	213.562	69	Z	0	13
225.962	226.062	67	W	0	14
226.062	226.212	32	IY1	0	14
226.212	226.262	67	W	0	14
226.262	226.372	19	EH1	0	14
226.372	226.452	56	L	0	14
226.452	226.512	54	K	0	14
226.512	226.632	6	AH0	0	14
226.632	226.682	57	M	0	14
226.682	226.822	57	M	0	14
226.822	226.922	19	EH1	0	14
226.922	226.972	58	N	0	14
226.972	227.092	31	IY0	0	14
227.092	227.162	58	N	0	14
227.162	227.312	68	Y	0	14
227.312	227.342	44	UW1	0	14
227.342	227.572	62	S	0	14
227.572	227.622	64	T	0	14
227.622	227.752	44	UW1	0	14
227.752	227.782	48	D	0	14
227.782	227.852	6	AH0	0	14
227.852	227.942	58	N	0	14
227.942	227.972	64	T	0	14
227.972	228.062	62	S	0	14
228.062	228.302	32	IY1	0	14
228.302	228.432	47	CH	0	14
228.432	228.462	68	Y	0	14
228.462	228.692	28	IH1	0	14
228.692	228.832	61	R	0	14
238.302	238.572	35	OW1	0	15
238.572	238.602	58	N	0	15
238.602	238.632	56	L	0	15
238.632	238.662	31	IY0	0	15
238.662	238.692	49	DH	0	15
238.692	238.772	7	AH1	0	15
238.772	238.842	46	B	0	15
238.842	239.012	19	EH1	0	15
239.012	239.172	62	S	0	15
239.172	239.202	64	T	0	15
239.202	239.282	74	sp	0	15
239.282	239.352	60	P	0	15
239.352	239.432	56	L	0	15
239.432	239.732	25	EY1	0	15
239.732	239.762	21	ER0	0	15
239.762	239.842	69	Z	0	15
239.842	239.952	18	EH0	0	15
239.952	240.062	58	N	0	15
240.062	240.202	53	JH	0	15
240.202	240.402	38	OY1	0	15
240.402	240.532	60	P	0	15
240.532	240.652	2	AA2	0	15
240.652	240.712	60	P	0	15
240.712	240.802	68	Y	0	15
240.802	240.832	6	AH0	0	15
240.832	240.862	56	L	0	15
240.862	241.092	19	EH1	0	15
241.092	241.122	61	R	0	15
241.122	241.152	6	AH0	0	15
241.152	241.182	64	T	0	15
241.182	241.412	31	IY0	0	15
251.502	251.612	54	K	0	16
251.612	251.692	4	AE1	0	16
251.692	251.822	56	L	0	16
251.822	251.932	62	S	0	16
251.932	252.052	31	IY0	0	16
252.052	252.142	6	AH0	0	16
252.142	252.172	57	M	0	16
252.172	252.202	57	M	0	16
252.202	252.332	25	EY1	0	16
252.332	252.362	54	K	0	16
252.362	252.512	62	S	0	16
252.512	252.572	46	B	0	16
252.572	252.822	35	OW1	0	16
252.822	252.932	58	N	0	16
252.932	253.362	69	Z	0	16
253.362	253.422	74	sp	0	16
253.422	253.592	4	AE1	0	16
253.592	253.682	58	N	0	16
253.682	253.712	48	D	0	16
253.712	253.852	64	T	0	16
253.852	254.072	32	IY1	0	16
254.072	254.132	65	TH	0	16
254.132	254.392	74	sp	0	16
254.392	254.662	62	S	0	16
254.662	254.742	64	T	0	16
254.742	254.862	61	R	0	16
254.862	255.052	10	AO1	0	16
255.052	255.212	59	NG	0	16
266.112	266.272	58	N	0	17
266.272	266.432	7	AH1	0	17
266.432	266.492	65	TH	0	17
266.492	266.532	27	IH0	0	17
266.532	266.732	59	NG	0	17
266.732	266.942	28	IH1	0	17
266.942	266.972	69	Z	0	17
266.972	267.322	4	AE1	0	17
267.322	267.362	69	Z	0	17
267.362	267.712	6	AH0	0	17
267.712	267.802	50	F	0	17
267.802	268.112	19	EH1	0	17
268.112	268.152	58	N	0	17
268.152	268.212	62	S	0	17
268.212	268.262	27	IH0	0	17
268.262	268.302	66	V	0	17
268.302	268.362	74	sp	0	17
268.362	268.562	4	AE1	0	17
268.562	268.672	69	Z	0	17
268.672	268.862	28	IH1	0	17
268.862	268.932	58	N	0	17
268.932	268.972	6	AH0	0	17
268.972	269.152	62	S	0	17
269.152	269.232	6	AH0	0	17
269.232	269.392	58	N	0	17
269.392	269.652	62	S	0	17
279.882	280.082	62	S	0	18
280.082	280.142	64	T	0	18
280.142	280.372	32	IY1	0	18
280.372	280.442	66	V	0	18
280.442	280.472	74	sp	0	18
280.472	280.502	67	W	0	18
280.502	280.652	10	AO1	0	18
280.652	280.692	61	R	0	18
280.692	280.922	25	EY1	0	18
280.922	280.992	46	B	0	18
280.992	281.142	61	R	0	18
281.142	281.182	16	AY1	0	18
281.182	281.382	64	T	0	18
281.382	281.502	74	sp	0	18
281.502	281.592	61	R	0	18
281.592	281.862	19	EH1	0	18
281.862	281.902	48	D	0	18
281.902	282.142	54	K	0	18
282.142	282.352	4	AE1	0	18
282.352	282.502	70	ZH	0	18
282.502	282.572	57	M	0	18
282.572	282.642	27	IH0	0	18
282.642	282.762	61	R	0	18
282.762	282.982	62	S	0	18
282.982	283.072	67	W	0	18
283.072	283.362	19	EH1	0	18
283.362	283.422	64	T	0	18
283.422	283.452	21	ER0	0	18
293.522	293.572	46	B	0	19
293.572	293.852	1	AA1	0	19
293.852	293.882	61	R	0	19
293.882	293.912	46	B	0	19
293.912	293.962	69	Z	0	19
293.962	294.032	74	sp	0	19
294.032	294.092	51	G	0	19
294.092	294.402	35	OW1	0	19
294.402	294.432	56	L	0	19
294.432	294.462	48	D	0	19
294.462	294.502	46	B	0	19
294.502	294.562	61	R	0	19
294.562	294.682	25	EY1	0	19
294.682	294.832	62	S	0	19
294.832	294.882	56	L	0	19
294.882	295.042	6	AH0	0	19
295.042	295.082	64	T	0	19
295.082	295.152	67	W	0	19
295.152	295.202	7	AH1	0	19
295.202	295.272	69	Z	0	19
295.272	295.332	25	EY1	0	19
295.332	295.422	51	G	0	19
295.422	295.512	61	R	0	19
295.512	295.642	5	AE2	0	19
295.642	295.762	53	JH	0	19
295.762	295.812	6	AH0	0	19
295.812	295.872	67	W	0	19
295.872	295.992	25	EY1	0	19
295.992	296.132	63	SH	0	19
296.132	296.162	6	AH0	0	19
296.162	296.322	58	N	0	19
296.322	296.352	60	P	0	19
296.352	296.442	61	R	0	19
296.442	296.472	31	IY0	0	19
296.472	296.572	69	Z	0	19
296.572	296.652	19	EH1	0	19
296.652	296.722	58	N	0	19
296.722	296.802	64	T	0	19
307.442	307.512	48	D	0	20
307.512	307.542	61	R	0	20
307.542	307.822	10	AO1	0	20
307.822	308.062	19	EH1	0	20
308.062	308.112	66	V	0	20
308.112	308.192	61	R	0	20
308.192	308.462	31	IY0	0	20
308.462	308.732	13	AW1	0	20
308.732	308.822	64	T	0	20
308.822	308.872	21	ER0	0	20
308.872	308.992	56	L	0	20
308.992	309.272	16	AY1	0	20
309.272	309.372	58	N	0	20
309.372	309.532	50	F	0	20
309.532	309.752	22	ER1	0	20
309.752	309.972	62	S	0	20
309.972	310.172	64	T	0	20
310.172	310.262	74	sp	0	20
310.262	310.292	49	DH	0	20
310.292	310.472	19	EH1	0	20
310.472	310.572	58	N	0	20
310.572	310.642	50	F	0	20
310.642	310.712	28	IH1	0	20
310.712	310.842	56	L	0	20
310.842	310.942	28	IH1	0	20
310.942	311.082	58	N	0	20
311.082	311.112	49	DH	0	20
311.112	311.242	31	IY0	0	20
311.242	311.292	29	IH2	0	20
311.292	311.382	58	N	0	20
311.382	311.502	64	T	0	20
311.502	311.622	28	IH1	0	20
311.622	311.672	61	R	0	20
311.672	311.802	31	IY0	0	20
311.802	311.982	21	ER0	0	20
323.392	323.442	49	DH	0	21
323.442	323.552	7	AH1	0	21
323.552	323.592	67	W	0	21
323.592	323.762	10	AO1	0	21
323.762	323.912	64	T	0	21
323.912	323.942	21	ER0	0	21
323.942	324.022	54	K	0	21
324.022	324.072	6	AH0	0	21
324.072	324.162	58	N	0	21
324.162	324.312	64	T	0	21
324.312	324.462	25	EY1	0	21
324.462	324.522	58	N	0	21
324.522	324.562	48	D	0	21
324.562	324.612	74	sp	0	21
324.612	324.782	64	T	0	21
324.782	324.922	44	UW1	0	21
324.922	325.012	57	M	0	21
325.012	325.192	7	AH1	0	21
325.192	325.302	47	CH	0	21
325.302	325.452	54	K	0	21
325.452	325.482	56	L	0	21
325.482	325.612	10	AO1	0	21
325.612	325.702	61	R	0	21
325.702	325.892	31	IY0	0	21
325.892	325.952	58	N	0	21
325.952	326.082	4	AE1	0	21
326.082	326.152	58	N	0	21
326.152	326.182	48	D	0	21
326.182	326.362	62	S	0	21
326.362	326.402	64	T	0	21
326.402	326.522	7	AH1	0	21
326.522	326.612	59	NG	0	21
326.612	326.642	52	HH	0	21
326.642	326.842	28	IH1	0	21
326.842	326.912	69	Z	0	21
326.912	327.292	16	AY1	0	21
327.292	327.542	69	Z	0	21
338.482	338.592	53	JH	0	22
338.592	338.892	1	AA1	0	22
338.892	338.932	58	N	0	22
338.932	339.042	69	Z	0	22
339.042	339.092	46	B	0	22
339.092	339.172	61	R	0	22
339.172	339.272	7	AH1	0	22
339.272	339.322	49	DH	0	22
339.322	339.482	21	ER0	0	22
339.482	339.532	61	R	0	22
339.532	339.652	31	IY0	0	22
339.652	339.752	60	P	0	22
339.752	339.882	25	EY1	0	22
339.882	339.932	58	N	0	22
339.932	340.112	64	T	0	22
340.112	340.142	6	AH0	0	22
340.142	340.242	48	D	0	22
340.242	340.272	49	DH	0	22
340.272	340.312	6	AH0	0	22
340.312	340.402	51	G	0	22
340.402	340.602	21	ER0	0	22
340.602	340.912	1	AA1	0	22
340.912	341.102	70	ZH	0	22
341.102	341.182	48	D	0	22
341.182	341.422	10	AO1	0	22
341.422	341.582	61	R	0	22
352.002	352.142	47	CH	0	23
352.142	352.332	4	AE1	0	23
352.332	352.422	56	L	0	23
352.422	352.472	6	AH0	0	23
352.472	352.562	58	N	0	23
352.562	352.672	53	JH	0	23
352.672	352.982	32	IY1	0	23
352.982	353.242	47	CH	0	23
353.242	353.352	74	sp	0	23
353.352	353.462	53	JH	0	23
353.462	353.572	19	EH1	0	23
353.572	353.632	58	N	0	23
353.632	353.762	61	R	0	23
353.762	353.792	6	AH0	0	23
353.792	353.982	56	L	0	23
353.982	354.072	69	Z	0	23
354.072	354.192	29	IH2	0	23
354.192	354.262	58	N	0	23
354.262	354.382	64	T	0	23
354.382	354.482	19	EH1	0	23
354.482	354.602	56	L	0	23
354.602	354.632	6	AH0	0	23
354.632	354.742	53	JH	0	23
354.742	354.812	6	AH0	0	23
354.812	354.962	58	N	0	23
354.962	355.252	62	S	0	23
367.042	367.222	5	AE2	0	24
367.222	367.252	57	M	0	24
367.252	367.292	46	B	0	24
367.292	367.342	6	AH0	0	24
367.342	367.442	48	D	0	24
367.442	367.572	19	EH1	0	24
367.572	367.612	54	K	0	24
367.612	367.722	62	S	0	24
367.722	367.802	64	T	0	24
367.802	367.892	61	R	0	24
367.892	367.922	6	AH0	0	24
367.922	368.112	62	S	0	24
368.112	368.182	60	P	0	24
368.182	368.292	28	IH1	0	24
368.292	368.422	54	K	0	24
368.422	368.452	60	P	0	24
368.452	368.602	2	AA2	0	24
368.602	368.722	54	K	0	24
368.722	368.832	6	AH0	0	24
368.832	368.882	64	T	0	24
368.882	369.012	62	S	0	24
369.012	369.212	6	AH0	0	24
369.212	369.312	54	K	0	24
369.312	369.432	1	AA1	0	24
369.432	369.532	57	M	0	24
369.532	369.562	60	P	0	24
369.562	369.632	56	L	0	24
369.632	369.672	27	IH0	0	24
369.672	369.882	63	SH	0	24
369.882	369.982	57	M	0	24
369.982	370.192	10	AO1	0	24
370.192	370.372	61	R	0	24
381.572	381.732	25	EY1	0	25
381.732	381.902	57	M	0	25
381.902	381.992	7	AH1	0	25
381.992	382.122	62	S	0	25
382.122	382.162	54	K	0	25
382.162	382.242	68	Y	0	25
382.242	382.272	6	AH0	0	25
382.272	382.302	56	L	0	25
382.302	382.332	21	ER0	0	25
382.332	382.752	4	AE1	0	25
382.752	382.792	46	B	0	25
382.792	382.832	48	D	0	25
382.832	382.922	6	AH0	0	25
382.922	382.962	57	M	0	25
382.962	383.072	6	AH0	0	25
383.072	383.142	58	N	0	25
383.142	383.312	28	IH1	0	25
383.312	383.422	69	Z	0	25
383.422	383.502	51	G	0	25
383.502	383.642	41	UH1	0	25
383.642	383.752	48	D	0	25
383.752	383.832	50	F	0	25
383.832	383.862	61	R	0	25
383.862	383.902	21	ER0	0	25
383.902	384.032	68	Y	0	25
384.032	384.082	41	UH1	0	25
384.082	384.172	61	R	0	25
384.172	384.202	46	B	0	25
384.202	384.412	4	AE1	0	25
384.412	384.732	54	K	0	25
395.022	395.072	49	DH	0	26
395.072	395.332	25	EY1	0	26
395.332	395.722	35	OW1	0	26
395.722	395.792	58	N	0	26
395.792	395.822	74	sp	0	26
395.822	395.912	6	AH0	0	26
395.912	396.032	46	B	0	26
396.032	396.222	28	IH1	0	26
396.222	396.252	51	G	0	26
396.252	396.442	52	HH	0	26
396.442	396.732	13	AW1	0	26
396.732	396.972	62	S	0	26
396.972	397.242	74	sp	0	26
397.242	397.392	28	IH1	0	26
397.392	397.492	58	N	0	26
397.492	397.522	49	DH	0	26
397.522	397.602	7	AH1	0	26
397.602	397.712	61	R	0	26
397.712	397.742	31	IY0	0	26
397.742	397.932	57	M	0	26
397.932	398.102	35	OW1	0	26
398.102	398.222	64	T	0	26
398.222	398.412	54	K	0	26
398.412	398.462	7	AH1	0	26
398.462	398.542	58	N	0	26
398.542	398.612	64	T	0	26
398.612	398.662	61	R	0	26
398.662	398.732	31	IY0	0	26
398.732	398.862	62	S	0	26
398.862	399.182	17	AY2	0	26
399.182	399.252	48	D	0	26
411.092	411.152	49	DH	0	27
411.152	411.342	7	AH1	0	27
411.342	411.442	61	R	0	27
411.442	411.712	35	OW1	0	27
411.712	411.772	69	Z	0	27
411.772	411.802	74	sp	0	27
411.802	411.922	54	K	0	27
411.922	411.962	9	AO0	0	27
411.962	412.042	61	R	0	27
412.042	412.202	62	S	0	27
412.202	412.582	1	AA1	0	27
412.582	412.662	70	ZH	0	27
412.662	412.892	62	S	0	27
412.892	412.962	57	M	0	27
412.962	413.042	19	EH1	0	27
413.042	413.322	56	L	0	27
413.322	413.362	48	D	0	27
413.362	413.612	62	S	0	27
413.612	413.652	67	W	0	27
413.652	413.852	32	IY1	0	27
413.852	414.112	64	T	0	27
424.092	424.132	49	DH	0	28
424.132	424.332	4	AE1	0	28
424.332	424.412	64	T	0	28
424.412	424.482	60	P	0	28
424.482	424.602	28	IH1	0	28
424.602	424.672	54	K	0	28
424.672	424.752	60	P	0	28
424.752	424.912	2	AA2	0	28
424.912	424.982	54	K	0	28
424.982	425.132	6	AH0	0	28
425.132	425.172	64	T	0	28
425.172	425.222	67	W	0	28
425.222	425.272	7	AH1	0	28
425.272	425.362	69	Z	0	28
425.362	425.512	54	K	0	28
425.512	425.722	1	AA1	0	28
425.722	425.812	64	T	0	28
425.812	425.912	61	R	0	28
425.912	426.062	19	EH1	0	28
426.062	426.092	48	D	0	28
426.092	426.252	52	HH	0	28
426.252	426.422	4	AE1	0	28
426.422	426.452	58	N	0	28
426.452	426.482	48	D	0	28
426.482	426.512	6	AH0	0	28
426.512	426.552	48	D	0	28
426.552	426.692	4	AE1	0	28
426.692	426.812	58	N	0	28
436.652	436.882	4	AE1	0	29
436.882	436.952	48	D	0	29
436.952	436.982	6	AH0	0	29
436.982	437.192	56	L	0	29
437.192	437.282	64	T	0	29
437.282	437.362	57	M	0	29
437.362	437.532	25	EY1	0	29
437.532	437.662	56	L	0	29
437.662	437.712	46	B	0	29
437.712	437.792	6	AH0	0	29
437.792	437.942	46	B	0	29
437.942	438.252	44	UW1	0	29
438.252	438.292	58	N	0	29
438.292	438.372	69	Z	0	29
438.372	438.422	74	sp	0	29
438.422	438.572	64	T	0	29
438.572	438.782	32	IY1	0	29
438.782	438.872	65	TH	0	29
438.872	439.032	1	AA1	0	29
439.032	439.082	61	R	0	29
439.082	439.142	58	N	0	29
439.142	439.372	1	AA1	0	29
439.372	439.462	64	T	0	29
439.462	439.642	62	S	0	29
439.642	439.732	44	UW1	0	29
439.732	439.792	64	T	0	29
439.792	439.822	6	AH0	0	29
439.822	439.902	46	B	0	29
439.902	439.932	6	AH0	0	29
439.932	440.092	56	L	0	29
440.092	440.172	50	F	0	29
440.172	440.272	61	R	0	29
440.272	440.382	21	ER0	0	29
440.382	440.592	32	IY1	0	29
440.592	440.632	64	T	0	29
440.632	440.692	27	IH0	0	29
440.692	440.792	59	NG	0	29
440.792	441.032	63	SH	0	29
441.032	441.092	19	EH1	0	29
441.092	441.222	56	L	0	29
441.222	441.312	50	F	0	29
441.312	441.422	29	IH2	0	29
441.422	441.732	63	SH	0	29
453.962	454.082	52	HH	0	30
454.082	454.232	22	ER1	0	30
454.232	454.352	67	W	0	30
454.352	454.422	10	AO1	0	30
454.422	454.472	61	R	0	30
454.472	454.572	48	D	0	30
454.572	454.712	61	R	0	30
454.712	454.742	36	OW2	0	30
454.742	454.772	46	B	0	30
454.772	454.792	74	sp	0	30
454.792	454.882	54	K	0	30
454.882	454.912	6	AH0	0	30
454.912	454.992	58	N	0	30
454.992	455.152	62	S	0	30
455.152	455.252	28	IH1	0	30
455.252	455.412	62	S	0	30
455.412	455.512	7	AH1	0	30
455.512	455.602	66	V	0	30
455.602	455.792	35	OW1	0	30
455.792	455.962	58	N	0	30
455.962	456.052	56	L	0	30
456.052	456.092	31	IY0	0	30
456.092	456.252	62	S	0	30
456.252	456.312	54	K	0	30
456.312	456.472	22	ER1	0	30
456.472	456.572	64	T	0	30
456.572	456.692	62	S	0	30
456.692	456.832	4	AE1	0	30
456.832	456.862	58	N	0	30
456.862	456.912	48	D	0	30
456.912	456.992	46	B	0	30
456.992	457.082	56	L	0	30
457.082	457.182	13	AW1	0	30
457.182	457.352	62	S	0	30
457.352	457.472	6	AH0	0	30
457.472	457.742	69	Z	0	30
468.242	468.302	49	DH	0	31
468.302	468.372	6	AH0	0	31
468.372	468.642	64	T	0	31
468.642	468.672	44	UW1	0	31
468.672	468.892	1	AA1	0	31
468.892	468.962	61	R	0	31
468.962	469.002	64	T	0	31
469.002	469.092	6	AH0	0	31
469.092	469.332	62	S	0	31
469.332	469.482	27	IH0	0	31
469.482	469.542	54	K	0	31
469.542	469.722	62	S	0	31
469.722	469.792	47	CH	0	31
469.792	470.032	25	EY1	0	31
470.032	470.142	58	N	0	31
470.142	470.232	53	JH	0	31
470.232	470.372	48	D	0	31
470.372	470.572	10	AO1	0	31
470.572	470.602	64	T	0	31
470.602	470.682	6	AH0	0	31
470.682	470.712	51	G	0	31
470.712	470.792	61	R	0	31
470.792	470.962	5	AE2	0	31
470.962	471.002	50	F	0	31
471.002	471.322	62	S	0	31
481.332	481.392	46	B	0	32
481.392	481.472	7	AH1	0	32
481.472	481.562	64	T	0	32
481.562	481.612	21	ER0	0	32
481.612	481.722	62	S	0	32
481.722	481.772	54	K	0	32
481.772	481.922	2	AA2	0	32
481.922	482.102	47	CH	0	32
482.102	482.142	74	sp	0	32
482.142	482.242	50	F	0	32
482.242	482.522	7	AH1	0	32
482.522	482.652	53	JH	0	32
482.652	482.682	74	sp	0	32
482.682	482.762	51	G	0	32
482.762	482.882	35	OW1	0	32
482.882	483.012	69	Z	0	32
483.012	483.072	67	W	0	32
483.072	483.222	19	EH1	0	32
483.222	483.362	56	L	0	32
483.362	483.402	67	W	0	32
483.402	483.442	28	IH1	0	32
483.442	483.502	65	TH	0	32
483.502	483.592	74	sp	0	32
483.592	483.622	66	V	0	32
483.622	483.682	6	AH0	0	32
483.682	483.842	58	N	0	32
483.842	483.892	28	IH1	0	32
483.892	483.952	56	L	0	32
483.952	483.982	6	AH0	0	32
483.982	484.332	16	AY1	0	32
484.332	484.482	62	S	0	32
484.482	484.512	74	sp	0	32
484.512	484.622	54	K	0	32
484.622	484.672	61	R	0	32
484.672	484.842	32	IY1	0	32
484.842	485.032	57	M	0	32
495.572	495.682	61	R	0	33
495.682	495.822	28	IH1	0	33
495.822	496.002	47	CH	0	33
496.002	496.072	60	P	0	33
496.072	496.222	22	ER1	0	33
496.222	496.322	47	CH	0	33
496.322	496.442	6	AH0	0	33
496.442	496.672	62	S	0	33
496.672	496.702	64	T	0	33
496.702	497.032	62	S	0	33
497.032	497.182	19	EH1	0	33
497.182	497.272	66	V	0	33
497.272	497.392	61	R	0	33
497.392	497.422	6	AH0	0	33
497.422	497.532	56	L	0	33
497.532	497.882	62	S	0	33
497.882	498.362	16	AY1	0	33
498.362	498.452	58	N	0	33
498.452	498.602	48	D	0	33
498.602	498.982	56	L	0	33
498.982	499.062	28	IH1	0	33
499.062	499.142	65	TH	0	33
499.142	499.272	6	AH0	0	33
499.272	499.312	51	G	0	33
499.312	499.442	61	R	0	33
499.442	499.582	5	AE2	0	33
499.582	499.622	50	F	0	33
499.622	500.012	62	S	0	33
511.532	511.712	19	EH1	0	34
511.712	511.752	58	N	0	34
511.752	511.862	31	IY0	0	34
511.862	511.972	54	K	0	34
511.972	512.112	2	AA2	0	34
512.112	512.142	58	N	0	34
512.142	512.192	64	T	0	34
512.192	512.222	61	R	0	34
512.222	512.292	6	AH0	0	34
512.292	512.362	46	B	0	34
512.362	512.492	68	Y	0	34
512.492	512.522	44	UW1	0	34
512.522	512.672	63	SH	0	34
512.672	512.732	6	AH0	0	34
512.732	512.892	58	N	0	34
512.892	513.002	69	Z	0	34
513.002	513.042	67	W	0	34
513.042	513.102	6	AH0	0	34
513.102	513.132	56	L	0	34
513.132	513.202	46	B	0	34
513.202	513.302	31	IY0	0	34
513.302	513.392	51	G	0	34
513.392	513.482	61	R	0	34
513.482	513.612	25	EY1	0	34
513.612	513.642	64	T	0	34
513.642	513.682	56	L	0	34
513.682	513.852	31	IY0	0	34
513.852	513.912	6	AH0	0	34
513.912	514.082	60	P	0	34
514.082	514.122	61	R	0	34
514.122	514.212	32	IY1	0	34
514.212	514.392	63	SH	0	34
514.392	514.542	31	IY0	0	34
514.542	514.612	26	EY2	0	34
514.612	514.652	64	T	0	34
514.652	514.742	6	AH0	0	34
514.742	514.872	48	D	0	34
524.912	524.982	49	DH	0	35
524.982	525.042	7	AH1	0	35
525.042	525.232	54	K	0	35
525.232	525.312	61	R	0	35
525.312	525.452	4	AE1	0	35
525.452	525.492	58	N	0	35
525.492	525.552	46	B	0	35
525.552	525.682	20	EH2	0	35
525.682	525.712	61	R	0	35
525.712	525.872	31	IY0	0	35
525.872	525.922	46	B	0	35
525.922	526.302	1	AA1	0	35
526.302	526.382	51	G	0	35
526.382	526.522	51	G	0	35
526.522	526.592	28	IH1	0	35
526.592	526.642	64	T	0	35
526.642	526.722	62	S	0	35
526.722	526.812	66	V	0	35
526.812	527.002	19	EH1	0	35
527.002	527.062	61	R	0	35
527.062	527.212	31	IY0	0	35
527.212	527.332	60	P	0	35
527.332	527.362	61	R	0	35
527.362	527.452	28	IH1	0	35
527.452	527.482	64	T	0	35
527.482	527.602	31	IY0	0	35
527.602	527.802	28	IH1	0	35
527.802	527.922	58	N	0	35
527.922	528.172	10	AO1	0	35
528.172	528.222	64	T	0	35
528.222	528.252	6	AH0	0	35
528.252	528.492	57	M	0	35
539.172	539.282	52	HH	0	36
539.282	539.362	13	AW1	0	36
539.362	539.552	48	D	0	36
539.552	539.652	44	UW1	0	36
539.652	539.772	38	OY1	0	36
539.772	539.912	62	S	0	36
539.912	539.982	64	T	0	36
539.982	540.092	21	ER0	0	36
540.092	540.212	69	Z	0	36
540.212	540.252	57	M	0	36
540.252	540.382	25	EY1	0	36
540.382	540.552	54	K	0	36
540.552	540.582	74	sp	0	36
540.582	540.702	60	P	0	36
540.702	540.912	22	ER1	0	36
540.912	541.092	56	L	0	36
541.092	541.362	69	Z	0	36
541.362	541.382	74	sp	0	36
541.382	541.442	57	M	0	36
541.442	541.472	25	EY1	0	36
549.572	549.602	10	AO1	0	37
549.602	549.632	61	R	0	37
549.632	549.682	48	D	0	37
549.682	549.712	21	ER0	0	37
549.712	549.752	74	sp	0	37
549.752	549.872	25	EY1	0	37
549.872	549.982	60	P	0	37
549.982	551.042	1	AA1	0	37
551.042	551.092	61	R	0	37
551.092	551.182	50	F	0	37
551.182	551.412	25	EY1	0	37
551.412	551.652	4	AE1	0	37
551.652	551.712	50	F	0	37
551.712	551.812	64	T	0	37
551.812	551.872	21	ER0	0	37
551.872	552.012	16	AY1	0	37
552.012	552.252	32	IY1	0	37
552.252	552.302	64	T	0	37
552.302	552.362	48	D	0	37
552.362	552.432	28	IH1	0	37
552.432	552.552	58	N	0	37
552.552	552.662	21	ER0	0	37
561.772	561.882	28	IH1	0	38
561.882	561.912	69	Z	0	38
561.912	562.052	63	SH	0	38
562.052	562.152	32	IY1	0	38
562.152	562.182	51	G	0	38
562.182	562.422	35	OW1	0	38
562.422	562.452	6	AH0	0	38
562.452	562.482	58	N	0	38
562.482	562.562	67	W	0	38
562.562	562.692	28	IH1	0	38
562.692	562.762	65	TH	0	38
562.762	563.022	68	Y	0	38
563.022	563.202	44	UW1	0	38
571.522	571.622	54	K	0	39
571.622	571.702	4	AE1	0	39
571.702	571.732	58	N	0	39
571.732	571.762	49	DH	0	39
571.762	571.882	31	IY0	0	39
571.882	572.092	25	EY1	0	39
572.092	572.132	53	JH	0	39
572.132	572.192	6	AH0	0	39
572.192	572.232	58	N	0	39
572.232	572.352	62	S	0	39
572.352	572.552	31	IY0	0	39
572.552	572.712	35	OW1	0	39
572.712	572.782	66	V	0	39
572.782	572.862	21	ER0	0	39
572.862	573.012	65	TH	0	39
573.012	573.172	61	R	0	39
573.172	573.432	36	OW2	0	39
573.432	573.702	25	EY1	0	39
573.702	573.732	56	L	0	39
573.732	573.882	31	IY0	0	39
573.882	573.912	6	AH0	0	39
573.912	574.012	58	N	0	39
574.012	574.172	50	F	0	39
574.172	574.252	10	AO1	0	39
574.252	574.312	61	R	0	39
574.312	574.472	62	S	0	39
574.472	574.612	6	AH0	0	39
574.612	574.902	69	Z	0	39
584.182	584.332	6	AH0	0	40
584.332	584.502	62	S	0	40
584.502	584.532	54	K	0	40
584.532	584.622	61	R	0	40
584.622	584.652	44	UW1	0	40
584.652	584.772	48	D	0	40
584.772	584.832	61	R	0	40
584.832	584.952	17	AY2	0	40
584.952	585.022	66	V	0	40
585.022	585.122	21	ER0	0	40
585.122	585.322	28	IH1	0	40
585.322	585.422	69	Z	0	40
585.422	585.472	57	M	0	40
585.472	585.692	25	EY1	0	40
585.692	585.722	48	D	0	40
585.722	585.782	50	F	0	40
585.782	585.842	61	R	0	40
585.842	585.882	7	AH1	0	40
585.882	585.992	57	M	0	40
585.992	586.032	66	V	0	40
586.032	586.212	1	AA1	0	40
586.212	586.262	48	D	0	40
586.262	586.322	54	K	0	40
586.322	586.352	6	AH0	0	40
586.352	586.682	4	AE1	0	40
586.682	586.762	58	N	0	40
586.762	586.792	48	D	0	40
586.792	586.912	10	AO1	0	40
586.912	586.972	61	R	0	40
586.972	587.002	6	AH0	0	40
587.002	587.092	58	N	0	40
587.092	587.222	53	JH	0	40
587.222	587.312	53	JH	0	40
587.312	587.442	44	UW1	0	40
587.442	587.702	62	S	0	40
597.362	597.502	52	HH	0	41
597.502	597.592	13	AW1	0	41
597.592	597.622	57	M	0	41
597.622	597.712	7	AH1	0	41
597.712	597.792	47	CH	0	41
597.792	597.842	6	AH0	0	41
597.842	597.962	56	L	0	41
597.962	598.142	13	AW1	0	41
598.142	598.192	6	AH0	0	41
598.192	598.282	58	N	0	41
598.282	598.412	62	S	0	41
598.412	598.472	48	D	0	41
598.472	598.502	44	UW1	0	41
598.502	598.672	68	Y	0	41
598.672	598.722	44	UW1	0	41
598.722	598.752	51	G	0	41
598.752	598.972	19	EH1	0	41
598.972	599.062	64	T	0	41
