32.501	32.711	63	SH	0	1
32.711	32.951	32	IY1	0	1
32.951	33.011	67	W	0	1
33.011	33.291	10	AO1	0	1
33.291	33.451	61	R	0	1
33.451	33.551	67	W	0	1
33.551	33.741	10	AO1	0	1
33.741	33.991	61	R	0	1
33.991	34.021	57	M	0	1
34.021	34.261	74	sp	0	1
34.261	34.351	50	F	0	1
34.351	34.421	56	L	0	1
34.421	34.571	32	IY1	0	1
34.571	34.711	62	S	0	1
34.711	35.031	31	IY0	0	1
35.031	35.091	74	sp	0	1
35.091	35.251	67	W	0	1
35.251	35.571	41	UH1	0	1
35.571	35.601	56	L	0	1
35.601	35.691	6	AH0	0	1
35.691	35.731	58	N	0	1
35.731	35.771	74	sp	0	1
35.771	35.991	35	OW1	0	1
35.991	36.051	66	V	0	1
36.051	36.211	21	ER0	0	1
36.211	36.291	11	AO2	0	1
36.291	36.471	56	L	0	1
36.471	36.741	69	Z	0	1
48.34075	48.45075	61	R	0	2
48.45075	48.81075	32	IY1	0	2
48.81075	48.84075	48	D	0	2
48.84075	48.87075	27	IH0	0	2
48.87075	48.96075	59	NG	0	2
48.96075	49.12075	28	IH1	0	2
49.12075	49.35075	58	N	0	2
49.35075	49.44075	60	P	0	2
49.44075	49.69075	41	UH1	0	2
49.69075	49.72075	61	R	0	2
49.72075	49.77075	56	L	0	2
49.77075	50.11075	16	AY1	0	2
50.11075	50.28075	64	T	0	2
50.28075	50.32075	51	G	0	2
50.32075	50.42075	28	IH1	0	2
50.42075	50.45075	66	V	0	2
50.45075	50.55075	69	Z	0	2
50.55075	50.70075	68	Y	0	2
50.70075	50.74075	44	UW1	0	2
50.74075	51.07075	16	AY1	0	2
51.07075	51.27075	62	S	0	2
51.27075	51.35075	64	T	0	2
51.35075	51.43075	61	R	0	2
51.43075	51.54075	26	EY2	0	2
51.54075	51.70075	58	N	0	2
63.805125	64.005125	32	IY1	0	3
64.005125	64.035125	66	V	0	3
64.035125	64.115125	6	AH0	0	3
64.115125	64.215125	58	N	0	3
64.215125	64.965125	16	AY1	0	3
64.965125	64.995125	6	AH0	0	3
64.995125	65.095125	54	K	0	3
65.095125	65.235125	25	EY1	0	3
65.235125	65.335125	70	ZH	0	3
65.335125	65.405125	58	N	0	3
65.405125	65.435125	6	AH0	0	3
65.435125	65.485125	56	L	0	3
65.485125	65.655125	31	IY0	0	3
65.655125	65.715125	51	G	0	3
65.715125	65.945125	19	EH1	0	3
65.945125	65.995125	64	T	0	3
65.995125	66.045125	74	sp	0	3
66.045125	66.165125	49	DH	0	3
66.165125	66.225125	7	AH1	0	3
66.225125	66.365125	57	M	0	3
66.365125	66.435125	7	AH1	0	3
66.435125	66.525125	58	N	0	3
66.525125	66.575125	48	D	0	3
66.575125	66.745125	31	IY0	0	3
66.745125	66.805125	46	B	0	3
66.805125	66.905125	56	L	0	3
66.905125	67.125125	44	UW1	0	3
67.125125	67.445125	69	Z	0	3
78.69675	78.82675	67	W	0	4
78.82675	79.08675	32	IY1	0	4
79.08675	79.54675	1	AA1	0	4
79.54675	79.57675	61	R	0	4
79.57675	79.88675	35	OW1	0	4
79.88675	79.91675	60	P	0	4
79.91675	79.94675	6	AH0	0	4
79.94675	79.98675	58	N	0	4
79.98675	80.07675	74	sp	0	4
80.07675	80.27675	19	EH1	0	4
80.27675	80.32675	66	V	0	4
80.32675	80.44675	61	R	0	4
80.44675	80.67675	31	IY0	0	4
80.67675	80.71675	57	M	0	4
80.71675	80.81675	7	AH1	0	4
80.81675	80.91675	58	N	0	4
80.91675	80.94675	48	D	0	4
80.94675	81.12675	26	EY2	0	4
81.12675	81.41675	32	IY1	0	4
81.41675	81.49675	66	V	0	4
81.49675	81.55675	58	N	0	4
81.55675	81.60675	27	IH0	0	4
81.60675	81.85675	59	NG	0	4
93.2365625	93.3965625	28	IH1	0	5
93.3965625	93.4365625	64	T	0	5
93.4365625	93.5465625	62	S	0	5
93.5465625	93.6065625	58	N	0	5
93.6065625	93.8465625	1	AA1	0	5
93.8465625	93.9365625	64	T	0	5
93.9365625	94.4765625	32	IY1	0	5
94.4765625	94.5065625	69	Z	0	5
94.5065625	94.5365625	31	IY0	0	5
94.5365625	94.6065625	64	T	0	5
94.6065625	94.6865625	27	IH0	0	5
94.6865625	94.7965625	54	K	0	5
94.7965625	94.8565625	61	R	0	5
94.8565625	94.9065625	31	IY0	0	5
94.9065625	95.1065625	25	EY1	0	5
95.1065625	95.1665625	64	T	0	5
95.1665625	95.2465625	29	IH2	0	5
95.2465625	95.4765625	56	L	0	5
95.4765625	95.5565625	44	UW1	0	5
95.5565625	95.6365625	57	M	0	5
95.6365625	95.6765625	6	AH0	0	5
95.6765625	95.7565625	58	N	0	5
95.7565625	95.9365625	26	EY2	0	5
95.9365625	96.0065625	64	T	0	5
96.0065625	96.0565625	27	IH0	0	5
96.0565625	96.1965625	59	NG	0	5
96.1965625	96.3465625	27	IH0	0	5
96.3465625	96.4665625	51	G	0	5
96.4665625	96.5365625	69	Z	0	5
96.5365625	96.7065625	4	AE1	0	5
96.7065625	96.7565625	57	M	0	5
96.7565625	96.7965625	60	P	0	5
96.7965625	96.8465625	6	AH0	0	5
96.8465625	97.0665625	56	L	0	5
97.0665625	97.2865625	69	Z	0	5
107.58975	107.77975	57	M	0	6
107.77975	108.03975	7	AH1	0	6
108.03975	108.06975	57	M	0	6
108.06975	108.32975	62	S	0	6
108.32975	108.43975	64	T	0	6
108.43975	108.47975	61	R	0	6
108.47975	108.59975	10	AO1	0	6
108.59975	108.69975	59	NG	0	6
108.69975	108.75975	56	L	0	6
108.75975	108.88975	31	IY0	0	6
108.88975	108.93975	48	D	0	6
108.93975	109.07975	29	IH2	0	6
109.07975	109.26975	62	S	0	6
109.26975	109.35975	56	L	0	6
109.35975	109.48975	16	AY1	0	6
109.48975	109.52975	54	K	0	6
109.52975	109.62975	62	S	0	6
109.62975	109.94975	4	AE1	0	6
109.94975	109.97975	60	P	0	6
109.97975	110.02975	6	AH0	0	6
110.02975	110.16975	64	T	0	6
110.16975	110.32975	17	AY2	0	6
110.32975	110.43975	69	Z	0	6
110.43975	110.59975	21	ER0	0	6
110.59975	110.85975	69	Z	0	6
122.0271875	122.0971875	49	DH	0	7
122.0971875	122.3471875	35	OW1	0	7
122.3471875	122.3871875	69	Z	0	7
122.3871875	122.4771875	52	HH	0	7
122.4771875	122.6971875	44	UW1	0	7
122.6971875	122.8371875	64	T	0	7
122.8371875	123.0271875	32	IY1	0	7
123.0271875	123.1671875	47	CH	0	7
123.1671875	123.2071875	66	V	0	7
123.2071875	123.3771875	4	AE1	0	7
123.3771875	123.4071875	56	L	0	7
123.4071875	123.5871875	68	Y	0	7
123.5871875	123.6771875	43	UW0	0	7
123.6771875	123.7571875	69	Z	0	7
123.7571875	123.8571875	50	F	0	7
123.8571875	124.0071875	22	ER1	0	7
124.0071875	124.1371875	62	S	0	7
124.1371875	124.2371875	64	T	0	7
124.2371875	124.3271875	6	AH0	0	7
124.3271875	124.4571875	46	B	0	7
124.4571875	124.6271875	1	AA1	0	7
124.6271875	124.7371875	56	L	0	7
124.7371875	124.7771875	29	IH2	0	7
124.7771875	125.0671875	63	SH	0	7
125.0671875	125.1471875	47	CH	0	7
125.1471875	125.2971875	32	IY1	0	7
125.2971875	125.3271875	64	T	0	7
125.3271875	125.4071875	27	IH0	0	7
125.4071875	125.6471875	59	NG	0	7
137.762625	137.842625	49	DH	0	8
137.842625	137.932625	7	AH1	0	8
137.932625	138.092625	50	F	0	8
138.092625	138.162625	61	R	0	8
138.162625	138.322625	16	AY1	0	8
138.322625	138.432625	64	T	0	8
138.432625	138.482625	6	AH0	0	8
138.482625	138.522625	58	N	0	8
138.522625	138.552625	48	D	0	8
138.552625	138.772625	47	CH	0	8
138.772625	139.022625	16	AY1	0	8
139.022625	139.292625	56	L	0	8
139.292625	139.412625	48	D	0	8
139.412625	139.522625	67	W	0	8
139.522625	139.592625	6	AH0	0	8
139.592625	139.782625	69	Z	0	8
139.782625	139.862625	53	JH	0	8
139.862625	139.962625	19	EH1	0	8
139.962625	139.992625	58	N	0	8
139.992625	140.022625	64	T	0	8
140.022625	140.102625	56	L	0	8
140.102625	140.252625	31	IY0	0	8
140.252625	140.352625	62	S	0	8
140.352625	140.452625	6	AH0	0	8
140.452625	140.482625	46	B	0	8
140.482625	140.592625	48	D	0	8
140.592625	140.782625	44	UW1	0	8
140.782625	140.932625	48	D	0	8
140.932625	140.962625	46	B	0	8
140.962625	141.102625	16	AY1	0	8
141.102625	141.132625	52	HH	0	8
141.132625	141.272625	28	IH1	0	8
141.272625	141.402625	69	Z	0	8
141.402625	141.432625	74	sp	0	8
141.432625	141.492625	46	B	0	8
141.492625	141.642625	28	IH1	0	8
141.642625	141.722625	51	G	0	8
141.722625	141.832625	46	B	0	8
141.832625	141.942625	61	R	0	8
141.942625	142.032625	7	AH1	0	8
142.032625	142.072625	49	DH	0	8
142.072625	142.252625	21	ER0	0	8
153.80325	154.00325	32	IY1	0	9
154.00325	154.03325	66	V	0	9
154.03325	154.17325	6	AH0	0	9
154.17325	154.33325	58	N	0	9
154.33325	154.41325	25	EY1	0	9
154.41325	154.68325	62	S	0	9
154.68325	154.79325	28	IH1	0	9
154.79325	154.82325	57	M	0	9
154.82325	154.85325	60	P	0	9
154.85325	154.90325	6	AH0	0	9
154.90325	155.00325	56	L	0	9
155.00325	155.05325	66	V	0	9
155.05325	155.17325	34	OW0	0	9
155.17325	155.29325	54	K	0	9
155.29325	155.45325	4	AE1	0	9
155.45325	155.50325	46	B	0	9
155.50325	155.57325	68	Y	0	9
155.57325	155.60325	6	AH0	0	9
155.60325	155.68325	56	L	0	9
155.68325	155.81325	20	EH2	0	9
155.81325	155.87325	61	R	0	9
155.87325	156.05325	31	IY0	0	9
156.05325	156.14325	54	K	0	9
156.14325	156.19325	6	AH0	0	9
156.19325	156.29325	58	N	0	9
156.29325	156.37325	64	T	0	9
156.37325	156.58325	25	EY1	0	9
156.58325	156.72325	58	N	0	9
156.72325	156.75325	69	Z	0	9
156.75325	157.11325	62	S	0	9
157.11325	157.18325	28	IH1	0	9
157.18325	157.27325	57	M	0	9
157.27325	157.31325	46	B	0	9
157.31325	157.34325	6	AH0	0	9
157.34325	157.53325	56	L	0	9
157.53325	157.75325	69	Z	0	9
170.3654375	170.5454375	25	EY1	0	10
170.5454375	170.6754375	54	K	0	10
170.6754375	170.7354375	61	R	0	10
170.7354375	170.9754375	4	AE1	0	10
170.9754375	171.0454375	46	B	0	10
171.0454375	171.0754375	74	sp	0	10
171.0754375	171.2154375	47	CH	0	10
171.2154375	171.3954375	4	AE1	0	10
171.3954375	171.5354375	56	L	0	10
171.5354375	171.6354375	6	AH0	0	10
171.6354375	171.7454375	53	JH	0	10
171.7454375	171.8654375	48	D	0	10
171.8654375	171.9154375	57	M	0	10
171.9154375	172.2254375	32	IY1	0	10
172.2254375	172.6154375	74	sp	0	10
172.6154375	172.6754375	46	B	0	10
172.6754375	172.7254375	7	AH1	0	10
172.7254375	172.8054375	64	T	0	10
172.8054375	172.8354375	6	AH0	0	10
172.8354375	172.9954375	54	K	0	10
172.9954375	173.0254375	67	W	0	10
173.0254375	173.1354375	28	IH1	0	10
173.1354375	173.1854375	54	K	0	10
173.1854375	173.4654375	62	S	0	10
173.4654375	173.4954375	64	T	0	10
173.4954375	173.8854375	4	AE1	0	10
173.8854375	174.0054375	46	B	0	10
174.0054375	174.1154375	66	V	0	10
174.1154375	174.1854375	4	AE1	0	10
174.1854375	174.3254375	59	NG	0	10
174.3254375	174.3754375	54	K	0	10
174.3754375	174.4254375	67	W	0	10
174.4254375	174.4754375	27	IH0	0	10
174.4754375	174.6354375	63	SH	0	10
174.6354375	174.6754375	64	T	0	10
174.6754375	174.7054375	74	sp	0	10
174.7054375	174.7654375	52	HH	0	10
174.7654375	174.8954375	28	IH1	0	10
174.8954375	175.0954375	57	M	0	10
187.6533125	187.7133125	51	G	0	11
187.7133125	187.8533125	56	L	0	11
187.8533125	187.9433125	44	UW1	0	11
187.9433125	188.2333125	54	K	0	11
188.2333125	188.2733125	36	OW2	0	11
188.2733125	188.5233125	62	S	0	11
188.5233125	188.7833125	4	AE1	0	11
188.7833125	188.8633125	58	N	0	11
188.8633125	188.9033125	48	D	0	11
188.9033125	188.9833125	74	sp	0	11
188.9833125	189.0633125	50	F	0	11
189.0633125	189.1733125	61	R	0	11
189.1733125	189.2133125	7	AH1	0	11
189.2133125	189.2933125	54	K	0	11
189.2933125	189.5233125	64	T	0	11
189.5233125	189.6733125	36	OW2	0	11
189.6733125	189.8433125	62	S	0	11
189.8433125	189.9833125	1	AA1	0	11
189.9833125	190.0533125	61	R	0	11
190.0533125	190.1733125	58	N	0	11
190.1733125	190.3533125	4	AE1	0	11
190.3533125	190.4733125	47	CH	0	11
190.4733125	190.5233125	61	R	0	11
190.5233125	190.5533125	6	AH0	0	11
190.5533125	190.6133125	56	L	0	11
190.6133125	190.7933125	63	SH	0	11
190.7933125	190.8933125	41	UH1	0	11
190.8933125	190.9633125	51	G	0	11
190.9633125	191.0733125	21	ER0	0	11
191.0733125	191.2533125	69	Z	0	11
191.2533125	191.2933125	50	F	0	11
191.2933125	191.6133125	13	AW1	0	11
191.6133125	191.7033125	58	N	0	11
191.7033125	191.7833125	48	D	0	11
191.7833125	191.8733125	28	IH1	0	11
191.8733125	191.9433125	58	N	0	11
191.9433125	192.1233125	50	F	0	11
192.1233125	192.2333125	61	R	0	11
192.2333125	192.2733125	44	UW1	0	11
192.2733125	192.5433125	64	T	0	11
201.4259375	201.5359375	1	AA1	0	12
201.5359375	201.5859375	61	R	0	12
201.5859375	201.7659375	68	Y	0	12
201.7659375	201.7959375	44	UW1	0	12
201.7959375	201.8859375	56	L	0	12
201.8859375	201.9859375	41	UH1	0	12
201.9859375	202.0359375	54	K	0	12
202.0359375	202.0659375	27	IH0	0	12
202.0659375	202.2259375	59	NG	0	12
202.2259375	202.3459375	50	F	0	12
202.3459375	202.3959375	10	AO1	0	12
202.3959375	202.5159375	61	R	0	12
202.5159375	202.5459375	18	EH0	0	12
202.5459375	202.6359375	57	M	0	12
202.6359375	202.7259375	60	P	0	12
202.7259375	202.8159375	56	L	0	12
202.8159375	202.9259375	38	OY1	0	12
202.9259375	203.0059375	57	M	0	12
203.0059375	203.0359375	6	AH0	0	12
203.0359375	203.1259375	58	N	0	12
203.1259375	203.1859375	64	T	0	12
216.2085	216.2385	54	K	0	13
216.2385	216.5585	1	AA1	0	13
216.5585	216.6085	50	F	0	13
216.6085	216.6385	31	IY0	0	13
216.6385	216.9485	28	IH1	0	13
216.9485	217.0585	69	Z	0	13
217.0585	217.0985	51	G	0	13
217.0985	217.2285	61	R	0	13
217.2285	217.4785	35	OW1	0	13
217.4785	217.6285	58	N	0	13
217.6285	217.8285	1	AA1	0	13
217.8285	217.9185	58	N	0	13
217.9185	218.1985	62	S	0	13
218.1985	218.2585	64	T	0	13
218.2585	218.4585	32	IY1	0	13
218.4585	218.4985	60	P	0	13
218.4985	218.7685	74	sp	0	13
218.7685	218.8785	53	JH	0	13
218.8785	218.9785	7	AH1	0	13
218.9785	219.0785	59	NG	0	13
219.0785	219.1085	51	G	0	13
219.1085	219.1385	6	AH0	0	13
219.1385	219.3685	56	L	0	13
219.3685	219.3985	56	L	0	13
219.3985	219.6185	16	AY1	0	13
219.6185	219.6885	54	K	0	13
219.6885	219.8885	62	S	0	13
219.8885	219.9885	56	L	0	13
219.9885	220.1785	35	OW1	0	13
220.1785	220.2285	60	P	0	13
220.2285	220.3985	62	S	0	13
220.3985	220.5685	28	IH1	0	13
220.5685	220.7085	58	N	0	13
220.7085	220.8285	64	T	0	13
220.8285	220.9185	19	EH1	0	13
220.9185	220.9885	57	M	0	13
220.9885	221.0585	60	P	0	13
221.0585	221.2485	61	R	0	13
221.2485	221.3085	6	AH0	0	13
221.3085	221.4785	64	T	0	13
221.4785	221.5185	69	Z	0	13
221.5185	221.8385	35	OW1	0	13
221.8385	222.0085	58	N	0	13
222.0085	222.2385	69	Z	0	13
231.6314375	231.7314375	67	W	0	14
231.7314375	231.8814375	32	IY1	0	14
231.8814375	231.9314375	67	W	0	14
231.9314375	232.0414375	19	EH1	0	14
232.0414375	232.1214375	56	L	0	14
232.1214375	232.1814375	54	K	0	14
232.1814375	232.3014375	6	AH0	0	14
232.3014375	232.3514375	57	M	0	14
232.3514375	232.4914375	57	M	0	14
232.4914375	232.5914375	19	EH1	0	14
232.5914375	232.6414375	58	N	0	14
232.6414375	232.7614375	31	IY0	0	14
232.7614375	232.8314375	58	N	0	14
232.8314375	232.9814375	68	Y	0	14
232.9814375	233.0114375	44	UW1	0	14
233.0114375	233.2414375	62	S	0	14
233.2414375	233.2914375	64	T	0	14
233.2914375	233.4214375	44	UW1	0	14
233.4214375	233.4514375	48	D	0	14
233.4514375	233.5214375	6	AH0	0	14
233.5214375	233.6114375	58	N	0	14
233.6114375	233.6414375	64	T	0	14
233.6414375	233.7314375	62	S	0	14
233.7314375	233.9714375	32	IY1	0	14
233.9714375	234.1014375	47	CH	0	14
234.1014375	234.1314375	68	Y	0	14
234.1314375	234.3614375	28	IH1	0	14
234.3614375	234.5014375	61	R	0	14
244.4139375	244.6839375	35	OW1	0	15
244.6839375	244.7139375	58	N	0	15
244.7139375	244.7439375	56	L	0	15
244.7439375	244.7739375	31	IY0	0	15
244.7739375	244.8039375	49	DH	0	15
244.8039375	244.8839375	7	AH1	0	15
244.8839375	244.9539375	46	B	0	15
244.9539375	245.1239375	19	EH1	0	15
245.1239375	245.2839375	62	S	0	15
245.2839375	245.3139375	64	T	0	15
245.3139375	245.3939375	74	sp	0	15
245.3939375	245.4639375	60	P	0	15
245.4639375	245.5439375	56	L	0	15
245.5439375	245.8439375	25	EY1	0	15
245.8439375	245.8739375	21	ER0	0	15
245.8739375	245.9539375	69	Z	0	15
245.9539375	246.0639375	18	EH0	0	15
246.0639375	246.1739375	58	N	0	15
246.1739375	246.3139375	53	JH	0	15
246.3139375	246.5139375	38	OY1	0	15
246.5139375	246.6439375	60	P	0	15
246.6439375	246.7639375	2	AA2	0	15
246.7639375	246.8239375	60	P	0	15
246.8239375	246.9139375	68	Y	0	15
246.9139375	246.9439375	6	AH0	0	15
246.9439375	246.9739375	56	L	0	15
246.9739375	247.2039375	19	EH1	0	15
247.2039375	247.2339375	61	R	0	15
247.2339375	247.2639375	6	AH0	0	15
247.2639375	247.2939375	64	T	0	15
247.2939375	247.5239375	31	IY0	0	15
258.377875	258.487875	54	K	0	16
258.487875	258.567875	4	AE1	0	16
258.567875	258.697875	56	L	0	16
258.697875	258.807875	62	S	0	16
258.807875	258.927875	31	IY0	0	16
258.927875	259.017875	6	AH0	0	16
259.017875	259.047875	57	M	0	16
259.047875	259.077875	57	M	0	16
259.077875	259.207875	25	EY1	0	16
259.207875	259.237875	54	K	0	16
259.237875	259.387875	62	S	0	16
259.387875	259.447875	46	B	0	16
259.447875	259.697875	35	OW1	0	16
259.697875	259.807875	58	N	0	16
259.807875	260.237875	69	Z	0	16
260.237875	260.297875	74	sp	0	16
260.297875	260.467875	4	AE1	0	16
260.467875	260.557875	58	N	0	16
260.557875	260.587875	48	D	0	16
260.587875	260.727875	64	T	0	16
260.727875	260.947875	32	IY1	0	16
260.947875	261.007875	65	TH	0	16
261.007875	261.267875	74	sp	0	16
261.267875	261.537875	62	S	0	16
261.537875	261.617875	64	T	0	16
261.617875	261.737875	61	R	0	16
261.737875	261.927875	10	AO1	0	16
261.927875	262.087875	59	NG	0	16
272.5179375	272.6779375	58	N	0	17
272.6779375	272.8379375	7	AH1	0	17
272.8379375	272.8979375	65	TH	0	17
272.8979375	272.9379375	27	IH0	0	17
272.9379375	273.1379375	59	NG	0	17
273.1379375	273.3479375	28	IH1	0	17
273.3479375	273.3779375	69	Z	0	17
273.3779375	273.7279375	4	AE1	0	17
273.7279375	273.7679375	69	Z	0	17
273.7679375	274.1179375	6	AH0	0	17
274.1179375	274.2079375	50	F	0	17
274.2079375	274.5179375	19	EH1	0	17
274.5179375	274.5579375	58	N	0	17
274.5579375	274.6179375	62	S	0	17
274.6179375	274.6679375	27	IH0	0	17
274.6679375	274.7079375	66	V	0	17
274.7079375	274.7679375	74	sp	0	17
274.7679375	274.9679375	4	AE1	0	17
274.9679375	275.0779375	69	Z	0	17
275.0779375	275.2679375	28	IH1	0	17
275.2679375	275.3379375	58	N	0	17
275.3379375	275.3779375	6	AH0	0	17
275.3779375	275.5579375	62	S	0	17
275.5579375	275.6379375	6	AH0	0	17
275.6379375	275.7979375	58	N	0	17
275.7979375	276.0579375	62	S	0	17
286.1098125	286.3098125	62	S	0	18
286.3098125	286.3698125	64	T	0	18
286.3698125	286.5998125	32	IY1	0	18
286.5998125	286.6698125	66	V	0	18
286.6698125	286.6998125	74	sp	0	18
286.6998125	286.7298125	67	W	0	18
286.7298125	286.8798125	10	AO1	0	18
286.8798125	286.9198125	61	R	0	18
286.9198125	287.1498125	25	EY1	0	18
287.1498125	287.2198125	46	B	0	18
287.2198125	287.3698125	61	R	0	18
287.3698125	287.4098125	16	AY1	0	18
287.4098125	287.6098125	64	T	0	18
287.6098125	287.7298125	74	sp	0	18
287.7298125	287.8198125	61	R	0	18
287.8198125	288.0898125	19	EH1	0	18
288.0898125	288.1298125	48	D	0	18
288.1298125	288.3698125	54	K	0	18
288.3698125	288.5798125	4	AE1	0	18
288.5798125	288.7298125	70	ZH	0	18
288.7298125	288.7998125	57	M	0	18
288.7998125	288.8698125	27	IH0	0	18
288.8698125	288.9898125	61	R	0	18
288.9898125	289.2098125	62	S	0	18
289.2098125	289.2998125	67	W	0	18
289.2998125	289.5898125	19	EH1	0	18
289.5898125	289.6498125	64	T	0	18
289.6498125	289.6798125	21	ER0	0	18
299.9500625	300.0000625	46	B	0	19
300.0000625	300.2800625	1	AA1	0	19
300.2800625	300.3100625	61	R	0	19
300.3100625	300.3400625	46	B	0	19
300.3400625	300.3900625	69	Z	0	19
300.3900625	300.4600625	74	sp	0	19
300.4600625	300.5200625	51	G	0	19
300.5200625	300.8300625	35	OW1	0	19
300.8300625	300.8600625	56	L	0	19
300.8600625	300.8900625	48	D	0	19
300.8900625	300.9300625	46	B	0	19
300.9300625	300.9900625	61	R	0	19
300.9900625	301.1100625	25	EY1	0	19
301.1100625	301.2600625	62	S	0	19
301.2600625	301.3100625	56	L	0	19
301.3100625	301.4700625	6	AH0	0	19
301.4700625	301.5100625	64	T	0	19
301.5100625	301.5800625	67	W	0	19
301.5800625	301.6300625	7	AH1	0	19
301.6300625	301.7000625	69	Z	0	19
301.7000625	301.7600625	25	EY1	0	19
301.7600625	301.8500625	51	G	0	19
301.8500625	301.9400625	61	R	0	19
301.9400625	302.0700625	5	AE2	0	19
302.0700625	302.1900625	53	JH	0	19
302.1900625	302.2400625	6	AH0	0	19
302.2400625	302.3000625	67	W	0	19
302.3000625	302.4200625	25	EY1	0	19
302.4200625	302.5600625	63	SH	0	19
302.5600625	302.5900625	6	AH0	0	19
302.5900625	302.7500625	58	N	0	19
302.7500625	302.7800625	60	P	0	19
302.7800625	302.8700625	61	R	0	19
302.8700625	302.9000625	31	IY0	0	19
302.9000625	303.0000625	69	Z	0	19
303.0000625	303.0800625	19	EH1	0	19
303.0800625	303.1500625	58	N	0	19
303.1500625	303.2300625	64	T	0	19
314.886375	314.956375	48	D	0	20
314.956375	314.986375	61	R	0	20
314.986375	315.266375	10	AO1	0	20
315.266375	315.506375	19	EH1	0	20
315.506375	315.556375	66	V	0	20
315.556375	315.636375	61	R	0	20
315.636375	315.906375	31	IY0	0	20
315.906375	316.176375	13	AW1	0	20
316.176375	316.266375	64	T	0	20
316.266375	316.316375	21	ER0	0	20
316.316375	316.436375	56	L	0	20
316.436375	316.716375	16	AY1	0	20
316.716375	316.816375	58	N	0	20
316.816375	316.976375	50	F	0	20
316.976375	317.196375	22	ER1	0	20
317.196375	317.416375	62	S	0	20
317.416375	317.616375	64	T	0	20
317.616375	317.706375	74	sp	0	20
317.706375	317.736375	49	DH	0	20
317.736375	317.916375	19	EH1	0	20
317.916375	318.016375	58	N	0	20
318.016375	318.086375	50	F	0	20
318.086375	318.156375	28	IH1	0	20
318.156375	318.286375	56	L	0	20
318.286375	318.386375	28	IH1	0	20
318.386375	318.526375	58	N	0	20
318.526375	318.556375	49	DH	0	20
318.556375	318.686375	31	IY0	0	20
318.686375	318.736375	29	IH2	0	20
318.736375	318.826375	58	N	0	20
318.826375	318.946375	64	T	0	20
318.946375	319.066375	28	IH1	0	20
319.066375	319.116375	61	R	0	20
319.116375	319.246375	31	IY0	0	20
319.246375	319.426375	21	ER0	0	20
330.361	330.411	49	DH	0	21
330.411	330.521	7	AH1	0	21
330.521	330.561	67	W	0	21
330.561	330.731	10	AO1	0	21
330.731	330.881	64	T	0	21
330.881	330.911	21	ER0	0	21
330.911	330.991	54	K	0	21
330.991	331.041	6	AH0	0	21
331.041	331.131	58	N	0	21
331.131	331.281	64	T	0	21
331.281	331.431	25	EY1	0	21
331.431	331.491	58	N	0	21
331.491	331.531	48	D	0	21
331.531	331.581	74	sp	0	21
331.581	331.751	64	T	0	21
331.751	331.891	44	UW1	0	21
331.891	331.981	57	M	0	21
331.981	332.161	7	AH1	0	21
332.161	332.271	47	CH	0	21
332.271	332.421	54	K	0	21
332.421	332.451	56	L	0	21
332.451	332.581	10	AO1	0	21
332.581	332.671	61	R	0	21
332.671	332.861	31	IY0	0	21
332.861	332.921	58	N	0	21
332.921	333.051	4	AE1	0	21
333.051	333.121	58	N	0	21
333.121	333.151	48	D	0	21
333.151	333.331	62	S	0	21
333.331	333.371	64	T	0	21
333.371	333.491	7	AH1	0	21
333.491	333.581	59	NG	0	21
333.581	333.611	52	HH	0	21
333.611	333.811	28	IH1	0	21
333.811	333.881	69	Z	0	21
333.881	334.261	16	AY1	0	21
334.261	334.511	69	Z	0	21
344.5940625	344.7040625	53	JH	0	22
344.7040625	345.0040625	1	AA1	0	22
345.0040625	345.0440625	58	N	0	22
345.0440625	345.1540625	69	Z	0	22
345.1540625	345.2040625	46	B	0	22
345.2040625	345.2840625	61	R	0	22
345.2840625	345.3840625	7	AH1	0	22
345.3840625	345.4340625	49	DH	0	22
345.4340625	345.5940625	21	ER0	0	22
345.5940625	345.6440625	61	R	0	22
345.6440625	345.7640625	31	IY0	0	22
345.7640625	345.8640625	60	P	0	22
345.8640625	345.9940625	25	EY1	0	22
345.9940625	346.0440625	58	N	0	22
346.0440625	346.2240625	64	T	0	22
346.2240625	346.2540625	6	AH0	0	22
346.2540625	346.3540625	48	D	0	22
346.3540625	346.3840625	49	DH	0	22
346.3840625	346.4240625	6	AH0	0	22
346.4240625	346.5140625	51	G	0	22
346.5140625	346.7140625	21	ER0	0	22
346.7140625	347.0240625	1	AA1	0	22
347.0240625	347.2140625	70	ZH	0	22
347.2140625	347.2940625	48	D	0	22
347.2940625	347.5340625	10	AO1	0	22
347.5340625	347.6940625	61	R	0	22
358.6883125	358.8283125	47	CH	0	23
358.8283125	359.0183125	4	AE1	0	23
359.0183125	359.1083125	56	L	0	23
359.1083125	359.1583125	6	AH0	0	23
359.1583125	359.2483125	58	N	0	23
359.2483125	359.3583125	53	JH	0	23
359.3583125	359.6683125	32	IY1	0	23
359.6683125	359.9283125	47	CH	0	23
359.9283125	360.0383125	74	sp	0	23
360.0383125	360.1483125	53	JH	0	23
360.1483125	360.2583125	19	EH1	0	23
360.2583125	360.3183125	58	N	0	23
360.3183125	360.4483125	61	R	0	23
360.4483125	360.4783125	6	AH0	0	23
360.4783125	360.6683125	56	L	0	23
360.6683125	360.7583125	69	Z	0	23
360.7583125	360.8783125	29	IH2	0	23
360.8783125	360.9483125	58	N	0	23
360.9483125	361.0683125	64	T	0	23
361.0683125	361.1683125	19	EH1	0	23
361.1683125	361.2883125	56	L	0	23
361.2883125	361.3183125	6	AH0	0	23
361.3183125	361.4283125	53	JH	0	23
361.4283125	361.4983125	6	AH0	0	23
361.4983125	361.6483125	58	N	0	23
361.6483125	361.9383125	62	S	0	23
373.8468125	374.0268125	5	AE2	0	24
374.0268125	374.0568125	57	M	0	24
374.0568125	374.0968125	46	B	0	24
374.0968125	374.1468125	6	AH0	0	24
374.1468125	374.2468125	48	D	0	24
374.2468125	374.3768125	19	EH1	0	24
374.3768125	374.4168125	54	K	0	24
374.4168125	374.5268125	62	S	0	24
374.5268125	374.6068125	64	T	0	24
374.6068125	374.6968125	61	R	0	24
374.6968125	374.7268125	6	AH0	0	24
374.7268125	374.9168125	62	S	0	24
374.9168125	374.9868125	60	P	0	24
374.9868125	375.0968125	28	IH1	0	24
375.0968125	375.2268125	54	K	0	24
375.2268125	375.2568125	60	P	0	24
375.2568125	375.4068125	2	AA2	0	24
375.4068125	375.5268125	54	K	0	24
375.5268125	375.6368125	6	AH0	0	24
375.6368125	375.6868125	64	T	0	24
375.6868125	375.8168125	62	S	0	24
375.8168125	376.0168125	6	AH0	0	24
376.0168125	376.1168125	54	K	0	24
376.1168125	376.2368125	1	AA1	0	24
376.2368125	376.3368125	57	M	0	24
376.3368125	376.3668125	60	P	0	24
376.3668125	376.4368125	56	L	0	24
376.4368125	376.4768125	27	IH0	0	24
376.4768125	376.6868125	63	SH	0	24
376.6868125	376.7868125	57	M	0	24
376.7868125	376.9968125	10	AO1	0	24
376.9968125	377.1768125	61	R	0	24
387.5573125	387.7173125	25	EY1	0	25
387.7173125	387.8873125	57	M	0	25
387.8873125	387.9773125	7	AH1	0	25
387.9773125	388.1073125	62	S	0	25
388.1073125	388.1473125	54	K	0	25
388.1473125	388.2273125	68	Y	0	25
388.2273125	388.2573125	6	AH0	0	25
388.2573125	388.2873125	56	L	0	25
388.2873125	388.3173125	21	ER0	0	25
388.3173125	388.7373125	4	AE1	0	25
388.7373125	388.7773125	46	B	0	25
388.7773125	388.8173125	48	D	0	25
388.8173125	388.9073125	6	AH0	0	25
388.9073125	388.9473125	57	M	0	25
388.9473125	389.0573125	6	AH0	0	25
389.0573125	389.1273125	58	N	0	25
389.1273125	389.2973125	28	IH1	0	25
389.2973125	389.4073125	69	Z	0	25
389.4073125	389.4873125	51	G	0	25
389.4873125	389.6273125	41	UH1	0	25
389.6273125	389.7373125	48	D	0	25
389.7373125	389.8173125	50	F	0	25
389.8173125	389.8473125	61	R	0	25
389.8473125	389.8873125	21	ER0	0	25
389.8873125	390.0173125	68	Y	0	25
390.0173125	390.0673125	41	UH1	0	25
390.0673125	390.1573125	61	R	0	25
390.1573125	390.1873125	46	B	0	25
390.1873125	390.3973125	4	AE1	0	25
390.3973125	390.7173125	54	K	0	25
402.61725	402.66725	49	DH	0	26
402.66725	402.92725	25	EY1	0	26
402.92725	403.31725	35	OW1	0	26
403.31725	403.38725	58	N	0	26
403.38725	403.41725	74	sp	0	26
403.41725	403.50725	6	AH0	0	26
403.50725	403.62725	46	B	0	26
403.62725	403.81725	28	IH1	0	26
403.81725	403.84725	51	G	0	26
403.84725	404.03725	52	HH	0	26
404.03725	404.32725	13	AW1	0	26
404.32725	404.56725	62	S	0	26
404.56725	404.83725	74	sp	0	26
404.83725	404.98725	28	IH1	0	26
404.98725	405.08725	58	N	0	26
405.08725	405.11725	49	DH	0	26
405.11725	405.19725	7	AH1	0	26
405.19725	405.30725	61	R	0	26
405.30725	405.33725	31	IY0	0	26
405.33725	405.52725	57	M	0	26
405.52725	405.69725	35	OW1	0	26
405.69725	405.81725	64	T	0	26
405.81725	406.00725	54	K	0	26
406.00725	406.05725	7	AH1	0	26
406.05725	406.13725	58	N	0	26
406.13725	406.20725	64	T	0	26
406.20725	406.25725	61	R	0	26
406.25725	406.32725	31	IY0	0	26
406.32725	406.45725	62	S	0	26
406.45725	406.77725	17	AY2	0	26
406.77725	406.84725	48	D	0	26
417.018375	417.078375	49	DH	0	27
417.078375	417.268375	7	AH1	0	27
417.268375	417.368375	61	R	0	27
417.368375	417.638375	35	OW1	0	27
417.638375	417.698375	69	Z	0	27
417.698375	417.728375	74	sp	0	27
417.728375	417.848375	54	K	0	27
417.848375	417.888375	9	AO0	0	27
417.888375	417.968375	61	R	0	27
417.968375	418.128375	62	S	0	27
418.128375	418.508375	1	AA1	0	27
418.508375	418.588375	70	ZH	0	27
418.588375	418.818375	62	S	0	27
418.818375	418.888375	57	M	0	27
418.888375	418.968375	19	EH1	0	27
418.968375	419.248375	56	L	0	27
419.248375	419.288375	48	D	0	27
419.288375	419.538375	62	S	0	27
419.538375	419.578375	67	W	0	27
419.578375	419.778375	32	IY1	0	27
419.778375	420.038375	64	T	0	27
429.8515	429.8915	49	DH	0	28
429.8915	430.0915	4	AE1	0	28
430.0915	430.1715	64	T	0	28
430.1715	430.2415	60	P	0	28
430.2415	430.3615	28	IH1	0	28
430.3615	430.4315	54	K	0	28
430.4315	430.5115	60	P	0	28
430.5115	430.6715	2	AA2	0	28
430.6715	430.7415	54	K	0	28
430.7415	430.8915	6	AH0	0	28
430.8915	430.9315	64	T	0	28
430.9315	430.9815	67	W	0	28
430.9815	431.0315	7	AH1	0	28
431.0315	431.1215	69	Z	0	28
431.1215	431.2715	54	K	0	28
431.2715	431.4815	1	AA1	0	28
431.4815	431.5715	64	T	0	28
431.5715	431.6715	61	R	0	28
431.6715	431.8215	19	EH1	0	28
431.8215	431.8515	48	D	0	28
431.8515	432.0115	52	HH	0	28
432.0115	432.1815	4	AE1	0	28
432.1815	432.2115	58	N	0	28
432.2115	432.2415	48	D	0	28
432.2415	432.2715	6	AH0	0	28
432.2715	432.3115	48	D	0	28
432.3115	432.4515	4	AE1	0	28
432.4515	432.5715	58	N	0	28
444.8439937	445.0739937	4	AE1	0	29
445.0739937	445.1439937	48	D	0	29
445.1439937	445.1739937	6	AH0	0	29
445.1739937	445.3839937	56	L	0	29
445.3839937	445.4739937	64	T	0	29
445.4739937	445.5539937	57	M	0	29
445.5539937	445.7239937	25	EY1	0	29
445.7239937	445.8539937	56	L	0	29
445.8539937	445.9039937	46	B	0	29
445.9039937	445.9839937	6	AH0	0	29
445.9839937	446.1339937	46	B	0	29
446.1339937	446.4439937	44	UW1	0	29
446.4439937	446.4839937	58	N	0	29
446.4839937	446.5639937	69	Z	0	29
446.5639937	446.6139937	74	sp	0	29
446.6139937	446.7639937	64	T	0	29
446.7639937	446.9739937	32	IY1	0	29
446.9739937	447.0639937	65	TH	0	29
447.0639937	447.2239937	1	AA1	0	29
447.2239937	447.2739937	61	R	0	29
447.2739937	447.3339937	58	N	0	29
447.3339937	447.5639937	1	AA1	0	29
447.5639937	447.6539937	64	T	0	29
447.6539937	447.8339937	62	S	0	29
447.8339937	447.9239937	44	UW1	0	29
447.9239937	447.9839937	64	T	0	29
447.9839937	448.0139937	6	AH0	0	29
448.0139937	448.0939937	46	B	0	29
448.0939937	448.1239937	6	AH0	0	29
448.1239937	448.2839937	56	L	0	29
448.2839937	448.3639937	50	F	0	29
448.3639937	448.4639937	61	R	0	29
448.4639937	448.5739937	21	ER0	0	29
448.5739937	448.7839937	32	IY1	0	29
448.7839937	448.8239937	64	T	0	29
448.8239937	448.8839937	27	IH0	0	29
448.8839937	448.9839937	59	NG	0	29
448.9839937	449.2239937	63	SH	0	29
449.2239937	449.2839937	19	EH1	0	29
449.2839937	449.4139937	56	L	0	29
449.4139937	449.5039937	50	F	0	29
449.5039937	449.6139937	29	IH2	0	29
449.6139937	449.9239937	63	SH	0	29
460.6208125	460.7408125	52	HH	0	30
460.7408125	460.8908125	22	ER1	0	30
460.8908125	461.0108125	67	W	0	30
461.0108125	461.0808125	10	AO1	0	30
461.0808125	461.1308125	61	R	0	30
461.1308125	461.2308125	48	D	0	30
461.2308125	461.3708125	61	R	0	30
461.3708125	461.4008125	36	OW2	0	30
461.4008125	461.4308125	46	B	0	30
461.4308125	461.4508125	74	sp	0	30
461.4508125	461.5408125	54	K	0	30
461.5408125	461.5708125	6	AH0	0	30
461.5708125	461.6508125	58	N	0	30
461.6508125	461.8108125	62	S	0	30
461.8108125	461.9108125	28	IH1	0	30
461.9108125	462.0708125	62	S	0	30
462.0708125	462.1708125	7	AH1	0	30
462.1708125	462.2608125	66	V	0	30
462.2608125	462.4508125	35	OW1	0	30
462.4508125	462.6208125	58	N	0	30
462.6208125	462.7108125	56	L	0	30
462.7108125	462.7508125	31	IY0	0	30
462.7508125	462.9108125	62	S	0	30
462.9108125	462.9708125	54	K	0	30
462.9708125	463.1308125	22	ER1	0	30
463.1308125	463.2308125	64	T	0	30
463.2308125	463.3508125	62	S	0	30
463.3508125	463.4908125	4	AE1	0	30
463.4908125	463.5208125	58	N	0	30
463.5208125	463.5708125	48	D	0	30
463.5708125	463.6508125	46	B	0	30
463.6508125	463.7408125	56	L	0	30
463.7408125	463.8408125	13	AW1	0	30
463.8408125	464.0108125	62	S	0	30
464.0108125	464.1308125	6	AH0	0	30
464.1308125	464.4008125	69	Z	0	30
474.3668125	474.4268125	49	DH	0	31
474.4268125	474.4968125	6	AH0	0	31
474.4968125	474.7668125	64	T	0	31
474.7668125	474.7968125	44	UW1	0	31
474.7968125	475.0168125	1	AA1	0	31
475.0168125	475.0868125	61	R	0	31
475.0868125	475.1268125	64	T	0	31
475.1268125	475.2168125	6	AH0	0	31
475.2168125	475.4568125	62	S	0	31
475.4568125	475.6068125	27	IH0	0	31
475.6068125	475.6668125	54	K	0	31
475.6668125	475.8468125	62	S	0	31
475.8468125	475.9168125	47	CH	0	31
475.9168125	476.1568125	25	EY1	0	31
476.1568125	476.2668125	58	N	0	31
476.2668125	476.3568125	53	JH	0	31
476.3568125	476.4968125	48	D	0	31
476.4968125	476.6968125	10	AO1	0	31
476.6968125	476.7268125	64	T	0	31
476.7268125	476.8068125	6	AH0	0	31
476.8068125	476.8368125	51	G	0	31
476.8368125	476.9168125	61	R	0	31
476.9168125	477.0868125	5	AE2	0	31
477.0868125	477.1268125	50	F	0	31
477.1268125	477.4468125	62	S	0	31
487.9635	488.0235	46	B	0	32
488.0235	488.1035	7	AH1	0	32
488.1035	488.1935	64	T	0	32
488.1935	488.2435	21	ER0	0	32
488.2435	488.3535	62	S	0	32
488.3535	488.4035	54	K	0	32
488.4035	488.5535	2	AA2	0	32
488.5535	488.7335	47	CH	0	32
488.7335	488.7735	74	sp	0	32
488.7735	488.8735	50	F	0	32
488.8735	489.1535	7	AH1	0	32
489.1535	489.2835	53	JH	0	32
489.2835	489.3135	74	sp	0	32
489.3135	489.3935	51	G	0	32
489.3935	489.5135	35	OW1	0	32
489.5135	489.6435	69	Z	0	32
489.6435	489.7035	67	W	0	32
489.7035	489.8535	19	EH1	0	32
489.8535	489.9935	56	L	0	32
489.9935	490.0335	67	W	0	32
490.0335	490.0735	28	IH1	0	32
490.0735	490.1335	65	TH	0	32
490.1335	490.2235	74	sp	0	32
490.2235	490.2535	66	V	0	32
490.2535	490.3135	6	AH0	0	32
490.3135	490.4735	58	N	0	32
490.4735	490.5235	28	IH1	0	32
490.5235	490.5835	56	L	0	32
490.5835	490.6135	6	AH0	0	32
490.6135	490.9635	16	AY1	0	32
490.9635	491.1135	62	S	0	32
491.1135	491.1435	74	sp	0	32
491.1435	491.2535	54	K	0	32
491.2535	491.3035	61	R	0	32
491.3035	491.4735	32	IY1	0	32
491.4735	491.6635	57	M	0	32
503.1549375	503.2649375	61	R	0	33
503.2649375	503.4049375	28	IH1	0	33
503.4049375	503.5849375	47	CH	0	33
503.5849375	503.6549375	60	P	0	33
503.6549375	503.8049375	22	ER1	0	33
503.8049375	503.9049375	47	CH	0	33
503.9049375	504.0249375	6	AH0	0	33
504.0249375	504.2549375	62	S	0	33
504.2549375	504.2849375	64	T	0	33
504.2849375	504.6149375	62	S	0	33
504.6149375	504.7649375	19	EH1	0	33
504.7649375	504.8549375	66	V	0	33
504.8549375	504.9749375	61	R	0	33
504.9749375	505.0049375	6	AH0	0	33
505.0049375	505.1149375	56	L	0	33
505.1149375	505.4649375	62	S	0	33
505.4649375	505.9449375	16	AY1	0	33
505.9449375	506.0349375	58	N	0	33
506.0349375	506.1849375	48	D	0	33
506.1849375	506.5649375	56	L	0	33
506.5649375	506.6449375	28	IH1	0	33
506.6449375	506.7249375	65	TH	0	33
506.7249375	506.8549375	6	AH0	0	33
506.8549375	506.8949375	51	G	0	33
506.8949375	507.0249375	61	R	0	33
507.0249375	507.1649375	5	AE2	0	33
507.1649375	507.2049375	50	F	0	33
507.2049375	507.5949375	62	S	0	33
517.637125	517.817125	19	EH1	0	34
517.817125	517.857125	58	N	0	34
517.857125	517.967125	31	IY0	0	34
517.967125	518.077125	54	K	0	34
518.077125	518.217125	2	AA2	0	34
518.217125	518.247125	58	N	0	34
518.247125	518.297125	64	T	0	34
518.297125	518.327125	61	R	0	34
518.327125	518.397125	6	AH0	0	34
518.397125	518.467125	46	B	0	34
518.467125	518.597125	68	Y	0	34
518.597125	518.627125	44	UW1	0	34
518.627125	518.777125	63	SH	0	34
518.777125	518.837125	6	AH0	0	34
518.837125	518.997125	58	N	0	34
518.997125	519.107125	69	Z	0	34
519.107125	519.147125	67	W	0	34
519.147125	519.207125	6	AH0	0	34
519.207125	519.237125	56	L	0	34
519.237125	519.307125	46	B	0	34
519.307125	519.407125	31	IY0	0	34
519.407125	519.497125	51	G	0	34
519.497125	519.587125	61	R	0	34
519.587125	519.717125	25	EY1	0	34
519.717125	519.747125	64	T	0	34
519.747125	519.787125	56	L	0	34
519.787125	519.957125	31	IY0	0	34
519.957125	520.017125	6	AH0	0	34
520.017125	520.187125	60	P	0	34
520.187125	520.227125	61	R	0	34
520.227125	520.317125	32	IY1	0	34
520.317125	520.497125	63	SH	0	34
520.497125	520.647125	31	IY0	0	34
520.647125	520.717125	26	EY2	0	34
520.717125	520.757125	64	T	0	34
520.757125	520.847125	6	AH0	0	34
520.847125	520.977125	48	D	0	34
531.684125	531.754125	49	DH	0	35
531.754125	531.814125	7	AH1	0	35
531.814125	532.004125	54	K	0	35
532.004125	532.084125	61	R	0	35
532.084125	532.224125	4	AE1	0	35
532.224125	532.264125	58	N	0	35
532.264125	532.324125	46	B	0	35
532.324125	532.454125	20	EH2	0	35
532.454125	532.484125	61	R	0	35
532.484125	532.644125	31	IY0	0	35
532.644125	532.694125	46	B	0	35
532.694125	533.074125	1	AA1	0	35
533.074125	533.154125	51	G	0	35
533.154125	533.294125	51	G	0	35
533.294125	533.364125	28	IH1	0	35
533.364125	533.414125	64	T	0	35
533.414125	533.494125	62	S	0	35
533.494125	533.584125	66	V	0	35
533.584125	533.774125	19	EH1	0	35
533.774125	533.834125	61	R	0	35
533.834125	533.984125	31	IY0	0	35
533.984125	534.104125	60	P	0	35
534.104125	534.134125	61	R	0	35
534.134125	534.224125	28	IH1	0	35
534.224125	534.254125	64	T	0	35
534.254125	534.374125	31	IY0	0	35
534.374125	534.574125	28	IH1	0	35
534.574125	534.694125	58	N	0	35
534.694125	534.944125	10	AO1	0	35
534.944125	534.994125	64	T	0	35
534.994125	535.024125	6	AH0	0	35
535.024125	535.264125	57	M	0	35
544.18475	544.29475	52	HH	0	36
544.29475	544.37475	13	AW1	0	36
544.37475	544.56475	48	D	0	36
544.56475	544.66475	44	UW1	0	36
544.66475	544.78475	38	OY1	0	36
544.78475	544.92475	62	S	0	36
544.92475	544.99475	64	T	0	36
544.99475	545.10475	21	ER0	0	36
545.10475	545.22475	69	Z	0	36
545.22475	545.26475	57	M	0	36
545.26475	545.39475	25	EY1	0	36
545.39475	545.56475	54	K	0	36
545.56475	545.59475	74	sp	0	36
545.59475	545.71475	60	P	0	36
545.71475	545.92475	22	ER1	0	36
545.92475	546.10475	56	L	0	36
546.10475	546.37475	69	Z	0	36
546.37475	546.39475	74	sp	0	36
555.5685973	555.6971161	57	M	0	37
555.6971161	555.8739112	25	EY1	0	37
555.8739112	556.0079102	16	AY1	0	37
556.0079102	556.1016571	10	AO1	0	37
556.1016571	556.1788337	61	R	0	37
556.1788337	556.216998	48	D	0	37
556.216998	556.3403632	21	ER0	0	37
556.3403632	556.4760583	6	AH0	0	37
556.4760583	556.5337287	60	P	0	37
556.5337287	556.6347891	1	AA1	0	37
556.6347891	556.6847891	61	R	0	37
556.6847891	556.7747891	50	F	0	37
556.7747891	557.0047891	25	EY1	0	37
557.0047891	557.2447891	4	AE1	0	37
557.2447891	557.3047891	50	F	0	37
557.3047891	557.4047891	64	T	0	37
557.4047891	557.4647891	21	ER0	0	37
557.4647891	557.6047891	16	AY1	0	37
557.6047891	557.8447891	32	IY1	0	37
557.8447891	557.8947891	64	T	0	37
557.8947891	557.9547891	48	D	0	37
557.9547891	558.0247891	28	IH1	0	37
558.0247891	558.1447891	58	N	0	37
558.1447891	558.2547891	21	ER0	0	37
566.077375	566.187375	28	IH1	0	38
566.187375	566.217375	69	Z	0	38
566.217375	566.357375	63	SH	0	38
566.357375	566.457375	32	IY1	0	38
566.457375	566.487375	51	G	0	38
566.487375	566.727375	35	OW1	0	38
566.727375	566.757375	6	AH0	0	38
566.757375	566.787375	58	N	0	38
566.787375	566.867375	67	W	0	38
566.867375	566.997375	28	IH1	0	38
566.997375	567.067375	65	TH	0	38
567.067375	567.327375	68	Y	0	38
567.327375	567.507375	44	UW1	0	38
577.6260625	577.7260625	54	K	0	39
577.7260625	577.8060625	4	AE1	0	39
577.8060625	577.8360625	58	N	0	39
577.8360625	577.8660625	49	DH	0	39
577.8660625	577.9860625	31	IY0	0	39
577.9860625	578.1960625	25	EY1	0	39
578.1960625	578.2360625	53	JH	0	39
578.2360625	578.2960625	6	AH0	0	39
578.2960625	578.3360625	58	N	0	39
578.3360625	578.4560625	62	S	0	39
578.4560625	578.6560625	31	IY0	0	39
578.6560625	578.8160625	35	OW1	0	39
578.8160625	578.8860625	66	V	0	39
578.8860625	578.9660625	21	ER0	0	39
578.9660625	579.1160625	65	TH	0	39
579.1160625	579.2760625	61	R	0	39
579.2760625	579.5360625	36	OW2	0	39
579.5360625	579.8060625	25	EY1	0	39
579.8060625	579.8360625	56	L	0	39
579.8360625	579.9860625	31	IY0	0	39
579.9860625	580.0160625	6	AH0	0	39
580.0160625	580.1160625	58	N	0	39
580.1160625	580.2760625	50	F	0	39
580.2760625	580.3560625	10	AO1	0	39
580.3560625	580.4160625	61	R	0	39
580.4160625	580.5760625	62	S	0	39
580.5760625	580.7160625	6	AH0	0	39
580.7160625	581.0060625	69	Z	0	39
590.0517837	590.2017837	6	AH0	0	40
590.2017837	590.3717837	62	S	0	40
590.3717837	590.4017837	54	K	0	40
590.4017837	590.4917837	61	R	0	40
590.4917837	590.5217837	44	UW1	0	40
590.5217837	590.6417837	48	D	0	40
590.6417837	590.7017837	61	R	0	40
590.7017837	590.8217837	17	AY2	0	40
590.8217837	590.8917837	66	V	0	40
590.8917837	590.9917837	21	ER0	0	40
590.9917837	591.1917837	28	IH1	0	40
591.1917837	591.2917837	69	Z	0	40
591.2917837	591.3417837	57	M	0	40
591.3417837	591.5617837	25	EY1	0	40
591.5617837	591.5917837	48	D	0	40
591.5917837	591.6517837	50	F	0	40
591.6517837	591.7117837	61	R	0	40
591.7117837	591.7517837	7	AH1	0	40
591.7517837	591.8617837	57	M	0	40
591.8617837	591.9017837	66	V	0	40
591.9017837	592.0817837	1	AA1	0	40
592.0817837	592.1317837	48	D	0	40
592.1317837	592.1917837	54	K	0	40
592.1917837	592.2217837	6	AH0	0	40
592.2217837	592.5517837	4	AE1	0	40
592.5517837	592.6317837	58	N	0	40
592.6317837	592.6617837	48	D	0	40
592.6617837	592.7817837	10	AO1	0	40
592.7817837	592.8417837	61	R	0	40
592.8417837	592.8717837	6	AH0	0	40
592.8717837	592.9617837	58	N	0	40
592.9617837	593.0917837	53	JH	0	40
593.0917837	593.1817837	53	JH	0	40
593.1817837	593.3117837	44	UW1	0	40
593.3117837	593.5717837	62	S	0	40
