603.6121680896949	603.7439999999999	30	ARE	0
603.7439999999999	603.8675056006898	495	YOUR	0
603.8675056006898	604.274	192	GRADES	0
604.274	604.7965068487447	206	HIGHER	0
604.7965068487447	604.954	301	OR	0
604.954	605.3747796900036	250	LOWER	0
605.3747796900036	605.5247520232687	431	THAN	0
605.5247520232687	606.3539999999999	274	NANCY'S	0
614.6469125079335	614.934	374	SHE	1
614.934	615.2859236224714	489	WORE	1
615.2859236224714	615.6543488858082	470	WARM	1
615.6543488858082	616.304	158	FLEECY	1
616.304	616.6970932864446	488	WOOLEN	1
616.6970932864446	617.574	310	OVERALLS	1
626.266864096219	626.554	353	READING	2
626.554	626.7474745854446	217	IN	2
626.7474745854446	627.034	334	POOR	2
627.034	627.5080334300983	239	LIGHT	2
627.5080334300983	627.764	181	GIVES	2
627.764	627.8739999999999	494	YOU	2
627.8739999999999	628.644	150	EYESTRAIN	2
637.9275073294859	638.2066865960255	142	EVEN	3
638.2066865960255	638.4374132625871	211	I	3
638.4374132625871	639.1495195072629	292	OCCASIONALLY	3
639.1495195072629	639.3456371738403	177	GET	3
639.3456371738403	639.4140860849203	433	THE	3
639.4140860849203	639.774	264	MONDAY	3
639.774	640.4939999999999	56	BLUES	3
648.8599635175289	648.9739999999999	475	WE	4
648.9739999999999	649.1139999999999	30	ARE	4
649.1139999999999	649.5436134733287	300	OPEN	4
649.5436134733287	650.0404448953248	145	EVERY	4
650.0404448953248	650.5979642734043	264	MONDAY	4
650.5979642734043	651.1139999999999	143	EVENING	4
659.7416601349182	660.0046184686873	226	IT'S	5
660.0046184686873	660.2239999999999	284	NOT	5
660.2239999999999	660.6998748239264	133	EASY	5
660.6998748239264	660.893615157727	445	TO	5
660.893615157727	661.424	113	CREATE	5
661.424	661.4919663130103	99999	sp	5
661.4919663130103	662.3547430257585	215	ILLUMINATING	5
662.3547430257585	663.3338730583939	146	EXAMPLES	5
672.8765048593517	673.2648947480639	269	MUM	6
673.2648947480639	673.9885373260677	406	STRONGLY	6
673.9885373260677	674.6721872818675	126	DISLIKES	6
674.6721872818675	675.644	27	APPETIZERS	6
684.3303335437027	684.624	442	THOSE	7
684.624	684.8179358990363	483	WHO	7
684.8179358990363	685.0648134322573	426	TEACH	7
685.0648134322573	685.794	461	VALUES	7
685.794	685.8615194546725	99999	sp	7
685.8615194546725	686.1875430773017	156	FIRST	7
686.1875430773017	686.868885766436	4	ABOLISH	7
686.868885766436	687.3539999999999	87	CHEATING	7
695.258944583293	695.334	433	THE	8
695.334	695.84415116136	165	FRIGHTENED	8
695.84415116136	696.4386203591948	89	CHILD	8
696.4386203591948	696.7616376923811	471	WAS	8
696.7616376923811	697.1653389967629	176	GENTLY	8
697.1653389967629	697.9028251747604	409	SUBDUED	8
697.9028251747604	698.043568441363	73	BY	8
698.043568441363	698.3439999999999	208	HIS	8
698.3439999999999	698.4657982411709	99999	sp	8
698.4657982411709	698.6941475749558	52	BIG	8
698.6941475749558	698.8148945304564	99999	sp	8
698.8148945304564	699.204	66	BROTHER	8
707.1588077180111	707.494130473414	142	EVEN	9
707.494130473414	707.5625793844939	1	A	9
707.5625793844939	708.030884451503	382	SIMPLE	9
708.030884451503	708.9121902516573	467	VOCABULARY	9
708.9121902516573	709.6039999999999	104	CONTAINS	9
709.6039999999999	710.454	421	SYMBOLS	9
719.4454893065486	719.653143306454	1	A	10
719.653143306454	720.0945302623642	110	CRAB	10
720.0945302623642	720.6935804404247	85	CHALLENGED	10
720.6935804404247	721.024	257	ME	10
721.024	721.1873355068667	99999	sp	10
721.1873355068667	721.291931595708	70	BUT	10
721.291931595708	721.4511329956355	1	A	10
721.4511329956355	721.784	349	QUICK	10
721.784	722.3539999999999	401	STAB	10
722.3539999999999	722.944	463	VANQUISHED	10
722.944	723.2539999999999	88888	HH	10
731.4183817405922	732.0043574075477	183	GLUCOSE	11
732.0043574075477	732.1927841852396	20	AND	11
732.1927841852396	732.8718896738194	167	FRUCTOSE	11
732.8718896738194	732.9933356520974	30	ARE	11
732.9933356520974	733.4517126296665	275	NATURAL	11
733.4517126296665	734.1538204228013	413	SUGARS	11
734.1538204228013	734.4739999999999	163	FOUND	11
734.4739999999999	734.6382760604796	217	IN	11
734.6382760604796	735.074	168	FRUIT	11
742.5914915006766	742.7639999999999	30	ARE	12
742.7639999999999	742.894	494	YOU	12
742.894	743.201378989288	249	LOOKING	12
743.201378989288	743.424	161	FOR	12
743.424	744.1039999999999	136	EMPLOYMENT	12
754.7390365865497	755.1704253869088	98	COFFEE	13
755.1704253869088	755.3796175645914	224	IS	13
755.3796175645914	755.4849827423212	99999	sp	13
755.4849827423212	755.8656116760368	198	GROWN	13
755.8656116760368	756.1309473425827	296	ON	13
756.1309473425827	756.8184427428253	403	STEEP	13
756.8184427428253	757.374	88888	JUNGLE	13
757.374	757.624	240	LIKE	13
757.624	758.374	389	SLOPES	13
758.374	758.4641525360861	99999	sp	13
758.4641525360861	758.6318139137875	217	IN	13
758.6318139137875	759.2316331807366	430	TEMPERATE	13
759.2316331807366	760.064	496	ZONES	13
768.4422397755534	768.624	475	WE	14
768.624	769.0566717313848	479	WELCOME	14
769.0566717313848	769.446599797874	255	MANY	14
769.446599797874	769.6687964205506	281	NEW	14
769.6687964205506	770.524	407	STUDENTS	14
770.524	770.6131675095651	99999	sp	14
770.6131675095651	770.954	132	EACH	14
770.954	771.4739999999999	490	YEAR	14
782.11237214235	782.4161622533228	297	ONLY	15
782.4161622533228	782.4899247205113	433	THE	15
782.4899247205113	783.0029070091667	51	BEST	15
783.0029070091667	783.5834990539024	329	PLAYERS	15
783.5834990539024	784.1933865425137	139	ENJOY	15
784.1933865425137	785.084	335	POPULARITY	15
794.5044195005974	795.0727061231163	75	CALCIUM	16
795.0727061231163	795.414	253	MAKES	16
795.414	795.4857068562617	99999	sp	16
795.4857068562617	795.9816991232581	58	BONES	16
795.9816991232581	796.2124257898197	20	AND	16
796.2124257898197	796.664	429	TEETH	16
796.664	797.434	405	STRONG	16
805.9743993475977	806.4903876297061	285	NOTHING	17
806.4903876297061	806.684	224	IS	17
806.684	806.914	34	AS	17
806.914	807.5939999999999	294	OFFENSIVE	17
807.5939999999999	807.9538233563832	34	AS	17
807.9538233563832	808.774	219	INNOCENCE	17
817.634	818.424	404	STEVE	18
818.424	818.4640500406083	99999	sp	18
818.4640500406083	818.7486129293677	489	WORE	18
818.7486129293677	818.834	1	A	18
818.834	819.434	65	BRIGHT	18
819.434	820.136678240958	355	RED	18
820.136678240958	820.694	78	CASHMERE	18
820.694	821.2539999999999	419	SWEATER	18
831.0514459765444	831.5651272879772	46	BARB'S	19
831.5651272879772	831.9212154433707	188	GOLD	19
831.9212154433707	832.584	63	BRACELET	19
832.584	832.6633158587094	99999	sp	19
832.6633158587094	832.8155954586401	471	WAS	19
832.8155954586401	832.8571262586213	1	A	19
832.8571262586213	833.6830573628108	193	GRADUATION	19
833.6830573628108	834.2139999999999	338	PRESENT	19
841.7216425576056	842.154	130	DRAW	20
842.154	842.524	145	EVERY	20
842.524	842.8305986687675	307	OUTER	20
842.8305986687675	843.1304732691865	243	LINE	20
843.1304732691865	843.8439999999999	156	FIRST	20
843.8439999999999	843.9156429582735	99999	sp	20
843.9156429582735	844.2355839359057	435	THEN	20
844.2355839359057	844.6023692696274	154	FILL	20
844.6023692696274	844.8254050473038	217	IN	20
844.8254050473038	844.944	433	THE	20
844.944	845.654	222	INTERIOR	20
855.0795248356554	855.204	433	THE	21
855.204	855.647112435397	474	WATER	21
855.647112435397	856.3676786578468	103	CONTAINED	21
856.3676786578468	856.614	447	TOO	21
856.614	856.959037947022	268	MUCH	21
856.959037947022	857.654	90	CHLORINE	21
857.654	857.944	20	AND	21
857.944	858.5039999999999	408	STUNG	21
858.5039999999999	858.7539999999999	208	HIS	21
858.7539999999999	859.5039999999999	149	EYES	21
867.2339999999999	867.7915105076249	229	JOHN'S	22
867.7915105076249	868.174	66	BROTHER	22
868.174	868.7504939895316	362	REPAINTED	22
868.7504939895316	868.9004663227968	433	THE	22
868.9004663227968	869.5879617230393	173	GARAGE	22
869.5879617230393	870.0239999999999	129	DOOR	22
877.864	878.4424798664726	84	CHALLENGE	23
878.4424798664726	878.970004777899	132	EACH	23
878.970004777899	879.5598959554084	175	GENERAL'S	23
879.5598959554084	880.5339999999999	221	INTELLIGENCE	23
888.6740498888947	889.604	17	AMBIDEXTROUS	24
889.604	889.674038902136	99999	sp	24
889.674038902136	890.3484597912734	326	PICKPOCKETS	24
890.3484597912734	891.0052617020856	6	ACCOMPLISH	24
891.0052617020856	891.434	266	MORE	24
900.5457352920444	900.678018580873	1	A	25
900.678018580873	901.2916814478159	270	MUSCULAR	25
901.2916814478159	902.0339999999999	2	ABDOMEN	25
902.0339999999999	902.0899256480079	99999	sp	25
902.0899256480079	902.3244977590123	224	IS	25
902.3244977590123	902.5605376856926	189	GOOD	25
902.5605376856926	902.7139999999999	161	FOR	25
902.7139999999999	902.9089349522008	495	YOUR	25
902.9089349522008	903.374	43	BACK	25
914.1789502082311	914.3439999999999	437	THEY	26
914.3439999999999	914.504274808083	316	OWN	26
914.504274808083	914.7126278307658	1	A	26
914.7126278307658	914.9739999999999	52	BIG	26
914.9739999999999	915.544	209	HOUSE	26
915.544	915.7339078086342	217	IN	26
915.7339078086342	915.7839999999999	433	THE	26
915.7839999999999	916.3014954083759	360	REMOTE	26
916.3014954083759	917.124	109	COUNTRYSIDE	26
924.0285990113325	924.174	433	THE	27
924.174	924.5953474560744	368	ROSE	27
924.5953474560744	924.649183678272	99999	sp	27
924.649183678272	925.444	106	CORSAGE	27
925.444	925.694	99999	sp	27
925.694	926.294	392	SMELLED	27
926.294	926.894	420	SWEET	27
934.7011034510392	934.9856663397986	432	THAT	28
934.9856663397986	935.766990584443	325	PICKPOCKET	28
935.766990584443	936.0437925182057	471	WAS	28
936.0437925182057	936.4537168957968	80	CAUGHT	28
936.4537168957968	936.874	355	RED	28
936.874	937.5939999999999	199	HANDED	28
947.3707206479778	947.4839999999999	19	AN	29
947.4839999999999	947.965995447707	9	ADULT	29
947.965995447707	948.3466240854325	254	MALE	29
948.3466240854325	949.104	42	BABOON'S	29
949.104	949.1833227300516	99999	sp	29
949.1833227300516	949.5039999999999	429	TEETH	29
949.5039999999999	949.6762386414938	30	ARE	29
949.6762386414938	949.9431124858168	284	NOT	29
949.9431124858168	950.4337911967045	414	SUITABLE	29
950.4337911967045	950.6552187304926	161	FOR	29
950.6552187304926	951.084	135	EATING	29
951.084	951.9839999999999	375	SHELLFISH	29
959.634	959.834	204	HER	30
959.834	960.4071938367294	469	WARDROBE	30
960.4071938367294	961.1669835924947	102	CONSISTS	30
961.1669835924947	961.3046505035431	293	OF	30
961.3046505035431	961.624	297	ONLY	30
961.624	962.2639999999999	384	SKIRTS	30
962.2639999999999	962.3874575924948	99999	sp	30
962.3874575924948	962.6074170146169	20	AND	30
962.6074170146169	963.424	54	BLOUSES	30
971.647285580188	971.830258669549	433	THE	31
971.830258669549	972.124	452	TWO	31
972.124	972.9315238918256	33	ARTISTS	31
972.9315238918256	973.7789897808842	147	EXCHANGED	31
973.7789897808842	974.634	39	AUTOGRAPHS	31
982.712723191867	983.466360236524	71	BUTTERSCOTCH	32
983.466360236524	983.9715815701827	169	FUDGE	32
983.9715815701827	984.2639999999999	186	GOES	32
984.2639999999999	984.624	480	WELL	32
984.624	984.8439999999999	486	WITH	32
984.8439999999999	985.3935565629899	462	VANILLA	32
985.3935565629899	985.7887981855877	212	ICE	32
985.7887981855877	986.2539999999999	112	CREAM	32
994.5279526997501	994.9332625440102	365	RICH	33
994.9332625440102	995.584	348	PURCHASED	33
995.584	995.9845366925415	373	SEVERAL	33
995.9845366925415	996.624	381	SIGNED	33
996.624	997.7539999999999	244	LITHOGRAPHS	33
1006.2601909697723	1006.637813614045	24	ANY	34
1006.637813614045	1007.6413344813658	105	CONTRIBUTIONS	34
1007.6413344813658	1007.7213197257738	484	WILL	34
1007.7213197257738	1007.9651209034407	47	BE	34
1007.9651209034407	1008.3673543921465	195	GREATLY	34
1008.3673543921465	1009.194	28	APPRECIATED	34
1017.377927809832	1017.5309764986512	433	THE	35
1017.5309764986512	1018.1907844029163	111	CRANBERRY	35
1018.1907844029163	1018.766831980432	57	BOG	35
1018.766831980432	1018.9698714470062	178	GETS	35
1018.9698714470062	1019.4481746695662	464	VERY	35
1019.4481746695662	1019.7826582699695	339	PRETTY	35
1019.7826582699695	1019.944	217	IN	35
1019.944	1020.444	40	AUTUMN	35
1028.8325246951017	1029.014	210	HOW	36
1029.014	1029.1724619838358	128	DO	36
1029.1724619838358	1029.812273872989	317	OYSTERS	36
1029.812273872989	1030.060689583987	252	MAKE	36
1030.060689583987	1030.774	319	PEARLS	36
1041.512980090561	1041.7121741126925	256	MAY	37
1041.7121741126925	1041.8339999999998	211	I	37
1041.8339999999998	1042.134	303	ORDER	37
1042.134	1042.2281626907911	1	A	37
1042.2281626907911	1042.8372110244027	318	PARFAIT	37
1042.8372110244027	1043.2063736909013	10	AFTER	37
1043.2063736909013	1043.414726417594	211	I	37
1043.414726417594	1043.700058395242	134	EAT	37
1043.700058395242	1044.094	124	DINNER	37
1052.9491194344857	1053.054	224	IS	38
1053.054	1053.36205010152	374	SHE	38
1053.36205010152	1053.7496709013435	187	GOING	38
1053.7496709013435	1053.9642467012459	486	WITH	38
1053.9642467012459	1054.304	494	YOU	38
1062.895674029523	1063.124	76	CAN	39
1063.124	1063.2432321410315	433	THE	39
1063.2432321410315	1063.8492041190889	11	AGENCY	39
1063.8492041190889	1064.634	314	OVERTHROW	39
1064.634	1064.727433563689	99999	sp	39
1064.727433563689	1065.1558160746051	13	ALIEN	39
1065.1558160746051	1066.074	162	FORCES	39
1075.9497661966	1076.0382114187819	1	A	40
1076.0382114187819	1076.894	370	SCREWDRIVER	40
1076.894	1077.0839999999998	224	IS	40
1077.0839999999998	1077.3079068116583	251	MADE	40
1077.3079068116583	1077.5893933448635	166	FROM	40
1077.5893933448635	1078.2145925451346	468	VODKA	40
1078.2145925451346	1078.464	20	AND	40
1078.464	1078.984	302	ORANGE	40
1078.984	1079.594	230	JUICE	40
1085.6695093396395	1085.844	210	HOW	41
1085.844	1086.1047435844412	268	MUCH	41
1086.1047435844412	1086.7668590513622	16	ALLOWANCE	41
1086.7668590513622	1086.964	128	DO	41
1086.964	1087.224	494	YOU	41
1087.224	1087.654	177	GET	41
1096.777247728158	1097.4847394395026	115	CYCLICAL	42
1097.4847394395026	1098.174	345	PROGRAMS	42
1098.174	1098.316054461902	484	WILL	42
1098.316054461902	1098.7005989061713	280	NEVER	42
1098.7005989061713	1099.484	100	COMPILE	42
1106.427703101108	1106.5007665455191	433	THE	43
1106.5007665455191	1107.0767440569234	61	BOSTON	43
1107.0767440569234	1107.63125714556	45	BALLET	43
1107.63125714556	1108.344	311	OVERCAME	43
1108.344	1108.5010263163963	434	THEIR	43
1108.5010263163963	1109.0639999999999	170	FUNDING	43
1109.0639999999999	1109.954	379	SHORTAGE	43
1119.5026286623565	1119.9494693065976	145	EVERY	44
1119.9494693065976	1120.4070071291671	74	CAB	44
1120.4070071291671	1120.813855151204	279	NEEDS	44
1120.813855151204	1121.5839999999998	363	REPAINTING	44
1121.5839999999998	1121.6543992402658	99999	sp	44
1121.6543992402658	1122.284	295	OFTEN	44
1130.434	1130.7640000000001	203	HELP	45
1130.7640000000001	1130.8849311921035	99999	sp	45
1130.8849311921035	1131.3786862585455	196	GREG	45
1131.3786862585455	1131.592422903448	445	TO	45
1131.592422903448	1131.9062111699718	324	PICK	45
1131.9062111699718	1132.1361687476451	1	A	45
1132.1361687476451	1132.4352742591755	320	PECK	45
1132.4352742591755	1132.607550170208	293	OF	45
1132.607550170208	1133.474	337	POTATOES	45
1141.4382265580966	1141.664	475	WE	46
1141.664	1142.0188886689436	240	LIKE	46
1142.0188886689436	1142.2664652249418	55	BLUE	46
1142.2664652249418	1142.8539999999998	88	CHEESE	46
1142.8539999999998	1142.9478076180862	99999	sp	46
1142.9478076180862	1143.0693236624752	70	BUT	46
1143.0693236624752	1143.4815553067322	465	VICTOR	46
1143.4815553067322	1143.914	241	LIKES	46
1143.914	1144.0036962999488	99999	sp	46
1144.0036962999488	1144.414	64	BRIE	46
1152.6590189413005	1152.9312764078434	108	COUNT	47
1152.9312764078434	1153.0140000000001	433	THE	47
1153.0140000000001	1153.344	288	NUMBER	47
1153.344	1153.5096312520245	293	OF	47
1153.5096312520245	1154.3186426966563	428	TEASPOONS	47
1154.3186426966563	1154.424	293	OF	47
1154.424	1155.3029363417636	394	SOYSAUCE	47
1155.3029363417636	1155.484	432	THAT	47
1155.484	1155.712860719355	494	YOU	47
1155.712860719355	1156.214	7	ADD	47
1165.1971902284704	1165.807776739859	44	BAGPIPES	48
1165.807776739859	1166.0461942953061	20	AND	48
1166.0461942953061	1166.8036764884155	59	BONGOS	48
1166.8036764884155	1166.9405743105754	30	ARE	48
1166.9405743105754	1167.6157642886014	272	MUSICAL	48
1167.6157642886014	1168.5839999999998	220	INSTRUMENTS	48
1176.471819129862	1176.774	210	HOW	49
1176.774	1176.8617471963512	99999	sp	49
1176.8617471963512	1177.1600836189928	189	GOOD	49
1177.1600836189928	1177.3661994411214	224	IS	49
1177.3661994411214	1177.5307844632687	495	YOUR	49
1177.5307844632687	1178.3739999999998	138	ENDURANCE	49
1788.8786201523867	1788.9979999999998	30	ARE	0
1788.9979999999998	1789.1805339637413	495	YOUR	0
1789.1805339637413	1789.4879999999998	192	GRADES	0
1789.4879999999998	1790.065643165406	206	HIGHER	0
1790.065643165406	1790.2079999999999	301	OR	0
1790.2079999999999	1790.6928002044715	250	LOWER	0
1790.6928002044715	1790.888	431	THAN	0
1790.888	1791.7179999999998	274	NANCY'S	0
1802.595573652334	1802.868	374	SHE	1
1802.868	1803.128	489	WORE	1
1803.128	1803.5953286216002	470	WARM	1
1803.5953286216002	1804.2379999999998	158	FLEECY	1
1804.2379999999998	1804.6931095495813	488	WOOLEN	1
1804.6931095495813	1805.658	310	OVERALLS	1
1813.8485272792257	1814.1844653057394	353	READING	2
1814.1844653057394	1814.3363766842804	217	IN	2
1814.3363766842804	1814.3770358501877	99999	sp	2
1814.3770358501877	1814.7229720322525	334	POOR	2
1814.7229720322525	1815.2381497291467	239	LIGHT	2
1815.2381497291467	1815.5479999999998	181	GIVES	2
1815.5479999999998	1815.7279999999998	494	YOU	2
1815.7279999999998	1816.6879999999999	150	EYESTRAIN	2
1825.4087578493748	1825.7007556317042	142	EVEN	3
1825.7007556317042	1826.0479999999998	211	I	3
1826.0479999999998	1826.6983987437857	292	OCCASIONALLY	3
1826.6983987437857	1826.9010280296193	177	GET	3
1826.9010280296193	1826.9779999999998	433	THE	3
1826.9779999999998	1827.3815454539367	264	MONDAY	3
1827.3815454539367	1828.148	56	BLUES	3
1835.9339069299674	1836.088	475	WE	4
1836.088	1836.2279999999998	30	ARE	4
1836.2279999999998	1836.588	300	OPEN	4
1836.588	1837.0889059962915	145	EVERY	4
1837.0889059962915	1837.598	264	MONDAY	4
1837.598	1837.6267458831112	99999	sp	4
1837.6267458831112	1838.138	143	EVENING	4
1846.848922603245	1847.078	226	IT'S	5
1847.078	1847.29683997193	284	NOT	5
1847.29683997193	1847.7526949832315	133	EASY	5
1847.7526949832315	1847.961323162396	445	TO	5
1847.961323162396	1848.4638362329354	113	CREATE	5
1848.4638362329354	1849.2716263196323	215	ILLUMINATING	5
1849.2716263196323	1850.2879999999998	146	EXAMPLES	5
1859.483498971657	1859.826768978908	269	MUM	6
1859.826768978908	1860.5219134757203	406	STRONGLY	6
1860.5219134757203	1861.1870635058795	126	DISLIKES	6
1861.1870635058795	1862.1979999999999	27	APPETIZERS	6
1870.832435483818	1871.118	442	THOSE	7
1871.118	1871.2856852021303	483	WHO	7
1871.2856852021303	1871.622229186513	426	TEACH	7
1871.622229186513	1872.3547001307156	461	VALUES	7
1872.3547001307156	1872.6979999999999	156	FIRST	7
1872.6979999999999	1873.348	4	ABOLISH	7
1873.348	1873.4164436643982	99999	sp	7
1873.4164436643982	1873.918	87	CHEATING	7
1883.6409812387674	1883.7176337646583	433	THE	8
1883.7176337646583	1884.2214799226047	165	FRIGHTENED	8
1884.2214799226047	1884.743383642367	89	CHILD	8
1884.743383642367	1885.0492666163937	471	WAS	8
1885.0492666163937	1885.388	176	GENTLY	8
1885.388	1886.0510212167699	409	SUBDUED	8
1886.0510212167699	1886.2179999999998	73	BY	8
1886.2179999999998	1886.5542011270027	208	HIS	8
1886.5542011270027	1886.838	52	BIG	8
1886.838	1886.9327979505342	99999	sp	8
1886.9327979505342	1887.418	66	BROTHER	8
1895.6444027858433	1895.9456805397804	142	EVEN	9
1895.9456805397804	1896.0090021916033	1	A	9
1896.0090021916033	1896.4048685655887	382	SIMPLE	9
1896.4048685655887	1897.3699632622781	467	VOCABULARY	9
1897.3699632622781	1898.22774442272	104	CONTAINS	9
1898.22774442272	1899.0379999999998	421	SYMBOLS	9
1907.4872472942543	1907.657155352787	1	A	10
1907.657155352787	1907.9664316311646	110	CRAB	10
1907.9664316311646	1908.010423515589	99999	sp	10
1908.010423515589	1908.588	85	CHALLENGED	10
1908.588	1908.8215466167928	257	ME	10
1908.8215466167928	1909.060108676776	70	BUT	10
1909.060108676776	1909.2154133596682	1	A	10
1909.2154133596682	1909.4979999999998	349	QUICK	10
1909.4979999999998	1910.1085210404003	401	STAB	10
1910.1085210404003	1910.7679999999998	463	VANQUISHED	10
1910.7679999999998	1911.118	207	HIM	10
1919.9525218579922	1920.4679999999998	183	GLUCOSE	11
1920.4679999999998	1920.5823450718713	20	AND	11
1920.5823450718713	1921.2128348294536	167	FRUCTOSE	11
1921.2128348294536	1921.408	30	ARE	11
1921.408	1921.8346592229018	275	NATURAL	11
1921.8346592229018	1922.418	413	SUGARS	11
1922.418	1922.5011417484877	99999	sp	11
1922.5011417484877	1922.828	163	FOUND	11
1922.828	1922.9837193897495	217	IN	11
1922.9837193897495	1923.4379999999999	168	FRUIT	11
1931.5186895516777	1931.658	30	ARE	12
1931.658	1931.818	494	YOU	12
1931.818	1932.151906069908	249	LOOKING	12
1932.151906069908	1932.378	161	FOR	12
1932.378	1933.0449522768358	136	EMPLOYMENT	12
1945.421637409846	1945.808	98	COFFEE	13
1945.808	1946.0627918666826	224	IS	13
1946.0627918666826	1946.408	198	GROWN	13
1946.408	1946.6506228272474	296	ON	13
1946.6506228272474	1947.306441245559	403	STEEP	13
1947.306441245559	1947.7179999999998	88888	JUNGLE	13
1947.7179999999998	1947.9879999999998	240	LIKE	13
1947.9879999999998	1948.638	389	SLOPES	13
1948.638	1948.806043406541	217	IN	13
1948.806043406541	1949.345883220461	430	TEMPERATE	13
1949.345883220461	1950.088	496	ZONES	13
1958.5240683521604	1958.6779999999999	475	WE	14
1958.6779999999999	1959.128	479	WELCOME	14
1959.128	1959.466500266944	255	MANY	14
1959.466500266944	1959.6837935142526	281	NEW	14
1959.6837935142526	1960.6001699347594	407	STUDENTS	14
1960.6001699347594	1960.9301090679423	132	EACH	14
1960.9301090679423	1961.5079999999998	490	YEAR	14
1970.4288417271232	1970.7179999999998	297	ONLY	15
1970.7179999999998	1970.8087716380612	433	THE	15
1970.8087716380612	1971.2852895041683	51	BEST	15
1971.2852895041683	1971.7379999999998	329	PLAYERS	15
1971.7379999999998	1972.2470514823406	139	ENJOY	15
1972.2470514823406	1973.168	335	POPULARITY	15
1979.6770130597095	1980.2579999999998	75	CALCIUM	16
1980.2579999999998	1980.5534574438466	253	MAKES	16
1980.5534574438466	1981.1966115317937	58	BONES	16
1981.1966115317937	1981.4085724294748	20	AND	16
1981.4085724294748	1981.7779999999998	429	TEETH	16
1981.7779999999998	1982.6115626424437	405	STRONG	16
1990.5400992059463	1991.0159508243396	285	NOTHING	17
1991.0159508243396	1991.1879999999999	224	IS	17
1991.1879999999999	1991.388	34	AS	17
1991.388	1992.0810270765392	294	OFFENSIVE	17
1992.0810270765392	1992.3762453513111	34	AS	17
1992.3762453513111	1993.2279999999998	219	INNOCENCE	17
2001.7503943318102	2002.4279999999999	404	STEVE	18
2002.4279999999999	2002.4635355086143	99999	sp	18
2002.4635355086143	2002.7301529899744	489	WORE	18
2002.7301529899744	2002.788	1	A	18
2002.788	2003.3433126112682	65	BRIGHT	18
2003.3433126112682	2003.873154269637	355	RED	18
2003.873154269637	2004.4823146287108	78	CASHMERE	18
2004.4823146287108	2005.0479999999998	419	SWEATER	18
2016.0592090874347	2016.4750714765323	46	BARB'S	19
2016.4750714765323	2016.7716834245455	188	GOLD	19
2016.7716834245455	2017.338	63	BRACELET	19
2017.338	2017.588	471	WAS	19
2017.588	2017.636069140197	1	A	19
2017.636069140197	2018.4538576784348	193	GRADUATION	19
2018.4538576784348	2018.9479999999999	338	PRESENT	19
2025.7292428864093	2026.0938422921695	130	DRAW	20
2026.0938422921695	2026.4670461802393	145	EVERY	20
2026.4670461802393	2026.7679999999998	307	OUTER	20
2026.7679999999998	2027.1888524251874	243	LINE	20
2027.1888524251874	2027.824674532397	156	FIRST	20
2027.824674532397	2028.2639268329378	435	THEN	20
2028.2639268329378	2028.4604966396064	154	FILL	20
2028.4604966396064	2028.7137832468986	217	IN	20
2028.7137832468986	2028.818	433	THE	20
2028.818	2029.4879999999998	222	INTERIOR	20
2041.759556790464	2041.848	433	THE	21
2041.848	2042.197476003598	474	WATER	21
2042.197476003598	2042.8752900681318	103	CONTAINED	21
2042.8752900681318	2043.0385932754648	447	TOO	21
2043.0385932754648	2043.3791362260781	268	MUCH	21
2043.3791362260781	2044.0396201543235	90	CHLORINE	21
2044.0396201543235	2044.2129215172076	20	AND	21
2044.2129215172076	2044.7007709222623	408	STUNG	21
2044.7007709222623	2044.868	208	HIS	21
2044.868	2045.4779999999998	149	EYES	21
2053.201806461201	2053.6783852091326	229	JOHN'S	22
2053.6783852091326	2054.026260436473	66	BROTHER	22
2054.026260436473	2054.6647484225064	362	REPAINTED	22
2054.6647484225064	2054.8200531053985	433	THE	22
2054.8200531053985	2055.50719848579	173	GARAGE	22
2055.50719848579	2055.958	129	DOOR	22
2063.1191267901772	2063.758	84	CHALLENGE	23
2063.758	2063.854930452897	99999	sp	23
2063.854930452897	2064.3048474526922	132	EACH	23
2064.3048474526922	2064.979995638402	175	GENERAL'S	23
2064.979995638402	2065.8779999999997	221	INTELLIGENCE	23
2073.6036155209026	2074.6127021020166	17	AMBIDEXTROUS	24
2074.6127021020166	2075.268	326	PICKPOCKETS	24
2075.268	2075.9350036378937	6	ACCOMPLISH	24
2075.9350036378937	2076.3779999999997	266	MORE	24
2084.5253578090287	2084.6253393645384	1	A	25
2084.6253393645384	2085.2931555695113	270	MUSCULAR	25
2085.2931555695113	2085.9063151908053	2	ABDOMEN	25
2085.9063151908053	2086.1915958958607	224	IS	25
2086.1915958958607	2086.368	189	GOOD	25
2086.368	2086.620789455016	161	FOR	25
2086.620789455016	2086.8560793823162	495	YOUR	25
2086.8560793823162	2087.308	43	BACK	25
2097.69577561711	2097.86441117407	437	THEY	26
2097.86441117407	2098.022382031776	316	OWN	26
2098.022382031776	2098.205681550211	1	A	26
2098.205681550211	2098.438	52	BIG	26
2098.438	2098.9514227826476	209	HOUSE	26
2098.9514227826476	2099.136721932193	217	IN	26
2099.136721932193	2099.218	433	THE	26
2099.218	2099.6392958845563	360	REMOTE	26
2099.6392958845563	2100.528	109	COUNTRYSIDE	26
2106.9886062657943	2107.1079999999997	433	THE	27
2107.1079999999997	2107.6410919655887	368	ROSE	27
2107.6410919655887	2108.4935407764033	106	CORSAGE	27
2108.4935407764033	2109.178020573961	392	SMELLED	27
2109.178020573961	2109.788	420	SWEET	27
2117.278526004921	2117.5677453863623	432	THAT	28
2117.5677453863623	2118.267555689098	325	PICKPOCKET	28
2118.267555689098	2118.5608349185945	471	WAS	28
2118.5608349185945	2118.9660329044277	80	CAUGHT	28
2118.9660329044277	2119.328	355	RED	28
2119.328	2120.008	199	HANDED	28
2129.598495521268	2129.688	19	AN	29
2129.688	2130.2043231618245	9	ADULT	29
2130.2043231618245	2130.508933634278	254	MALE	29
2130.508933634278	2131.276731394761	42	BABOON'S	29
2131.276731394761	2131.718	429	TEETH	29
2131.718	2131.848	30	ARE	29
2131.848	2132.118	284	NOT	29
2132.118	2132.5903678624945	414	SUITABLE	29
2132.5903678624945	2132.8779999999997	161	FOR	29
2132.8779999999997	2133.218	135	EATING	29
2133.218	2134.018	375	SHELLFISH	29
2141.5339296105967	2141.755222120126	204	HER	30
2141.755222120126	2142.2204090392647	469	WARDROBE	30
2142.2204090392647	2142.9042222931193	102	CONSISTS	30
2142.9042222931193	2143.098	293	OF	30
2143.098	2143.398	297	ONLY	30
2143.398	2143.988	384	SKIRTS	30
2143.988	2144.263183732684	20	AND	30
2144.263183732684	2145.058	54	BLOUSES	30
2152.979514959751	2153.150816691525	433	THE	31
2153.150816691525	2153.4920264818315	452	TWO	31
2153.4920264818315	2154.1138511712697	33	ARTISTS	31
2154.1138511712697	2155.006292604289	147	EXCHANGED	31
2155.006292604289	2155.958	39	AUTOGRAPHS	31
2163.7386205842477	2164.4564275669754	71	BUTTERSCOTCH	32
2164.4564275669754	2164.9396111661063	169	FUDGE	32
2164.9396111661063	2165.208	186	GOES	32
2165.208	2165.498	480	WELL	32
2165.498	2165.6994104021483	486	WITH	32
2165.6994104021483	2166.207256118305	462	VANILLA	32
2166.207256118305	2166.498	212	ICE	32
2166.498	2166.5618573685138	99999	sp	32
2166.5618573685138	2166.978	112	CREAM	32
2175.5607425399885	2176.01459821617	365	RICH	33
2176.01459821617	2176.6079999999997	348	PURCHASED	33
2176.6079999999997	2176.9783598254526	373	SEVERAL	33
2176.9783598254526	2177.544861091518	381	SIGNED	33
2177.544861091518	2178.638	244	LITHOGRAPHS	33
2187.361534505241	2187.7088037747126	24	ANY	34
2187.7088037747126	2188.5679999999998	105	CONTRIBUTIONS	34
2188.5679999999998	2188.673898471402	484	WILL	34
2188.673898471402	2188.9004627447234	47	BE	34
2188.9004627447234	2189.2997224230603	195	GREATLY	34
2189.2997224230603	2190.278	28	APPRECIATED	34
2198.414585902937	2198.5685574984223	433	THE	35
2198.5685574984223	2199.2117115863693	111	CRANBERRY	35
2199.2117115863693	2199.786211376876	57	BOG	35
2199.786211376876	2199.9907797079854	178	GETS	35
2199.9907797079854	2200.513349971451	464	VERY	35
2200.513349971451	2200.8472277810206	339	PRETTY	35
2200.8472277810206	2201.018	217	IN	35
2201.018	2201.648	40	AUTUMN	35
2209.308939017399	2209.5315646143345	210	HOW	36
2209.5315646143345	2209.708	128	DO	36
2209.708	2210.2893642192666	317	OYSTERS	36
2210.2893642192666	2210.598	252	MAKE	36
2210.598	2211.288	319	PEARLS	36
2218.521784717665	2218.722414372389	256	MAY	37
2218.722414372389	2218.819729753085	211	I	37
2218.819729753085	2219.188	303	ORDER	37
2219.188	2219.2942482840717	1	A	37
2219.2942482840717	2219.8707477056887	318	PARFAIT	37
2219.8707477056887	2220.298	10	AFTER	37
2220.298	2220.478	211	I	37
2220.478	2220.7411931964953	134	EAT	37
2220.7411931964953	2221.238	124	DINNER	37
2229.3015529009767	2229.498	224	IS	38
2229.498	2229.7660732764125	374	SHE	38
2229.7660732764125	2230.1659994984525	187	GOING	38
2230.1659994984525	2230.4138931702832	486	WITH	38
2230.4138931702832	2230.748	494	YOU	38
2239.465495288181	2239.6800617748413	76	CAN	39
2239.6800617748413	2239.758	433	THE	39
2239.758	2240.408	11	AGENCY	39
2240.408	2241.158	314	OVERTHROW	39
2241.158	2241.192327970198	99999	sp	39
2241.192327970198	2241.678	13	ALIEN	39
2241.678	2241.766828056695	99999	sp	39
2241.766828056695	2242.558	162	FORCES	39
2252.4139543390197	2252.5319325745218	1	A	40
2252.5319325745218	2253.310395034259	370	SCREWDRIVER	40
2253.310395034259	2253.483696397143	224	IS	40
2253.483696397143	2253.828	251	MADE	40
2253.828	2254.1068541739883	166	FROM	40
2254.1068541739883	2254.688019697519	468	VODKA	40
2254.688019697519	2254.9473051981413	20	AND	40
2254.9473051981413	2255.453151283188	302	ORANGE	40
2255.453151283188	2256.0879999999997	230	JUICE	40
2266.1729302372037	2266.3555632119355	210	HOW	41
2266.3555632119355	2266.623453194868	268	MUCH	41
2266.623453194868	2267.3425932650025	16	ALLOWANCE	41
2267.3425932650025	2267.4179999999997	128	DO	41
2267.4179999999997	2267.6805309226265	494	YOU	41
2267.6805309226265	2268.008	177	GET	41
2275.9179999999997	2276.564104329403	115	CYCLICAL	42
2276.564104329403	2277.228	345	PROGRAMS	42
2277.228	2277.390557935785	484	WILL	42
2277.390557935785	2277.708	280	NEVER	42
2277.708	2278.458	100	COMPILE	42
2285.839604841799	2285.9175904550966	433	THE	43
2285.9175904550966	2286.4254361712533	61	BOSTON	43
2286.4254361712533	2286.9439465866644	45	BALLET	43
2286.9439465866644	2287.6690855501297	311	OVERCAME	43
2287.6690855501297	2287.799061572293	434	THEIR	43
2287.799061572293	2288.3455668232464	170	FUNDING	43
2288.3455668232464	2289.118	379	SHORTAGE	43
2298.281551263888	2298.6721458740803	145	EVERY	44
2298.6721458740803	2299.048	74	CAB	44
2299.048	2299.3579999999997	279	NEEDS	44
2299.3579999999997	2300.008	363	REPAINTING	44
2300.008	2300.6679999999997	295	OFTEN	44
2309.6644812089326	2310.0277475272856	203	HELP	45
2310.0277475272856	2310.496933708645	196	GREG	45
2310.496933708645	2310.694897188555	445	TO	45
2310.694897188555	2311.0474382218194	324	PICK	45
2311.0474382218194	2311.2147406913728	1	A	45
2311.2147406913728	2311.5600103297343	320	PECK	45
2311.5600103297343	2311.729251844564	293	OF	45
2311.729251844564	2312.598	337	POTATOES	45
2320.484241422468	2320.7015346697767	475	WE	46
2320.7015346697767	2321.04407754749	240	LIKE	46
2321.04407754749	2321.294031436265	55	BLUE	46
2321.294031436265	2321.788	88	CHEESE	46
2321.788	2321.8891940815774	99999	sp	46
2321.8891940815774	2322.0679999999998	70	BUT	46
2322.0679999999998	2322.391707152117	465	VICTOR	46
2322.391707152117	2322.894947648184	241	LIKES	46
2322.894947648184	2323.258	64	BRIE	46
2331.6298809211326	2331.9111623639674	108	COUNT	47
2331.9111623639674	2331.998	433	THE	47
2331.998	2332.3579999999997	288	NUMBER	47
2332.3579999999997	2332.569646957092	293	OF	47
2332.569646957092	2333.188	428	TEASPOONS	47
2333.188	2333.368	293	OF	47
2333.368	2334.178	394	SOYSAUCE	47
2334.178	2334.2451557739478	99999	sp	47
2334.2451557739478	2334.485111507172	432	THAT	47
2334.485111507172	2334.693073142633	494	YOU	47
2334.693073142633	2335.258	7	ADD	47
2346.03534273781	2346.603843930976	44	BAGPIPES	48
2346.603843930976	2346.7871434494114	20	AND	48
2346.7871434494114	2347.4456277465465	59	BONGOS	48
2347.4456277465465	2347.5829357494467	30	ARE	48
2347.5829357494467	2348.1987612495645	272	MUSICAL	48
2348.1987612495645	2349.028	220	INSTRUMENTS	48
2356.9930169121153	2357.2276402957123	210	HOW	49
2357.2276402957123	2357.498	189	GOOD	49
2357.498	2357.7914756829546	224	IS	49
2357.7914756829546	2357.978	495	YOUR	49
2357.978	2358.808	138	ENDURANCE	49
2968.4397069070124	2968.602	30	ARE	0
2968.602	2968.7332424929846	495	YOUR	0
2968.7332424929846	2969.092	192	GRADES	0
2969.092	2969.6144317488447	206	HIGHER	0
2969.6144317488447	2969.7778631340475	301	OR	0
2969.7778631340475	2970.1854218265157	250	LOWER	0
2970.1854218265157	2970.342	431	THAN	0
2970.342	2971.122	274	NANCY'S	0
2978.722	2978.982	374	SHE	1
2978.982	2979.222	489	WORE	1
2979.222	2979.6681093312886	470	WARM	1
2979.6681093312886	2980.262	158	FLEECY	1
2980.262	2980.7095254353867	488	WOOLEN	1
2980.7095254353867	2981.692	310	OVERALLS	1
2989.771777981673	2990.0653135676453	353	READING	2
2990.0653135676453	2990.2537403411734	217	IN	2
2990.2537403411734	2990.6024052499747	334	POOR	2
2990.6024052499747	2991.042	239	LIGHT	2
2991.042	2991.1374345258655	99999	sp	2
2991.1374345258655	2991.392	181	GIVES	2
2991.392	2991.532	494	YOU	2
2991.532	2992.382	150	EYESTRAIN	2
3000.6182001823295	3000.9120000000003	142	EVEN	3
3000.9120000000003	3001.182140278678	211	I	3
3001.182140278678	3001.811452929108	292	OCCASIONALLY	3
3001.811452929108	3002.0338477944624	177	GET	3
3002.0338477944624	3002.1011430707226	433	THE	3
3002.1011430707226	3002.477297300936	264	MONDAY	3
3002.477297300936	3003.122	56	BLUES	3
3011.617798376032	3011.742	475	WE	4
3011.742	3011.902	30	ARE	4
3011.902	3012.259929174321	300	OPEN	4
3012.259929174321	3012.6820000000002	145	EVERY	4
3012.6820000000002	3013.154577485433	264	MONDAY	4
3013.154577485433	3013.672	143	EVENING	4
3025.093629098304	3025.3429420741627	226	IT'S	5
3025.3429420741627	3025.6171920288966	284	NOT	5
3025.6171920288966	3026.0382681860665	133	EASY	5
3026.0382681860665	3026.167731479443	445	TO	5
3026.167731479443	3026.831653129092	113	CREATE	5
3026.831653129092	3027.68842920328	215	ILLUMINATING	5
3027.68842920328	3028.722	146	EXAMPLES	5
3037.7638973457947	3038.0824283200923	269	MUM	6
3038.0824283200923	3038.655341119942	406	STRONGLY	6
3038.655341119942	3039.212	126	DISLIKES	6
3039.212	3040.142	27	APPETIZERS	6
3048.2149380944493	3048.482	442	THOSE	7
3048.482	3048.693637507535	483	WHO	7
3048.693637507535	3048.979482204792	426	TEACH	7
3048.979482204792	3049.661349261444	461	VALUES	7
3049.661349261444	3049.992	156	FIRST	7
3049.992	3050.608551978778	4	ABOLISH	7
3050.608551978778	3051.122	87	CHEATING	7
3058.9459975469545	3059.1068653025854	433	THE	8
3059.1068653025854	3059.4974739790814	165	FRIGHTENED	8
3059.4974739790814	3059.9524595273383	89	CHILD	8
3059.9524595273383	3060.2697086868498	471	WAS	8
3060.2697086868498	3060.618944806559	176	GENTLY	8
3060.618944806559	3061.2476162583057	409	SUBDUED	8
3061.2476162583057	3061.355288700322	73	BY	8
3061.355288700322	3061.6827923781207	208	HIS	8
3061.6827923781207	3061.9871643977435	52	BIG	8
3061.9871643977435	3062.4120000000003	66	BROTHER	8
3070.5303987746374	3070.852	142	EVEN	9
3070.852	3070.922	1	A	9
3070.922	3071.362	382	SIMPLE	9
3071.362	3072.2433690076505	467	VOCABULARY	9
3072.2433690076505	3073.0604672329255	104	CONTAINS	9
3073.0604672329255	3073.942	421	SYMBOLS	9
3086.7413889035224	3086.9182793439772	1	A	10
3086.9182793439772	3087.220729224001	110	CRAB	10
3087.220729224001	3087.2527745936486	99999	sp	10
3087.2527745936486	3087.7808238759917	85	CHALLENGED	10
3087.7808238759917	3088.1333229421157	257	ME	10
3088.1333229421157	3088.224972699308	70	BUT	10
3088.224972699308	3088.376168434595	1	A	10
3088.376168434595	3088.6658585762098	349	QUICK	10
3088.6658585762098	3089.2894027688126	401	STAB	10
3089.2894027688126	3089.822	463	VANQUISHED	10
3089.822	3090.132	207	HIM	10
3098.405490662237	3098.882	183	GLUCOSE	11
3098.882	3099.0592162030484	20	AND	11
3099.0592162030484	3099.6436653359715	167	FRUCTOSE	11
3099.6436653359715	3099.7654377406325	30	ARE	11
3099.7654377406325	3100.1499237669545	275	NATURAL	11
3100.1499237669545	3100.742	413	SUGARS	11
3100.742	3100.845890494961	99999	sp	11
3100.845890494961	3101.262	163	FOUND	11
3101.262	3101.510452760713	217	IN	11
3101.510452760713	3101.992	168	FRUIT	11
3111.5429801079	3111.702	30	ARE	12
3111.702	3111.852	494	YOU	12
3111.852	3112.152	249	LOOKING	12
3112.152	3112.372	161	FOR	12
3112.372	3113.022	136	EMPLOYMENT	12
3122.8693841190084	3123.2609785361024	98	COFFEE	13
3123.2609785361024	3123.49490973453	224	IS	13
3123.49490973453	3123.893495723497	198	GROWN	13
3123.893495723497	3124.102	296	ON	13
3124.102	3124.72982146185	403	STEEP	13
3124.72982146185	3125.0931575442046	88888	JUNGLE	13
3125.0931575442046	3125.362	240	LIKE	13
3125.362	3126.08842802472	389	SLOPES	13
3126.08842802472	3126.2480139655654	217	IN	13
3126.2480139655654	3126.7619632852634	430	TEMPERATE	13
3126.7619632852634	3127.552	496	ZONES	13
3135.546120723748	3135.682633998447	475	WE	14
3135.682633998447	3136.122	479	WELCOME	14
3136.122	3136.4644826083995	255	MANY	14
3136.4644826083995	3136.6682327499084	281	NEW	14
3136.6682327499084	3137.49109943301	407	STUDENTS	14
3137.49109943301	3137.856416646993	132	EACH	14
3137.856416646993	3138.342	490	YEAR	14
3146.8968792157884	3147.202592042227	297	ONLY	15
3147.202592042227	3147.380705888018	433	THE	15
3147.380705888018	3147.720386806283	51	BEST	15
3147.720386806283	3148.232	329	PLAYERS	15
3148.232	3148.791284359167	139	ENJOY	15
3148.791284359167	3149.752	335	POPULARITY	15
3156.03417546263	3156.542	75	CALCIUM	16
3156.542	3156.973628881799	253	MAKES	16
3156.973628881799	3157.392	58	BONES	16
3157.392	3157.627296013161	20	AND	16
3157.627296013161	3158.0118404489326	429	TEETH	16
3158.0118404489326	3158.7270346900177	405	STRONG	16
3169.267103156843	3169.672	285	NOTHING	17
3169.672	3169.9320000000002	224	IS	17
3169.9320000000002	3170.112	34	AS	17
3170.112	3170.760941179626	294	OFFENSIVE	17
3170.760941179626	3171.1576628558637	34	AS	17
3171.1576628558637	3171.982	219	INNOCENCE	17
3181.012	3181.702	404	STEVE	18
3181.702	3181.9393531185424	489	WORE	18
3181.9393531185424	3182.1123397051897	1	A	18
3182.1123397051897	3182.502	65	BRIGHT	18
3182.502	3182.9787880910117	355	RED	18
3182.9787880910117	3183.559391779577	78	CASHMERE	18
3183.559391779577	3184.1620000000003	419	SWEATER	18
3193.3606111325175	3193.738047177517	46	BARB'S	19
3193.738047177517	3194.0988780397493	188	GOLD	19
3194.0988780397493	3194.660254215236	63	BRACELET	19
3194.660254215236	3194.872	471	WAS	19
3194.872	3195.0069264140834	1	A	19
3195.0069264140834	3195.8099249680035	193	GRADUATION	19
3195.8099249680035	3196.422	338	PRESENT	19
3203.1021673971736	3203.502	130	DRAW	20
3203.502	3203.9120000000003	145	EVERY	20
3203.9120000000003	3204.248692313716	307	OUTER	20
3204.248692313716	3204.524224083236	243	LINE	20
3204.524224083236	3204.6536873766127	99999	sp	20
3204.6536873766127	3205.1651314761884	156	FIRST	20
3205.1651314761884	3205.3028681562237	99999	sp	20
3205.3028681562237	3205.729071572537	435	THEN	20
3205.729071572537	3205.952	154	FILL	20
3205.952	3206.2295618369835	217	IN	20
3206.2295618369835	3206.332	433	THE	20
3206.332	3207.042	222	INTERIOR	20
3215.5923999505644	3215.6705906525044	433	THE	21
3215.6705906525044	3215.982	474	WATER	21
3215.982	3216.7273301245837	103	CONTAINED	21
3216.7273301245837	3216.9120000000003	447	TOO	21
3216.9120000000003	3217.252874186805	268	MUCH	21
3217.252874186805	3217.919359466026	90	CHLORINE	21
3217.919359466026	3218.122	20	AND	21
3218.122	3218.6339125084282	408	STUNG	21
3218.6339125084282	3218.842	208	HIS	21
3218.842	3219.532	149	EYES	21
3227.403328785585	3227.9057417722097	229	JOHN'S	22
3227.9057417722097	3228.312	66	BROTHER	22
3228.312	3228.964403675178	362	REPAINTED	22
3228.964403675178	3229.154112263492	433	THE	22
3229.154112263492	3229.8962246150813	173	GARAGE	22
3229.8962246150813	3230.342	129	DOOR	22
3237.904941934963	3238.526563696677	84	CHALLENGE	23
3238.526563696677	3238.936103520774	132	EACH	23
3238.936103520774	3239.4628709883314	175	GENERAL'S	23
3239.4628709883314	3240.392	221	INTELLIGENCE	23
3248.40212859849	3249.3409402363964	17	AMBIDEXTROUS	24
3249.3409402363964	3249.9844112589208	326	PICKPOCKETS	24
3249.9844112589208	3250.5861646001636	6	ACCOMPLISH	24
3250.5861646001636	3251.042	266	MORE	24
3259.2786719901655	3259.4120000000003	1	A	25
3259.4120000000003	3259.9605390468178	270	MUSCULAR	25
3259.9605390468178	3260.572	2	ABDOMEN	25
3260.572	3260.836601043534	224	IS	25
3260.836601043534	3261.0775238138344	189	GOOD	25
3261.0775238138344	3261.242	161	FOR	25
3261.242	3261.4024638620613	495	YOUR	25
3261.4024638620613	3261.832	43	BACK	25
3270.5717479429704	3270.752	437	THEY	26
3270.752	3270.8966879911977	316	OWN	26
3270.8966879911977	3270.9972517511515	1	A	26
3270.9972517511515	3271.342	52	BIG	26
3271.342	3271.9053588262254	209	HOUSE	26
3271.9053588262254	3272.0264903234934	217	IN	26
3272.0264903234934	3272.132	433	THE	26
3272.132	3272.5692801845844	360	REMOTE	26
3272.5692801845844	3273.492	109	COUNTRYSIDE	26
3280.1505718479766	3280.262	433	THE	27
3280.262	3280.7170755738966	368	ROSE	27
3280.7170755738966	3281.7219596653067	106	CORSAGE	27
3281.7219596653067	3282.322	392	SMELLED	27
3282.322	3282.922	420	SWEET	27
3290.142723485857	3290.5573905690976	432	THAT	28
3290.5573905690976	3291.2392576257494	325	PICKPOCKET	28
3291.2392576257494	3291.543630227952	471	WAS	28
3291.543630227952	3291.8570339431058	80	CAUGHT	28
3291.8570339431058	3292.172	355	RED	28
3292.172	3292.712	199	HANDED	28
3302.0741432020427	3302.1895065327744	19	AN	29
3302.1895065327744	3302.7162740003314	9	ADULT	29
3302.7162740003314	3303.0802509900786	254	MALE	29
3303.0802509900786	3303.8415905634565	42	BABOON'S	29
3303.8415905634565	3304.130639797678	429	TEETH	29
3304.130639797678	3304.3375944761524	30	ARE	29
3304.3375944761524	3304.632	284	NOT	29
3304.632	3305.1329021413567	414	SUITABLE	29
3305.1329021413567	3305.400160524218	161	FOR	29
3305.400160524218	3305.7615738843933	135	EATING	29
3305.7615738843933	3306.642	375	SHELLFISH	29
3313.439001074148	3313.632	204	HER	30
3313.632	3314.052	469	WARDROBE	30
3314.052	3314.632	102	CONSISTS	30
3314.632	3314.7950442987367	293	OF	30
3314.7950442987367	3315.092	297	ONLY	30
3315.092	3315.655083610629	384	SKIRTS	30
3315.655083610629	3315.953688046295	20	AND	30
3315.953688046295	3316.802	54	BLOUSES	30
3326.6809604638925	3326.8507425135754	433	THE	31
3326.8507425135754	3327.2096506536286	452	TWO	31
3327.2096506536286	3327.702450029359	33	ARTISTS	31
3327.702450029359	3328.4362305848404	147	EXCHANGED	31
3328.4362305848404	3329.392	39	AUTOGRAPHS	31
3337.001839476198	3337.6580702371316	71	BUTTERSCOTCH	32
3337.6580702371316	3338.0945281717322	169	FUDGE	32
3338.0945281717322	3338.315582812851	186	GOES	32
3338.315582812851	3338.5956593435717	480	WELL	32
3338.5956593435717	3338.7763952283844	486	WITH	32
3338.7763952283844	3339.18779936521	462	VANILLA	32
3339.18779936521	3339.6261800219895	212	ICE	32
3339.6261800219895	3339.982	112	CREAM	32
3351.481274222834	3351.9112646740555	365	RICH	33
3351.9112646740555	3352.402	348	PURCHASED	33
3352.402	3352.7680994489833	373	SEVERAL	33
3352.7680994489833	3353.287816643928	381	SIGNED	33
3353.287816643928	3354.362	244	LITHOGRAPHS	33
3364.363043075159	3364.675164975527	24	ANY	34
3364.675164975527	3365.586418469406	105	CONTRIBUTIONS	34
3365.586418469406	3365.7024227075303	484	WILL	34
3365.7024227075303	3365.873544981449	47	BE	34
3365.873544981449	3366.2644400817003	195	GREATLY	34
3366.2644400817003	3367.182	28	APPRECIATED	34
3374.8019074572176	3374.909579899234	433	THE	35
3374.909579899234	3375.4953105556524	111	CRANBERRY	35
3375.4953105556524	3376.172050061871	57	BOG	35
3376.172050061871	3376.4322000539596	178	GETS	35
3376.4322000539596	3376.845585322414	464	VERY	35
3376.845585322414	3377.1775169425136	339	PRETTY	35
3377.1775169425136	3377.3056984211044	217	IN	35
3377.3056984211044	3377.942	40	AUTUMN	35
3385.488743717029	3385.7399794150665	210	HOW	36
3385.7399794150665	3385.96423859315	128	DO	36
3385.96423859315	3386.572	317	OYSTERS	36
3386.572	3386.8941368108744	252	MAKE	36
3386.8941368108744	3387.562	319	PEARLS	36
3395.2604819124736	3395.405268573831	256	MAY	37
3395.405268573831	3395.542	211	I	37
3395.542	3395.8218583792504	303	ORDER	37
3395.8218583792504	3395.93465808041	1	A	37
3395.93465808041	3396.476166418005	318	PARFAIT	37
3396.476166418005	3396.872	10	AFTER	37
3396.872	3397.032	211	I	37
3397.032	3397.2862146619577	134	EAT	37
3397.2862146619577	3397.682	124	DINNER	37
3405.988977152827	3406.222	224	IS	38
3406.222	3406.4311448445146	374	SHE	38
3406.4311448445146	3406.832	187	GOING	38
3406.832	3407.1123709937733	486	WITH	38
3407.1123709937733	3407.482	494	YOU	38
3415.590233981746	3415.792	76	CAN	39
3415.792	3415.892	433	THE	39
3415.892	3416.592	11	AGENCY	39
3416.592	3417.262	314	OVERTHROW	39
3417.262	3417.7736302411868	13	ALIEN	39
3417.7736302411868	3418.642	162	FORCES	39
3427.587609623826	3427.7106638432733	1	A	40
3427.7106638432733	3428.4957169901904	370	SCREWDRIVER	40
3428.4957169901904	3428.663576317694	224	IS	40
3428.663576317694	3428.965443699775	251	MADE	40
3428.965443699775	3429.242	166	FROM	40
3429.242	3429.831251178204	468	VODKA	40
3429.831251178204	3430.1266510769055	20	AND	40
3430.1266510769055	3430.6322686004955	302	ORANGE	40
3430.6322686004955	3431.172	230	JUICE	40
3438.547473306906	3438.742	210	HOW	41
3438.742	3439.002	268	MUCH	41
3439.002	3439.708680684036	16	ALLOWANCE	41
3439.708680684036	3439.842	128	DO	41
3439.842	3440.0534888614447	494	YOU	41
3440.0534888614447	3440.4120000000003	177	GET	41
3448.562	3449.2035465944355	115	CYCLICAL	42
3449.2035465944355	3449.8277319857216	345	PROGRAMS	42
3449.8277319857216	3449.9366862425236	484	WILL	42
3449.9366862425236	3450.280212605146	280	NEVER	42
3450.280212605146	3450.982	100	COMPILE	42
3457.6929459154812	3457.772	433	THE	43
3457.772	3458.2511178452933	61	BOSTON	43
3458.2511178452933	3458.712	45	BALLET	43
3458.712	3459.4334751663914	311	OVERCAME	43
3459.4334751663914	3459.67189271657	434	THEIR	43
3459.67189271657	3460.0999604456124	170	FUNDING	43
3460.0999604456124	3460.932	379	SHORTAGE	43
3470.0242343092896	3470.481783778408	145	EVERY	44
3470.481783778408	3470.834865342475	74	CAB	44
3470.834865342475	3471.2392779074285	279	NEEDS	44
3471.2392779074285	3471.872	363	REPAINTING	44
3471.872	3472.582	295	OFTEN	44
3481.20771568048	3481.582646505357	203	HELP	45
3481.582646505357	3481.935728069424	196	GREG	45
3481.935728069424	3482.1126185098788	445	TO	45
3482.1126185098788	3482.4836451896585	324	PICK	45
3482.4836451896585	3482.657972000542	1	A	45
3482.657972000542	3482.962	320	PECK	45
3482.962	3483.1706395054543	293	OF	45
3483.1706395054543	3484.062	337	POTATOES	45
3492.1496327913965	3492.342	475	WE	46
3492.342	3492.698832017707	240	LIKE	46
3492.698832017707	3492.928276864384	55	BLUE	46
3492.928276864384	3493.392	88	CHEESE	46
3493.392	3493.480680336369	99999	sp	46
3493.480680336369	3493.6639798507535	70	BUT	46
3493.6639798507535	3493.982	465	VICTOR	46
3493.982	3494.442	241	LIKES	46
3494.442	3494.513123736966	99999	sp	46
3494.513123736966	3494.862	64	BRIE	46
3503.116544708058	3503.4036125193606	108	COUNT	47
3503.4036125193606	3503.49462136916	433	THE	47
3503.49462136916	3503.862	288	NUMBER	47
3503.862	3504.032	293	OF	47
3504.032	3504.093170173438	99999	sp	47
3504.093170173438	3504.642	428	TEASPOONS	47
3504.642	3504.772	293	OF	47
3504.772	3505.699166698698	394	SOYSAUCE	47
3505.699166698698	3505.962	432	THAT	47
3505.962	3506.3592426126993	494	YOU	47
3506.3592426126993	3506.802	7	ADD	47
3515.6778586987466	3516.212	44	BAGPIPES	48
3516.212	3516.3994620137614	20	AND	48
3516.3994620137614	3517.012	59	BONGOS	48
3517.012	3517.1979742159306	30	ARE	48
3517.1979742159306	3517.8836867169402	272	MUSICAL	48
3517.8836867169402	3518.712	220	INSTRUMENTS	48
3528.3718998030963	3528.6160443343338	210	HOW	49
3528.6160443343338	3529.0252153637202	189	GOOD	49
3529.0252153637202	3529.182	224	IS	49
3529.182	3529.392	495	YOUR	49
3529.392	3530.212	138	ENDURANCE	49
