12.478059470720583	12.632	30	ARE	0
12.632	12.752	495	YOUR	0
12.752	13.122	192	GRADES	0
13.122	13.643202892507386	206	HIGHER	0
13.643202892507386	13.745511028861516	99999	sp	0
13.745511028861516	13.881534346514169	301	OR	0
13.881534346514169	14.282	250	LOWER	0
14.282	14.472	431	THAN	0
14.472	15.292	274	NANCY'S	0
19.733084842639713	20.052	374	SHE	1
20.052	20.307405517173127	489	WORE	1
20.307405517173127	20.792	470	WARM	1
20.792	21.442	158	FLEECY	1
21.442	21.89495021681364	488	WOOLEN	1
21.89495021681364	22.872	310	OVERALLS	1
31.172	31.522	353	READING	2
31.522	31.713819220954445	217	IN	2
31.713819220954445	32.012	334	POOR	2
32.012	32.452	239	LIGHT	2
32.452	32.567813954250056	99999	sp	2
32.567813954250056	32.82433329955679	181	GIVES	2
32.82433329955679	32.93161864325784	494	YOU	2
32.93161864325784	33.732	150	EYESTRAIN	2
41.72925085047719	42.088297950753216	142	EVEN	3
42.088297950753216	42.33204047043164	211	I	3
42.33204047043164	42.972	292	OCCASIONALLY	3
42.972	43.20188025165709	177	GET	3
43.20188025165709	43.27217859671056	433	THE	3
43.27217859671056	43.65192726653203	264	MONDAY	3
43.65192726653203	44.422	56	BLUES	3
52.90848186587248	53.062	475	WE	4
53.062	53.22029531579511	30	ARE	4
53.22029531579511	53.622	300	OPEN	4
53.622	53.68897542762499	99999	sp	4
53.68897542762499	54.112	145	EVERY	4
54.112	54.6922623470392	264	MONDAY	4
54.6922623470392	55.212	143	EVENING	4
63.48426089169609	63.712	226	IT'S	5
63.712	64.01281152917211	284	NOT	5
64.01281152917211	64.44303925336091	133	EASY	5
64.44303925336091	64.65872785371583	445	TO	5
64.65872785371583	65.15362578828032	113	CREATE	5
65.15362578828032	66.07559956590318	215	ILLUMINATING	5
66.07559956590318	66.932	146	EXAMPLES	5
75.78058397419433	76.15149143285737	269	MUM	6
76.15149143285737	76.792	406	STRONGLY	6
76.792	77.402	126	DISLIKES	6
77.402	78.312	27	APPETIZERS	6
86.70947805074408	86.992	442	THOSE	7
86.992	87.15003882455255	483	WHO	7
87.15003882455255	87.442	426	TEACH	7
87.442	88.082	461	VALUES	7
88.082	88.472	156	FIRST	7
88.472	89.09374307896934	4	ABOLISH	7
89.09374307896934	89.572	87	CHEATING	7
98.56228413741357	98.632	433	THE	8
98.632	99.22339736841903	165	FRIGHTENED	8
99.22339736841903	99.90422900078802	89	CHILD	8
99.90422900078802	100.20246275017288	471	WAS	8
100.20246275017288	100.60124807423968	176	GENTLY	8
100.60124807423968	101.262	409	SUBDUED	8
101.262	101.492	73	BY	8
101.492	101.762	208	HIS	8
101.762	101.83829419177326	99999	sp	8
101.83829419177326	102.082	52	BIG	8
102.082	102.1965941259145	99999	sp	8
102.1965941259145	102.602	66	BROTHER	8
113.10637513703637	113.41033179088659	142	EVEN	9
113.41033179088659	113.49116496420498	1	A	9
113.49116496420498	113.93736611176126	382	SIMPLE	9
113.93736611176126	114.92936616414487	467	VOCABULARY	9
114.92936616414487	115.652	104	CONTAINS	9
115.652	116.572	421	SYMBOLS	9
125.50055340341909	125.67453684567987	1	A	10
125.67453684567987	126.09893465654572	110	CRAB	10
126.09893465654572	126.712	85	CHALLENGED	10
126.712	126.972	257	ME	10
126.972	127.19202430466163	99999	sp	10
127.19202430466163	127.25830560142631	70	BUT	10
127.25830560142631	127.40894491225518	1	A	10
127.40894491225518	127.712	349	QUICK	10
127.712	128.232	401	STAB	10
128.232	128.872	463	VANQUISHED	10
128.872	129.152	207	HIM	10
138.692	139.2057018624566	183	GLUCOSE	11
139.2057018624566	139.3503156008523	20	AND	11
139.3503156008523	140.04416443456842	167	FRUCTOSE	11
140.04416443456842	140.212	30	ARE	11
140.212	140.66427261320297	275	NATURAL	11
140.66427261320297	141.22880550430784	413	SUGARS	11
141.22880550430784	141.66209645937445	163	FOUND	11
141.66209645937445	141.79419132350094	217	IN	11
141.79419132350094	142.192	168	FRUIT	11
151.56697946469316	151.702	30	ARE	12
151.702	151.882	494	YOU	12
151.882	152.202	249	LOOKING	12
152.202	152.472	161	FOR	12
152.472	153.212	136	EMPLOYMENT	12
160.42697740136097	160.95801653145435	98	COFFEE	13
160.95801653145435	161.172	224	IS	13
161.172	161.2351103326619	99999	sp	13
161.2351103326619	161.67205761547214	198	GROWN	13
161.67205761547214	161.872	296	ON	13
161.872	162.46392057497283	403	STEEP	13
162.46392057497283	162.98866206234038	88888	JUNGLE	13
162.98866206234038	163.352	240	LIKE	13
163.352	164.0792815764442	389	SLOPES	13
164.0792815764442	164.27364680858165	217	IN	13
164.27364680858165	164.742	430	TEMPERATE	13
164.742	164.80985246348493	99999	sp	13
164.80985246348493	165.602	496	ZONES	13
176.85310762332608	177.042	475	WE	14
177.042	177.512	479	WELCOME	14
177.512	177.832	255	MANY	14
177.832	178.092	281	NEW	14
178.092	178.9693554145849	407	STUDENTS	14
178.9693554145849	179.362	132	EACH	14
179.362	179.832	490	YEAR	14
188.6741380442313	188.98880682685157	297	ONLY	15
188.98880682685157	189.19436415623204	433	THE	15
189.19436415623204	189.542	51	BEST	15
189.542	189.60431709940178	99999	sp	15
189.60431709940178	190.202	329	PLAYERS	15
190.202	190.2817125412776	99999	sp	15
190.2817125412776	190.82586364250588	139	ENJOY	15
190.82586364250588	191.772	335	POPULARITY	15
201.97775897489814	202.582	75	CALCIUM	16
202.582	203.012	253	MAKES	16
203.012	203.123531860636	99999	sp	16
203.123531860636	203.65448846001195	58	BONES	16
203.65448846001195	203.8727664423068	20	AND	16
203.8727664423068	204.222	429	TEETH	16
204.222	204.992	405	STRONG	16
213.96206070929412	214.55710054171522	285	NOTHING	17
214.55710054171522	214.762	224	IS	17
214.762	214.98953244915856	34	AS	17
214.98953244915856	215.70298043631067	294	OFFENSIVE	17
215.70298043631067	216.01691553877038	34	AS	17
216.01691553877038	216.832	219	INNOCENCE	17
225.022	225.74215636947642	404	STEVE	18
225.74215636947642	226.002	489	WORE	18
226.002	226.042	1	A	18
226.042	226.64719066725084	65	BRIGHT	18
226.64719066725084	227.2090455261633	355	RED	18
227.2090455261633	227.812	78	CASHMERE	18
227.812	228.352	419	SWEATER	18
236.97026249096237	237.4802564426661	46	BARB'S	19
237.4802564426661	237.722	188	GOLD	19
237.722	237.8612432392612	99999	sp	19
237.8612432392612	238.562	63	BRACELET	19
238.562	238.6703299879731	99999	sp	19
238.6703299879731	238.812	471	WAS	19
238.812	238.9437032893247	1	A	19
238.9437032893247	239.69800962601786	193	GRADUATION	19
239.69800962601786	240.162	338	PRESENT	19
249.35558631896149	249.75220809311418	130	DRAW	20
249.75220809311418	250.17650533423338	145	EVERY	20
250.17650533423338	250.4963944353857	307	OUTER	20
250.4963944353857	250.8026925605687	243	LINE	20
250.8026925605687	251.492	156	FIRST	20
251.492	251.63024164269854	99999	sp	20
251.63024164269854	252.0209335114358	435	THEN	20
252.0209335114358	252.3735816408687	154	FILL	20
252.3735816408687	252.612	217	IN	20
252.612	252.712	433	THE	20
252.712	253.352	222	INTERIOR	20
263.20473943122244	263.342	433	THE	21
263.342	263.672	474	WATER	21
263.672	264.432	103	CONTAINED	21
264.432	264.513590899672	99999	sp	21
264.513590899672	264.722	447	TOO	21
264.722	265.13777658237115	268	MUCH	21
265.13777658237115	265.8571903124644	90	CHLORINE	21
265.8571903124644	266.052	20	AND	21
266.052	266.5892371061605	408	STUNG	21
266.5892371061605	266.822	208	HIS	21
266.822	267.492	149	EYES	21
277.2497064406241	277.7942510988294	229	JOHN'S	22
277.7942510988294	278.2121084293902	66	BROTHER	22
278.2121084293902	278.9248810992153	362	REPAINTED	22
278.9248810992153	278.9962104054485	433	THE	22
278.9962104054485	279.7062483465744	173	GARAGE	22
279.7062483465744	280.212	129	DOOR	22
288.5419109600757	289.192	84	CHALLENGE	23
289.192	289.29337256359685	99999	sp	23
289.29337256359685	289.712	132	EACH	23
289.712	289.79142653159846	99999	sp	23
289.79142653159846	290.369441372937	175	GENERAL'S	23
290.369441372937	291.282	221	INTELLIGENCE	23
298.76407165375275	299.8137207705158	17	AMBIDEXTROUS	24
299.8137207705158	300.502	326	PICKPOCKETS	24
300.502	301.112	6	ACCOMPLISH	24
301.112	301.492	266	MORE	24
309.6129625591384	309.72227509752975	1	A	25
309.72227509752975	310.37673188071415	270	MUSCULAR	25
310.37673188071415	310.91817639696285	2	ABDOMEN	25
310.91817639696285	311.212	224	IS	25
311.212	311.2854190225358	99999	sp	25
311.2854190225358	311.4426060839007	189	GOOD	25
311.4426060839007	311.722	161	FOR	25
311.722	311.8562043721037	495	YOUR	25
311.8562043721037	312.342	43	BACK	25
320.90735328182024	321.092	437	THEY	26
321.092	321.31397950582664	316	OWN	26
321.31397950582664	321.422	1	A	26
321.422	321.81089352395446	52	BIG	26
321.81089352395446	322.422	209	HOUSE	26
322.422	322.632	217	IN	26
322.632	322.722	433	THE	26
322.722	323.172	360	REMOTE	26
323.172	323.2460021433946	99999	sp	26
323.2460021433946	324.1311614540177	109	COUNTRYSIDE	26
333.4939829430606	333.6395349642882	433	THE	27
333.6395349642882	334.12656447214977	368	ROSE	27
334.12656447214977	334.8801721678026	106	CORSAGE	27
334.8801721678026	335.4751468714014	392	SMELLED	27
335.4751468714014	336.062	420	SWEET	27
344.2947580646635	344.5680394106419	432	THAT	28
344.5680394106419	345.3213217607461	325	PICKPOCKET	28
345.3213217607461	345.618366702027	471	WAS	28
345.618366702027	346.0374962970926	80	CAUGHT	28
346.0374962970926	346.34966772647664	355	RED	28
346.34966772647664	346.952	199	HANDED	28
355.2307169351575	355.2942845525916	19	AN	29
355.2942845525916	355.8295029355654	9	ADULT	29
355.8295029355654	356.28944556963825	254	MALE	29
356.28944556963825	356.992	42	BABOON'S	29
356.992	357.0666541878193	99999	sp	29
357.0666541878193	357.48839590651886	429	TEETH	29
357.48839590651886	357.602	30	ARE	29
357.602	357.922	284	NOT	29
357.922	358.47226921579676	414	SUITABLE	29
358.47226921579676	358.66104361579215	161	FOR	29
358.66104361579215	359.032	135	EATING	29
359.032	359.782	375	SHELLFISH	29
369.9001163847729	370.112	204	HER	30
370.112	370.6452221624754	469	WARDROBE	30
370.6452221624754	371.4668138556642	102	CONSISTS	30
371.4668138556642	371.7123631334619	293	OF	30
371.7123631334619	371.992	297	ONLY	30
371.992	372.6946278392765	384	SKIRTS	30
372.6946278392765	372.8638758611822	20	AND	30
372.8638758611822	373.682	54	BLOUSES	30
382.89169607193224	383.0770521152915	433	THE	31
383.0770521152915	383.457123457472	452	TWO	31
383.457123457472	383.942	33	ARTISTS	31
383.942	384.02282508405085	99999	sp	31
384.02282508405085	384.882	147	EXCHANGED	31
384.882	384.93854622631346	99999	sp	31
384.93854622631346	385.872	39	AUTOGRAPHS	31
394.10740917919213	394.7919287822835	71	BUTTERSCOTCH	32
394.7919287822835	395.332	169	FUDGE	32
395.332	395.43442517978207	99999	sp	32
395.43442517978207	395.712	186	GOES	32
395.712	396.0687048937796	480	WELL	32
396.0687048937796	396.3237772583001	486	WITH	32
396.3237772583001	396.8692676769755	462	VANILLA	32
396.8692676769755	397.22215706721715	212	ICE	32
397.22215706721715	397.572	112	CREAM	32
406.782	407.182	365	RICH	33
407.182	407.258193961468	99999	sp	33
407.258193961468	407.732	348	PURCHASED	33
407.732	408.262	373	SEVERAL	33
408.262	408.80012981359135	381	SIGNED	33
408.80012981359135	409.892	244	LITHOGRAPHS	33
418.30757839172594	418.6141287711278	24	ANY	34
418.6141287711278	419.6226285099252	105	CONTRIBUTIONS	34
419.6226285099252	419.73907562361234	484	WILL	34
419.73907562361234	419.965619521873	47	BE	34
419.965619521873	420.392	195	GREATLY	34
420.392	421.222	28	APPRECIATED	34
429.53458470345976	429.70687076940266	433	THE	35
429.70687076940266	430.50700763219487	111	CRANBERRY	35
430.50700763219487	431.0927181584813	57	BOG	35
431.0927181584813	431.3286779134184	178	GETS	35
431.3286779134184	431.842	464	VERY	35
431.842	431.89827492154615	99999	sp	35
431.89827492154615	432.3379289181672	339	PRETTY	35
432.3379289181672	432.4620151155879	217	IN	35
432.4620151155879	433.042	40	AUTUMN	35
442.3346042008044	442.5864983110106	210	HOW	36
442.5864983110106	442.87413289232046	128	DO	36
442.87413289232046	443.42183265953304	317	OYSTERS	36
443.42183265953304	443.7235682219551	252	MAKE	36
443.7235682219551	444.472	319	PEARLS	36
452.47239313774804	452.7358491967623	256	MAY	37
452.7358491967623	452.9081352627052	211	I	37
452.9081352627052	453.232	303	ORDER	37
453.232	453.34710558799895	1	A	37
453.34710558799895	453.9870739466033	318	PARFAIT	37
453.9870739466033	454.402	10	AFTER	37
454.402	454.492	211	I	37
454.492	454.632	134	EAT	37
454.632	454.73695992689187	99999	sp	37
454.73695992689187	455.192	124	DINNER	37
463.1460220310742	463.282	224	IS	38
463.282	463.5171710316062	374	SHE	38
463.5171710316062	463.8743251225858	187	GOING	38
463.8743251225858	464.08938566007316	486	WITH	38
464.08938566007316	464.432	494	YOU	38
471.39414787500266	471.612	76	CAN	39
471.612	471.7877096182976	433	THE	39
471.7877096182976	472.382	11	AGENCY	39
472.382	473.1710124783667	314	OVERTHROW	39
473.1710124783667	473.662	13	ALIEN	39
473.662	474.522	162	FORCES	39
482.84497988980326	483.002	1	A	40
483.002	483.792	370	SCREWDRIVER	40
483.792	483.95726069845415	224	IS	40
483.95726069845415	484.192	251	MADE	40
484.192	484.502	166	FROM	40
484.502	485.092	468	VODKA	40
485.092	485.1760682556782	99999	sp	40
485.1760682556782	485.4223742961325	20	AND	40
485.4223742961325	485.85242777648267	302	ORANGE	40
485.85242777648267	486.402	230	JUICE	40
495.34323278791237	495.542	210	HOW	41
495.542	495.8282800675447	268	MUCH	41
495.8282800675447	496.68836418062654	16	ALLOWANCE	41
496.68836418062654	496.842	128	DO	41
496.842	497.1061896545872	494	YOU	41
497.1061896545872	497.552	177	GET	41
505.082	505.732	115	CYCLICAL	42
505.732	505.8366046730532	99999	sp	42
505.8366046730532	506.462	345	PROGRAMS	42
506.462	506.592	484	WILL	42
506.592	506.93548975259824	280	NEVER	42
506.93548975259824	507.542	100	COMPILE	42
515.5645885766041	515.7309991719691	433	THE	43
515.7309991719691	516.182	61	BOSTON	43
516.182	516.773204426228	45	BALLET	43
516.773204426228	517.4643572623276	311	OVERCAME	43
517.4643572623276	517.5893958304755	434	THEIR	43
517.5893958304755	518.1115919403287	170	FUNDING	43
518.1115919403287	518.892	379	SHORTAGE	43
527.42962324909	527.9106796199403	145	EVERY	44
527.9106796199403	528.4928887087486	74	CAB	44
528.4928887087486	528.7940792855836	279	NEEDS	44
528.7940792855836	529.5057428458206	363	REPAINTING	44
529.5057428458206	530.172	295	OFTEN	44
538.2582222476294	538.4927163651921	203	HELP	45
538.4927163651921	538.7068018364331	99999	sp	45
538.7068018364331	539.1107353897156	196	GREG	45
539.1107353897156	539.343584396669	445	TO	45
539.343584396669	539.702	324	PICK	45
539.702	539.8880503387531	1	A	45
539.8880503387531	540.192121412499	320	PECK	45
540.192121412499	540.3663659696481	293	OF	45
540.3663659696481	541.202	337	POTATOES	45
549.0451697050428	549.282	475	WE	46
549.282	549.6316721131562	240	LIKE	46
549.6316721131562	549.842	55	BLUE	46
549.842	550.402	88	CHEESE	46
550.402	550.5501161579522	99999	sp	46
550.5501161579522	550.6536881295716	70	BUT	46
550.6536881295716	551.0876749179939	465	VICTOR	46
551.0876749179939	551.5725848311265	241	LIKES	46
551.5725848311265	551.932	64	BRIE	46
560.5919802804265	560.8960513541724	108	COUNT	47
560.8960513541724	560.982	433	THE	47
560.982	561.3567324645956	288	NUMBER	47
561.3567324645956	561.532	293	OF	47
561.532	561.6109803362224	99999	sp	47
561.6109803362224	562.3671544682708	428	TEASPOONS	47
562.3671544682708	562.5073911302482	293	OF	47
562.5073911302482	563.372	394	SOYSAUCE	47
563.372	563.4489425889373	99999	sp	47
563.4489425889373	563.6796862293577	432	THAT	47
563.6796862293577	563.862	494	YOU	47
563.862	564.362	7	ADD	47
573.6487929455909	574.352	44	BAGPIPES	48
574.352	574.6570344463101	20	AND	48
574.6570344463101	575.302	59	BONGOS	48
575.302	575.4834182667369	30	ARE	48
575.4834182667369	576.127448045872	272	MUSICAL	48
576.127448045872	577.122	220	INSTRUMENTS	48
585.8914051736062	586.172	210	HOW	49
586.172	586.2797011775689	99999	sp	49
586.2797011775689	586.5628653802412	189	GOOD	49
586.5628653802412	586.7516798452498	224	IS	49
586.7516798452498	586.932	495	YOUR	49
586.932	587.782	138	ENDURANCE	49
603.6121680896949	603.7439999999999	30	ARE	0
603.7439999999999	603.8675056006898	495	YOUR	0
603.8675056006898	604.274	192	GRADES	0
604.274	604.7965068487447	206	HIGHER	0
604.7965068487447	604.954	301	OR	0
604.954	605.3747796900036	250	LOWER	0
605.3747796900036	605.5247520232687	431	THAN	0
605.5247520232687	606.3539999999999	274	NANCY'S	0
614.6469125079335	614.934	374	SHE	1
614.934	615.2859236224714	489	WORE	1
615.2859236224714	615.6543488858082	470	WARM	1
615.6543488858082	616.304	158	FLEECY	1
616.304	616.6970932864446	488	WOOLEN	1
616.6970932864446	617.574	310	OVERALLS	1
626.266864096219	626.554	353	READING	2
626.554	626.7474745854446	217	IN	2
626.7474745854446	627.034	334	POOR	2
627.034	627.5080334300983	239	LIGHT	2
627.5080334300983	627.764	181	GIVES	2
627.764	627.8739999999999	494	YOU	2
627.8739999999999	628.644	150	EYESTRAIN	2
637.9275073294859	638.2066865960255	142	EVEN	3
638.2066865960255	638.4374132625871	211	I	3
638.4374132625871	639.1495195072629	292	OCCASIONALLY	3
639.1495195072629	639.3456371738403	177	GET	3
639.3456371738403	639.4140860849203	433	THE	3
639.4140860849203	639.774	264	MONDAY	3
639.774	640.4939999999999	56	BLUES	3
648.8599635175289	648.9739999999999	475	WE	4
648.9739999999999	649.1139999999999	30	ARE	4
649.1139999999999	649.5436134733287	300	OPEN	4
649.5436134733287	650.0404448953248	145	EVERY	4
650.0404448953248	650.5979642734043	264	MONDAY	4
650.5979642734043	651.1139999999999	143	EVENING	4
659.7416601349182	660.0046184686873	226	IT'S	5
660.0046184686873	660.2239999999999	284	NOT	5
660.2239999999999	660.6998748239264	133	EASY	5
660.6998748239264	660.893615157727	445	TO	5
660.893615157727	661.424	113	CREATE	5
661.424	661.4919663130103	99999	sp	5
661.4919663130103	662.3547430257585	215	ILLUMINATING	5
662.3547430257585	663.3338730583939	146	EXAMPLES	5
672.8765048593517	673.2648947480639	269	MUM	6
673.2648947480639	673.9885373260677	406	STRONGLY	6
673.9885373260677	674.6721872818675	126	DISLIKES	6
674.6721872818675	675.644	27	APPETIZERS	6
684.3303335437027	684.624	442	THOSE	7
684.624	684.8179358990363	483	WHO	7
684.8179358990363	685.0648134322573	426	TEACH	7
685.0648134322573	685.794	461	VALUES	7
685.794	685.8615194546725	99999	sp	7
685.8615194546725	686.1875430773017	156	FIRST	7
686.1875430773017	686.868885766436	4	ABOLISH	7
686.868885766436	687.3539999999999	87	CHEATING	7
695.258944583293	695.334	433	THE	8
695.334	695.84415116136	165	FRIGHTENED	8
695.84415116136	696.4386203591948	89	CHILD	8
696.4386203591948	696.7616376923811	471	WAS	8
696.7616376923811	697.1653389967629	176	GENTLY	8
697.1653389967629	697.9028251747604	409	SUBDUED	8
697.9028251747604	698.043568441363	73	BY	8
698.043568441363	698.3439999999999	208	HIS	8
698.3439999999999	698.4657982411709	99999	sp	8
698.4657982411709	698.6941475749558	52	BIG	8
698.6941475749558	698.8148945304564	99999	sp	8
698.8148945304564	699.204	66	BROTHER	8
707.1588077180111	707.494130473414	142	EVEN	9
707.494130473414	707.5625793844939	1	A	9
707.5625793844939	708.030884451503	382	SIMPLE	9
708.030884451503	708.9121902516573	467	VOCABULARY	9
708.9121902516573	709.6039999999999	104	CONTAINS	9
709.6039999999999	710.454	421	SYMBOLS	9
719.4454893065486	719.653143306454	1	A	10
719.653143306454	720.0945302623642	110	CRAB	10
720.0945302623642	720.6935804404247	85	CHALLENGED	10
720.6935804404247	721.024	257	ME	10
721.024	721.1873355068667	99999	sp	10
721.1873355068667	721.291931595708	70	BUT	10
721.291931595708	721.4511329956355	1	A	10
721.4511329956355	721.784	349	QUICK	10
721.784	722.3539999999999	401	STAB	10
722.3539999999999	722.944	463	VANQUISHED	10
722.944	723.2539999999999	88888	HH	10
731.4183817405922	732.0043574075477	183	GLUCOSE	11
732.0043574075477	732.1927841852396	20	AND	11
732.1927841852396	732.8718896738194	167	FRUCTOSE	11
732.8718896738194	732.9933356520974	30	ARE	11
732.9933356520974	733.4517126296665	275	NATURAL	11
733.4517126296665	734.1538204228013	413	SUGARS	11
734.1538204228013	734.4739999999999	163	FOUND	11
734.4739999999999	734.6382760604796	217	IN	11
734.6382760604796	735.074	168	FRUIT	11
742.5914915006766	742.7639999999999	30	ARE	12
742.7639999999999	742.894	494	YOU	12
742.894	743.201378989288	249	LOOKING	12
743.201378989288	743.424	161	FOR	12
743.424	744.1039999999999	136	EMPLOYMENT	12
754.7390365865497	755.1704253869088	98	COFFEE	13
755.1704253869088	755.3796175645914	224	IS	13
755.3796175645914	755.4849827423212	99999	sp	13
755.4849827423212	755.8656116760368	198	GROWN	13
755.8656116760368	756.1309473425827	296	ON	13
756.1309473425827	756.8184427428253	403	STEEP	13
756.8184427428253	757.374	88888	JUNGLE	13
757.374	757.624	240	LIKE	13
757.624	758.374	389	SLOPES	13
758.374	758.4641525360861	99999	sp	13
758.4641525360861	758.6318139137875	217	IN	13
758.6318139137875	759.2316331807366	430	TEMPERATE	13
759.2316331807366	760.064	496	ZONES	13
768.4422397755534	768.624	475	WE	14
768.624	769.0566717313848	479	WELCOME	14
769.0566717313848	769.446599797874	255	MANY	14
769.446599797874	769.6687964205506	281	NEW	14
769.6687964205506	770.524	407	STUDENTS	14
770.524	770.6131675095651	99999	sp	14
770.6131675095651	770.954	132	EACH	14
770.954	771.4739999999999	490	YEAR	14
782.11237214235	782.4161622533228	297	ONLY	15
782.4161622533228	782.4899247205113	433	THE	15
782.4899247205113	783.0029070091667	51	BEST	15
783.0029070091667	783.5834990539024	329	PLAYERS	15
783.5834990539024	784.1933865425137	139	ENJOY	15
784.1933865425137	785.084	335	POPULARITY	15
794.5044195005974	795.0727061231163	75	CALCIUM	16
795.0727061231163	795.414	253	MAKES	16
795.414	795.4857068562617	99999	sp	16
795.4857068562617	795.9816991232581	58	BONES	16
795.9816991232581	796.2124257898197	20	AND	16
796.2124257898197	796.664	429	TEETH	16
796.664	797.434	405	STRONG	16
805.9743993475977	806.4903876297061	285	NOTHING	17
806.4903876297061	806.684	224	IS	17
806.684	806.914	34	AS	17
806.914	807.5939999999999	294	OFFENSIVE	17
807.5939999999999	807.9538233563832	34	AS	17
807.9538233563832	808.774	219	INNOCENCE	17
817.634	818.424	404	STEVE	18
818.424	818.4640500406083	99999	sp	18
818.4640500406083	818.7486129293677	489	WORE	18
818.7486129293677	818.834	1	A	18
818.834	819.434	65	BRIGHT	18
819.434	820.136678240958	355	RED	18
820.136678240958	820.694	78	CASHMERE	18
820.694	821.2539999999999	419	SWEATER	18
831.0514459765444	831.5651272879772	46	BARB'S	19
831.5651272879772	831.9212154433707	188	GOLD	19
831.9212154433707	832.584	63	BRACELET	19
832.584	832.6633158587094	99999	sp	19
832.6633158587094	832.8155954586401	471	WAS	19
832.8155954586401	832.8571262586213	1	A	19
832.8571262586213	833.6830573628108	193	GRADUATION	19
833.6830573628108	834.2139999999999	338	PRESENT	19
841.7216425576056	842.154	130	DRAW	20
842.154	842.524	145	EVERY	20
842.524	842.8305986687675	307	OUTER	20
842.8305986687675	843.1304732691865	243	LINE	20
843.1304732691865	843.8439999999999	156	FIRST	20
843.8439999999999	843.9156429582735	99999	sp	20
843.9156429582735	844.2355839359057	435	THEN	20
844.2355839359057	844.6023692696274	154	FILL	20
844.6023692696274	844.8254050473038	217	IN	20
844.8254050473038	844.944	433	THE	20
844.944	845.654	222	INTERIOR	20
855.0795248356554	855.204	433	THE	21
855.204	855.647112435397	474	WATER	21
855.647112435397	856.3676786578468	103	CONTAINED	21
856.3676786578468	856.614	447	TOO	21
856.614	856.959037947022	268	MUCH	21
856.959037947022	857.654	90	CHLORINE	21
857.654	857.944	20	AND	21
857.944	858.5039999999999	408	STUNG	21
858.5039999999999	858.7539999999999	208	HIS	21
858.7539999999999	859.5039999999999	149	EYES	21
867.2339999999999	867.7915105076249	229	JOHN'S	22
867.7915105076249	868.174	66	BROTHER	22
868.174	868.7504939895316	362	REPAINTED	22
868.7504939895316	868.9004663227968	433	THE	22
868.9004663227968	869.5879617230393	173	GARAGE	22
869.5879617230393	870.0239999999999	129	DOOR	22
877.864	878.4424798664726	84	CHALLENGE	23
878.4424798664726	878.970004777899	132	EACH	23
878.970004777899	879.5598959554084	175	GENERAL'S	23
879.5598959554084	880.5339999999999	221	INTELLIGENCE	23
888.6740498888947	889.604	17	AMBIDEXTROUS	24
889.604	889.674038902136	99999	sp	24
889.674038902136	890.3484597912734	326	PICKPOCKETS	24
890.3484597912734	891.0052617020856	6	ACCOMPLISH	24
891.0052617020856	891.434	266	MORE	24
900.5457352920444	900.678018580873	1	A	25
900.678018580873	901.2916814478159	270	MUSCULAR	25
901.2916814478159	902.0339999999999	2	ABDOMEN	25
902.0339999999999	902.0899256480079	99999	sp	25
902.0899256480079	902.3244977590123	224	IS	25
902.3244977590123	902.5605376856926	189	GOOD	25
902.5605376856926	902.7139999999999	161	FOR	25
902.7139999999999	902.9089349522008	495	YOUR	25
902.9089349522008	903.374	43	BACK	25
914.1789502082311	914.3439999999999	437	THEY	26
914.3439999999999	914.504274808083	316	OWN	26
914.504274808083	914.7126278307658	1	A	26
914.7126278307658	914.9739999999999	52	BIG	26
914.9739999999999	915.544	209	HOUSE	26
915.544	915.7339078086342	217	IN	26
915.7339078086342	915.7839999999999	433	THE	26
915.7839999999999	916.3014954083759	360	REMOTE	26
916.3014954083759	917.124	109	COUNTRYSIDE	26
924.0285990113325	924.174	433	THE	27
924.174	924.5953474560744	368	ROSE	27
924.5953474560744	924.649183678272	99999	sp	27
924.649183678272	925.444	106	CORSAGE	27
925.444	925.694	99999	sp	27
925.694	926.294	392	SMELLED	27
926.294	926.894	420	SWEET	27
934.7011034510392	934.9856663397986	432	THAT	28
934.9856663397986	935.766990584443	325	PICKPOCKET	28
935.766990584443	936.0437925182057	471	WAS	28
936.0437925182057	936.4537168957968	80	CAUGHT	28
936.4537168957968	936.874	355	RED	28
936.874	937.5939999999999	199	HANDED	28
947.3707206479778	947.4839999999999	19	AN	29
947.4839999999999	947.965995447707	9	ADULT	29
947.965995447707	948.3466240854325	254	MALE	29
948.3466240854325	949.104	42	BABOON'S	29
949.104	949.1833227300516	99999	sp	29
949.1833227300516	949.5039999999999	429	TEETH	29
949.5039999999999	949.6762386414938	30	ARE	29
949.6762386414938	949.9431124858168	284	NOT	29
949.9431124858168	950.4337911967045	414	SUITABLE	29
950.4337911967045	950.6552187304926	161	FOR	29
950.6552187304926	951.084	135	EATING	29
951.084	951.9839999999999	375	SHELLFISH	29
959.634	959.834	204	HER	30
959.834	960.4071938367294	469	WARDROBE	30
960.4071938367294	961.1669835924947	102	CONSISTS	30
961.1669835924947	961.3046505035431	293	OF	30
961.3046505035431	961.624	297	ONLY	30
961.624	962.2639999999999	384	SKIRTS	30
962.2639999999999	962.3874575924948	99999	sp	30
962.3874575924948	962.6074170146169	20	AND	30
962.6074170146169	963.424	54	BLOUSES	30
971.647285580188	971.830258669549	433	THE	31
971.830258669549	972.124	452	TWO	31
972.124	972.9315238918256	33	ARTISTS	31
972.9315238918256	973.7789897808842	147	EXCHANGED	31
973.7789897808842	974.634	39	AUTOGRAPHS	31
982.712723191867	983.466360236524	71	BUTTERSCOTCH	32
983.466360236524	983.9715815701827	169	FUDGE	32
983.9715815701827	984.2639999999999	186	GOES	32
984.2639999999999	984.624	480	WELL	32
984.624	984.8439999999999	486	WITH	32
984.8439999999999	985.3935565629899	462	VANILLA	32
985.3935565629899	985.7887981855877	212	ICE	32
985.7887981855877	986.2539999999999	112	CREAM	32
994.5279526997501	994.9332625440102	365	RICH	33
994.9332625440102	995.584	348	PURCHASED	33
995.584	995.9845366925415	373	SEVERAL	33
995.9845366925415	996.624	381	SIGNED	33
996.624	997.7539999999999	244	LITHOGRAPHS	33
1006.2601909697723	1006.637813614045	24	ANY	34
1006.637813614045	1007.6413344813658	105	CONTRIBUTIONS	34
1007.6413344813658	1007.7213197257738	484	WILL	34
1007.7213197257738	1007.9651209034407	47	BE	34
1007.9651209034407	1008.3673543921465	195	GREATLY	34
1008.3673543921465	1009.194	28	APPRECIATED	34
1017.377927809832	1017.5309764986512	433	THE	35
1017.5309764986512	1018.1907844029163	111	CRANBERRY	35
1018.1907844029163	1018.766831980432	57	BOG	35
1018.766831980432	1018.9698714470062	178	GETS	35
1018.9698714470062	1019.4481746695662	464	VERY	35
1019.4481746695662	1019.7826582699695	339	PRETTY	35
1019.7826582699695	1019.944	217	IN	35
1019.944	1020.444	40	AUTUMN	35
1028.8325246951017	1029.014	210	HOW	36
1029.014	1029.1724619838358	128	DO	36
1029.1724619838358	1029.812273872989	317	OYSTERS	36
1029.812273872989	1030.060689583987	252	MAKE	36
1030.060689583987	1030.774	319	PEARLS	36
1041.512980090561	1041.7121741126925	256	MAY	37
1041.7121741126925	1041.8339999999998	211	I	37
1041.8339999999998	1042.134	303	ORDER	37
1042.134	1042.2281626907911	1	A	37
1042.2281626907911	1042.8372110244027	318	PARFAIT	37
1042.8372110244027	1043.2063736909013	10	AFTER	37
1043.2063736909013	1043.414726417594	211	I	37
1043.414726417594	1043.700058395242	134	EAT	37
1043.700058395242	1044.094	124	DINNER	37
1052.9491194344857	1053.054	224	IS	38
1053.054	1053.36205010152	374	SHE	38
1053.36205010152	1053.7496709013435	187	GOING	38
1053.7496709013435	1053.9642467012459	486	WITH	38
1053.9642467012459	1054.304	494	YOU	38
1062.895674029523	1063.124	76	CAN	39
1063.124	1063.2432321410315	433	THE	39
1063.2432321410315	1063.8492041190889	11	AGENCY	39
1063.8492041190889	1064.634	314	OVERTHROW	39
1064.634	1064.727433563689	99999	sp	39
1064.727433563689	1065.1558160746051	13	ALIEN	39
1065.1558160746051	1066.074	162	FORCES	39
1075.9497661966	1076.0382114187819	1	A	40
1076.0382114187819	1076.894	370	SCREWDRIVER	40
1076.894	1077.0839999999998	224	IS	40
1077.0839999999998	1077.3079068116583	251	MADE	40
1077.3079068116583	1077.5893933448635	166	FROM	40
1077.5893933448635	1078.2145925451346	468	VODKA	40
1078.2145925451346	1078.464	20	AND	40
1078.464	1078.984	302	ORANGE	40
1078.984	1079.594	230	JUICE	40
1085.6695093396395	1085.844	210	HOW	41
1085.844	1086.1047435844412	268	MUCH	41
1086.1047435844412	1086.7668590513622	16	ALLOWANCE	41
1086.7668590513622	1086.964	128	DO	41
1086.964	1087.224	494	YOU	41
1087.224	1087.654	177	GET	41
1096.777247728158	1097.4847394395026	115	CYCLICAL	42
1097.4847394395026	1098.174	345	PROGRAMS	42
1098.174	1098.316054461902	484	WILL	42
1098.316054461902	1098.7005989061713	280	NEVER	42
1098.7005989061713	1099.484	100	COMPILE	42
1106.427703101108	1106.5007665455191	433	THE	43
1106.5007665455191	1107.0767440569234	61	BOSTON	43
1107.0767440569234	1107.63125714556	45	BALLET	43
1107.63125714556	1108.344	311	OVERCAME	43
1108.344	1108.5010263163963	434	THEIR	43
1108.5010263163963	1109.0639999999999	170	FUNDING	43
1109.0639999999999	1109.954	379	SHORTAGE	43
1119.5026286623565	1119.9494693065976	145	EVERY	44
1119.9494693065976	1120.4070071291671	74	CAB	44
1120.4070071291671	1120.813855151204	279	NEEDS	44
1120.813855151204	1121.5839999999998	363	REPAINTING	44
1121.5839999999998	1121.6543992402658	99999	sp	44
1121.6543992402658	1122.284	295	OFTEN	44
1130.434	1130.7640000000001	203	HELP	45
1130.7640000000001	1130.8849311921035	99999	sp	45
1130.8849311921035	1131.3786862585455	196	GREG	45
1131.3786862585455	1131.592422903448	445	TO	45
1131.592422903448	1131.9062111699718	324	PICK	45
1131.9062111699718	1132.1361687476451	1	A	45
1132.1361687476451	1132.4352742591755	320	PECK	45
1132.4352742591755	1132.607550170208	293	OF	45
1132.607550170208	1133.474	337	POTATOES	45
1141.4382265580966	1141.664	475	WE	46
1141.664	1142.0188886689436	240	LIKE	46
1142.0188886689436	1142.2664652249418	55	BLUE	46
1142.2664652249418	1142.8539999999998	88	CHEESE	46
1142.8539999999998	1142.9478076180862	99999	sp	46
1142.9478076180862	1143.0693236624752	70	BUT	46
1143.0693236624752	1143.4815553067322	465	VICTOR	46
1143.4815553067322	1143.914	241	LIKES	46
1143.914	1144.0036962999488	99999	sp	46
1144.0036962999488	1144.414	64	BRIE	46
1152.6590189413005	1152.9312764078434	108	COUNT	47
1152.9312764078434	1153.0140000000001	433	THE	47
1153.0140000000001	1153.344	288	NUMBER	47
1153.344	1153.5096312520245	293	OF	47
1153.5096312520245	1154.3186426966563	428	TEASPOONS	47
1154.3186426966563	1154.424	293	OF	47
1154.424	1155.3029363417636	394	SOYSAUCE	47
1155.3029363417636	1155.484	432	THAT	47
1155.484	1155.712860719355	494	YOU	47
1155.712860719355	1156.214	7	ADD	47
1165.1971902284704	1165.807776739859	44	BAGPIPES	48
1165.807776739859	1166.0461942953061	20	AND	48
1166.0461942953061	1166.8036764884155	59	BONGOS	48
1166.8036764884155	1166.9405743105754	30	ARE	48
1166.9405743105754	1167.6157642886014	272	MUSICAL	48
1167.6157642886014	1168.5839999999998	220	INSTRUMENTS	48
1176.471819129862	1176.774	210	HOW	49
1176.774	1176.8617471963512	99999	sp	49
1176.8617471963512	1177.1600836189928	189	GOOD	49
1177.1600836189928	1177.3661994411214	224	IS	49
1177.3661994411214	1177.5307844632687	495	YOUR	49
1177.5307844632687	1178.3739999999998	138	ENDURANCE	49
1197.5182943279685	1197.676	30	ARE	0
1197.676	1197.9160787407902	495	YOUR	0
1197.9160787407902	1198.3005796156028	192	GRADES	0
1198.3005796156028	1198.9394987436192	206	HIGHER	0
1198.9394987436192	1199.0974017083374	301	OR	0
1199.0974017083374	1199.5427413590232	250	LOWER	0
1199.5427413590232	1199.7959999999998	431	THAN	0
1199.7959999999998	1200.706	274	NANCY'S	0
1208.751009706267	1209.0359999999998	374	SHE	1
1209.0359999999998	1209.3103836005444	489	WORE	1
1209.3103836005444	1209.7847009875613	470	WARM	1
1209.7847009875613	1210.5359999999998	158	FLEECY	1
1210.5359999999998	1211.0085255629936	488	WOOLEN	1
1211.0085255629936	1211.936	310	OVERALLS	1
1220.0549280558432	1220.3836526731911	353	READING	2
1220.3836526731911	1220.556	217	IN	2
1220.556	1220.5764209586305	99999	sp	2
1220.5764209586305	1220.9345953044767	334	POOR	2
1220.9345953044767	1221.366	239	LIGHT	2
1221.366	1221.479334758931	99999	sp	2
1221.479334758931	1221.7459999999999	181	GIVES	2
1221.7459999999999	1221.9218351631175	494	YOU	2
1221.9218351631175	1222.7259999999999	150	EYESTRAIN	2
1233.0868944525148	1233.4111551272144	142	EVEN	3
1233.4111551272144	1233.7759999999998	211	I	3
1233.7759999999998	1234.473930912547	292	OCCASIONALLY	3
1234.473930912547	1234.6728048873265	177	GET	3
1234.6728048873265	1234.7259999999999	433	THE	3
1234.7259999999999	1235.0923031658351	264	MONDAY	3
1235.0923031658351	1235.916	56	BLUES	3
1243.791678099446	1243.9247889244182	475	WE	4
1243.9247889244182	1244.1032710393174	30	ARE	4
1244.1032710393174	1244.4371667372536	300	OPEN	4
1244.4371667372536	1244.9692864933634	145	EVERY	4
1244.9692864933634	1245.4384080742886	264	MONDAY	4
1245.4384080742886	1246.0359999999998	143	EVENING	4
1253.9389415289504	1254.172818492453	226	IT'S	5
1254.172818492453	1254.4572703223012	284	NOT	5
1254.4572703223012	1254.884924356506	133	EASY	5
1254.884924356506	1255.0939702429837	445	TO	5
1255.0939702429837	1255.5059999999999	113	CREATE	5
1255.5059999999999	1256.186407686973	215	ILLUMINATING	5
1256.186407686973	1257.146	146	EXAMPLES	5
1265.59929499019	1265.9542416494626	269	MUM	6
1265.9542416494626	1266.616	406	STRONGLY	6
1266.616	1267.3061204119467	126	DISLIKES	6
1267.3061204119467	1268.2459999999999	27	APPETIZERS	6
1277.3793116416468	1277.686	442	THOSE	7
1277.686	1277.8287068199509	483	WHO	7
1277.8287068199509	1278.0626657302912	426	TEACH	7
1278.0626657302912	1278.7659999999998	461	VALUES	7
1278.7659999999998	1279.0911859309972	156	FIRST	7
1279.0911859309972	1279.7937464889778	4	ABOLISH	7
1279.7937464889778	1280.3159999999998	87	CHEATING	7
1288.365099731367	1288.436	433	THE	8
1288.436	1288.9268316951263	165	FRIGHTENED	8
1288.9268316951263	1289.4147111595667	89	CHILD	8
1289.4147111595667	1289.8177043662247	471	WAS	8
1289.8177043662247	1290.196	176	GENTLY	8
1290.196	1290.9141663518915	409	SUBDUED	8
1290.9141663518915	1291.0600515840333	73	BY	8
1291.0600515840333	1291.3987934042548	208	HIS	8
1291.3987934042548	1291.616	52	BIG	8
1291.616	1291.6980513379276	99999	sp	8
1291.6980513379276	1292.126	66	BROTHER	8
1302.688442538468	1302.9971405203958	142	EVEN	9
1302.9971405203958	1303.0734408063613	1	A	9
1303.0734408063613	1303.5102254711712	382	SIMPLE	9
1303.5102254711712	1304.4954491738101	467	VOCABULARY	9
1304.4954491738101	1305.4258382272872	104	CONTAINS	9
1305.4258382272872	1306.2659999999998	421	SYMBOLS	9
1315.4186382231599	1315.6089742626061	1	A	10
1315.6089742626061	1315.9655068617603	110	CRAB	10
1315.9655068617603	1316.54760737442	85	CHALLENGED	10
1316.54760737442	1316.8509640262814	257	ME	10
1316.8509640262814	1316.950071462943	70	BUT	10
1316.950071462943	1317.1281791685321	1	A	10
1317.1281791685321	1317.446	349	QUICK	10
1317.446	1318.103025510722	401	STAB	10
1318.103025510722	1318.716	463	VANQUISHED	10
1318.716	1318.9959999999999	207	HIM	10
1328.227402546135	1328.8105754211942	183	GLUCOSE	11
1328.8105754211942	1328.9576071922465	20	AND	11
1328.9576071922465	1329.6284977058951	167	FRUCTOSE	11
1329.6284977058951	1329.8159999999998	30	ARE	11
1329.8159999999998	1330.2910049930354	275	NATURAL	11
1330.2910049930354	1330.9668871529434	413	SUGARS	11
1330.9668871529434	1331.0486679371468	99999	sp	11
1331.0486679371468	1331.399874746888	163	FOUND	11
1331.399874746888	1331.6278409960323	217	IN	11
1331.6278409960323	1332.186	168	FRUIT	11
1345.0752083675475	1345.2259999999999	30	ARE	12
1345.2259999999999	1345.339771315623	494	YOU	12
1345.339771315623	1345.6795219211074	249	LOOKING	12
1345.6795219211074	1345.966	161	FOR	12
1345.966	1346.5770371700075	136	EMPLOYMENT	12
1353.5305980030932	1353.8785524007574	98	COFFEE	13
1353.8785524007574	1354.2256852178139	224	IS	13
1354.2256852178139	1354.589958897197	198	GROWN	13
1354.589958897197	1354.846	296	ON	13
1354.846	1355.6819491698889	403	STEEP	13
1355.6819491698889	1356.106	88888	JUNGLE	13
1356.106	1356.3447736450053	240	LIKE	13
1356.3447736450053	1357.0659999999998	389	SLOPES	13
1357.0659999999998	1357.3303872976078	217	IN	13
1357.3303872976078	1357.926	430	TEMPERATE	13
1357.926	1358.666	496	ZONES	13
1368.9837237717347	1369.1023209553548	475	WE	14
1369.1023209553548	1369.576	479	WELCOME	14
1369.576	1369.93180470213	255	MANY	14
1369.93180470213	1370.155966110082	281	NEW	14
1370.155966110082	1370.9849871449064	407	STUDENTS	14
1370.9849871449064	1371.5118863694206	132	EACH	14
1371.5118863694206	1372.0259999999998	490	YEAR	14
1380.5851283249694	1380.868336128416	297	ONLY	15
1380.868336128416	1381.0603230994045	433	THE	15
1381.0603230994045	1381.4849444220176	51	BEST	15
1381.4849444220176	1382.0333340088393	329	PLAYERS	15
1382.0333340088393	1382.5631529168008	139	ENJOY	15
1382.5631529168008	1383.5159999999998	335	POPULARITY	15
1391.1369292203321	1391.696	75	CALCIUM	16
1391.696	1392.1201678482755	253	MAKES	16
1392.1201678482755	1392.576	58	BONES	16
1392.576	1392.849632860617	20	AND	16
1392.849632860617	1393.2699852155638	429	TEETH	16
1393.2699852155638	1394.076	405	STRONG	16
1401.862308886975	1402.3317307006994	285	NOTHING	17
1402.3317307006994	1402.586	224	IS	17
1402.586	1402.7520011088084	34	AS	17
1402.7520011088084	1403.3814318460632	294	OFFENSIVE	17
1403.3814318460632	1403.716	34	AS	17
1403.716	1403.8277137804619	99999	sp	17
1403.8277137804619	1404.716	219	INNOCENCE	17
1413.106	1413.836108964936	404	STEVE	18
1413.836108964936	1414.086	489	WORE	18
1414.086	1414.126	1	A	18
1414.126	1414.750641448645	65	BRIGHT	18
1414.750641448645	1415.336970662814	355	RED	18
1415.336970662814	1415.9871026775986	78	CASHMERE	18
1415.9871026775986	1416.646	419	SWEATER	18
1425.8819742715498	1426.4061982386056	46	BARB'S	19
1426.4061982386056	1426.7300689633416	188	GOLD	19
1426.7300689633416	1427.4318807027018	63	BRACELET	19
1427.4318807027018	1427.626	471	WAS	19
1427.626	1427.759760428462	1	A	19
1427.759760428462	1428.5884798159634	193	GRADUATION	19
1428.5884798159634	1429.176	338	PRESENT	19
1437.6757479754106	1438.0147822581048	130	DRAW	20
1438.0147822581048	1438.426	145	EVERY	20
1438.426	1438.7489634094104	307	OUTER	20
1438.7489634094104	1439.0503364011	243	LINE	20
1439.0503364011	1439.716	156	FIRST	20
1439.716	1439.7929332747442	99999	sp	20
1439.7929332747442	1440.1586770368174	435	THEN	20
1440.1586770368174	1440.5459203460482	154	FILL	20
1440.5459203460482	1440.8159999999998	217	IN	20
1440.8159999999998	1440.946	433	THE	20
1440.946	1441.5859999999998	222	INTERIOR	20
1452.4683995680907	1452.5612868727442	433	THE	21
1452.5612868727442	1452.9874927207152	474	WATER	21
1452.9874927207152	1453.711201727523	103	CONTAINED	21
1453.711201727523	1453.9172954347232	447	TOO	21
1453.9172954347232	1454.206	268	MUCH	21
1454.206	1454.2991401925538	99999	sp	21
1454.2991401925538	1454.8972661099356	90	CHLORINE	21
1454.8972661099356	1455.1736363605985	20	AND	21
1455.1736363605985	1455.7035605263775	408	STUNG	21
1455.7035605263775	1455.9554077031414	208	HIS	21
1455.9554077031414	1456.606	149	EYES	21
1465.606	1466.1928181881792	229	JOHN'S	22
1466.1928181881792	1466.5546038147595	66	BROTHER	22
1466.5546038147595	1467.1403869556163	362	REPAINTED	22
1467.1403869556163	1467.270806982477	433	THE	22
1467.270806982477	1468.0106961028325	173	GARAGE	22
1468.0106961028325	1468.4859999999999	129	DOOR	22
1476.2733760887972	1476.8112518504404	84	CHALLENGE	23
1476.8112518504404	1477.3555271784203	132	EACH	23
1477.3555271784203	1477.8753288835085	175	GENERAL'S	23
1477.8753288835085	1478.846	221	INTELLIGENCE	23
1486.396	1487.5425916824488	17	AMBIDEXTROUS	24
1487.5425916824488	1488.3155079016824	326	PICKPOCKETS	24
1488.3155079016824	1489.0103768304411	6	ACCOMPLISH	24
1489.0103768304411	1489.5059999999999	266	MORE	24
1497.59493469612	1497.7359999999999	1	A	25
1497.7359999999999	1498.3336278265574	270	MUSCULAR	25
1498.3336278265574	1498.9442109631327	2	ABDOMEN	25
1498.9442109631327	1499.356863918531	224	IS	25
1499.356863918531	1499.6583329831878	189	GOOD	25
1499.6583329831878	1499.906	161	FOR	25
1499.906	1500.037542749717	495	YOUR	25
1500.037542749717	1500.646	43	BACK	25
1508.6848882749455	1508.831163457051	437	THEY	26
1508.831163457051	1509.0476240509308	316	OWN	26
1509.0476240509308	1509.1389346005535	1	A	26
1509.1389346005535	1509.5259999999998	52	BIG	26
1509.5259999999998	1510.136	209	HOUSE	26
1510.136	1510.306	217	IN	26
1510.306	1510.376	433	THE	26
1510.376	1510.829782654071	360	REMOTE	26
1510.829782654071	1511.686	109	COUNTRYSIDE	26
1520.4371619362585	1520.5528563916082	433	THE	27
1520.5528563916082	1521.0109844802273	368	ROSE	27
1521.0109844802273	1521.8713414162305	106	CORSAGE	27
1521.8713414162305	1522.056	99999	sp	27
1522.056	1522.656	392	SMELLED	27
1522.656	1523.356	420	SWEET	27
1531.3362983939885	1531.589202392499	432	THAT	28
1531.589202392499	1532.2183237121044	325	PICKPOCKET	28
1532.2183237121044	1532.4716671115855	471	WAS	28
1532.4716671115855	1532.808791910619	80	CAUGHT	28
1532.808791910619	1533.122701239292	355	RED	28
1533.122701239292	1533.716	199	HANDED	28
1541.634479576244	1541.7331504017925	88888		29
1541.7331504017925	1542.2535696202117	9	ADULT	29
1542.2535696202117	1542.6237359884099	254	MALE	29
1542.6237359884099	1543.504696210105	42	BABOON'S	29
1543.504696210105	1543.8284737549752	429	TEETH	29
1543.8284737549752	1543.966	30	ARE	29
1543.966	1544.2911680714358	284	NOT	29
1544.2911680714358	1544.849955714074	414	SUITABLE	29
1544.849955714074	1545.1456291169748	161	FOR	29
1545.1456291169748	1545.4959999999999	135	EATING	29
1545.4959999999999	1546.366	375	SHELLFISH	29
1556.1123771088562	1556.3389448434928	204	HER	30
1556.3389448434928	1556.8993210794001	469	WARDROBE	30
1556.8993210794001	1557.6071731129548	102	CONSISTS	30
1557.6071731129548	1557.8426498624217	293	OF	30
1557.8426498624217	1558.136	297	ONLY	30
1558.136	1558.7877111892099	384	SKIRTS	30
1558.7877111892099	1559.0547135080628	20	AND	30
1559.0547135080628	1559.916	54	BLOUSES	30
1568.8000112727466	1568.9661937157755	433	THE	31
1568.9661937157755	1569.3352326848885	452	TWO	31
1569.3352326848885	1569.9408867175828	33	ARTISTS	31
1569.9408867175828	1570.768309960018	147	EXCHANGED	31
1570.768309960018	1571.696	39	AUTOGRAPHS	31
1580.0743302307246	1580.849587796294	71	BUTTERSCOTCH	32
1580.849587796294	1581.4859999999999	169	FUDGE	32
1581.4859999999999	1581.6521782261768	99999	sp	32
1581.6521782261768	1581.9344548479648	186	GOES	32
1581.9344548479648	1582.2759999999998	480	WELL	32
1582.2759999999998	1582.5056991574183	486	WITH	32
1582.5056991574183	1582.9461446340274	462	VANILLA	32
1582.9461446340274	1583.3932146587788	212	ICE	32
1583.3932146587788	1583.8359999999998	112	CREAM	32
1592.9626882429666	1593.3779273972336	365	RICH	33
1593.3779273972336	1593.9759999999999	348	PURCHASED	33
1593.9759999999999	1594.430051767512	373	SEVERAL	33
1594.430051767512	1595.0530517206535	381	SIGNED	33
1595.0530517206535	1596.166	244	LITHOGRAPHS	33
1604.4935565993742	1604.7447961335338	24	ANY	34
1604.7447961335338	1605.8532792233214	105	CONTRIBUTIONS	34
1605.8532792233214	1605.9675296529037	484	WILL	34
1605.9675296529037	1606.2109766562892	47	BE	34
1606.2109766562892	1606.6014491781673	195	GREATLY	34
1606.6014491781673	1607.556	28	APPRECIATED	34
1617.9909900717266	1618.1642541529527	433	THE	35
1618.1642541529527	1618.7736076265885	111	CRANBERRY	35
1618.7736076265885	1619.3204148157538	57	BOG	35
1619.3204148157538	1619.5316973324252	178	GETS	35
1619.5316973324252	1619.9785394888418	464	VERY	35
1619.9785394888418	1620.3235118031134	339	PRETTY	35
1620.3235118031134	1620.5059999999999	217	IN	35
1620.5059999999999	1621.076	40	AUTUMN	35
1628.966	1629.2759999999998	210	HOW	36
1629.2759999999998	1629.5132274268271	128	DO	36
1629.5132274268271	1630.0834012932864	317	OYSTERS	36
1630.0834012932864	1630.3792633343608	252	MAKE	36
1630.3792633343608	1631.116	319	PEARLS	36
1639.1487516131813	1639.3662380673582	256	MAY	37
1639.3662380673582	1639.4172258623785	211	I	37
1639.4172258623785	1639.7659999999998	303	ORDER	37
1639.7659999999998	1639.8783762732457	1	A	37
1639.8783762732457	1640.3848655411198	318	PARFAIT	37
1640.3848655411198	1640.8580400655776	10	AFTER	37
1640.8580400655776	1641.0279492371214	211	I	37
1641.0279492371214	1641.3096316292572	134	EAT	37
1641.3096316292572	1641.696	124	DINNER	37
1649.7616465910933	1649.896	224	IS	38
1649.896	1650.149808712096	374	SHE	38
1650.149808712096	1650.608026177304	187	GOING	38
1650.608026177304	1650.8509345537418	486	WITH	38
1650.8509345537418	1651.166	494	YOU	38
1657.9914540066206	1658.2259999999999	76	CAN	39
1658.2259999999999	1658.3230131672356	433	THE	39
1658.3230131672356	1659.0318203342458	11	AGENCY	39
1659.0318203342458	1659.936	314	OVERTHROW	39
1659.936	1660.0222706632312	99999	sp	39
1660.0222706632312	1660.511991867766	13	ALIEN	39
1660.511991867766	1661.376	162	FORCES	39
1670.0527223926567	1670.1639733588454	1	A	40
1670.1639733588454	1671.0506043486134	370	SCREWDRIVER	40
1671.0506043486134	1671.2115935902975	224	IS	40
1671.2115935902975	1671.500151582355	251	MADE	40
1671.500151582355	1671.8159999999998	166	FROM	40
1671.8159999999998	1672.4025508143304	468	VODKA	40
1672.4025508143304	1672.7580708818914	20	AND	40
1672.7580708818914	1673.2659999999998	302	ORANGE	40
1673.2659999999998	1673.846	230	JUICE	40
1683.4688811050983	1683.681696612334	210	HOW	41
1683.681696612334	1683.958135657935	268	MUCH	41
1683.958135657935	1684.765035793385	16	ALLOWANCE	41
1684.765035793385	1684.886	128	DO	41
1684.886	1685.1676555768513	494	YOU	41
1685.1676555768513	1685.576	177	GET	41
1692.436	1693.0667924474853	115	CYCLICAL	42
1693.0667924474853	1693.742313186211	345	PROGRAMS	42
1693.742313186211	1693.886	484	WILL	42
1693.886	1694.206	280	NEVER	42
1694.206	1695.0659999999998	100	COMPILE	42
1702.3411148831747	1702.509185763056	433	THE	43
1702.509185763056	1702.946	61	BOSTON	43
1702.946	1703.456591263366	45	BALLET	43
1703.456591263366	1704.166	311	OVERCAME	43
1704.166	1704.3265444498263	434	THEIR	43
1704.3265444498263	1704.876	170	FUNDING	43
1704.876	1705.7359999999999	379	SHORTAGE	43
1713.4788557855668	1713.9177167730354	145	EVERY	44
1713.9177167730354	1714.286	74	CAB	44
1714.286	1714.6645205454324	279	NEEDS	44
1714.6645205454324	1715.366	363	REPAINTING	44
1715.366	1716.0459999999998	295	OFTEN	44
1723.3575827344266	1723.766	203	HELP	45
1723.766	1724.1870666793438	196	GREG	45
1724.1870666793438	1724.366667733544	445	TO	45
1724.366667733544	1724.6909230086505	324	PICK	45
1724.6909230086505	1724.8918135016092	1	A	45
1724.8918135016092	1725.186	320	PECK	45
1725.186	1725.354102226591	293	OF	45
1725.354102226591	1726.2359999999999	337	POTATOES	45
1734.1732230330103	1734.3445986773838	475	WE	46
1734.3445986773838	1734.7059563211324	240	LIKE	46
1734.7059563211324	1734.927336311939	55	BLUE	46
1734.927336311939	1735.446	88	CHEESE	46
1735.446	1735.53009117162	99999	sp	46
1735.53009117162	1735.6686078092466	70	BUT	46
1735.6686078092466	1736.069694602149	465	VICTOR	46
1736.069694602149	1736.4859999999999	241	LIKES	46
1736.4859999999999	1736.5901247355973	99999	sp	46
1736.5901247355973	1736.946	64	BRIE	46
1745.0554143581053	1745.3752209335814	108	COUNT	47
1745.3752209335814	1745.466	433	THE	47
1745.466	1745.876	288	NUMBER	47
1745.876	1746.0402440642079	293	OF	47
1746.0402440642079	1746.6811231072293	428	TEASPOONS	47
1746.6811231072293	1746.8559999999998	293	OF	47
1746.8559999999998	1747.7876730724888	394	SOYSAUCE	47
1747.7876730724888	1748.0531870884524	432	THAT	47
1748.0531870884524	1748.3346972149589	494	YOU	47
1748.3346972149589	1748.686	7	ADD	47
1759.007927339287	1759.6090772331547	44	BAGPIPES	48
1759.6090772331547	1759.8064384683753	20	AND	48
1759.8064384683753	1760.5354482871055	59	BONGOS	48
1760.5354482871055	1760.6577245733115	30	ARE	48
1760.6577245733115	1761.2889226487057	272	MUSICAL	48
1761.2889226487057	1762.146	220	INSTRUMENTS	48
1770.3365880247325	1770.5851359176017	210	HOW	49
1770.5851359176017	1771.0211681635333	189	GOOD	49
1771.0211681635333	1771.2161492685643	224	IS	49
1771.2161492685643	1771.406	495	YOUR	49
1771.406	1772.206	138	ENDURANCE	49
1788.8786201523867	1788.9979999999998	30	ARE	0
1788.9979999999998	1789.1805339637413	495	YOUR	0
1789.1805339637413	1789.4879999999998	192	GRADES	0
1789.4879999999998	1790.065643165406	206	HIGHER	0
1790.065643165406	1790.2079999999999	301	OR	0
1790.2079999999999	1790.6928002044715	250	LOWER	0
1790.6928002044715	1790.888	431	THAN	0
1790.888	1791.7179999999998	274	NANCY'S	0
1802.595573652334	1802.868	374	SHE	1
1802.868	1803.128	489	WORE	1
1803.128	1803.5953286216002	470	WARM	1
1803.5953286216002	1804.2379999999998	158	FLEECY	1
1804.2379999999998	1804.6931095495813	488	WOOLEN	1
1804.6931095495813	1805.658	310	OVERALLS	1
1813.8485272792257	1814.1844653057394	353	READING	2
1814.1844653057394	1814.3363766842804	217	IN	2
1814.3363766842804	1814.3770358501877	99999	sp	2
1814.3770358501877	1814.7229720322525	334	POOR	2
1814.7229720322525	1815.2381497291467	239	LIGHT	2
1815.2381497291467	1815.5479999999998	181	GIVES	2
1815.5479999999998	1815.7279999999998	494	YOU	2
1815.7279999999998	1816.6879999999999	150	EYESTRAIN	2
1825.4087578493748	1825.7007556317042	142	EVEN	3
1825.7007556317042	1826.0479999999998	211	I	3
1826.0479999999998	1826.6983987437857	292	OCCASIONALLY	3
1826.6983987437857	1826.9010280296193	177	GET	3
1826.9010280296193	1826.9779999999998	433	THE	3
1826.9779999999998	1827.3815454539367	264	MONDAY	3
1827.3815454539367	1828.148	56	BLUES	3
1835.9339069299674	1836.088	475	WE	4
1836.088	1836.2279999999998	30	ARE	4
1836.2279999999998	1836.588	300	OPEN	4
1836.588	1837.0889059962915	145	EVERY	4
1837.0889059962915	1837.598	264	MONDAY	4
1837.598	1837.6267458831112	99999	sp	4
1837.6267458831112	1838.138	143	EVENING	4
1846.848922603245	1847.078	226	IT'S	5
1847.078	1847.29683997193	284	NOT	5
1847.29683997193	1847.7526949832315	133	EASY	5
1847.7526949832315	1847.961323162396	445	TO	5
1847.961323162396	1848.4638362329354	113	CREATE	5
1848.4638362329354	1849.2716263196323	215	ILLUMINATING	5
1849.2716263196323	1850.2879999999998	146	EXAMPLES	5
1859.483498971657	1859.826768978908	269	MUM	6
1859.826768978908	1860.5219134757203	406	STRONGLY	6
1860.5219134757203	1861.1870635058795	126	DISLIKES	6
1861.1870635058795	1862.1979999999999	27	APPETIZERS	6
1870.832435483818	1871.118	442	THOSE	7
1871.118	1871.2856852021303	483	WHO	7
1871.2856852021303	1871.622229186513	426	TEACH	7
1871.622229186513	1872.3547001307156	461	VALUES	7
1872.3547001307156	1872.6979999999999	156	FIRST	7
1872.6979999999999	1873.348	4	ABOLISH	7
1873.348	1873.4164436643982	99999	sp	7
1873.4164436643982	1873.918	87	CHEATING	7
1883.6409812387674	1883.7176337646583	433	THE	8
1883.7176337646583	1884.2214799226047	165	FRIGHTENED	8
1884.2214799226047	1884.743383642367	89	CHILD	8
1884.743383642367	1885.0492666163937	471	WAS	8
1885.0492666163937	1885.388	176	GENTLY	8
1885.388	1886.0510212167699	409	SUBDUED	8
1886.0510212167699	1886.2179999999998	73	BY	8
1886.2179999999998	1886.5542011270027	208	HIS	8
1886.5542011270027	1886.838	52	BIG	8
1886.838	1886.9327979505342	99999	sp	8
1886.9327979505342	1887.418	66	BROTHER	8
1895.6444027858433	1895.9456805397804	142	EVEN	9
1895.9456805397804	1896.0090021916033	1	A	9
1896.0090021916033	1896.4048685655887	382	SIMPLE	9
1896.4048685655887	1897.3699632622781	467	VOCABULARY	9
1897.3699632622781	1898.22774442272	104	CONTAINS	9
1898.22774442272	1899.0379999999998	421	SYMBOLS	9
1907.4872472942543	1907.657155352787	1	A	10
1907.657155352787	1907.9664316311646	110	CRAB	10
1907.9664316311646	1908.010423515589	99999	sp	10
1908.010423515589	1908.588	85	CHALLENGED	10
1908.588	1908.8215466167928	257	ME	10
1908.8215466167928	1909.060108676776	70	BUT	10
1909.060108676776	1909.2154133596682	1	A	10
1909.2154133596682	1909.4979999999998	349	QUICK	10
1909.4979999999998	1910.1085210404003	401	STAB	10
1910.1085210404003	1910.7679999999998	463	VANQUISHED	10
1910.7679999999998	1911.118	207	HIM	10
1919.9525218579922	1920.4679999999998	183	GLUCOSE	11
1920.4679999999998	1920.5823450718713	20	AND	11
1920.5823450718713	1921.2128348294536	167	FRUCTOSE	11
1921.2128348294536	1921.408	30	ARE	11
1921.408	1921.8346592229018	275	NATURAL	11
1921.8346592229018	1922.418	413	SUGARS	11
1922.418	1922.5011417484877	99999	sp	11
1922.5011417484877	1922.828	163	FOUND	11
1922.828	1922.9837193897495	217	IN	11
1922.9837193897495	1923.4379999999999	168	FRUIT	11
1931.5186895516777	1931.658	30	ARE	12
1931.658	1931.818	494	YOU	12
1931.818	1932.151906069908	249	LOOKING	12
1932.151906069908	1932.378	161	FOR	12
1932.378	1933.0449522768358	136	EMPLOYMENT	12
1945.421637409846	1945.808	98	COFFEE	13
1945.808	1946.0627918666826	224	IS	13
1946.0627918666826	1946.408	198	GROWN	13
1946.408	1946.6506228272474	296	ON	13
1946.6506228272474	1947.306441245559	403	STEEP	13
1947.306441245559	1947.7179999999998	88888	JUNGLE	13
1947.7179999999998	1947.9879999999998	240	LIKE	13
1947.9879999999998	1948.638	389	SLOPES	13
1948.638	1948.806043406541	217	IN	13
1948.806043406541	1949.345883220461	430	TEMPERATE	13
1949.345883220461	1950.088	496	ZONES	13
1958.5240683521604	1958.6779999999999	475	WE	14
1958.6779999999999	1959.128	479	WELCOME	14
1959.128	1959.466500266944	255	MANY	14
1959.466500266944	1959.6837935142526	281	NEW	14
1959.6837935142526	1960.6001699347594	407	STUDENTS	14
1960.6001699347594	1960.9301090679423	132	EACH	14
1960.9301090679423	1961.5079999999998	490	YEAR	14
1970.4288417271232	1970.7179999999998	297	ONLY	15
1970.7179999999998	1970.8087716380612	433	THE	15
1970.8087716380612	1971.2852895041683	51	BEST	15
1971.2852895041683	1971.7379999999998	329	PLAYERS	15
1971.7379999999998	1972.2470514823406	139	ENJOY	15
1972.2470514823406	1973.168	335	POPULARITY	15
1979.6770130597095	1980.2579999999998	75	CALCIUM	16
1980.2579999999998	1980.5534574438466	253	MAKES	16
1980.5534574438466	1981.1966115317937	58	BONES	16
1981.1966115317937	1981.4085724294748	20	AND	16
1981.4085724294748	1981.7779999999998	429	TEETH	16
1981.7779999999998	1982.6115626424437	405	STRONG	16
1990.5400992059463	1991.0159508243396	285	NOTHING	17
1991.0159508243396	1991.1879999999999	224	IS	17
1991.1879999999999	1991.388	34	AS	17
1991.388	1992.0810270765392	294	OFFENSIVE	17
1992.0810270765392	1992.3762453513111	34	AS	17
1992.3762453513111	1993.2279999999998	219	INNOCENCE	17
2001.7503943318102	2002.4279999999999	404	STEVE	18
2002.4279999999999	2002.4635355086143	99999	sp	18
2002.4635355086143	2002.7301529899744	489	WORE	18
2002.7301529899744	2002.788	1	A	18
2002.788	2003.3433126112682	65	BRIGHT	18
2003.3433126112682	2003.873154269637	355	RED	18
2003.873154269637	2004.4823146287108	78	CASHMERE	18
2004.4823146287108	2005.0479999999998	419	SWEATER	18
2016.0592090874347	2016.4750714765323	46	BARB'S	19
2016.4750714765323	2016.7716834245455	188	GOLD	19
2016.7716834245455	2017.338	63	BRACELET	19
2017.338	2017.588	471	WAS	19
2017.588	2017.636069140197	1	A	19
2017.636069140197	2018.4538576784348	193	GRADUATION	19
2018.4538576784348	2018.9479999999999	338	PRESENT	19
2025.7292428864093	2026.0938422921695	130	DRAW	20
2026.0938422921695	2026.4670461802393	145	EVERY	20
2026.4670461802393	2026.7679999999998	307	OUTER	20
2026.7679999999998	2027.1888524251874	243	LINE	20
2027.1888524251874	2027.824674532397	156	FIRST	20
2027.824674532397	2028.2639268329378	435	THEN	20
2028.2639268329378	2028.4604966396064	154	FILL	20
2028.4604966396064	2028.7137832468986	217	IN	20
2028.7137832468986	2028.818	433	THE	20
2028.818	2029.4879999999998	222	INTERIOR	20
2041.759556790464	2041.848	433	THE	21
2041.848	2042.197476003598	474	WATER	21
2042.197476003598	2042.8752900681318	103	CONTAINED	21
2042.8752900681318	2043.0385932754648	447	TOO	21
2043.0385932754648	2043.3791362260781	268	MUCH	21
2043.3791362260781	2044.0396201543235	90	CHLORINE	21
2044.0396201543235	2044.2129215172076	20	AND	21
2044.2129215172076	2044.7007709222623	408	STUNG	21
2044.7007709222623	2044.868	208	HIS	21
2044.868	2045.4779999999998	149	EYES	21
2053.201806461201	2053.6783852091326	229	JOHN'S	22
2053.6783852091326	2054.026260436473	66	BROTHER	22
2054.026260436473	2054.6647484225064	362	REPAINTED	22
2054.6647484225064	2054.8200531053985	433	THE	22
2054.8200531053985	2055.50719848579	173	GARAGE	22
2055.50719848579	2055.958	129	DOOR	22
2063.1191267901772	2063.758	84	CHALLENGE	23
2063.758	2063.854930452897	99999	sp	23
2063.854930452897	2064.3048474526922	132	EACH	23
2064.3048474526922	2064.979995638402	175	GENERAL'S	23
2064.979995638402	2065.8779999999997	221	INTELLIGENCE	23
2073.6036155209026	2074.6127021020166	17	AMBIDEXTROUS	24
2074.6127021020166	2075.268	326	PICKPOCKETS	24
2075.268	2075.9350036378937	6	ACCOMPLISH	24
2075.9350036378937	2076.3779999999997	266	MORE	24
2084.5253578090287	2084.6253393645384	1	A	25
2084.6253393645384	2085.2931555695113	270	MUSCULAR	25
2085.2931555695113	2085.9063151908053	2	ABDOMEN	25
2085.9063151908053	2086.1915958958607	224	IS	25
2086.1915958958607	2086.368	189	GOOD	25
2086.368	2086.620789455016	161	FOR	25
2086.620789455016	2086.8560793823162	495	YOUR	25
2086.8560793823162	2087.308	43	BACK	25
2097.69577561711	2097.86441117407	437	THEY	26
2097.86441117407	2098.022382031776	316	OWN	26
2098.022382031776	2098.205681550211	1	A	26
2098.205681550211	2098.438	52	BIG	26
2098.438	2098.9514227826476	209	HOUSE	26
2098.9514227826476	2099.136721932193	217	IN	26
2099.136721932193	2099.218	433	THE	26
2099.218	2099.6392958845563	360	REMOTE	26
2099.6392958845563	2100.528	109	COUNTRYSIDE	26
2106.9886062657943	2107.1079999999997	433	THE	27
2107.1079999999997	2107.6410919655887	368	ROSE	27
2107.6410919655887	2108.4935407764033	106	CORSAGE	27
2108.4935407764033	2109.178020573961	392	SMELLED	27
2109.178020573961	2109.788	420	SWEET	27
2117.278526004921	2117.5677453863623	432	THAT	28
2117.5677453863623	2118.267555689098	325	PICKPOCKET	28
2118.267555689098	2118.5608349185945	471	WAS	28
2118.5608349185945	2118.9660329044277	80	CAUGHT	28
2118.9660329044277	2119.328	355	RED	28
2119.328	2120.008	199	HANDED	28
2129.598495521268	2129.688	19	AN	29
2129.688	2130.2043231618245	9	ADULT	29
2130.2043231618245	2130.508933634278	254	MALE	29
2130.508933634278	2131.276731394761	42	BABOON'S	29
2131.276731394761	2131.718	429	TEETH	29
2131.718	2131.848	30	ARE	29
2131.848	2132.118	284	NOT	29
2132.118	2132.5903678624945	414	SUITABLE	29
2132.5903678624945	2132.8779999999997	161	FOR	29
2132.8779999999997	2133.218	135	EATING	29
2133.218	2134.018	375	SHELLFISH	29
2141.5339296105967	2141.755222120126	204	HER	30
2141.755222120126	2142.2204090392647	469	WARDROBE	30
2142.2204090392647	2142.9042222931193	102	CONSISTS	30
2142.9042222931193	2143.098	293	OF	30
2143.098	2143.398	297	ONLY	30
2143.398	2143.988	384	SKIRTS	30
2143.988	2144.263183732684	20	AND	30
2144.263183732684	2145.058	54	BLOUSES	30
2152.979514959751	2153.150816691525	433	THE	31
2153.150816691525	2153.4920264818315	452	TWO	31
2153.4920264818315	2154.1138511712697	33	ARTISTS	31
2154.1138511712697	2155.006292604289	147	EXCHANGED	31
2155.006292604289	2155.958	39	AUTOGRAPHS	31
2163.7386205842477	2164.4564275669754	71	BUTTERSCOTCH	32
2164.4564275669754	2164.9396111661063	169	FUDGE	32
2164.9396111661063	2165.208	186	GOES	32
2165.208	2165.498	480	WELL	32
2165.498	2165.6994104021483	486	WITH	32
2165.6994104021483	2166.207256118305	462	VANILLA	32
2166.207256118305	2166.498	212	ICE	32
2166.498	2166.5618573685138	99999	sp	32
2166.5618573685138	2166.978	112	CREAM	32
2175.5607425399885	2176.01459821617	365	RICH	33
2176.01459821617	2176.6079999999997	348	PURCHASED	33
2176.6079999999997	2176.9783598254526	373	SEVERAL	33
2176.9783598254526	2177.544861091518	381	SIGNED	33
2177.544861091518	2178.638	244	LITHOGRAPHS	33
2187.361534505241	2187.7088037747126	24	ANY	34
2187.7088037747126	2188.5679999999998	105	CONTRIBUTIONS	34
2188.5679999999998	2188.673898471402	484	WILL	34
2188.673898471402	2188.9004627447234	47	BE	34
2188.9004627447234	2189.2997224230603	195	GREATLY	34
2189.2997224230603	2190.278	28	APPRECIATED	34
2198.414585902937	2198.5685574984223	433	THE	35
2198.5685574984223	2199.2117115863693	111	CRANBERRY	35
2199.2117115863693	2199.786211376876	57	BOG	35
2199.786211376876	2199.9907797079854	178	GETS	35
2199.9907797079854	2200.513349971451	464	VERY	35
2200.513349971451	2200.8472277810206	339	PRETTY	35
2200.8472277810206	2201.018	217	IN	35
2201.018	2201.648	40	AUTUMN	35
2209.308939017399	2209.5315646143345	210	HOW	36
2209.5315646143345	2209.708	128	DO	36
2209.708	2210.2893642192666	317	OYSTERS	36
2210.2893642192666	2210.598	252	MAKE	36
2210.598	2211.288	319	PEARLS	36
2218.521784717665	2218.722414372389	256	MAY	37
2218.722414372389	2218.819729753085	211	I	37
2218.819729753085	2219.188	303	ORDER	37
2219.188	2219.2942482840717	1	A	37
2219.2942482840717	2219.8707477056887	318	PARFAIT	37
2219.8707477056887	2220.298	10	AFTER	37
2220.298	2220.478	211	I	37
2220.478	2220.7411931964953	134	EAT	37
2220.7411931964953	2221.238	124	DINNER	37
2229.3015529009767	2229.498	224	IS	38
2229.498	2229.7660732764125	374	SHE	38
2229.7660732764125	2230.1659994984525	187	GOING	38
2230.1659994984525	2230.4138931702832	486	WITH	38
2230.4138931702832	2230.748	494	YOU	38
2239.465495288181	2239.6800617748413	76	CAN	39
2239.6800617748413	2239.758	433	THE	39
2239.758	2240.408	11	AGENCY	39
2240.408	2241.158	314	OVERTHROW	39
2241.158	2241.192327970198	99999	sp	39
2241.192327970198	2241.678	13	ALIEN	39
2241.678	2241.766828056695	99999	sp	39
2241.766828056695	2242.558	162	FORCES	39
2252.4139543390197	2252.5319325745218	1	A	40
2252.5319325745218	2253.310395034259	370	SCREWDRIVER	40
2253.310395034259	2253.483696397143	224	IS	40
2253.483696397143	2253.828	251	MADE	40
2253.828	2254.1068541739883	166	FROM	40
2254.1068541739883	2254.688019697519	468	VODKA	40
2254.688019697519	2254.9473051981413	20	AND	40
2254.9473051981413	2255.453151283188	302	ORANGE	40
2255.453151283188	2256.0879999999997	230	JUICE	40
2266.1729302372037	2266.3555632119355	210	HOW	41
2266.3555632119355	2266.623453194868	268	MUCH	41
2266.623453194868	2267.3425932650025	16	ALLOWANCE	41
2267.3425932650025	2267.4179999999997	128	DO	41
2267.4179999999997	2267.6805309226265	494	YOU	41
2267.6805309226265	2268.008	177	GET	41
2275.9179999999997	2276.564104329403	115	CYCLICAL	42
2276.564104329403	2277.228	345	PROGRAMS	42
2277.228	2277.390557935785	484	WILL	42
2277.390557935785	2277.708	280	NEVER	42
2277.708	2278.458	100	COMPILE	42
2285.839604841799	2285.9175904550966	433	THE	43
2285.9175904550966	2286.4254361712533	61	BOSTON	43
2286.4254361712533	2286.9439465866644	45	BALLET	43
2286.9439465866644	2287.6690855501297	311	OVERCAME	43
2287.6690855501297	2287.799061572293	434	THEIR	43
2287.799061572293	2288.3455668232464	170	FUNDING	43
2288.3455668232464	2289.118	379	SHORTAGE	43
2298.281551263888	2298.6721458740803	145	EVERY	44
2298.6721458740803	2299.048	74	CAB	44
2299.048	2299.3579999999997	279	NEEDS	44
2299.3579999999997	2300.008	363	REPAINTING	44
2300.008	2300.6679999999997	295	OFTEN	44
2309.6644812089326	2310.0277475272856	203	HELP	45
2310.0277475272856	2310.496933708645	196	GREG	45
2310.496933708645	2310.694897188555	445	TO	45
2310.694897188555	2311.0474382218194	324	PICK	45
2311.0474382218194	2311.2147406913728	1	A	45
2311.2147406913728	2311.5600103297343	320	PECK	45
2311.5600103297343	2311.729251844564	293	OF	45
2311.729251844564	2312.598	337	POTATOES	45
2320.484241422468	2320.7015346697767	475	WE	46
2320.7015346697767	2321.04407754749	240	LIKE	46
2321.04407754749	2321.294031436265	55	BLUE	46
2321.294031436265	2321.788	88	CHEESE	46
2321.788	2321.8891940815774	99999	sp	46
2321.8891940815774	2322.0679999999998	70	BUT	46
2322.0679999999998	2322.391707152117	465	VICTOR	46
2322.391707152117	2322.894947648184	241	LIKES	46
2322.894947648184	2323.258	64	BRIE	46
2331.6298809211326	2331.9111623639674	108	COUNT	47
2331.9111623639674	2331.998	433	THE	47
2331.998	2332.3579999999997	288	NUMBER	47
2332.3579999999997	2332.569646957092	293	OF	47
2332.569646957092	2333.188	428	TEASPOONS	47
2333.188	2333.368	293	OF	47
2333.368	2334.178	394	SOYSAUCE	47
2334.178	2334.2451557739478	99999	sp	47
2334.2451557739478	2334.485111507172	432	THAT	47
2334.485111507172	2334.693073142633	494	YOU	47
2334.693073142633	2335.258	7	ADD	47
2346.03534273781	2346.603843930976	44	BAGPIPES	48
2346.603843930976	2346.7871434494114	20	AND	48
2346.7871434494114	2347.4456277465465	59	BONGOS	48
2347.4456277465465	2347.5829357494467	30	ARE	48
2347.5829357494467	2348.1987612495645	272	MUSICAL	48
2348.1987612495645	2349.028	220	INSTRUMENTS	48
2356.9930169121153	2357.2276402957123	210	HOW	49
2357.2276402957123	2357.498	189	GOOD	49
2357.498	2357.7914756829546	224	IS	49
2357.7914756829546	2357.978	495	YOUR	49
2357.978	2358.808	138	ENDURANCE	49
2386.9708125168886	2387.11797513596	30	ARE	0
2387.11797513596	2387.3153327568857	495	YOUR	0
2387.3153327568857	2387.6357505194837	192	GRADES	0
2387.6357505194837	2388.103901298902	206	HIGHER	0
2388.103901298902	2388.2599999999998	301	OR	0
2388.2599999999998	2388.6693593961613	250	LOWER	0
2388.6693593961613	2388.8399999999997	431	THAN	0
2388.8399999999997	2389.7	274	NANCY'S	0
2396.94	2397.2	374	SHE	1
2397.2	2397.47	489	WORE	1
2397.47	2397.92	470	WARM	1
2397.92	2398.602615767264	158	FLEECY	1
2398.602615767264	2399.058873119123	488	WOOLEN	1
2399.058873119123	2400.0099999999998	310	OVERALLS	1
2408.4381543813693	2408.7599999999998	353	READING	2
2408.7599999999998	2408.963293980528	217	IN	2
2408.963293980528	2409.3064087578414	334	POOR	2
2409.3064087578414	2409.71	239	LIGHT	2
2409.71	2409.837812840512	99999	sp	2
2409.837812840512	2410.1070405777286	181	GIVES	2
2410.1070405777286	2410.25	494	YOU	2
2410.25	2411.1499999999996	150	EYESTRAIN	2
2418.9237157314574	2419.2978966543687	142	EVEN	3
2419.2978966543687	2419.638882705969	211	I	3
2419.638882705969	2420.438160018266	292	OCCASIONALLY	3
2420.438160018266	2420.7396697300132	177	GET	3
2420.7396697300132	2420.8199999999997	433	THE	3
2420.8199999999997	2421.275552069515	264	MONDAY	3
2421.275552069515	2422.08	56	BLUES	3
2429.6706551305347	2429.7995650216594	30	ARE	4
2429.7995650216594	2430.1499999999996	475	WE	4
2430.1499999999996	2431.2319300811123	99999	sp	4
2431.2319300811123	2431.3996270191246	475	WE	4
2431.3996270191246	2431.5899999999997	30	ARE	4
2431.5899999999997	2432.000127061189	300	OPEN	4
2432.000127061189	2432.477122552362	145	EVERY	4
2432.477122552362	2432.935814360495	264	MONDAY	4
2432.935814360495	2433.5374962614296	143	EVENING	4
2442.1299999999997	2442.4053132838544	226	IT'S	5
2442.4053132838544	2442.6417636822284	284	NOT	5
2442.6417636822284	2443.143720794079	133	EASY	5
2443.143720794079	2443.349940111791	445	TO	5
2443.349940111791	2443.9478429405813	113	CREATE	5
2443.9478429405813	2444.7461591994124	215	ILLUMINATING	5
2444.7461591994124	2445.72	146	EXAMPLES	5
2455.6051074708503	2455.96	269	MUM	6
2455.96	2456.664554096515	406	STRONGLY	6
2456.664554096515	2457.27	126	DISLIKES	6
2457.27	2458.3399999999997	27	APPETIZERS	6
2466.299842037579	2466.6099999999997	442	THOSE	7
2466.6099999999997	2466.7896169763408	483	WHO	7
2466.7896169763408	2467.0740487257	426	TEACH	7
2467.0740487257	2467.960963470867	461	VALUES	7
2467.960963470867	2468.3599999999997	156	FIRST	7
2468.3599999999997	2469.0699999999997	4	ABOLISH	7
2469.0699999999997	2469.133271018859	99999	sp	7
2469.133271018859	2469.766946148794	87	CHEATING	7
2478.24708942941	2478.4292939932866	433	THE	8
2478.4292939932866	2478.8817149081983	165	FRIGHTENED	8
2478.8817149081983	2479.41313249389	89	CHILD	8
2479.41313249389	2479.77	471	WAS	8
2479.77	2480.182341482525	176	GENTLY	8
2480.182341482525	2480.899848096435	409	SUBDUED	8
2480.899848096435	2481.04	73	BY	8
2481.04	2481.407679036081	208	HIS	8
2481.407679036081	2481.69	52	BIG	8
2481.69	2481.77526996148	99999	sp	8
2481.77526996148	2482.24	66	BROTHER	8
2491.410982528323	2491.701314982228	142	EVEN	9
2491.701314982228	2491.7599999999998	1	A	9
2491.7599999999998	2492.1693030046463	382	SIMPLE	9
2492.1693030046463	2493.178690508706	467	VOCABULARY	9
2493.178690508706	2493.8999999999996	104	CONTAINS	9
2493.8999999999996	2494.7	421	SYMBOLS	9
2505.6327398465933	2505.8412067852364	1	A	10
2505.8412067852364	2506.216834234205	110	CRAB	10
2506.216834234205	2506.817426294737	85	CHALLENGED	10
2506.817426294737	2507.1419826135425	257	ME	10
2507.1419826135425	2507.2358335748313	70	BUT	10
2507.2358335748313	2507.4155088655584	1	A	10
2507.4155088655584	2507.69	349	QUICK	10
2507.69	2508.353454807034	401	STAB	10
2508.353454807034	2509.02	463	VANQUISHED	10
2509.02	2509.3199999999997	207	HIM	10
2519.797607106056	2520.35	183	GLUCOSE	11
2520.35	2520.4827235894336	20	AND	11
2520.4827235894336	2521.1188872120683	167	FRUCTOSE	11
2521.1188872120683	2521.2999999999997	30	ARE	11
2521.2999999999997	2521.763327984021	275	NATURAL	11
2521.763327984021	2522.4306900507036	413	SUGARS	11
2522.4306900507036	2522.763519512114	163	FOUND	11
2522.763519512114	2522.970983950001	217	IN	11
2522.970983950001	2523.48	168	FRUIT	11
2531.921373659886	2532.1	30	ARE	12
2532.1	2532.25	494	YOU	12
2532.25	2532.5801330602385	249	LOOKING	12
2532.5801330602385	2532.8399999999997	161	FOR	12
2532.8399999999997	2533.6099999999997	136	EMPLOYMENT	12
2540.0430621997734	2540.360892498189	98	COFFEE	13
2540.360892498189	2540.6335871329247	224	IS	13
2540.6335871329247	2540.9398079984085	198	GROWN	13
2540.9398079984085	2541.2	296	ON	13
2541.2	2541.871020354119	403	STEEP	13
2541.871020354119	2542.24	88888	JUNGLE	13
2542.24	2542.6	240	LIKE	13
2542.6	2543.2	389	SLOPES	13
2543.2	2543.431181126508	217	IN	13
2543.431181126508	2544.0034305048066	430	TEMPERATE	13
2544.0034305048066	2544.7799999999997	496	ZONES	13
2554.499202894861	2554.619564664675	475	WE	14
2554.619564664675	2555.06	479	WELCOME	14
2555.06	2555.433422017173	255	MANY	14
2555.433422017173	2555.679406105994	281	NEW	14
2555.679406105994	2556.552988930521	407	STUDENTS	14
2556.552988930521	2556.92	132	EACH	14
2556.92	2557.46	490	YEAR	14
2565.420254297473	2565.72	297	ONLY	15
2565.72	2565.8716109342768	433	THE	15
2565.8716109342768	2566.2392785280063	51	BEST	15
2566.2392785280063	2566.74	329	PLAYERS	15
2566.74	2567.207563216004	139	ENJOY	15
2567.207563216004	2568.16	335	POPULARITY	15
2576.044450318467	2576.5899999999997	75	CALCIUM	16
2576.5899999999997	2576.94	253	MAKES	16
2576.94	2577.0168973031614	99999	sp	16
2577.0168973031614	2577.49	58	BONES	16
2577.49	2577.73	20	AND	16
2577.73	2577.7883100750932	99999	sp	16
2577.7883100750932	2578.2599999999998	429	TEETH	16
2578.2599999999998	2579.08	405	STRONG	16
2587.0641800936246	2587.577160967465	285	NOTHING	17
2587.577160967465	2587.73	224	IS	17
2587.73	2587.8799999999997	34	AS	17
2587.8799999999997	2588.52	294	OFFENSIVE	17
2588.52	2588.93	34	AS	17
2588.93	2589.62	219	INNOCENCE	17
2596.9004944363774	2597.5230559200245	404	STEVE	18
2597.5230559200245	2597.7613949167676	489	WORE	18
2597.7613949167676	2597.8105768733667	1	A	18
2597.8105768733667	2598.3559920808493	65	BRIGHT	18
2598.3559920808493	2598.8397927198944	355	RED	18
2598.8397927198944	2599.3599999999997	78	CASHMERE	18
2599.3599999999997	2599.92	419	SWEATER	18
2607.7019034925133	2608.141901451463	46	BARB'S	19
2608.141901451463	2608.428540042265	188	GOLD	19
2608.428540042265	2609.06	63	BRACELET	19
2609.06	2609.22	471	WAS	19
2609.22	2609.3589434604646	1	A	19
2609.3589434604646	2610.203841238655	193	GRADUATION	19
2610.203841238655	2610.83	338	PRESENT	19
2619.378841345926	2619.81	130	DRAW	20
2619.81	2620.2	145	EVERY	20
2620.2	2620.5254728309774	307	OUTER	20
2620.5254728309774	2620.8256096008495	243	LINE	20
2620.8256096008495	2621.52	156	FIRST	20
2621.52	2621.8555830549203	435	THEN	20
2621.8555830549203	2622.181181546818	154	FILL	20
2622.181181546818	2622.524388138491	217	IN	20
2622.524388138491	2622.6099999999997	433	THE	20
2622.6099999999997	2623.27	222	INTERIOR	20
2635.524343837981	2635.626550091538	433	THE	21
2635.626550091538	2635.9508436178603	474	WATER	21
2635.9508436178603	2636.686124707154	103	CONTAINED	21
2636.686124707154	2636.8720939805426	447	TOO	21
2636.8720939805426	2637.1852032925103	268	MUCH	21
2637.1852032925103	2637.8028630592466	90	CHLORINE	21
2637.8028630592466	2638.1099999999997	20	AND	21
2638.1099999999997	2638.6299999999997	408	STUNG	21
2638.6299999999997	2638.8799999999997	208	HIS	21
2638.8799999999997	2639.6	149	EYES	21
2649.156290147691	2649.638165336307	229	JOHN'S	22
2649.638165336307	2649.99	66	BROTHER	22
2649.99	2650.5869662806685	362	REPAINTED	22
2650.5869662806685	2650.7325952605347	433	THE	22
2650.7325952605347	2651.4279074495926	173	GARAGE	22
2651.4279074495926	2651.8799999999997	129	DOOR	22
2660.9139085881498	2661.4399999999996	84	CHALLENGE	23
2661.4399999999996	2661.9110544596933	132	EACH	23
2661.9110544596933	2662.4256623829574	175	GENERAL'S	23
2662.4256623829574	2663.35	221	INTELLIGENCE	23
2671.565647205147	2672.599048198757	17	AMBIDEXTROUS	24
2672.599048198757	2673.298271289518	326	PICKPOCKETS	24
2673.298271289518	2673.9237900067255	6	ACCOMPLISH	24
2673.9237900067255	2674.37	266	MORE	24
2682.4687891505478	2682.58	1	A	25
2682.58	2683.174677062359	270	MUSCULAR	25
2683.174677062359	2683.7799999999997	2	ABDOMEN	25
2683.7799999999997	2684.0961559628563	224	IS	25
2684.0961559628563	2684.28827298082	189	GOOD	25
2684.28827298082	2684.3466765542807	99999	sp	25
2684.3466765542807	2684.52	161	FOR	25
2684.52	2684.66	495	YOUR	25
2684.66	2685.22	43	BACK	25
2693.9960728534834	2694.18	437	THEY	26
2694.18	2694.3511051026803	316	OWN	26
2694.3511051026803	2694.439076123376	1	A	26
2694.439076123376	2694.7605928765706	52	BIG	26
2694.7605928765706	2695.3199999999997	209	HOUSE	26
2695.3199999999997	2695.5299999999997	217	IN	26
2695.5299999999997	2695.614415172464	433	THE	26
2695.614415172464	2696.100186969502	360	REMOTE	26
2696.100186969502	2697.02	109	COUNTRYSIDE	26
2706.062989679831	2706.1899999999996	433	THE	27
2706.1899999999996	2706.54	368	ROSE	27
2706.54	2706.5893903090514	99999	sp	27
2706.5893903090514	2707.35	106	CORSAGE	27
2707.35	2707.5141859129335	99999	sp	27
2707.5141859129335	2708.04500878755	392	SMELLED	27
2708.04500878755	2708.5899999999997	420	SWEET	27
2715.661585468396	2715.9020954206617	432	THAT	28
2715.9020954206617	2716.49698872729	325	PICKPOCKET	28
2716.49698872729	2716.7389954178593	471	WAS	28
2716.7389954178593	2717.1099999999997	80	CAUGHT	28
2717.1099999999997	2717.3489807272763	355	RED	28
2717.3489807272763	2717.85	199	HANDED	28
2724.9268806355667	2725.0699999999997	19	AN	29
2725.0699999999997	2725.4681365646315	9	ADULT	29
2725.4681365646315	2725.7779152319617	254	MALE	29
2725.7779152319617	2726.49	42	BABOON'S	29
2726.49	2726.5609004794583	99999	sp	29
2726.5609004794583	2726.8599999999997	429	TEETH	29
2726.8599999999997	2727.04	30	ARE	29
2727.04	2727.3399999999997	284	NOT	29
2727.3399999999997	2727.801212405936	414	SUITABLE	29
2727.801212405936	2727.9399999999996	161	FOR	29
2727.9399999999996	2728.3199999999997	135	EATING	29
2728.3199999999997	2729.08	375	SHELLFISH	29
2738.451108050707	2738.71437593394	204	HER	30
2738.71437593394	2739.2	469	WARDROBE	30
2739.2	2739.81	102	CONSISTS	30
2739.81	2740.02	293	OF	30
2740.02	2740.318458325264	297	ONLY	30
2740.318458325264	2740.8599999999997	384	SKIRTS	30
2740.8599999999997	2741.1299999999997	20	AND	30
2741.1299999999997	2741.89	54	BLOUSES	30
2750.188441257635	2750.323437166326	433	THE	31
2750.323437166326	2750.54	452	TWO	31
2750.54	2751.1462025643254	33	ARTISTS	31
2751.1462025643254	2751.9117870526516	147	EXCHANGED	31
2751.9117870526516	2752.79	39	AUTOGRAPHS	31
2760.355280924859	2761.0313940765463	71	BUTTERSCOTCH	32
2761.0313940765463	2761.48	169	FUDGE	32
2761.48	2761.5814890712654	99999	sp	32
2761.5814890712654	2761.860566507313	186	GOES	32
2761.860566507313	2762.21	480	WELL	32
2762.21	2762.4042082405754	486	WITH	32
2762.4042082405754	2762.941403411826	462	VANILLA	32
2762.941403411826	2763.3232921858685	212	ICE	32
2763.3232921858685	2763.75	112	CREAM	32
2771.936636413243	2772.32443911403	365	RICH	33
2772.32443911403	2772.77	348	PURCHASED	33
2772.77	2773.222858150853	373	SEVERAL	33
2773.222858150853	2773.7309962253116	381	SIGNED	33
2773.7309962253116	2773.789442729841	88888	UH	33
2773.789442729841	2774.8199999999997	244	LITHOGRAPHS	33
2783.388168249973	2783.7409161799633	24	ANY	34
2783.7409161799633	2784.6477341045525	105	CONTRIBUTIONS	34
2784.6477341045525	2784.7320418942713	484	WILL	34
2784.7320418942713	2784.89	47	BE	34
2784.89	2785.33	195	GREATLY	34
2785.33	2786.2	28	APPRECIATED	34
2794.1712769828764	2794.307307342975	433	THE	35
2794.307307342975	2794.8727496036126	111	CRANBERRY	35
2794.8727496036126	2795.4645857847077	57	BOG	35
2795.4645857847077	2795.6899999999996	178	GETS	35
2795.6899999999996	2796.172102308139	464	VERY	35
2796.172102308139	2796.590227700574	339	PRETTY	35
2796.590227700574	2796.73	217	IN	35
2796.73	2797.2599999999998	40	AUTUMN	35
2808.67	2808.8625947185574	99999	sp	36
2808.8625947185574	2809.0731055800034	210	HOW	36
2809.0731055800034	2809.27	128	DO	36
2809.27	2809.7920472976084	317	OYSTERS	36
2809.7920472976084	2810.0383150703133	252	MAKE	36
2810.0383150703133	2810.74	319	PEARLS	36
2817.397468035142	2817.604195510911	256	MAY	37
2817.604195510911	2817.666262595367	211	I	37
2817.666262595367	2818.0100548826417	303	ORDER	37
2818.0100548826417	2818.1202239575505	1	A	37
2818.1202239575505	2818.6899999999996	318	PARFAIT	37
2818.6899999999996	2819.1438337237	10	AFTER	37
2819.1438337237	2819.331177295417	211	I	37
2819.331177295417	2819.6014927136266	134	EAT	37
2819.6014927136266	2820.0299999999997	124	DINNER	37
2827.9289431134252	2828.12	224	IS	38
2828.12	2828.2799999999997	374	SHE	38
2828.2799999999997	2828.67623978736	187	GOING	38
2828.67623978736	2828.89	486	WITH	38
2828.89	2829.22	494	YOU	38
2835.273004075465	2835.49	76	CAN	39
2835.49	2835.6499999999996	433	THE	39
2835.6499999999996	2836.2599999999998	11	AGENCY	39
2836.2599999999998	2837.0099999999998	314	OVERTHROW	39
2837.0099999999998	2837.0817450397426	99999	sp	39
2837.0817450397426	2837.5494624614885	13	ALIEN	39
2837.5494624614885	2838.4399999999996	162	FORCES	39
2846.468949366703	2846.581187344427	1	A	40
2846.581187344427	2847.43	370	SCREWDRIVER	40
2847.43	2847.6099999999997	224	IS	40
2847.6099999999997	2847.83264709294	251	MADE	40
2847.83264709294	2848.1499999999996	166	FROM	40
2848.1499999999996	2848.7595664716055	468	VODKA	40
2848.7595664716055	2849.06	20	AND	40
2849.06	2849.5763804242893	302	ORANGE	40
2849.5763804242893	2849.6796627592985	88888	UH	40
2849.6796627592985	2850.31	230	JUICE	40
2859.5000074336676	2859.6950015239995	210	HOW	41
2859.6950015239995	2859.9587866329366	268	MUCH	41
2859.9587866329366	2860.710227811946	16	ALLOWANCE	41
2860.710227811946	2860.8399999999997	128	DO	41
2860.8399999999997	2861.0919403813486	494	YOU	41
2861.0919403813486	2861.3999999999996	177	GET	41
2871.0099999999998	2871.25	99999	sp	42
2871.25	2871.8082104214	115	CYCLICAL	42
2871.8082104214	2872.47	345	PROGRAMS	42
2872.47	2872.594877887076	484	WILL	42
2872.594877887076	2872.9328024762954	280	NEVER	42
2872.9328024762954	2873.6499999999996	100	COMPILE	42
2881.0282054605204	2881.09112878107	433	THE	43
2881.09112878107	2881.5499999999997	61	BOSTON	43
2881.5499999999997	2882.08	45	BALLET	43
2882.08	2882.77	311	OVERCAME	43
2882.77	2882.93	434	THEIR	43
2882.93	2883.41	170	FUNDING	43
2883.41	2884.1499999999996	379	SHORTAGE	43
2892.532131188966	2892.923037243976	145	EVERY	44
2892.923037243976	2893.38	74	CAB	44
2893.38	2893.7299999999996	279	NEEDS	44
2893.7299999999996	2894.4565149770096	363	REPAINTING	44
2894.4565149770096	2895.22	295	OFTEN	44
2902.5183512186222	2902.7999999999997	203	HELP	45
2902.7999999999997	2902.8829953398	99999	sp	45
2902.8829953398	2903.261124847847	196	GREG	45
2903.261124847847	2903.444229446436	445	TO	45
2903.444229446436	2903.7299999999996	324	PICK	45
2903.7299999999996	2903.9423861368905	1	A	45
2903.9423861368905	2904.2964612999886	320	PECK	45
2904.2964612999886	2904.490790768429	293	OF	45
2904.490790768429	2905.43	337	POTATOES	45
2913.965969693725	2914.18	475	WE	46
2914.18	2914.527591050115	240	LIKE	46
2914.527591050115	2914.7477972133083	55	BLUE	46
2914.7477972133083	2915.2999999999997	88	CHEESE	46
2915.2999999999997	2915.35745021178	99999	sp	46
2915.35745021178	2915.5099999999998	70	BUT	46
2915.5099999999998	2915.95	465	VICTOR	46
2915.95	2916.3399999999997	241	LIKES	46
2916.3399999999997	2916.410449385667	99999	sp	46
2916.410449385667	2916.7599999999998	64	BRIE	46
2924.879148631292	2925.161553865566	108	COUNT	47
2925.161553865566	2925.246061979606	433	THE	47
2925.246061979606	2925.66	288	NUMBER	47
2925.66	2925.8819548029023	293	OF	47
2925.8819548029023	2926.5698937974057	428	TEASPOONS	47
2926.5698937974057	2926.75	293	OF	47
2926.75	2927.63	394	SOYSAUCE	47
2927.63	2927.6969795234413	99999	sp	47
2927.6969795234413	2927.9399999999996	432	THAT	47
2927.9399999999996	2928.22	494	YOU	47
2928.22	2928.8999999999996	7	ADD	47
2937.5804103241103	2938.2	44	BAGPIPES	48
2938.2	2938.35	20	AND	48
2938.35	2939.0049624680823	59	BONGOS	48
2939.0049624680823	2939.201222153269	30	ARE	48
2939.201222153269	2939.83	272	MUSICAL	48
2939.83	2940.75	220	INSTRUMENTS	48
2951.9906433591814	2952.3542530289515	210	HOW	49
2952.3542530289515	2952.6584346709187	189	GOOD	49
2952.6584346709187	2952.84929095562	224	IS	49
2952.84929095562	2953.06	495	YOUR	49
2953.06	2953.8199999999997	138	ENDURANCE	49
2968.4397069070124	2968.602	30	ARE	0
2968.602	2968.7332424929846	495	YOUR	0
2968.7332424929846	2969.092	192	GRADES	0
2969.092	2969.6144317488447	206	HIGHER	0
2969.6144317488447	2969.7778631340475	301	OR	0
2969.7778631340475	2970.1854218265157	250	LOWER	0
2970.1854218265157	2970.342	431	THAN	0
2970.342	2971.122	274	NANCY'S	0
2978.722	2978.982	374	SHE	1
2978.982	2979.222	489	WORE	1
2979.222	2979.6681093312886	470	WARM	1
2979.6681093312886	2980.262	158	FLEECY	1
2980.262	2980.7095254353867	488	WOOLEN	1
2980.7095254353867	2981.692	310	OVERALLS	1
2989.771777981673	2990.0653135676453	353	READING	2
2990.0653135676453	2990.2537403411734	217	IN	2
2990.2537403411734	2990.6024052499747	334	POOR	2
2990.6024052499747	2991.042	239	LIGHT	2
2991.042	2991.1374345258655	99999	sp	2
2991.1374345258655	2991.392	181	GIVES	2
2991.392	2991.532	494	YOU	2
2991.532	2992.382	150	EYESTRAIN	2
3000.6182001823295	3000.9120000000003	142	EVEN	3
3000.9120000000003	3001.182140278678	211	I	3
3001.182140278678	3001.811452929108	292	OCCASIONALLY	3
3001.811452929108	3002.0338477944624	177	GET	3
3002.0338477944624	3002.1011430707226	433	THE	3
3002.1011430707226	3002.477297300936	264	MONDAY	3
3002.477297300936	3003.122	56	BLUES	3
3011.617798376032	3011.742	475	WE	4
3011.742	3011.902	30	ARE	4
3011.902	3012.259929174321	300	OPEN	4
3012.259929174321	3012.6820000000002	145	EVERY	4
3012.6820000000002	3013.154577485433	264	MONDAY	4
3013.154577485433	3013.672	143	EVENING	4
3025.093629098304	3025.3429420741627	226	IT'S	5
3025.3429420741627	3025.6171920288966	284	NOT	5
3025.6171920288966	3026.0382681860665	133	EASY	5
3026.0382681860665	3026.167731479443	445	TO	5
3026.167731479443	3026.831653129092	113	CREATE	5
3026.831653129092	3027.68842920328	215	ILLUMINATING	5
3027.68842920328	3028.722	146	EXAMPLES	5
3037.7638973457947	3038.0824283200923	269	MUM	6
3038.0824283200923	3038.655341119942	406	STRONGLY	6
3038.655341119942	3039.212	126	DISLIKES	6
3039.212	3040.142	27	APPETIZERS	6
3048.2149380944493	3048.482	442	THOSE	7
3048.482	3048.693637507535	483	WHO	7
3048.693637507535	3048.979482204792	426	TEACH	7
3048.979482204792	3049.661349261444	461	VALUES	7
3049.661349261444	3049.992	156	FIRST	7
3049.992	3050.608551978778	4	ABOLISH	7
3050.608551978778	3051.122	87	CHEATING	7
3058.9459975469545	3059.1068653025854	433	THE	8
3059.1068653025854	3059.4974739790814	165	FRIGHTENED	8
3059.4974739790814	3059.9524595273383	89	CHILD	8
3059.9524595273383	3060.2697086868498	471	WAS	8
3060.2697086868498	3060.618944806559	176	GENTLY	8
3060.618944806559	3061.2476162583057	409	SUBDUED	8
3061.2476162583057	3061.355288700322	73	BY	8
3061.355288700322	3061.6827923781207	208	HIS	8
3061.6827923781207	3061.9871643977435	52	BIG	8
3061.9871643977435	3062.4120000000003	66	BROTHER	8
3070.5303987746374	3070.852	142	EVEN	9
3070.852	3070.922	1	A	9
3070.922	3071.362	382	SIMPLE	9
3071.362	3072.2433690076505	467	VOCABULARY	9
3072.2433690076505	3073.0604672329255	104	CONTAINS	9
3073.0604672329255	3073.942	421	SYMBOLS	9
3086.7413889035224	3086.9182793439772	1	A	10
3086.9182793439772	3087.220729224001	110	CRAB	10
3087.220729224001	3087.2527745936486	99999	sp	10
3087.2527745936486	3087.7808238759917	85	CHALLENGED	10
3087.7808238759917	3088.1333229421157	257	ME	10
3088.1333229421157	3088.224972699308	70	BUT	10
3088.224972699308	3088.376168434595	1	A	10
3088.376168434595	3088.6658585762098	349	QUICK	10
3088.6658585762098	3089.2894027688126	401	STAB	10
3089.2894027688126	3089.822	463	VANQUISHED	10
3089.822	3090.132	207	HIM	10
3098.405490662237	3098.882	183	GLUCOSE	11
3098.882	3099.0592162030484	20	AND	11
3099.0592162030484	3099.6436653359715	167	FRUCTOSE	11
3099.6436653359715	3099.7654377406325	30	ARE	11
3099.7654377406325	3100.1499237669545	275	NATURAL	11
3100.1499237669545	3100.742	413	SUGARS	11
3100.742	3100.845890494961	99999	sp	11
3100.845890494961	3101.262	163	FOUND	11
3101.262	3101.510452760713	217	IN	11
3101.510452760713	3101.992	168	FRUIT	11
3111.5429801079	3111.702	30	ARE	12
3111.702	3111.852	494	YOU	12
3111.852	3112.152	249	LOOKING	12
3112.152	3112.372	161	FOR	12
3112.372	3113.022	136	EMPLOYMENT	12
3122.8693841190084	3123.2609785361024	98	COFFEE	13
3123.2609785361024	3123.49490973453	224	IS	13
3123.49490973453	3123.893495723497	198	GROWN	13
3123.893495723497	3124.102	296	ON	13
3124.102	3124.72982146185	403	STEEP	13
3124.72982146185	3125.0931575442046	88888	JUNGLE	13
3125.0931575442046	3125.362	240	LIKE	13
3125.362	3126.08842802472	389	SLOPES	13
3126.08842802472	3126.2480139655654	217	IN	13
3126.2480139655654	3126.7619632852634	430	TEMPERATE	13
3126.7619632852634	3127.552	496	ZONES	13
3135.546120723748	3135.682633998447	475	WE	14
3135.682633998447	3136.122	479	WELCOME	14
3136.122	3136.4644826083995	255	MANY	14
3136.4644826083995	3136.6682327499084	281	NEW	14
3136.6682327499084	3137.49109943301	407	STUDENTS	14
3137.49109943301	3137.856416646993	132	EACH	14
3137.856416646993	3138.342	490	YEAR	14
3146.8968792157884	3147.202592042227	297	ONLY	15
3147.202592042227	3147.380705888018	433	THE	15
3147.380705888018	3147.720386806283	51	BEST	15
3147.720386806283	3148.232	329	PLAYERS	15
3148.232	3148.791284359167	139	ENJOY	15
3148.791284359167	3149.752	335	POPULARITY	15
3156.03417546263	3156.542	75	CALCIUM	16
3156.542	3156.973628881799	253	MAKES	16
3156.973628881799	3157.392	58	BONES	16
3157.392	3157.627296013161	20	AND	16
3157.627296013161	3158.0118404489326	429	TEETH	16
3158.0118404489326	3158.7270346900177	405	STRONG	16
3169.267103156843	3169.672	285	NOTHING	17
3169.672	3169.9320000000002	224	IS	17
3169.9320000000002	3170.112	34	AS	17
3170.112	3170.760941179626	294	OFFENSIVE	17
3170.760941179626	3171.1576628558637	34	AS	17
3171.1576628558637	3171.982	219	INNOCENCE	17
3181.012	3181.702	404	STEVE	18
3181.702	3181.9393531185424	489	WORE	18
3181.9393531185424	3182.1123397051897	1	A	18
3182.1123397051897	3182.502	65	BRIGHT	18
3182.502	3182.9787880910117	355	RED	18
3182.9787880910117	3183.559391779577	78	CASHMERE	18
3183.559391779577	3184.1620000000003	419	SWEATER	18
3193.3606111325175	3193.738047177517	46	BARB'S	19
3193.738047177517	3194.0988780397493	188	GOLD	19
3194.0988780397493	3194.660254215236	63	BRACELET	19
3194.660254215236	3194.872	471	WAS	19
3194.872	3195.0069264140834	1	A	19
3195.0069264140834	3195.8099249680035	193	GRADUATION	19
3195.8099249680035	3196.422	338	PRESENT	19
3203.1021673971736	3203.502	130	DRAW	20
3203.502	3203.9120000000003	145	EVERY	20
3203.9120000000003	3204.248692313716	307	OUTER	20
3204.248692313716	3204.524224083236	243	LINE	20
3204.524224083236	3204.6536873766127	99999	sp	20
3204.6536873766127	3205.1651314761884	156	FIRST	20
3205.1651314761884	3205.3028681562237	99999	sp	20
3205.3028681562237	3205.729071572537	435	THEN	20
3205.729071572537	3205.952	154	FILL	20
3205.952	3206.2295618369835	217	IN	20
3206.2295618369835	3206.332	433	THE	20
3206.332	3207.042	222	INTERIOR	20
3215.5923999505644	3215.6705906525044	433	THE	21
3215.6705906525044	3215.982	474	WATER	21
3215.982	3216.7273301245837	103	CONTAINED	21
3216.7273301245837	3216.9120000000003	447	TOO	21
3216.9120000000003	3217.252874186805	268	MUCH	21
3217.252874186805	3217.919359466026	90	CHLORINE	21
3217.919359466026	3218.122	20	AND	21
3218.122	3218.6339125084282	408	STUNG	21
3218.6339125084282	3218.842	208	HIS	21
3218.842	3219.532	149	EYES	21
3227.403328785585	3227.9057417722097	229	JOHN'S	22
3227.9057417722097	3228.312	66	BROTHER	22
3228.312	3228.964403675178	362	REPAINTED	22
3228.964403675178	3229.154112263492	433	THE	22
3229.154112263492	3229.8962246150813	173	GARAGE	22
3229.8962246150813	3230.342	129	DOOR	22
3237.904941934963	3238.526563696677	84	CHALLENGE	23
3238.526563696677	3238.936103520774	132	EACH	23
3238.936103520774	3239.4628709883314	175	GENERAL'S	23
3239.4628709883314	3240.392	221	INTELLIGENCE	23
3248.40212859849	3249.3409402363964	17	AMBIDEXTROUS	24
3249.3409402363964	3249.9844112589208	326	PICKPOCKETS	24
3249.9844112589208	3250.5861646001636	6	ACCOMPLISH	24
3250.5861646001636	3251.042	266	MORE	24
3259.2786719901655	3259.4120000000003	1	A	25
3259.4120000000003	3259.9605390468178	270	MUSCULAR	25
3259.9605390468178	3260.572	2	ABDOMEN	25
3260.572	3260.836601043534	224	IS	25
3260.836601043534	3261.0775238138344	189	GOOD	25
3261.0775238138344	3261.242	161	FOR	25
3261.242	3261.4024638620613	495	YOUR	25
3261.4024638620613	3261.832	43	BACK	25
3270.5717479429704	3270.752	437	THEY	26
3270.752	3270.8966879911977	316	OWN	26
3270.8966879911977	3270.9972517511515	1	A	26
3270.9972517511515	3271.342	52	BIG	26
3271.342	3271.9053588262254	209	HOUSE	26
3271.9053588262254	3272.0264903234934	217	IN	26
3272.0264903234934	3272.132	433	THE	26
3272.132	3272.5692801845844	360	REMOTE	26
3272.5692801845844	3273.492	109	COUNTRYSIDE	26
3280.1505718479766	3280.262	433	THE	27
3280.262	3280.7170755738966	368	ROSE	27
3280.7170755738966	3281.7219596653067	106	CORSAGE	27
3281.7219596653067	3282.322	392	SMELLED	27
3282.322	3282.922	420	SWEET	27
3290.142723485857	3290.5573905690976	432	THAT	28
3290.5573905690976	3291.2392576257494	325	PICKPOCKET	28
3291.2392576257494	3291.543630227952	471	WAS	28
3291.543630227952	3291.8570339431058	80	CAUGHT	28
3291.8570339431058	3292.172	355	RED	28
3292.172	3292.712	199	HANDED	28
3302.0741432020427	3302.1895065327744	19	AN	29
3302.1895065327744	3302.7162740003314	9	ADULT	29
3302.7162740003314	3303.0802509900786	254	MALE	29
3303.0802509900786	3303.8415905634565	42	BABOON'S	29
3303.8415905634565	3304.130639797678	429	TEETH	29
3304.130639797678	3304.3375944761524	30	ARE	29
3304.3375944761524	3304.632	284	NOT	29
3304.632	3305.1329021413567	414	SUITABLE	29
3305.1329021413567	3305.400160524218	161	FOR	29
3305.400160524218	3305.7615738843933	135	EATING	29
3305.7615738843933	3306.642	375	SHELLFISH	29
3313.439001074148	3313.632	204	HER	30
3313.632	3314.052	469	WARDROBE	30
3314.052	3314.632	102	CONSISTS	30
3314.632	3314.7950442987367	293	OF	30
3314.7950442987367	3315.092	297	ONLY	30
3315.092	3315.655083610629	384	SKIRTS	30
3315.655083610629	3315.953688046295	20	AND	30
3315.953688046295	3316.802	54	BLOUSES	30
3326.6809604638925	3326.8507425135754	433	THE	31
3326.8507425135754	3327.2096506536286	452	TWO	31
3327.2096506536286	3327.702450029359	33	ARTISTS	31
3327.702450029359	3328.4362305848404	147	EXCHANGED	31
3328.4362305848404	3329.392	39	AUTOGRAPHS	31
3337.001839476198	3337.6580702371316	71	BUTTERSCOTCH	32
3337.6580702371316	3338.0945281717322	169	FUDGE	32
3338.0945281717322	3338.315582812851	186	GOES	32
3338.315582812851	3338.5956593435717	480	WELL	32
3338.5956593435717	3338.7763952283844	486	WITH	32
3338.7763952283844	3339.18779936521	462	VANILLA	32
3339.18779936521	3339.6261800219895	212	ICE	32
3339.6261800219895	3339.982	112	CREAM	32
3351.481274222834	3351.9112646740555	365	RICH	33
3351.9112646740555	3352.402	348	PURCHASED	33
3352.402	3352.7680994489833	373	SEVERAL	33
3352.7680994489833	3353.287816643928	381	SIGNED	33
3353.287816643928	3354.362	244	LITHOGRAPHS	33
3364.363043075159	3364.675164975527	24	ANY	34
3364.675164975527	3365.586418469406	105	CONTRIBUTIONS	34
3365.586418469406	3365.7024227075303	484	WILL	34
3365.7024227075303	3365.873544981449	47	BE	34
3365.873544981449	3366.2644400817003	195	GREATLY	34
3366.2644400817003	3367.182	28	APPRECIATED	34
3374.8019074572176	3374.909579899234	433	THE	35
3374.909579899234	3375.4953105556524	111	CRANBERRY	35
3375.4953105556524	3376.172050061871	57	BOG	35
3376.172050061871	3376.4322000539596	178	GETS	35
3376.4322000539596	3376.845585322414	464	VERY	35
3376.845585322414	3377.1775169425136	339	PRETTY	35
3377.1775169425136	3377.3056984211044	217	IN	35
3377.3056984211044	3377.942	40	AUTUMN	35
3385.488743717029	3385.7399794150665	210	HOW	36
3385.7399794150665	3385.96423859315	128	DO	36
3385.96423859315	3386.572	317	OYSTERS	36
3386.572	3386.8941368108744	252	MAKE	36
3386.8941368108744	3387.562	319	PEARLS	36
3395.2604819124736	3395.405268573831	256	MAY	37
3395.405268573831	3395.542	211	I	37
3395.542	3395.8218583792504	303	ORDER	37
3395.8218583792504	3395.93465808041	1	A	37
3395.93465808041	3396.476166418005	318	PARFAIT	37
3396.476166418005	3396.872	10	AFTER	37
3396.872	3397.032	211	I	37
3397.032	3397.2862146619577	134	EAT	37
3397.2862146619577	3397.682	124	DINNER	37
3405.988977152827	3406.222	224	IS	38
3406.222	3406.4311448445146	374	SHE	38
3406.4311448445146	3406.832	187	GOING	38
3406.832	3407.1123709937733	486	WITH	38
3407.1123709937733	3407.482	494	YOU	38
3415.590233981746	3415.792	76	CAN	39
3415.792	3415.892	433	THE	39
3415.892	3416.592	11	AGENCY	39
3416.592	3417.262	314	OVERTHROW	39
3417.262	3417.7736302411868	13	ALIEN	39
3417.7736302411868	3418.642	162	FORCES	39
3427.587609623826	3427.7106638432733	1	A	40
3427.7106638432733	3428.4957169901904	370	SCREWDRIVER	40
3428.4957169901904	3428.663576317694	224	IS	40
3428.663576317694	3428.965443699775	251	MADE	40
3428.965443699775	3429.242	166	FROM	40
3429.242	3429.831251178204	468	VODKA	40
3429.831251178204	3430.1266510769055	20	AND	40
3430.1266510769055	3430.6322686004955	302	ORANGE	40
3430.6322686004955	3431.172	230	JUICE	40
3438.547473306906	3438.742	210	HOW	41
3438.742	3439.002	268	MUCH	41
3439.002	3439.708680684036	16	ALLOWANCE	41
3439.708680684036	3439.842	128	DO	41
3439.842	3440.0534888614447	494	YOU	41
3440.0534888614447	3440.4120000000003	177	GET	41
3448.562	3449.2035465944355	115	CYCLICAL	42
3449.2035465944355	3449.8277319857216	345	PROGRAMS	42
3449.8277319857216	3449.9366862425236	484	WILL	42
3449.9366862425236	3450.280212605146	280	NEVER	42
3450.280212605146	3450.982	100	COMPILE	42
3457.6929459154812	3457.772	433	THE	43
3457.772	3458.2511178452933	61	BOSTON	43
3458.2511178452933	3458.712	45	BALLET	43
3458.712	3459.4334751663914	311	OVERCAME	43
3459.4334751663914	3459.67189271657	434	THEIR	43
3459.67189271657	3460.0999604456124	170	FUNDING	43
3460.0999604456124	3460.932	379	SHORTAGE	43
3470.0242343092896	3470.481783778408	145	EVERY	44
3470.481783778408	3470.834865342475	74	CAB	44
3470.834865342475	3471.2392779074285	279	NEEDS	44
3471.2392779074285	3471.872	363	REPAINTING	44
3471.872	3472.582	295	OFTEN	44
3481.20771568048	3481.582646505357	203	HELP	45
3481.582646505357	3481.935728069424	196	GREG	45
3481.935728069424	3482.1126185098788	445	TO	45
3482.1126185098788	3482.4836451896585	324	PICK	45
3482.4836451896585	3482.657972000542	1	A	45
3482.657972000542	3482.962	320	PECK	45
3482.962	3483.1706395054543	293	OF	45
3483.1706395054543	3484.062	337	POTATOES	45
3492.1496327913965	3492.342	475	WE	46
3492.342	3492.698832017707	240	LIKE	46
3492.698832017707	3492.928276864384	55	BLUE	46
3492.928276864384	3493.392	88	CHEESE	46
3493.392	3493.480680336369	99999	sp	46
3493.480680336369	3493.6639798507535	70	BUT	46
3493.6639798507535	3493.982	465	VICTOR	46
3493.982	3494.442	241	LIKES	46
3494.442	3494.513123736966	99999	sp	46
3494.513123736966	3494.862	64	BRIE	46
3503.116544708058	3503.4036125193606	108	COUNT	47
3503.4036125193606	3503.49462136916	433	THE	47
3503.49462136916	3503.862	288	NUMBER	47
3503.862	3504.032	293	OF	47
3504.032	3504.093170173438	99999	sp	47
3504.093170173438	3504.642	428	TEASPOONS	47
3504.642	3504.772	293	OF	47
3504.772	3505.699166698698	394	SOYSAUCE	47
3505.699166698698	3505.962	432	THAT	47
3505.962	3506.3592426126993	494	YOU	47
3506.3592426126993	3506.802	7	ADD	47
3515.6778586987466	3516.212	44	BAGPIPES	48
3516.212	3516.3994620137614	20	AND	48
3516.3994620137614	3517.012	59	BONGOS	48
3517.012	3517.1979742159306	30	ARE	48
3517.1979742159306	3517.8836867169402	272	MUSICAL	48
3517.8836867169402	3518.712	220	INSTRUMENTS	48
3528.3718998030963	3528.6160443343338	210	HOW	49
3528.6160443343338	3529.0252153637202	189	GOOD	49
3529.0252153637202	3529.182	224	IS	49
3529.182	3529.392	495	YOUR	49
3529.392	3530.212	138	ENDURANCE	49
