51.9965	52.2545	375	SHE	1
52.2545	52.6005	490	WORE	1
52.6005	53.0565	471	WARM	1
53.0565	53.6295	158	FLEECY	1
53.6295	53.9585	489	WOOLEN	1
53.9585	54.750499999999995	311	OVERALLS	1
64.716875	65.03687500000001	354	READING	2
65.03687500000001	65.198875	217	IN	2
65.198875	65.241875	99999	sp	2
65.241875	65.480875	335	POOR	2
65.480875	65.82487499999999	240	LIGHT	2
65.82487499999999	65.879875	99999	sp	2
65.879875	66.083875	181	GIVES	2
66.083875	66.17387500000001	495	YOU	2
66.17387500000001	66.847875	150	EYESTRAIN	2
76.7620625	76.9930625	142	EVEN	3
76.9930625	77.26606249999999	211	I	3
77.26606249999999	77.8840625	293	OCCASIONALLY	3
77.8840625	78.03406249999999	177	GET	3
78.03406249999999	78.0830625	99999	sp	3
78.0830625	78.1300625	434	THE	3
78.1300625	78.5410625	265	MONDAY	3
78.5410625	79.0630625	56	BLUES	3
88.860625	88.93162500000001	476	WE	4
88.93162500000001	89.05362500000001	30	ARE	4
89.05362500000001	89.402625	301	OPEN	4
89.402625	89.695625	145	EVERY	4
89.695625	90.022625	265	MONDAY	4
90.022625	90.494625	143	EVENING	4
100.898875	101.086875	226	IT'S	5
101.086875	101.28387500000001	285	NOT	5
101.28387500000001	101.62587500000001	133	EASY	5
101.62587500000001	101.772875	446	TO	5
101.772875	102.229875	113	CREATE	5
102.229875	102.901875	215	ILLUMINATING	5
102.901875	103.81987500000001	146	EXAMPLES	5
113.3450625	113.6630625	270	MUM	6
113.6630625	114.2190625	407	STRONGLY	6
114.2190625	114.7820625	126	DISLIKES	6
114.7820625	114.8540625	99999	sp	6
114.8540625	115.77006250000001	27	APPETIZERS	6
127.0193125	127.2603125	443	THOSE	7
127.2603125	127.37231249999999	484	WHO	7
127.37231249999999	127.6733125	427	TEACH	7
127.6733125	128.3443125	462	VALUES	7
128.3443125	128.71531249999998	156	FIRST	7
128.71531249999998	129.3003125	4	ABOLISH	7
129.3003125	129.4403125	99999	sp	7
129.4403125	129.9963125	87	CHEATING	7
141.409875	141.50387500000002	434	THE	8
141.50387500000002	141.893875	165	FRIGHTENED	8
141.893875	142.284875	89	CHILD	8
142.284875	142.52087500000002	472	WAS	8
142.52087500000002	142.879875	176	GENTLY	8
142.879875	143.465875	410	SUBDUED	8
143.465875	143.599875	73	BY	8
143.599875	143.775875	208	HIS	8
143.775875	143.82487500000002	99999	sp	8
143.82487500000002	144.047875	52	BIG	8
144.047875	144.409875	66	BROTHER	8
155.7345	155.9305	142	EVEN	9
155.9305	156.0075	1	A	9
156.0075	156.41049999999998	383	SIMPLE	9
156.41049999999998	157.32049999999998	468	VOCABULARY	9
157.32049999999998	157.3645	99999	sp	9
157.3645	157.9305	104	CONTAINS	9
157.9305	158.67049999999998	422	SYMBOLS	9
170.629625	170.748625	1	A	10
170.748625	171.15562500000001	110	CRAB	10
171.15562500000001	171.761625	85	CHALLENGED	10
171.761625	172.20962500000002	258	ME	10
172.20962500000002	172.290625	70	BUT	10
172.290625	172.580625	211	I	10
172.580625	173.449625	99999	sp	10
173.449625	173.545625	70	BUT	10
173.545625	173.678625	1	A	10
173.678625	173.950625	350	QUICK	10
173.950625	174.57262500000002	402	STAB	10
174.57262500000002	175.260625	464	VANQUISHED	10
175.260625	175.600625	207	HIM	10
186.09625	186.60425	183	GLUCOSE	11
186.60425	186.77025	20	AND	11
186.77025	187.46425000000002	167	FRUCTOSE	11
187.46425000000002	187.56625000000003	30	ARE	11
187.56625000000003	188.04325	276	NATURAL	11
188.04325	188.60925	414	SUGARS	11
188.60925	188.65925000000001	99999	sp	11
188.65925000000001	189.00925	163	FOUND	11
189.00925	189.11425	217	IN	11
189.11425	189.63925	168	FRUIT	11
198.2823125	198.36631249999996	30	ARE	12
198.36631249999996	198.51231249999998	495	YOU	12
198.51231249999998	198.83331249999998	250	LOOKING	12
198.83331249999998	199.01031249999997	161	FOR	12
199.01031249999997	199.93831249999997	136	EMPLOYMENT	12
211.1535625	211.5545625	98	COFFEE	13
211.5545625	211.7595625	224	IS	13
211.7595625	212.0215625	198	GROWN	13
212.0215625	212.2255625	297	ON	13
212.2255625	212.8645625	404	STEEP	13
212.8645625	213.22356249999999	231	JUNGLE	13
213.22356249999999	213.4515625	241	LIKE	13
213.4515625	214.0155625	390	SLOPES	13
214.0155625	214.18656249999998	217	IN	13
214.18656249999998	214.64556249999998	431	TEMPERATE	13
214.64556249999998	214.8915625	99999	sp	13
214.8915625	215.6255625	497	ZONES	13
224.310125	224.40912500000002	476	WE	14
224.40912500000002	224.92112500000002	480	WELCOME	14
224.92112500000002	225.21412500000002	256	MANY	14
225.21412500000002	225.37412500000002	282	NEW	14
225.37412500000002	225.89712500000002	408	STUDENTS	14
225.89712500000002	225.95112500000002	99999	sp	14
225.95112500000002	226.163125	132	EACH	14
226.163125	226.43412500000002	491	YEAR	14
235.9096875	236.1316875	298	ONLY	15
236.1316875	236.30668749999998	434	THE	15
236.30668749999998	236.6256875	51	BEST	15
236.6256875	237.0726875	330	PLAYERS	15
237.0726875	237.38968749999998	139	ENJOY	15
237.38968749999998	238.2976875	336	POPULARITY	15
247.55525	248.02325	75	CALCIUM	16
248.02325	248.33724999999998	254	MAKES	16
248.33724999999998	248.83525	58	BONES	16
248.83525	248.99724999999998	20	AND	16
248.99724999999998	249.35125	430	TEETH	16
249.35125	249.96224999999998	406	STRONG	16
259.474625	259.942625	286	NOTHING	17
259.942625	260.09562500000004	224	IS	17
260.09562500000004	260.286625	34	AS	17
260.286625	261.06662500000004	295	OFFENSIVE	17
261.06662500000004	261.298625	34	AS	17
261.298625	262.04762500000004	219	INNOCENCE	17
273.6111875	274.0681875000001	405	STEVE	18
274.0681875000001	274.33918750000004	490	WORE	18
274.33918750000004	274.49818750000003	1	A	18
274.49818750000003	274.8181875000001	65	BRIGHT	18
274.8181875000001	275.12918750000006	356	RED	18
275.12918750000006	275.21818750000006	99999	sp	18
275.21818750000006	275.82218750000004	78	CASHMERE	18
275.82218750000004	276.43718750000005	420	SWEATER	18
287.1836875	287.55768750000004	46	BARB'S	19
287.55768750000004	287.7946875	188	GOLD	19
287.7946875	288.22368750000004	63	BRACELET	19
288.22368750000004	288.38168750000006	472	WAS	19
288.38168750000006	288.48568750000004	1	A	19
288.48568750000004	289.1406875	193	GRADUATION	19
289.1406875	289.64168750000005	339	PRESENT	19
302.1453125	302.49231249999997	130	DRAW	20
302.49231249999997	302.95731249999994	145	EVERY	20
302.95731249999994	303.0353125	99999	sp	20
303.0353125	303.7013125	308	OUTER	20
303.7013125	303.78431249999994	99999	sp	20
303.78431249999994	304.12531249999995	244	LINE	20
304.12531249999995	304.86031249999996	156	FIRST	20
304.86031249999996	305.1553125	436	THEN	20
305.1553125	305.41931249999993	154	FILL	20
305.41931249999993	305.71431249999995	217	IN	20
305.71431249999995	305.80031249999996	434	THE	20
305.80031249999996	306.4603125	222	INTERIOR	20
316.428625	316.53362500000003	434	THE	21
316.53362500000003	316.89862500000004	475	WATER	21
316.89862500000004	317.35962500000005	103	CONTAINED	21
317.35962500000005	317.46862500000003	448	TOO	21
317.46862500000003	317.747625	269	MUCH	21
317.747625	318.26862500000004	90	CHLORINE	21
318.26862500000004	318.41962500000005	20	AND	21
318.41962500000005	318.71862500000003	409	STUNG	21
318.71862500000003	318.923625	208	HIS	21
318.923625	319.39562500000005	149	EYES	21
328.3330625	328.7150625	229	JOHN'S	22
328.7150625	329.1200625	66	BROTHER	22
329.1200625	329.7920625	363	REPAINTED	22
329.7920625	329.9060625	434	THE	22
329.9060625	330.3270625	173	GARAGE	22
330.3270625	330.6630625	129	DOOR	22
339.3939375	339.9449375	84	CHALLENGE	23
339.9449375	340.2329375	132	EACH	23
340.2329375	340.8149375	175	GENERAL'S	23
340.8149375	341.7429375	221	INTELLIGENCE	23
351.9280625	352.7640625	17	AMBIDEXTROUS	24
352.7640625	352.8360625	99999	sp	24
352.8360625	353.5740625	327	PICKPOCKETS	24
353.5740625	354.22006250000004	6	ACCOMPLISH	24
354.22006250000004	354.5820625	267	MORE	24
363.8196875	363.8466875	1	A	25
363.8466875	364.4306875	271	MUSCULAR	25
364.4306875	364.9686875	2	ABDOMEN	25
364.9686875	365.1826875	224	IS	25
365.1826875	365.2496875	99999	sp	25
365.2496875	365.4086875	189	GOOD	25
365.4086875	365.5696875	161	FOR	25
365.5696875	365.74168749999995	496	YOUR	25
365.74168749999995	366.17968749999994	43	BACK	25
376.2233125	376.3713125	438	THEY	26
376.3713125	376.5703125	317	OWN	26
376.5703125	376.73231250000003	1	A	26
376.73231250000003	376.9083125	52	BIG	26
376.9083125	377.3633125	209	HOUSE	26
377.3633125	377.4963125	217	IN	26
377.4963125	377.5823125	434	THE	26
377.5823125	378.02331250000003	361	REMOTE	26
378.02331250000003	378.8803125	109	COUNTRYSIDE	26
388.446125	388.55512500000003	434	THE	27
388.55512500000003	389.012125	369	ROSE	27
389.012125	389.791125	106	CORSAGE	27
389.791125	390.162125	393	SMELLED	27
390.162125	390.685125	421	SWEET	27
400.427625	400.67362499999996	433	THAT	28
400.67362499999996	401.44762499999996	326	PICKPOCKET	28
401.44762499999996	401.69562499999995	99999	sp	28
401.69562499999995	402.21462499999996	472	WAS	28
402.21462499999996	402.58962499999996	80	CAUGHT	28
402.58962499999996	402.75762499999996	356	RED	28
402.75762499999996	403.28862499999997	199	HANDED	28
413.7420625	413.8400625	19	AN	29
413.8400625	414.23106249999995	9	ADULT	29
414.23106249999995	414.58506249999994	255	MALE	29
414.58506249999994	415.18306249999995	42	BABOON'S	29
415.18306249999995	415.6720625	430	TEETH	29
415.6720625	415.79606249999995	30	ARE	29
415.79606249999995	416.0950625	285	NOT	29
416.0950625	416.5420625	415	SUITABLE	29
416.5420625	416.7540625	161	FOR	29
416.7540625	417.0010625	135	EATING	29
417.0010625	417.9700625	376	SHELLFISH	29
427.521875	427.716875	204	HER	30
427.716875	428.21587500000004	470	WARDROBE	30
428.21587500000004	428.760875	102	CONSISTS	30
428.760875	428.882875	294	OF	30
428.882875	429.128875	298	ONLY	30
429.128875	429.512875	385	SKIRTS	30
429.512875	429.640875	20	AND	30
429.640875	430.19687500000003	54	BLOUSES	30
441.518125	441.651125	434	THE	31
441.651125	441.870125	453	TWO	31
441.870125	442.45712499999996	33	ARTISTS	31
442.45712499999996	443.179125	147	EXCHANGED	31
443.179125	443.25312499999995	99999	sp	31
443.25312499999995	444.031125	39	AUTOGRAPHS	31
454.7760625	455.41606250000007	71	BUTTERSCOTCH	32
455.41606250000007	455.9010625	169	FUDGE	32
455.9010625	456.14706250000006	186	GOES	32
456.14706250000006	456.38606250000004	481	WELL	32
456.38606250000004	456.6130625	487	WITH	32
456.6130625	456.63506250000006	99999	sp	32
456.63506250000006	456.98906250000005	463	VANILLA	32
456.98906250000005	457.2810625	212	ICE	32
457.2810625	457.66706250000004	112	CREAM	32
469.6786875	470.0416875	366	RICH	33
470.0416875	470.1556875	99999	sp	33
470.1556875	470.7466875	349	PURCHASED	33
470.7466875	470.9326875	99999	sp	33
470.9326875	471.7756875	374	SEVERAL	33
471.7756875	472.15668750000003	99999	sp	33
472.15668750000003	472.6406875	374	SEVERAL	33
472.6406875	473.2466875	382	SIGNED	33
473.2466875	473.3616875	99999	sp	33
473.3616875	474.2846875	245	LITHOGRAPHS	33
485.897375	486.08637500000003	24	ANY	34
486.08637500000003	486.95137500000004	105	CONTRIBUTIONS	34
486.95137500000004	487.084375	485	WILL	34
487.084375	487.246375	47	BE	34
487.246375	487.61737500000004	195	GREATLY	34
487.61737500000004	488.567375	28	APPRECIATED	34
500.453125	500.560125	434	THE	35
500.560125	501.212125	111	CRANBERRY	35
501.212125	501.647125	57	BOG	35
501.647125	501.684125	99999	sp	35
501.684125	501.969125	178	GETS	35
501.969125	502.343125	465	VERY	35
502.343125	502.64412500000003	340	PRETTY	35
502.64412500000003	502.81212500000004	217	IN	35
502.81212500000004	503.255125	40	AUTUMN	35
512.6515	512.8535	210	HOW	36
512.8535	512.9815000000001	128	DO	36
512.9815000000001	513.5415	318	OYSTERS	36
513.5415	513.8125	253	MAKE	36
513.8125	514.4055000000001	320	PEARLS	36
525.0279375	525.3009375	257	MAY	37
525.3009375	525.3689375	211	I	37
525.3689375	525.7519374999999	304	ORDER	37
525.7519374999999	525.8989375	1	A	37
525.8989375	526.4829374999999	319	PARFAIT	37
526.4829374999999	526.8279375	10	AFTER	37
526.8279375	526.9789375	211	I	37
526.9789375	527.2329374999999	134	EAT	37
527.2329374999999	527.5779375	124	DINNER	37
535.08525	535.16225	224	IS	38
535.16225	535.3572499999999	375	SHE	38
535.3572499999999	535.5822499999999	187	GOING	38
535.5822499999999	535.79625	487	WITH	38
535.79625	536.02325	495	YOU	38
545.93	546.1329999999999	76	CAN	39
546.1329999999999	546.2169999999999	434	THE	39
546.2169999999999	546.728	11	AGENCY	39
546.728	547.358	315	OVERTHROW	39
547.358	547.6919999999999	13	ALIEN	39
547.6919999999999	548.3939999999999	162	FORCES	39
558.1833954979627	558.2793954979626	1	A	40
558.2793954979626	558.9433954979627	371	SCREWDRIVER	40
558.9433954979627	559.1473954979626	224	IS	40
559.1473954979626	559.4413954979626	252	MADE	40
559.4413954979626	559.6953954979626	166	FROM	40
559.6953954979626	560.0783954979627	469	VODKA	40
560.0783954979627	560.2273954979627	20	AND	40
560.2273954979627	560.5553954979626	303	ORANGE	40
560.5553954979626	561.0323954979626	230	JUICE	40
569.964375	570.0773750000001	210	HOW	41
570.0773750000001	570.291375	269	MUCH	41
570.291375	570.812375	16	ALLOWANCE	41
570.812375	570.891375	128	DO	41
570.891375	571.0483750000001	495	YOU	41
571.0483750000001	571.430375	177	GET	41
583.0830625	584.0200625	115	CYCLICAL	42
584.0200625	584.4140624999999	99999	sp	42
584.4140624999999	585.1650625	346	PROGRAMS	42
585.1650625	585.2630624999999	485	WILL	42
585.2630624999999	585.6040624999999	281	NEVER	42
585.6040624999999	586.2430625	100	COMPILE	42
596.181125	596.306125	434	THE	43
596.306125	596.781125	61	BOSTON	43
596.781125	597.170125	45	BALLET	43
597.170125	597.753125	312	OVERCAME	43
597.753125	597.880125	435	THEIR	43
597.880125	598.290125	170	FUNDING	43
598.290125	598.943125	380	SHORTAGE	43
608.727625	609.042625	145	EVERY	44
609.042625	609.395625	74	CAB	44
609.395625	609.674625	280	NEEDS	44
609.674625	610.291625	364	REPAINTING	44
610.291625	610.854625	296	OFTEN	44
621.2936875	621.5556875000001	203	HELP	45
621.5556875000001	621.6216875000001	99999	sp	45
621.6216875000001	621.9696875000001	196	GREG	45
621.9696875000001	622.1606875000001	446	TO	45
622.1606875000001	622.3306875000001	325	PICK	45
622.3306875000001	622.4566875	1	A	45
622.4566875	622.7936875	321	PECK	45
622.7936875	622.9046875	294	OF	45
622.9046875	623.0056875	99999	sp	45
623.0056875	623.8056875000001	338	POTATOES	45
635.0048125	635.1548124999999	476	WE	46
635.1548124999999	635.3548125	241	LIKE	46
635.3548125	635.4538124999999	99999	sp	46
635.4538124999999	635.6518125	55	BLUE	46
635.6518125	636.2048124999999	88	CHEESE	46
636.2048124999999	636.3848125	70	BUT	46
636.3848125	636.7248125	466	VICTOR	46
636.7248125	637.0948125	242	LIKES	46
637.0948125	637.4378125	99999	sp	46
637.4378125	637.8548125	64	BRIE	46
649.1779375	649.4509375	108	COUNT	47
649.4509375	649.5209375000001	434	THE	47
649.5209375000001	649.8739375	289	NUMBER	47
649.8739375	650.0819375	294	OF	47
650.0819375	650.7049375	429	TEASPOONS	47
650.7049375	650.8239375	294	OF	47
650.8239375	651.6709375	395	SOYSAUCE	47
651.6709375	651.8389375	433	THAT	47
651.8389375	651.9949375	495	YOU	47
651.9949375	652.3439375	7	ADD	47
663.398625	663.946625	44	BAGPIPES	48
663.946625	664.076625	20	AND	48
664.076625	664.5526250000001	59	BONGOS	48
664.5526250000001	664.6556250000001	30	ARE	48
664.6556250000001	665.1596250000001	273	MUSICAL	48
665.1596250000001	665.9476250000001	220	INSTRUMENTS	48
675.5644375	675.8324375	210	HOW	49
675.8324375	675.9674375000001	189	GOOD	49
675.9674375000001	676.0664375	224	IS	49
676.0664375	676.1754375	496	YOUR	49
676.1754375	676.9374375	138	ENDURANCE	49
1330.56775	1330.63875	30	ARE	0
1330.63875	1330.91575	496	YOUR	0
1330.91575	1331.30575	192	GRADES	0
1331.30575	1331.72175	206	HIGHER	0
1331.72175	1331.89575	302	OR	0
1331.89575	1332.2247499999999	251	LOWER	0
1332.2247499999999	1332.36875	432	THAN	0
1332.36875	1333.20875	275	NANCY'S	0
1341.7584375	1341.9864375	375	SHE	1
1341.9864375	1342.2404374999999	490	WORE	1
1342.2404374999999	1342.7124374999999	471	WARM	1
1342.7124374999999	1343.2604374999999	158	FLEECY	1
1343.2604374999999	1343.6404375	489	WOOLEN	1
1343.6404375	1344.4204375	311	OVERALLS	1
1352.6858125	1352.9458125	354	READING	2
1352.9458125	1353.1038125000002	217	IN	2
1353.1038125000002	1353.1478125	99999	sp	2
1353.1478125	1353.3908125000005	335	POOR	2
1353.3908125000005	1353.7198125000002	240	LIGHT	2
1353.7198125000002	1353.9318125000002	181	GIVES	2
1353.9318125000002	1354.0198125000004	495	YOU	2
1354.0198125000004	1354.7258125000005	150	EYESTRAIN	2
1363.4361875	1363.6861875	142	EVEN	3
1363.6861875	1363.9101875	211	I	3
1363.9101875	1364.6261875	293	OCCASIONALLY	3
1364.6261875	1364.8631874999999	177	GET	3
1364.8631874999999	1364.9221874999998	434	THE	3
1364.9221874999998	1365.3841874999998	265	MONDAY	3
1365.3841874999998	1365.9361875	56	BLUES	3
1374.291125	1374.370125	476	WE	4
1374.370125	1374.494125	30	ARE	4
1374.494125	1374.774125	301	OPEN	4
1374.774125	1375.060125	145	EVERY	4
1375.060125	1375.417125	265	MONDAY	4
1375.417125	1375.979125	143	EVENING	4
1385.5693125	1385.7403124999998	226	IT'S	5
1385.7403124999998	1385.9063125	285	NOT	5
1385.9063125	1386.2463125	133	EASY	5
1386.2463125	1386.3933124999999	446	TO	5
1386.3933124999999	1386.8813125	113	CREATE	5
1386.8813125	1387.6143124999999	215	ILLUMINATING	5
1387.6143124999999	1388.4963125	146	EXAMPLES	5
1397.5536875	1397.7656875	270	MUM	6
1397.7656875	1398.4196875	407	STRONGLY	6
1398.4196875	1398.8566875	126	DISLIKES	6
1398.8566875	1399.8166875	27	APPETIZERS	6
1409.292375	1409.503375	443	THOSE	7
1409.503375	1409.574375	484	WHO	7
1409.574375	1409.868375	427	TEACH	7
1409.868375	1410.370375	462	VALUES	7
1410.370375	1410.647375	156	FIRST	7
1410.647375	1411.119375	4	ABOLISH	7
1411.119375	1411.200375	99999	sp	7
1411.200375	1411.6843749999998	87	CHEATING	7
1422.6788125	1422.7418125	434	THE	8
1422.7418125	1423.2368125	165	FRIGHTENED	8
1423.2368125	1423.2528125	99999	sp	8
1423.2528125	1423.6538125	89	CHILD	8
1423.6538125	1423.9428125	472	WAS	8
1423.9428125	1424.2618125	99999	sp	8
1424.2618125	1424.6428125	176	GENTLY	8
1424.6428125	1425.2468125	410	SUBDUED	8
1425.2468125	1425.3528125	73	BY	8
1425.3528125	1425.5818125	208	HIS	8
1425.5818125	1425.8108124999999	52	BIG	8
1425.8108124999999	1426.2338124999999	66	BROTHER	8
1436.9245	1437.0594999999998	142	EVEN	9
1437.0594999999998	1437.1405	1	A	9
1437.1405	1437.6064999999999	383	SIMPLE	9
1437.6064999999999	1438.6335	468	VOCABULARY	9
1438.6335	1439.2325	104	CONTAINS	9
1439.2325	1440.0045	422	SYMBOLS	9
1449.5040625	1449.6110625000001	1	A	10
1449.6110625000001	1449.9050625	110	CRAB	10
1449.9050625	1450.4660625000001	85	CHALLENGED	10
1450.4660625000001	1450.7570625	258	ME	10
1450.7570625	1451.0380625	70	BUT	10
1451.0380625	1451.1710625	1	A	10
1451.1710625	1451.3890625	350	QUICK	10
1451.3890625	1451.9340625	402	STAB	10
1451.9340625	1452.4210625	464	VANQUISHED	10
1452.4210625	1452.6680625	207	HIM	10
1463.2195	1463.6765	183	GLUCOSE	11
1463.6765	1463.7855	20	AND	11
1463.7855	1464.3545	167	FRUCTOSE	11
1464.3545	1464.4485	30	ARE	11
1464.4485	1464.9144999999999	276	NATURAL	11
1464.9144999999999	1465.4465	414	SUGARS	11
1465.4465	1465.7615	163	FOUND	11
1465.7615	1465.9575	217	IN	11
1465.9575	1466.4344999999998	168	FRUIT	11
1474.5766875	1474.6406875	30	ARE	12
1474.6406875	1474.7236875	495	YOU	12
1474.7236875	1475.0776875	250	LOOKING	12
1475.0776875	1475.3126875	161	FOR	12
1475.3126875	1476.0036874999998	136	EMPLOYMENT	12
1486.9915	1487.3335	98	COFFEE	13
1487.3335	1487.5305	224	IS	13
1487.5305	1487.8505	198	GROWN	13
1487.8505	1488.0385	297	ON	13
1488.0385	1488.6565	404	STEEP	13
1488.6565	1489.0335	231	JUNGLE	13
1489.0335	1489.2515	241	LIKE	13
1489.2515	1489.8505	390	SLOPES	13
1489.8505	1490.0145	217	IN	13
1490.0145	1490.4105000000002	431	TEMPERATE	13
1490.4105000000002	1491.1115000000002	497	ZONES	13
1500.7795	1500.8765	476	WE	14
1500.8765	1501.2825	480	WELCOME	14
1501.2825	1501.5925	256	MANY	14
1501.5925	1501.7585000000001	282	NEW	14
1501.7585000000001	1502.3655	408	STUDENTS	14
1502.3655	1502.6275	132	EACH	14
1502.6275	1502.9315	491	YEAR	14
1513.65425	1513.89525	298	ONLY	15
1513.89525	1514.07625	434	THE	15
1514.07625	1514.37925	51	BEST	15
1514.37925	1514.44525	99999	sp	15
1514.44525	1514.99025	330	PLAYERS	15
1514.99025	1515.33925	139	ENJOY	15
1515.33925	1515.36125	99999	sp	15
1515.36125	1516.12525	336	POPULARITY	15
1526.7440625	1527.2300624999998	75	CALCIUM	16
1527.2300624999998	1527.5410624999997	254	MAKES	16
1527.5410624999997	1527.9540624999997	58	BONES	16
1527.9540624999997	1528.1150624999998	20	AND	16
1528.1150624999998	1528.4930624999997	430	TEETH	16
1528.4930624999997	1529.0900625	406	STRONG	16
1538.1261875	1538.6151875	286	NOTHING	17
1538.6151875	1538.7791875	224	IS	17
1538.7791875	1538.9421875	34	AS	17
1538.9421875	1539.4951875	295	OFFENSIVE	17
1539.4951875	1539.6621874999998	34	AS	17
1539.6621874999998	1540.5581875	219	INNOCENCE	17
1550.5255625	1551.0155624999998	405	STEVE	18
1551.0155624999998	1551.2195625	490	WORE	18
1551.2195625	1551.3375624999999	1	A	18
1551.3375624999999	1551.5675625	65	BRIGHT	18
1551.5675625	1551.8315625	356	RED	18
1551.8315625	1551.8945625	99999	sp	18
1551.8945625	1552.4065624999998	78	CASHMERE	18
1552.4065624999998	1552.9475625	420	SWEATER	18
1563.3631875	1563.7381875	46	BARB'S	19
1563.7381875	1563.9751875	188	GOLD	19
1563.9751875	1564.4161875	63	BRACELET	19
1564.4161875	1564.6021875	472	WAS	19
1564.6021875	1564.7091875	1	A	19
1564.7091875	1565.3971875	193	GRADUATION	19
1565.3971875	1565.9871875	339	PRESENT	19
1576.706875	1576.991875	130	DRAW	20
1576.991875	1577.303875	145	EVERY	20
1577.303875	1577.598875	308	OUTER	20
1577.598875	1577.862875	244	LINE	20
1577.862875	1578.5308750000002	156	FIRST	20
1578.5308750000002	1578.747875	436	THEN	20
1578.747875	1578.981875	154	FILL	20
1578.981875	1579.140875	217	IN	20
1579.140875	1579.2518750000002	434	THE	20
1579.2518750000002	1579.891875	222	INTERIOR	20
1591.144375	1591.261375	434	THE	21
1591.261375	1591.645375	475	WATER	21
1591.645375	1592.144375	103	CONTAINED	21
1592.144375	1592.242375	99999	sp	21
1592.242375	1592.391375	448	TOO	21
1592.391375	1592.7193750000001	269	MUCH	21
1592.7193750000001	1593.232375	90	CHLORINE	21
1593.232375	1593.391375	20	AND	21
1593.391375	1593.800375	409	STUNG	21
1593.800375	1594.007375	208	HIS	21
1594.007375	1594.516375	149	EYES	21
1604.601125	1604.976125	229	JOHN'S	22
1604.976125	1605.2021249999998	66	BROTHER	22
1605.2021249999998	1605.7761249999999	363	REPAINTED	22
1605.7761249999999	1605.899125	434	THE	22
1605.899125	1606.329125	173	GARAGE	22
1606.329125	1606.6621249999998	129	DOOR	22
1615.4203125	1615.9173125	84	CHALLENGE	23
1615.9173125	1616.2583124999999	132	EACH	23
1616.2583124999999	1616.7603124999998	175	GENERAL'S	23
1616.7603124999998	1617.7253125	221	INTELLIGENCE	23
1627.99825	1628.9842500000002	17	AMBIDEXTROUS	24
1628.9842500000002	1629.73825	327	PICKPOCKETS	24
1629.73825	1630.3722500000001	6	ACCOMPLISH	24
1630.3722500000001	1630.81125	267	MORE	24
1640.7	1640.7000000000003	1	A	25
1640.7000000000003	1640.7839999999999	1	A	25
1640.7839999999999	1641.393	271	MUSCULAR	25
1641.393	1641.904	2	ABDOMEN	25
1641.904	1642.1350000000002	224	IS	25
1642.1350000000002	1642.169	99999	sp	25
1642.169	1642.364	189	GOOD	25
1642.364	1642.494	161	FOR	25
1642.494	1642.655	496	YOUR	25
1642.655	1643.2150000000001	43	BACK	25
1653.203	1653.339	438	THEY	26
1653.339	1653.5230000000001	317	OWN	26
1653.5230000000001	1653.623	1	A	26
1653.623	1653.723	99999	sp	26
1653.723	1653.884	52	BIG	26
1653.884	1654.3470000000002	209	HOUSE	26
1654.3470000000002	1654.63	217	IN	26
1654.63	1654.794	99999	sp	26
1654.794	1654.8690000000001	434	THE	26
1654.8690000000001	1655.289	361	REMOTE	26
1655.289	1656.199	109	COUNTRYSIDE	26
1664.424125	1664.5061249999999	434	THE	27
1664.5061249999999	1664.860125	369	ROSE	27
1664.860125	1665.456125	106	CORSAGE	27
1665.456125	1665.792125	393	SMELLED	27
1665.792125	1666.407125	421	SWEET	27
1675.6400625	1675.9640625	433	THAT	28
1675.9640625	1676.5400625	326	PICKPOCKET	28
1676.5400625	1676.7480625	472	WAS	28
1676.7480625	1676.9890625	80	CAUGHT	28
1676.9890625	1677.2490625	356	RED	28
1677.2490625	1677.9030625	199	HANDED	28
1688.428125	1688.601125	19	AN	29
1688.601125	1688.918125	9	ADULT	29
1688.918125	1689.2251249999997	255	MALE	29
1689.2251249999997	1689.8141249999999	42	BABOON'S	29
1689.8141249999999	1690.111125	430	TEETH	29
1690.111125	1690.245125	30	ARE	29
1690.245125	1690.524125	285	NOT	29
1690.524125	1690.9411249999998	415	SUITABLE	29
1690.9411249999998	1691.1161249999998	161	FOR	29
1691.1161249999998	1691.428125	135	EATING	29
1691.428125	1692.2571249999999	376	SHELLFISH	29
1702.17475	1702.3317499999998	204	HER	30
1702.3317499999998	1702.7937499999998	470	WARDROBE	30
1702.7937499999998	1703.3117499999998	102	CONSISTS	30
1703.3117499999998	1703.41475	294	OF	30
1703.41475	1703.6287499999999	298	ONLY	30
1703.6287499999999	1704.1017499999998	385	SKIRTS	30
1704.1017499999998	1704.3017499999999	20	AND	30
1704.3017499999999	1705.0517499999999	54	BLOUSES	30
1714.0108125	1714.1408124999998	434	THE	31
1714.1408124999998	1714.3408125	453	TWO	31
1714.3408125	1714.9958124999998	33	ARTISTS	31
1714.9958124999998	1715.7378125	147	EXCHANGED	31
1715.7378125	1716.5618125	39	AUTOGRAPHS	31
1726.221625	1726.808625	71	BUTTERSCOTCH	32
1726.808625	1727.2266249999998	169	FUDGE	32
1727.2266249999998	1727.4776249999998	186	GOES	32
1727.4776249999998	1727.7276249999998	481	WELL	32
1727.7276249999998	1727.9276249999998	487	WITH	32
1727.9276249999998	1728.259625	463	VANILLA	32
1728.259625	1728.5986249999999	212	ICE	32
1728.5986249999999	1728.9586249999998	112	CREAM	32
1741.0355686664798	1742.0575686664797	88888	RICK	33
1742.0575686664797	1742.5755686664797	88888	PERKA	33
1742.5755686664797	1742.7865686664795	99999	sp	33
1742.7865686664795	1743.5555686664798	349	PURCHASED	33
1743.5555686664798	1744.0305686664797	374	SEVERAL	33
1744.0305686664797	1744.5565686664795	382	SIGNED	33
1744.5565686664795	1745.6345686664795	245	LITHOGRAPHS	33
1754.4785625	1754.7065625	24	ANY	34
1754.7065625	1755.5525624999998	105	CONTRIBUTIONS	34
1755.5525624999998	1755.7015625	485	WILL	34
1755.7015625	1755.8935625	47	BE	34
1755.8935625	1756.2445624999998	195	GREATLY	34
1756.2445624999998	1757.1365624999999	28	APPRECIATED	34
1766.11325	1766.23725	434	THE	35
1766.23725	1766.79925	111	CRANBERRY	35
1766.79925	1767.12125	57	BOG	35
1767.12125	1767.61025	178	GETS	35
1767.61025	1768.17525	465	VERY	35
1768.17525	1768.41525	340	PRETTY	35
1768.41525	1768.53125	217	IN	35
1768.53125	1768.96725	40	AUTUMN	35
1777.336375	1777.514375	210	HOW	36
1777.514375	1777.640375	128	DO	36
1777.640375	1778.123375	318	OYSTERS	36
1778.123375	1778.344375	253	MAKE	36
1778.344375	1778.8663749999998	320	PEARLS	36
1786.88525	1787.5364032834664	99999	sp	37
1787.5364032834664	1787.742956495955	257	MAY	37
1787.742956495955	1787.9520667545532	211	I	37
1787.9520667545532	1788.1695884882663	304	ORDER	37
1788.1695884882663	1788.2662500000001	1	A	37
1788.2662500000001	1788.68725	319	PARFAIT	37
1788.68725	1789.03625	10	AFTER	37
1789.03625	1789.16625	211	I	37
1789.16625	1789.30625	134	EAT	37
1789.30625	1789.66625	124	DINNER	37
1797.25625	1797.41625	224	IS	38
1797.41625	1797.58625	375	SHE	38
1797.58625	1797.88625	187	GOING	38
1797.88625	1798.09625	487	WITH	38
1798.09625	1798.35625	495	YOU	38
1806.9575625	1807.1285625	76	CAN	39
1807.1285625	1807.2685625000001	434	THE	39
1807.2685625000001	1807.7585625	11	AGENCY	39
1807.7585625	1808.2685625000001	315	OVERTHROW	39
1808.2685625000001	1808.6285625	13	ALIEN	39
1808.6285625	1809.1385625	162	FORCES	39
1817.4744901119213	1817.5554901119212	1	A	40
1817.5554901119212	1818.2554901119213	371	SCREWDRIVER	40
1818.2554901119213	1818.4654901119213	224	IS	40
1818.4654901119213	1818.7554901119213	252	MADE	40
1818.7554901119213	1818.9454901119213	166	FROM	40
1818.9454901119213	1819.2844901119213	469	VODKA	40
1819.2844901119213	1819.4444901119211	20	AND	40
1819.4444901119211	1819.7744901119213	303	ORANGE	40
1819.7744901119213	1820.2844901119213	230	JUICE	40
1826.728875	1826.868875	210	HOW	41
1826.868875	1827.078875	269	MUCH	41
1827.078875	1827.578875	16	ALLOWANCE	41
1827.578875	1827.658875	128	DO	41
1827.658875	1827.798875	495	YOU	41
1827.798875	1828.248875	177	GET	41
1835.9556875	1836.6056875	115	CYCLICAL	42
1836.6056875	1837.1656874999999	346	PROGRAMS	42
1837.1656874999999	1837.2656875	485	WILL	42
1837.2656875	1837.6566875	281	NEVER	42
1837.6566875	1838.3656875	100	COMPILE	42
1846.3263125	1846.4753125	434	THE	43
1846.4753125	1846.9153125	61	BOSTON	43
1846.9153125	1847.2853125000001	45	BALLET	43
1847.2853125000001	1847.7753125	312	OVERCAME	43
1847.7753125	1847.9153125	435	THEIR	43
1847.9153125	1848.2653125	170	FUNDING	43
1848.2653125	1848.9053125	380	SHORTAGE	43
1857.8858125	1858.1048125	145	EVERY	44
1858.1048125	1858.4848124999999	74	CAB	44
1858.4848124999999	1858.7348124999999	280	NEEDS	44
1858.7348124999999	1859.2848125	364	REPAINTING	44
1859.2848125	1859.3248125	99999	sp	44
1859.3248125	1859.9548125	296	OFTEN	44
1869.28425	1869.5942499999999	203	HELP	45
1869.5942499999999	1869.85325	196	GREG	45
1869.85325	1870.0132499999997	446	TO	45
1870.0132499999997	1870.2432499999998	325	PICK	45
1870.2432499999998	1870.32325	1	A	45
1870.32325	1870.5942499999999	321	PECK	45
1870.5942499999999	1870.6742499999998	294	OF	45
1870.6742499999998	1870.7132499999998	99999	sp	45
1870.7132499999998	1871.56425	338	POTATOES	45
1880.5243125	1880.6653125	476	WE	46
1880.6653125	1880.8953124999998	241	LIKE	46
1880.8953124999998	1881.1343124999999	55	BLUE	46
1881.1343124999999	1881.6243124999999	88	CHEESE	46
1881.6243124999999	1881.8243125	70	BUT	46
1881.8243125	1882.1043124999999	466	VICTOR	46
1882.1043124999999	1882.4753125	242	LIKES	46
1882.4753125	1882.5143125	99999	sp	46
1882.5143125	1882.8843124999999	64	BRIE	46
1893.0033125	1893.2743125	108	COUNT	47
1893.2743125	1893.3633125	434	THE	47
1893.3633125	1893.7233125	289	NUMBER	47
1893.7233125	1893.8753125000003	294	OF	47
1893.8753125000003	1894.4143124999998	429	TEASPOONS	47
1894.4143124999998	1894.5443125000002	294	OF	47
1894.5443125000002	1895.1133125	395	SOYSAUCE	47
1895.1133125	1895.292657837385	433	THAT	47
1895.292657837385	1895.5343125000004	495	YOU	47
1895.5343125000004	1896.0143125	7	ADD	47
1906.3928125	1906.9818125000002	44	BAGPIPES	48
1906.9818125000002	1907.2318125000002	20	AND	48
1907.2318125000002	1907.5028125000001	99999	sp	48
1907.5028125000001	1908.2018125000002	59	BONGOS	48
1908.2018125000002	1908.3328125	30	ARE	48
1908.3328125	1908.7818125000001	273	MUSICAL	48
1908.7818125000001	1909.6318125	220	INSTRUMENTS	48
1917.663125	1917.913125	210	HOW	49
1917.913125	1918.1531250000003	189	GOOD	49
1918.1531250000003	1918.2831250000002	224	IS	49
1918.2831250000002	1918.4231250000003	496	YOUR	49
1918.4231250000003	1919.1731250000003	138	ENDURANCE	49
2538.416	2538.5	30	ARE	0
2538.5	2538.693	496	YOUR	0
2538.693	2539.0170000000003	192	GRADES	0
2539.0170000000003	2539.36	206	HIGHER	0
2539.36	2539.54	302	OR	0
2539.54	2539.897	251	LOWER	0
2539.897	2540.0	432	THAN	0
2540.0	2540.7200000000003	275	NANCY'S	0
2550.6524375	2550.9234374999996	375	SHE	1
2550.9234374999996	2551.1934374999996	490	WORE	1
2551.1934374999996	2551.6404374999997	471	WARM	1
2551.6404374999997	2552.1894374999997	158	FLEECY	1
2552.1894374999997	2552.5034374999996	489	WOOLEN	1
2552.5034374999996	2553.2734374999995	311	OVERALLS	1
2561.9694375	2562.2294375	354	READING	2
2562.2294375	2562.3874375	217	IN	2
2562.3874375	2562.4314375	99999	sp	2
2562.4314375	2562.6744375000003	335	POOR	2
2562.6744375000003	2563.0034375	240	LIGHT	2
2563.0034375	2563.2154375	181	GIVES	2
2563.2154375	2563.3034375	495	YOU	2
2563.3034375	2564.0094375000003	150	EYESTRAIN	2
2573.360125	2573.6471250000004	142	EVEN	3
2573.6471250000004	2573.8631250000003	211	I	3
2573.8631250000003	2574.4811250000002	293	OCCASIONALLY	3
2574.4811250000002	2574.6531250000003	177	GET	3
2574.6531250000003	2574.7221250000002	434	THE	3
2574.7221250000002	2575.094125	265	MONDAY	3
2575.094125	2575.637125	56	BLUES	3
2583.464875	2583.542875	476	WE	4
2583.542875	2583.6448750000004	30	ARE	4
2583.6448750000004	2583.9708750000004	301	OPEN	4
2583.9708750000004	2584.303875	145	EVERY	4
2584.303875	2584.6578750000003	265	MONDAY	4
2584.6578750000003	2585.0928750000003	143	EVENING	4
2594.7010625	2594.9200625	226	IT'S	5
2594.9200625	2595.1070624999998	285	NOT	5
2595.1070624999998	2595.4350624999997	133	EASY	5
2595.4350624999997	2595.6480625	446	TO	5
2595.6480625	2596.0790624999995	113	CREATE	5
2596.0790624999995	2596.7750625	215	ILLUMINATING	5
2596.7750625	2597.7050624999997	146	EXAMPLES	5
2606.55725	2606.8032499999995	270	MUM	6
2606.8032499999995	2607.3892499999997	407	STRONGLY	6
2607.3892499999997	2607.8172499999996	126	DISLIKES	6
2607.8172499999996	2608.7642499999997	27	APPETIZERS	6
2617.6934375	2617.9724375	443	THOSE	7
2617.9724375	2618.1384375	484	WHO	7
2618.1384375	2618.4174375000002	427	TEACH	7
2618.4174375000002	2618.9234375	462	VALUES	7
2618.9234375	2619.2214375	156	FIRST	7
2619.2214375	2619.7124375	4	ABOLISH	7
2619.7124375	2619.7944375	99999	sp	7
2619.7944375	2620.3124375	87	CHEATING	7
2630.615625	2630.693625	434	THE	8
2630.693625	2631.2266250000002	165	FRIGHTENED	8
2631.2266250000002	2631.6176250000003	89	CHILD	8
2631.6176250000003	2631.783625	472	WAS	8
2631.783625	2632.121625	176	GENTLY	8
2632.121625	2632.627625	410	SUBDUED	8
2632.627625	2632.801625	73	BY	8
2632.801625	2633.067625	208	HIS	8
2633.067625	2633.307625	52	BIG	8
2633.307625	2633.777625	66	BROTHER	8
2643.3658125	2643.5778125	142	EVEN	9
2643.5778125	2643.6548125000004	1	A	9
2643.6548125000004	2644.0088125	383	SIMPLE	9
2644.0088125	2644.8588125	468	VOCABULARY	9
2644.8588125	2645.4758125000003	104	CONTAINS	9
2645.4758125000003	2646.2028125	422	SYMBOLS	9
2657.3155625	2657.4565625	1	A	10
2657.4565625	2657.7605625	110	CRAB	10
2657.7605625	2658.3235625	85	CHALLENGED	10
2658.3235625	2658.5775625	258	ME	10
2658.5775625	2658.6575625	99999	sp	10
2658.6575625	2658.7545625000002	70	BUT	10
2658.7545625000002	2658.8875625	1	A	10
2658.8875625	2659.1115625	350	QUICK	10
2659.1115625	2659.5975625	402	STAB	10
2659.5975625	2660.0905625	464	VANQUISHED	10
2660.0905625	2660.3495625	207	HIM	10
2670.0965625	2670.5465625	183	GLUCOSE	11
2670.5465625	2670.6505625	20	AND	11
2670.6505625	2671.1885625	167	FRUCTOSE	11
2671.1885625	2671.2705625	30	ARE	11
2671.2705625	2671.7105625	276	NATURAL	11
2671.7105625	2672.1905625	414	SUGARS	11
2672.1905625	2672.4865625	163	FOUND	11
2672.4865625	2672.6215625	217	IN	11
2672.6215625	2673.1695625	168	FRUIT	11
2680.776625	2680.8586250000003	30	ARE	12
2680.8586250000003	2680.962625	495	YOU	12
2680.962625	2681.272625	250	LOOKING	12
2681.272625	2681.4656250000003	161	FOR	12
2681.4656250000003	2682.037625	136	EMPLOYMENT	12
2692.1016875	2692.4226875	98	COFFEE	13
2692.4226875	2692.6406875000002	224	IS	13
2692.6406875000002	2692.8726875	198	GROWN	13
2692.8726875	2693.0436875	297	ON	13
2693.0436875	2693.4766875	404	STEEP	13
2693.4766875	2693.7526875000003	231	JUNGLE	13
2693.7526875000003	2693.9396875	241	LIKE	13
2693.9396875	2694.3956875000003	390	SLOPES	13
2694.3956875000003	2694.5476875	217	IN	13
2694.5476875	2694.9956875000003	431	TEMPERATE	13
2694.9956875000003	2695.6616875	497	ZONES	13
2704.3261875	2704.4011874999997	476	WE	14
2704.4011874999997	2704.7971875	480	WELCOME	14
2704.7971875	2705.0951875	256	MANY	14
2705.0951875	2705.2401875	282	NEW	14
2705.2401875	2705.7351875	408	STUDENTS	14
2705.7351875	2705.7881875	99999	sp	14
2705.7881875	2706.0291875	132	EACH	14
2706.0291875	2706.2991875	491	YEAR	14
2715.6218125	2715.8978125000003	298	ONLY	15
2715.8978125000003	2716.0528125	434	THE	15
2716.0528125	2716.3798125000003	51	BEST	15
2716.3798125000003	2716.8378125000004	330	PLAYERS	15
2716.8378125000004	2717.2438125000003	139	ENJOY	15
2717.2438125000003	2718.0688125	336	POPULARITY	15
2727.2573125	2727.7123125	75	CALCIUM	16
2727.7123125	2728.0413125	254	MAKES	16
2728.0413125	2728.4483125	58	BONES	16
2728.4483125	2728.6383125	20	AND	16
2728.6383125	2728.9413125	430	TEETH	16
2728.9413125	2729.5013125	406	STRONG	16
2738.6243125	2739.0503125000005	286	NOTHING	17
2739.0503125000005	2739.2473125	224	IS	17
2739.2473125	2739.3833125	34	AS	17
2739.3833125	2739.9373125	295	OFFENSIVE	17
2739.9373125	2740.1743125000003	34	AS	17
2740.1743125000003	2741.0073125000004	219	INNOCENCE	17
2749.7471875	2750.1791875	405	STEVE	18
2750.1791875	2750.3461875	490	WORE	18
2750.3461875	2750.4301875	1	A	18
2750.4301875	2750.6631875	65	BRIGHT	18
2750.6631875	2750.9521875	356	RED	18
2750.9521875	2751.4691875	78	CASHMERE	18
2751.4691875	2752.0171875	420	SWEATER	18
2761.5199375	2761.8639375000002	46	BARB'S	19
2761.8639375000002	2762.0919375000003	188	GOLD	19
2762.0919375000003	2762.5499375000004	63	BRACELET	19
2762.5499375000004	2762.7229375	472	WAS	19
2762.7229375	2762.8599375000003	1	A	19
2762.8599375000003	2763.4799375000002	193	GRADUATION	19
2763.4799375000002	2764.0899375000004	339	PRESENT	19
2774.0431875	2774.2651874999997	130	DRAW	20
2774.2651874999997	2774.5821874999997	145	EVERY	20
2774.5821874999997	2774.8881874999997	308	OUTER	20
2774.8881874999997	2775.1331874999996	244	LINE	20
2775.1331874999996	2775.7621875	156	FIRST	20
2775.7621875	2775.9681874999997	436	THEN	20
2775.9681874999997	2776.2081875	154	FILL	20
2776.2081875	2776.3281875	217	IN	20
2776.3281875	2776.4381875	434	THE	20
2776.4381875	2777.1381874999997	222	INTERIOR	20
2787.065125	2787.1531250000003	434	THE	21
2787.1531250000003	2787.502125	475	WATER	21
2787.502125	2787.9971250000003	103	CONTAINED	21
2787.9971250000003	2788.094125	99999	sp	21
2788.094125	2788.196125	448	TOO	21
2788.196125	2788.484125	269	MUCH	21
2788.484125	2789.003125	90	CHLORINE	21
2789.003125	2789.203125	20	AND	21
2789.203125	2789.598125	409	STUNG	21
2789.598125	2789.817125	208	HIS	21
2789.817125	2790.3361250000003	149	EYES	21
2800.3358125	2800.7208125	229	JOHN'S	22
2800.7208125	2800.9648125	66	BROTHER	22
2800.9648125	2801.5408125	363	REPAINTED	22
2801.5408125	2801.6708125	434	THE	22
2801.6708125	2802.1598125	173	GARAGE	22
2802.1598125	2802.5098125	129	DOOR	22
2811.9491875	2812.5061874999997	84	CHALLENGE	23
2812.5061874999997	2812.8201875	132	EACH	23
2812.8201875	2813.3651875	175	GENERAL'S	23
2813.3651875	2814.3611874999997	221	INTELLIGENCE	23
2822.900125	2823.620125	17	AMBIDEXTROUS	24
2823.620125	2823.697125	99999	sp	24
2823.697125	2824.320125	327	PICKPOCKETS	24
2824.320125	2824.936125	6	ACCOMPLISH	24
2824.936125	2825.369125	267	MORE	24
2833.7495	2833.7925	1	A	25
2833.7925	2834.3455	271	MUSCULAR	25
2834.3455	2834.8455	2	ABDOMEN	25
2834.8455	2835.0275	224	IS	25
2835.0275	2835.1625	189	GOOD	25
2835.1625	2835.3615	161	FOR	25
2835.3615	2835.5225	496	YOUR	25
2835.5225	2836.0325000000003	43	BACK	25
2844.547875	2844.658875	438	THEY	26
2844.658875	2844.808875	317	OWN	26
2844.808875	2844.9218750000005	1	A	26
2844.9218750000005	2845.107875	52	BIG	26
2845.107875	2845.506875	209	HOUSE	26
2845.506875	2845.551875	217	IN	26
2845.551875	2845.6378750000003	434	THE	26
2845.6378750000003	2846.0258750000003	361	REMOTE	26
2846.0258750000003	2846.953875	109	COUNTRYSIDE	26
2855.0120625	2855.1100625	434	THE	27
2855.1100625	2855.4640625	369	ROSE	27
2855.4640625	2856.0590625	106	CORSAGE	27
2856.0590625	2856.3870625	393	SMELLED	27
2856.3870625	2856.9660625	421	SWEET	27
2866.190375	2866.386375	433	THAT	28
2866.386375	2866.436375	99999	sp	28
2866.436375	2867.084375	326	PICKPOCKET	28
2867.084375	2867.392375	472	WAS	28
2867.392375	2867.620375	80	CAUGHT	28
2867.620375	2867.845375	356	RED	28
2867.845375	2868.355375	199	HANDED	28
2878.05475	2878.1317499999996	19	AN	29
2878.1317499999996	2878.5227499999996	9	ADULT	29
2878.5227499999996	2878.7597499999997	255	MALE	29
2878.7597499999997	2879.3667499999997	42	BABOON'S	29
2879.3667499999997	2879.5827499999996	430	TEETH	29
2879.5827499999996	2879.7077499999996	30	ARE	29
2879.7077499999996	2879.9437499999995	285	NOT	29
2879.9437499999995	2880.3657499999995	415	SUITABLE	29
2880.3657499999995	2880.5537499999996	161	FOR	29
2880.5537499999996	2880.8537499999998	135	EATING	29
2880.8537499999998	2881.6027499999996	376	SHELLFISH	29
2890.9535	2891.1375	204	HER	30
2891.1375	2891.6375	470	WARDROBE	30
2891.6375	2892.2304999999997	102	CONSISTS	30
2892.2304999999997	2892.3695	294	OF	30
2892.3695	2892.5924999999997	298	ONLY	30
2892.5924999999997	2893.1195	385	SKIRTS	30
2893.1195	2893.3075	20	AND	30
2893.3075	2893.9975	54	BLOUSES	30
2902.887125	2903.059125	434	THE	31
2903.059125	2903.2601250000002	453	TWO	31
2903.2601250000002	2903.7691250000003	33	ARTISTS	31
2903.7691250000003	2904.4761250000006	147	EXCHANGED	31
2904.4761250000006	2905.2451250000004	39	AUTOGRAPHS	31
2915.79375	2916.33875	71	BUTTERSCOTCH	32
2916.33875	2916.6817499999997	169	FUDGE	32
2916.6817499999997	2916.93775	186	GOES	32
2916.93775	2917.1707499999998	481	WELL	32
2917.1707499999998	2917.37175	487	WITH	32
2917.37175	2917.71375	463	VANILLA	32
2917.71375	2918.0407499999997	212	ICE	32
2918.0407499999997	2918.40175	112	CREAM	32
2928.65325	2929.04425	366	RICH	33
2929.04425	2929.09425	99999	sp	33
2929.09425	2929.67425	349	PURCHASED	33
2929.67425	2930.01725	374	SEVERAL	33
2930.01725	2930.50625	382	SIGNED	33
2930.50625	2931.68025	245	LITHOGRAPHS	33
2940.5419375	2940.8009375	24	ANY	34
2940.8009375	2941.6739375	105	CONTRIBUTIONS	34
2941.6739375	2941.8089375000004	485	WILL	34
2941.8089375000004	2942.0209375	47	BE	34
2942.0209375	2942.4589375	195	GREATLY	34
2942.4589375	2943.3119375	28	APPRECIATED	34
2951.8875	2952.0294999999996	434	THE	35
2952.0294999999996	2952.5474999999997	111	CRANBERRY	35
2952.5474999999997	2952.9494999999997	57	BOG	35
2952.9494999999997	2953.2295	178	GETS	35
2953.2295	2953.6285	465	VERY	35
2953.6285	2954.0045	340	PRETTY	35
2954.0045	2954.2115	217	IN	35
2954.2115	2954.6794999999997	40	AUTUMN	35
2961.97375	2962.21875	210	HOW	36
2962.21875	2962.34075	128	DO	36
2962.34075	2962.80375	318	OYSTERS	36
2962.80375	2963.00875	253	MAKE	36
2963.00875	2963.58075	320	PEARLS	36
2971.8929375	2972.1379374999997	257	MAY	37
2972.1379374999997	2972.2369375	211	I	37
2972.2369375	2972.4929374999997	304	ORDER	37
2972.4929374999997	2972.6279374999995	1	A	37
2972.6279374999995	2973.0699374999995	319	PARFAIT	37
2973.0699374999995	2973.3729374999994	10	AFTER	37
2973.3729374999994	2973.4829374999995	211	I	37
2973.4829374999995	2973.7379374999996	134	EAT	37
2973.7379374999996	2974.8919374999996	124	DINNER	37
2980.90125	2980.98325	224	IS	38
2980.98325	2981.1752500000002	375	SHE	38
2981.1752500000002	2981.46225	187	GOING	38
2981.46225	2981.62925	487	WITH	38
2981.62925	2981.83025	495	YOU	38
2990.9030625	2991.0950625	76	CAN	39
2991.0950625	2991.1770625	434	THE	39
2991.1770625	2991.7050624999997	11	AGENCY	39
2991.7050624999997	2992.2680625	315	OVERTHROW	39
2992.2680625	2992.6240625	13	ALIEN	39
2992.6240625	2993.2950625	162	FORCES	39
3002.3848786139542	3002.441878613954	1	A	40
3002.441878613954	3003.159878613954	371	SCREWDRIVER	40
3003.159878613954	3003.312878613954	224	IS	40
3003.312878613954	3003.580878613954	252	MADE	40
3003.580878613954	3003.894878613954	166	FROM	40
3003.894878613954	3004.319878613954	469	VODKA	40
3004.319878613954	3004.472878613954	20	AND	40
3004.472878613954	3004.8628786139543	303	ORANGE	40
3004.8628786139543	3005.341878613954	230	JUICE	40
3012.849625	3012.9646249999996	210	HOW	41
3012.9646249999996	3013.188625	269	MUCH	41
3013.188625	3013.7196249999997	16	ALLOWANCE	41
3013.7196249999997	3013.7886249999997	128	DO	41
3013.7886249999997	3013.976625	495	YOU	41
3013.976625	3014.276625	177	GET	41
3023.4479375	3024.0959375	115	CYCLICAL	42
3024.0959375	3024.1149375	99999	sp	42
3024.1149375	3024.7059375	346	PROGRAMS	42
3024.7059375	3024.7999375	485	WILL	42
3024.7999375	3025.2149375	281	NEVER	42
3025.2149375	3025.8959375	100	COMPILE	42
3035.226	3035.295	434	THE	43
3035.295	3035.755	61	BOSTON	43
3035.755	3036.125	45	BALLET	43
3036.125	3036.665	312	OVERCAME	43
3036.665	3036.7870000000003	435	THEIR	43
3036.7870000000003	3037.201	170	FUNDING	43
3037.201	3037.896	380	SHORTAGE	43
3048.213125	3048.485125	145	EVERY	44
3048.485125	3048.799125	74	CAB	44
3048.799125	3049.064125	280	NEEDS	44
3049.064125	3049.576125	364	REPAINTING	44
3049.576125	3050.205125	296	OFTEN	44
3058.2825625	3058.6225624999997	203	HELP	45
3058.6225624999997	3058.9035624999997	196	GREG	45
3058.9035624999997	3059.0585625	446	TO	45
3059.0585625	3059.2485625	325	PICK	45
3059.2485625	3059.3615624999998	1	A	45
3059.3615624999998	3059.5595625	321	PECK	45
3059.5595625	3059.6935625	294	OF	45
3059.6935625	3060.4195624999998	338	POTATOES	45
3068.643875	3068.7408750000004	476	WE	46
3068.7408750000004	3068.998875	241	LIKE	46
3068.998875	3069.1788750000005	55	BLUE	46
3069.1788750000005	3069.616875	88	CHEESE	46
3069.616875	3069.7208750000004	70	BUT	46
3069.7208750000004	3070.0728750000003	466	VICTOR	46
3070.0728750000003	3070.4388750000003	242	LIKES	46
3070.4388750000003	3070.7098750000005	64	BRIE	46
3079.8965	3080.1674999999996	108	COUNT	47
3080.1674999999996	3080.2564999999995	434	THE	47
3080.2564999999995	3080.6165	289	NUMBER	47
3080.6165	3080.7685	294	OF	47
3080.7685	3081.3075	429	TEASPOONS	47
3081.3075	3081.4375	294	OF	47
3081.4375	3082.1465	395	SOYSAUCE	47
3082.1465	3082.3075	433	THAT	47
3082.3075	3082.4275000000002	495	YOU	47
3082.4275000000002	3082.9075	7	ADD	47
3091.9820625	3092.6020625	44	BAGPIPES	48
3092.6020625	3092.7580625	20	AND	48
3092.7580625	3093.2250625	59	BONGOS	48
3093.2250625	3093.3080625000002	30	ARE	48
3093.3080625000002	3093.7420625000004	273	MUSICAL	48
3093.7420625000004	3094.5920625000003	220	INSTRUMENTS	48
3101.988625	3102.186625	210	HOW	49
3102.186625	3102.446625	189	GOOD	49
3102.446625	3102.576625	224	IS	49
3102.576625	3102.686625	496	YOUR	49
3102.686625	3103.396625	138	ENDURANCE	49
3709.0154375	3709.1034375	30	ARE	0
3709.1034375	3709.2924375	496	YOUR	0
3709.2924375	3709.5594375	192	GRADES	0
3709.5594375	3710.0164375	206	HIGHER	0
3710.0164375	3710.1304375	302	OR	0
3710.1304375	3710.6864375	251	LOWER	0
3710.6864375	3710.7794375	432	THAN	0
3710.7794375	3711.4304375	275	NANCY'S	0
3720.2665625	3720.5595625	375	SHE	1
3720.5595625	3720.8095625	490	WORE	1
3720.8095625	3721.2545625000002	471	WARM	1
3721.2545625000002	3721.7585625	158	FLEECY	1
3721.7585625	3722.0995625	489	WOOLEN	1
3722.0995625	3722.8195625000003	311	OVERALLS	1
3731.3761875	3731.7301875	354	READING	2
3731.7301875	3731.9021875	217	IN	2
3731.9021875	3732.1991875	335	POOR	2
3732.1991875	3732.5791875	240	LIGHT	2
3732.5791875	3732.7901875000002	181	GIVES	2
3732.7901875000002	3732.8911875	495	YOU	2
3732.8911875	3733.6711875	150	EYESTRAIN	2
3741.7815	3741.9895	142	EVEN	3
3741.9895	3742.1745	211	I	3
3742.1745	3742.8595	293	OCCASIONALLY	3
3742.8595	3743.0895	177	GET	3
3743.0895	3743.1495000000004	434	THE	3
3743.1495000000004	3743.5565	265	MONDAY	3
3743.5565	3744.1195000000002	56	BLUES	3
3752.587625	3752.679625	476	WE	4
3752.679625	3752.7936250000002	30	ARE	4
3752.7936250000002	3753.1376250000003	301	OPEN	4
3753.1376250000003	3753.4506250000004	145	EVERY	4
3753.4506250000004	3753.7746250000005	265	MONDAY	4
3753.7746250000005	3754.3096250000003	143	EVENING	4
3763.0724375	3763.2674374999997	226	IT'S	5
3763.2674374999997	3763.4564375	285	NOT	5
3763.4564375	3763.7874374999997	133	EASY	5
3763.7874374999997	3763.9944374999995	446	TO	5
3763.9944374999995	3764.4484374999997	113	CREATE	5
3764.4484374999997	3765.1234375	215	ILLUMINATING	5
3765.1234375	3766.0774374999996	146	EXAMPLES	5
3773.8540625	3774.0940625	270	MUM	6
3774.0940625	3774.6420625	407	STRONGLY	6
3774.6420625	3775.0940625	126	DISLIKES	6
3775.0940625	3775.9300625	27	APPETIZERS	6
3785.5894375	3785.8244375	443	THOSE	7
3785.8244375	3785.9224375	484	WHO	7
3785.9224375	3786.2274374999997	427	TEACH	7
3786.2274374999997	3786.8954375	462	VALUES	7
3786.8954375	3787.1814375	156	FIRST	7
3787.1814375	3787.6794375	4	ABOLISH	7
3787.6794375	3788.1744375	87	CHEATING	7
3798.3795	3798.4435	434	THE	8
3798.4435	3799.0045	165	FRIGHTENED	8
3799.0045	3799.4365	89	CHILD	8
3799.4365	3799.6485000000002	472	WAS	8
3799.6485000000002	3799.9655000000002	176	GENTLY	8
3799.9655000000002	3800.4535	410	SUBDUED	8
3800.4535	3800.5635	73	BY	8
3800.5635	3800.7925	208	HIS	8
3800.7925	3801.0235000000002	52	BIG	8
3801.0235000000002	3801.4435	66	BROTHER	8
3812.61675	3812.82875	142	EVEN	9
3812.82875	3812.89975	1	A	9
3812.89975	3813.2737500000003	383	SIMPLE	9
3813.2737500000003	3814.07375	468	VOCABULARY	9
3814.07375	3814.7357500000003	104	CONTAINS	9
3814.7357500000003	3815.5037500000003	422	SYMBOLS	9
3824.7370625	3824.8770624999997	1	A	10
3824.8770624999997	3825.2140624999997	110	CRAB	10
3825.2140624999997	3825.7390625	85	CHALLENGED	10
3825.7390625	3826.0940625	258	ME	10
3826.0940625	3826.1710624999996	70	BUT	10
3826.1710624999996	3826.2990624999998	1	A	10
3826.2990624999998	3826.5390625	350	QUICK	10
3826.5390625	3827.0770625	402	STAB	10
3827.0770625	3827.5440624999997	464	VANQUISHED	10
3827.5440624999997	3827.7810624999997	207	HIM	10
3836.679375	3837.1183750000005	183	GLUCOSE	11
3837.1183750000005	3837.2273750000004	20	AND	11
3837.2273750000004	3837.7343750000005	167	FRUCTOSE	11
3837.7343750000005	3837.8303750000005	30	ARE	11
3837.8303750000005	3838.257375	276	NATURAL	11
3838.257375	3838.7433750000005	414	SUGARS	11
3838.7433750000005	3839.0303750000003	163	FOUND	11
3839.0303750000003	3839.1513750000004	217	IN	11
3839.1513750000004	3839.650375	168	FRUIT	11
3847.4495625	3847.5355625	30	ARE	12
3847.5355625	3847.6225625	495	YOU	12
3847.6225625	3847.9715625	250	LOOKING	12
3847.9715625	3848.1635625	161	FOR	12
3848.1635625	3848.8215625	136	EMPLOYMENT	12
3859.2436875	3859.6266874999997	98	COFFEE	13
3859.6266874999997	3859.8446874999995	224	IS	13
3859.8446874999995	3860.1126874999995	198	GROWN	13
3860.1126874999995	3860.2576874999995	297	ON	13
3860.2576874999995	3860.7006874999997	404	STEEP	13
3860.7006874999997	3861.0076874999995	231	JUNGLE	13
3861.0076874999995	3861.2136874999997	241	LIKE	13
3861.2136874999997	3861.6946875	390	SLOPES	13
3861.6946875	3861.8366874999997	217	IN	13
3861.8366874999997	3862.2386874999997	431	TEMPERATE	13
3862.2386874999997	3862.9686874999998	497	ZONES	13
3872.717875	3872.8218749999996	476	WE	14
3872.8218749999996	3873.233875	480	WELCOME	14
3873.233875	3873.5578749999995	256	MANY	14
3873.5578749999995	3873.724875	282	NEW	14
3873.724875	3874.2888749999997	408	STUDENTS	14
3874.2888749999997	3874.3558749999997	99999	sp	14
3874.3558749999997	3874.6048749999995	132	EACH	14
3874.6048749999995	3874.8638749999996	491	YEAR	14
3884.9166875	3885.2066875	298	ONLY	15
3885.2066875	3885.3436875	434	THE	15
3885.3436875	3885.4236875	99999	sp	15
3885.4236875	3885.6956875	51	BEST	15
3885.6956875	3885.7586875	99999	sp	15
3885.7586875	3886.1686875	330	PLAYERS	15
3886.1686875	3886.5416875	139	ENJOY	15
3886.5416875	3887.4076875	336	POPULARITY	15
3896.0079375	3896.5579375	75	CALCIUM	16
3896.5579375	3896.8049375	254	MAKES	16
3896.8049375	3896.8779375000004	99999	sp	16
3896.8779375000004	3897.1979375	58	BONES	16
3897.1979375	3897.3599375000003	20	AND	16
3897.3599375000003	3897.6379375	430	TEETH	16
3897.6379375	3898.2379375	406	STRONG	16
3907.0228125	3907.5458124999996	286	NOTHING	17
3907.5458124999996	3907.7018124999995	224	IS	17
3907.7018124999995	3907.8618125	34	AS	17
3907.8618125	3908.4118124999995	295	OFFENSIVE	17
3908.4118124999995	3908.5918125	34	AS	17
3908.5918125	3909.4118124999995	219	INNOCENCE	17
3919.4246875	3919.9376875	405	STEVE	18
3919.9376875	3920.0926875	490	WORE	18
3920.0926875	3920.2746875	1	A	18
3920.2746875	3920.5316875	65	BRIGHT	18
3920.5316875	3920.8896875	356	RED	18
3920.8896875	3921.4296875	78	CASHMERE	18
3921.4296875	3921.9086875	420	SWEATER	18
3931.916375	3932.2553749999997	46	BARB'S	19
3932.2553749999997	3932.4933749999996	188	GOLD	19
3932.4933749999996	3932.925375	63	BRACELET	19
3932.925375	3933.086375	472	WAS	19
3933.086375	3933.1903749999997	1	A	19
3933.1903749999997	3933.8373749999996	193	GRADUATION	19
3933.8373749999996	3934.2413749999996	339	PRESENT	19
3944.089375	3944.326375	130	DRAW	20
3944.326375	3944.668375	145	EVERY	20
3944.668375	3944.9973750000004	308	OUTER	20
3944.9973750000004	3945.205375	244	LINE	20
3945.205375	3945.804375	156	FIRST	20
3945.804375	3946.112375	436	THEN	20
3946.112375	3946.348375	154	FILL	20
3946.348375	3946.4703750000003	217	IN	20
3946.4703750000003	3946.552375	434	THE	20
3946.552375	3947.2223750000003	222	INTERIOR	20
3957.284125	3957.370125	434	THE	21
3957.370125	3957.724125	475	WATER	21
3957.724125	3958.237125	103	CONTAINED	21
3958.237125	3958.330125	99999	sp	21
3958.330125	3958.429125	448	TOO	21
3958.429125	3958.736125	269	MUCH	21
3958.736125	3959.198125	90	CHLORINE	21
3959.198125	3959.360125	20	AND	21
3959.360125	3959.791125	409	STUNG	21
3959.791125	3959.959125	208	HIS	21
3959.959125	3960.505125	149	EYES	21
3969.0964375	3969.5064374999997	229	JOHN'S	22
3969.5064374999997	3969.7074374999997	66	BROTHER	22
3969.7074374999997	3970.2694375	363	REPAINTED	22
3970.2694375	3970.3864375	434	THE	22
3970.3864375	3970.7954375	173	GARAGE	22
3970.7954375	3971.1074375	129	DOOR	22
3979.5686875	3980.1496875000003	84	CHALLENGE	23
3980.1496875000003	3980.4376875000003	132	EACH	23
3980.4376875000003	3980.9366875	175	GENERAL'S	23
3980.9366875	3981.9606875000004	221	INTELLIGENCE	23
3992.4335625	3993.1595625	17	AMBIDEXTROUS	24
3993.1595625	3993.2275624999997	99999	sp	24
3993.2275624999997	3993.9185625	327	PICKPOCKETS	24
3993.9185625	3994.5135625	6	ACCOMPLISH	24
3994.5135625	3994.8845625	267	MORE	24
4004.4014375	4004.4854375	1	A	25
4004.4854375	4005.0794375000005	271	MUSCULAR	25
4005.0794375000005	4005.7004375	2	ABDOMEN	25
4005.7004375	4005.9324375	224	IS	25
4005.9324375	4006.0964375000003	189	GOOD	25
4006.0964375000003	4006.2654375	161	FOR	25
4006.2654375	4006.4194375	496	YOUR	25
4006.4194375	4006.9164375	43	BACK	25
4015.4091875	4015.5211875	438	THEY	26
4015.5211875	4015.6921875000003	317	OWN	26
4015.6921875000003	4015.8721875	1	A	26
4015.8721875	4016.0661875	52	BIG	26
4016.0661875	4016.5211875	209	HOUSE	26
4016.5211875	4016.6071875000002	217	IN	26
4016.6071875000002	4016.6741875000002	434	THE	26
4016.6741875000002	4017.0261875	361	REMOTE	26
4017.0261875	4017.8341875	109	COUNTRYSIDE	26
4026.34125	4026.44425	434	THE	27
4026.44425	4026.7262499999997	369	ROSE	27
4026.7262499999997	4027.30125	106	CORSAGE	27
4027.30125	4027.55725	393	SMELLED	27
4027.55725	4028.1662499999998	421	SWEET	27
4037.321125	4037.5481250000003	433	THAT	28
4037.5481250000003	4038.102125	326	PICKPOCKET	28
4038.102125	4038.284125	472	WAS	28
4038.284125	4038.482125	80	CAUGHT	28
4038.482125	4038.783125	356	RED	28
4038.783125	4039.301125	199	HANDED	28
4049.7336875	4049.8406875	19	AN	29
4049.8406875	4050.2266875	9	ADULT	29
4050.2266875	4050.4446875	255	MALE	29
4050.4446875	4051.0326875	42	BABOON'S	29
4051.0326875	4051.2846875	430	TEETH	29
4051.2846875	4051.4046875	30	ARE	29
4051.4046875	4051.6896875	285	NOT	29
4051.6896875	4052.1386875000003	415	SUITABLE	29
4052.1386875000003	4052.3116875	161	FOR	29
4052.3116875	4052.6646875	135	EATING	29
4052.6646875	4053.4846875000003	376	SHELLFISH	29
4061.6999375	4061.9049375	204	HER	30
4061.9049375	4062.3339375	470	WARDROBE	30
4062.3339375	4062.8549375	102	CONSISTS	30
4062.8549375	4062.9679375	294	OF	30
4062.9679375	4063.1639375	298	ONLY	30
4063.1639375	4063.6039375	385	SKIRTS	30
4063.6039375	4063.7359375	20	AND	30
4063.7359375	4064.3519375	54	BLOUSES	30
4072.943625	4073.086625	434	THE	31
4073.086625	4073.289625	453	TWO	31
4073.289625	4073.822625	33	ARTISTS	31
4073.822625	4074.5926249999998	147	EXCHANGED	31
4074.5926249999998	4075.322625	39	AUTOGRAPHS	31
4085.091125	4085.667125	71	BUTTERSCOTCH	32
4085.667125	4086.088125	169	FUDGE	32
4086.088125	4086.294125	186	GOES	32
4086.294125	4086.521125	481	WELL	32
4086.521125	4086.708125	487	WITH	32
4086.708125	4087.1081249999997	463	VANILLA	32
4087.1081249999997	4087.400125	212	ICE	32
4087.400125	4087.728125	112	CREAM	32
4096.9460625	4097.221062500001	366	RICH	33
4097.221062500001	4097.2930625	99999	sp	33
4097.2930625	4097.7050625	349	PURCHASED	33
4097.7050625	4098.1510625	374	SEVERAL	33
4098.1510625	4098.5750625	382	SIGNED	33
4098.5750625	4099.524062500001	245	LITHOGRAPHS	33
4108.364125	4108.6071249999995	24	ANY	34
4108.6071249999995	4109.374125	105	CONTRIBUTIONS	34
4109.374125	4109.471125	485	WILL	34
4109.471125	4109.633125	47	BE	34
4109.633125	4109.961125	195	GREATLY	34
4109.961125	4110.819125	28	APPRECIATED	34
4120.2765625	4120.4125625	434	THE	35
4120.4125625	4120.9095625	111	CRANBERRY	35
4120.9095625	4121.3215625	57	BOG	35
4121.3215625	4121.3885625	99999	sp	35
4121.3885625	4121.6835625	178	GETS	35
4121.6835625	4122.0355625	465	VERY	35
4122.0355625	4122.3335625	340	PRETTY	35
4122.3335625	4122.4385625	217	IN	35
4122.4385625	4122.9595625	40	AUTUMN	35
4130.904	4131.112	210	HOW	36
4131.112	4131.231	128	DO	36
4131.231	4131.763	318	OYSTERS	36
4131.763	4131.983	253	MAKE	36
4131.983	4132.532999999999	320	PEARLS	36
4141.8509375	4142.102937500001	257	MAY	37
4142.102937500001	4142.179937500001	211	I	37
4142.179937500001	4142.429937500001	304	ORDER	37
4142.429937500001	4142.563937500001	1	A	37
4142.563937500001	4142.982937500001	319	PARFAIT	37
4142.982937500001	4143.201937500001	10	AFTER	37
4143.201937500001	4143.3289375	211	I	37
4143.3289375	4143.5159375	134	EAT	37
4143.5159375	4144.003937500001	124	DINNER	37
4150.868625	4150.929625	224	IS	38
4150.929625	4151.149625	375	SHE	38
4151.149625	4151.346625	187	GOING	38
4151.346625	4151.565625	487	WITH	38
4151.565625	4151.769625	495	YOU	38
4159.7831875	4159.9211875	76	CAN	39
4159.9211875	4160.0111875	434	THE	39
4160.0111875	4160.5281875	11	AGENCY	39
4160.5281875	4161.1231875	315	OVERTHROW	39
4161.1231875	4161.4231875000005	13	ALIEN	39
4161.4231875000005	4162.04613896314	162	FORCES	39
4170.846593296327	4170.947593296327	1	A	40
4170.947593296327	4171.587593296327	371	SCREWDRIVER	40
4171.587593296327	4171.786593296327	224	IS	40
4171.786593296327	4172.076593296327	252	MADE	40
4172.076593296327	4172.326593296327	166	FROM	40
4172.326593296327	4172.667593296327	469	VODKA	40
4172.667593296327	4172.906593296327	20	AND	40
4172.906593296327	4173.196593296327	303	ORANGE	40
4173.196593296327	4173.776593296327	230	JUICE	40
4184.3080625	4184.4380625	210	HOW	41
4184.4380625	4184.6480625	269	MUCH	41
4184.6480625	4185.1480625	16	ALLOWANCE	41
4185.1480625	4185.2280625	128	DO	41
4185.2280625	4185.3580625	495	YOU	41
4185.3580625	4185.7280625	177	GET	41
4195.0705625	4195.7395625	115	CYCLICAL	42
4195.7395625	4196.3595625	346	PROGRAMS	42
4196.3595625	4196.5495625	485	WILL	42
4196.5495625	4196.8695625	281	NEVER	42
4196.8695625	4197.5395625	100	COMPILE	42
4205.67975	4205.81975	434	THE	43
4205.81975	4206.25975	61	BOSTON	43
4206.25975	4206.61975	45	BALLET	43
4206.61975	4207.18975	312	OVERCAME	43
4207.18975	4207.32975	435	THEIR	43
4207.32975	4207.68975	170	FUNDING	43
4207.68975	4208.35975	380	SHORTAGE	43
4216.2320625	4216.5230625	145	EVERY	44
4216.5230625	4216.5620625	99999	sp	44
4216.5620625	4216.8820625	74	CAB	44
4216.8820625	4217.1220625000005	280	NEEDS	44
4217.1220625000005	4217.6020625	364	REPAINTING	44
4217.6020625	4218.212062500001	296	OFTEN	44
4226.2601875	4226.6101874999995	203	HELP	45
4226.6101874999995	4226.930187499999	196	GREG	45
4226.930187499999	4227.0401875	446	TO	45
4227.0401875	4227.261187499999	325	PICK	45
4227.261187499999	4227.3301875	1	A	45
4227.3301875	4227.600187499999	321	PECK	45
4227.600187499999	4227.680187499999	294	OF	45
4227.680187499999	4227.7201875	99999	sp	45
4227.7201875	4228.4811875	338	POTATOES	45
4236.4455625	4236.5645625	476	WE	46
4236.5645625	4236.7755625	241	LIKE	46
4236.7755625	4236.9955625	55	BLUE	46
4236.9955625	4237.3945625	88	CHEESE	46
4237.3945625	4237.5855625	70	BUT	46
4237.5855625	4237.8945625	466	VICTOR	46
4237.8945625	4238.1745625	242	LIKES	46
4238.1745625	4238.4645625	64	BRIE	46
4248.1240625	4248.3650625	108	COUNT	47
4248.3650625	4248.4250624999995	434	THE	47
4248.4250624999995	4248.6640625	289	NUMBER	47
4248.6640625	4248.755062499999	294	OF	47
4248.755062499999	4249.4450625	429	TEASPOONS	47
4249.4450625	4249.6950625	294	OF	47
4249.6950625	4250.3650625	395	SOYSAUCE	47
4250.3650625	4250.4940625	433	THAT	47
4250.4940625	4250.6640625	495	YOU	47
4250.6640625	4251.094062499999	7	ADD	47
4262.3961875	4263.0961875	44	BAGPIPES	48
4263.0961875	4263.3161875000005	20	AND	48
4263.3161875000005	4263.9661875	59	BONGOS	48
4263.9661875	4264.116187500001	30	ARE	48
4264.116187500001	4264.536187500001	273	MUSICAL	48
4264.536187500001	4265.376187500001	220	INSTRUMENTS	48
4272.876	4273.126	210	HOW	49
4273.126	4273.346	189	GOOD	49
4273.346	4273.465999999999	224	IS	49
4273.465999999999	4273.596	496	YOUR	49
4273.596	4274.376	138	ENDURANCE	49
