742.722	742.772	1	AA1	0	0
742.772	742.812	61	R	0	0
742.812	742.879	68	Y	0	0
742.879	742.961	41	UH1	0	0
742.961	743.075	61	R	0	0
743.075	743.118	51	G	0	0
743.118	743.18	61	R	0	0
743.18	743.284	25	EY1	0	0
743.284	743.347	48	D	0	0
743.347	743.392	69	Z	0	0
743.392	743.431	52	HH	0	0
743.431	743.562	16	AY1	0	0
743.562	743.689	21	ER0	0	0
743.689	743.867	21	ER0	0	0
743.867	743.95	56	L	0	0
743.95	744.133	35	OW1	0	0
744.133	744.247	21	ER0	0	0
744.247	744.298	49	DH	0	0
744.298	744.362	6	AH0	0	0
744.362	744.415	58	N	0	0
744.415	744.464	58	N	0	0
744.464	744.584	4	AE1	0	0
744.584	744.654	58	N	0	0
744.654	744.762	62	S	0	0
744.762	744.894	31	IY0	0	0
744.894	745.05	69	Z	0	0
752.802	753.012	63	SH	0	1
753.012	753.181	32	IY1	0	1
753.181	753.312	67	W	0	1
753.312	753.464	10	AO1	0	1
753.464	753.612	61	R	0	1
753.612	753.818	67	W	0	1
753.818	753.957	10	AO1	0	1
753.957	754.042	61	R	0	1
754.042	754.217	57	M	0	1
754.217	754.371	50	F	0	1
754.371	754.439	56	L	0	1
754.439	754.542	32	IY1	0	1
754.542	754.649	62	S	0	1
754.649	754.947	31	IY0	0	1
754.947	755.092	67	W	0	1
755.092	755.172	41	UH1	0	1
755.172	755.25	56	L	0	1
755.25	755.292	6	AH0	0	1
755.292	755.362	58	N	0	1
755.362	755.474	35	OW1	0	1
755.474	755.55	66	V	0	1
755.55	755.702	21	ER0	0	1
755.702	755.772	11	AO2	0	1
755.772	755.872	56	L	0	1
755.872	756.072	69	Z	0	1
764.402	764.512	61	R	0	2
764.512	764.597	19	EH1	0	2
764.597	764.64	48	D	0	2
764.64	764.689	27	IH0	0	2
764.689	764.732	59	NG	0	2
764.732	764.818	28	IH1	0	2
764.818	764.943	58	N	0	2
764.943	765.012	60	P	0	2
765.012	765.078	41	UH1	0	2
765.078	765.171	61	R	0	2
765.171	765.232	56	L	0	2
765.232	765.379	16	AY1	0	2
765.379	765.498	64	T	0	2
765.498	765.554	51	G	0	2
765.554	765.622	28	IH1	0	2
765.622	765.672	66	V	0	2
765.672	765.732	69	Z	0	2
765.732	765.782	68	Y	0	2
765.782	765.837	44	UW1	0	2
765.837	766.035	16	AY1	0	2
766.035	766.142	62	S	0	2
766.142	766.203	64	T	0	2
766.203	766.286	61	R	0	2
766.286	766.364	26	EY2	0	2
766.364	766.432	58	N	0	2
766.432	766.562	74	sp	0	2
788.672	788.783	32	IY1	0	3
788.783	788.842	66	V	0	3
788.842	788.912	6	AH0	0	3
788.912	788.965	58	N	0	3
788.965	789.279	16	AY1	0	3
789.279	789.462	6	AH0	0	3
789.462	789.534	54	K	0	3
789.534	789.684	25	EY1	0	3
789.684	789.792	70	ZH	0	3
789.792	789.834	6	AH0	0	3
789.834	789.865	58	N	0	3
789.865	789.902	56	L	0	3
789.902	790.026	31	IY0	0	3
790.026	790.068	51	G	0	3
790.068	790.158	28	IH1	0	3
790.158	790.267	64	T	0	3
790.267	790.312	49	DH	0	3
790.312	790.342	6	AH0	0	3
790.342	790.435	57	M	0	3
790.435	790.532	7	AH1	0	3
790.532	790.58	58	N	0	3
790.58	790.64	48	D	0	3
790.64	790.82	26	EY2	0	3
790.82	790.854	46	B	0	3
790.854	790.902	56	L	0	3
790.902	791.098	44	UW1	0	3
791.098	791.322	69	Z	0	3
802.379	802.484	67	W	0	4
802.484	802.572	32	IY1	0	4
802.572	802.672	1	AA1	0	4
802.672	802.756	61	R	0	4
802.756	802.995	35	OW1	0	4
802.995	803.054	60	P	0	4
803.054	803.236	6	AH0	0	4
803.236	803.346	58	N	0	4
803.346	803.47	74	sp	0	4
803.47	803.602	19	EH1	0	4
803.602	803.675	66	V	0	4
803.675	803.732	61	R	0	4
803.732	803.805	31	IY0	0	4
803.805	803.895	57	M	0	4
803.895	803.982	7	AH1	0	4
803.982	804.052	58	N	0	4
804.052	804.091	48	D	0	4
804.091	804.222	26	EY2	0	4
804.222	804.392	32	IY1	0	4
804.392	804.501	66	V	0	4
804.501	804.544	58	N	0	4
804.544	804.631	27	IH0	0	4
804.631	804.817	59	NG	0	4
815.266	815.384	28	IH1	0	5
815.384	815.401	64	T	0	5
815.401	815.489	62	S	0	5
815.489	815.533	58	N	0	5
815.533	815.623	1	AA1	0	5
815.623	815.68	64	T	0	5
815.68	815.928	32	IY1	0	5
815.928	815.987	69	Z	0	5
815.987	816.167	31	IY0	0	5
816.167	816.243	64	T	0	5
816.243	816.342	44	UW1	0	5
816.342	816.471	54	K	0	5
816.471	816.552	61	R	0	5
816.552	816.601	31	IY0	0	5
816.601	816.713	25	EY1	0	5
816.713	816.778	64	T	0	5
816.778	816.867	29	IH2	0	5
816.867	816.959	56	L	0	5
816.959	817.022	44	UW1	0	5
817.022	817.106	57	M	0	5
817.106	817.162	6	AH0	0	5
817.162	817.222	58	N	0	5
817.222	817.355	26	EY2	0	5
817.355	817.401	64	T	0	5
817.401	817.46	27	IH0	0	5
817.46	817.542	59	NG	0	5
817.542	817.638	27	IH0	0	5
817.638	817.726	51	G	0	5
817.726	817.793	69	Z	0	5
817.793	817.88	4	AE1	0	5
817.88	818.002	57	M	0	5
818.002	818.038	60	P	0	5
818.038	818.093	6	AH0	0	5
818.093	818.181	56	L	0	5
818.181	818.352	69	Z	0	5
829.276	829.351	57	M	0	6
829.351	829.522	7	AH1	0	6
829.522	829.632	57	M	0	6
829.632	829.74	62	S	0	6
829.74	829.817	64	T	0	6
829.817	829.876	61	R	0	6
829.876	830.013	10	AO1	0	6
830.013	830.102	59	NG	0	6
830.102	830.194	56	L	0	6
830.194	830.396	31	IY0	0	6
830.396	830.445	48	D	0	6
830.445	830.532	29	IH2	0	6
830.532	830.665	62	S	0	6
830.665	830.712	56	L	0	6
830.712	830.829	16	AY1	0	6
830.829	830.889	54	K	0	6
830.889	830.951	62	S	0	6
830.951	831.164	4	AE1	0	6
831.164	831.201	60	P	0	6
831.201	831.272	6	AH0	0	6
831.272	831.337	64	T	0	6
831.337	831.481	17	AY2	0	6
831.481	831.562	69	Z	0	6
831.562	831.722	21	ER0	0	6
831.722	831.913	69	Z	0	6
846.312	846.409	49	DH	0	7
846.409	846.556	35	OW1	0	7
846.556	846.654	69	Z	0	7
846.654	846.712	52	HH	0	7
846.712	846.858	44	UW1	0	7
846.858	846.987	64	T	0	7
846.987	847.118	32	IY1	0	7
847.118	847.202	47	CH	0	7
847.202	847.299	66	V	0	7
847.299	847.368	4	AE1	0	7
847.368	847.484	56	L	0	7
847.484	847.562	68	Y	0	7
847.562	847.715	43	UW0	0	7
847.715	847.892	69	Z	0	7
847.892	848.408	74	sp	0	7
848.408	848.543	50	F	0	7
848.543	848.698	22	ER1	0	7
848.698	848.82	62	S	0	7
848.82	848.86	64	T	0	7
848.86	849.028	6	AH0	0	7
849.028	849.072	46	B	0	7
849.072	849.254	1	AA1	0	7
849.254	849.339	56	L	0	7
849.339	849.406	29	IH2	0	7
849.406	849.711	63	SH	0	7
849.711	849.847	47	CH	0	7
849.847	849.948	32	IY1	0	7
849.948	850.002	64	T	0	7
850.002	850.093	27	IH0	0	7
850.093	850.232	59	NG	0	7
861.863	861.945	49	DH	0	8
861.945	862.004	31	IY0	0	8
862.004	862.123	50	F	0	8
862.123	862.208	61	R	0	8
862.208	862.306	16	AY1	0	8
862.306	862.382	64	T	0	8
862.382	862.452	6	AH0	0	8
862.452	862.502	58	N	0	8
862.502	862.541	48	D	0	8
862.541	862.655	47	CH	0	8
862.655	862.841	16	AY1	0	8
862.841	863.014	56	L	0	8
863.014	863.138	48	D	0	8
863.138	863.219	67	W	0	8
863.219	863.272	6	AH0	0	8
863.272	863.368	69	Z	0	8
863.368	863.452	53	JH	0	8
863.452	863.506	19	EH1	0	8
863.506	863.557	58	N	0	8
863.557	863.589	64	T	0	8
863.589	863.674	56	L	0	8
863.674	863.832	31	IY0	0	8
863.832	863.971	62	S	0	8
863.971	864.031	6	AH0	0	8
864.031	864.126	46	B	0	8
864.126	864.154	48	D	0	8
864.154	864.418	44	UW1	0	8
864.418	864.511	48	D	0	8
864.511	864.577	46	B	0	8
864.577	864.685	16	AY1	0	8
864.685	864.763	52	HH	0	8
864.763	864.838	28	IH1	0	8
864.838	864.992	69	Z	0	8
864.992	865.039	46	B	0	8
865.039	865.102	28	IH1	0	8
865.102	865.182	51	G	0	8
865.182	865.262	46	B	0	8
865.262	865.305	61	R	0	8
865.305	865.401	7	AH1	0	8
865.401	865.494	49	DH	0	8
865.494	865.629	21	ER0	0	8
877.29	877.416	32	IY1	0	9
877.416	877.482	66	V	0	9
877.482	877.541	6	AH0	0	9
877.541	877.602	58	N	0	9
877.602	877.689	6	AH0	0	9
877.689	877.824	62	S	0	9
877.824	877.872	28	IH1	0	9
877.872	877.957	57	M	0	9
877.957	877.996	60	P	0	9
877.996	878.031	6	AH0	0	9
878.031	878.059	56	L	0	9
878.059	878.132	66	V	0	9
878.132	878.292	34	OW0	0	9
878.292	878.372	54	K	0	9
878.372	878.557	4	AE1	0	9
878.557	878.594	46	B	0	9
878.594	878.642	68	Y	0	9
878.642	878.694	6	AH0	0	9
878.694	878.755	56	L	0	9
878.755	878.802	20	EH2	0	9
878.802	878.906	61	R	0	9
878.906	879.017	31	IY0	0	9
879.017	879.091	54	K	0	9
879.091	879.132	6	AH0	0	9
879.132	879.226	58	N	0	9
879.226	879.278	64	T	0	9
879.278	879.39	25	EY1	0	9
879.39	879.466	58	N	0	9
879.466	879.495	69	Z	0	9
879.495	879.607	62	S	0	9
879.607	879.672	28	IH1	0	9
879.672	879.781	57	M	0	9
879.781	879.835	46	B	0	9
879.835	879.913	6	AH0	0	9
879.913	879.979	56	L	0	9
879.979	880.237	69	Z	0	9
894.623	894.798	6	AH0	0	10
894.798	894.886	54	K	0	10
894.886	894.938	61	R	0	10
894.938	895.052	4	AE1	0	10
895.052	895.122	46	B	0	10
895.122	895.203	47	CH	0	10
895.203	895.271	4	AE1	0	10
895.271	895.395	56	L	0	10
895.395	895.442	6	AH0	0	10
895.442	895.502	58	N	0	10
895.502	895.585	53	JH	0	10
895.585	895.651	48	D	0	10
895.651	895.708	57	M	0	10
895.708	895.942	32	IY1	0	10
895.942	896.062	46	B	0	10
896.062	896.112	7	AH1	0	10
896.112	896.142	64	T	0	10
896.142	896.212	6	AH0	0	10
896.212	896.345	54	K	0	10
896.345	896.422	67	W	0	10
896.422	896.477	28	IH1	0	10
896.477	896.562	54	K	0	10
896.562	896.675	62	S	0	10
896.675	896.712	64	T	0	10
896.712	896.932	4	AE1	0	10
896.932	897.029	46	B	0	10
897.029	897.185	66	V	0	10
897.185	897.255	4	AE1	0	10
897.255	897.345	59	NG	0	10
897.345	897.423	54	K	0	10
897.423	897.492	67	W	0	10
897.492	897.532	27	IH0	0	10
897.532	897.689	63	SH	0	10
897.689	897.7	64	T	0	10
897.7	897.728	52	HH	0	10
897.728	897.822	28	IH1	0	10
897.822	897.932	57	M	0	10
907.38	907.434	51	G	0	11
907.434	907.489	56	L	0	11
907.489	907.591	44	UW1	0	11
907.591	907.658	54	K	0	11
907.658	907.832	36	OW2	0	11
907.832	907.98	62	S	0	11
907.98	908.043	4	AE1	0	11
908.043	908.101	58	N	0	11
908.101	908.116	48	D	0	11
908.116	908.246	50	F	0	11
908.246	908.292	61	R	0	11
908.292	908.395	44	UW1	0	11
908.395	908.5	54	K	0	11
908.5	908.55	64	T	0	11
908.55	908.73	36	OW2	0	11
908.73	908.935	62	S	0	11
908.935	909.055	74	sp	0	11
909.055	909.14	1	AA1	0	11
909.14	909.22	61	R	0	11
909.22	909.314	58	N	0	11
909.314	909.462	4	AE1	0	11
909.462	909.572	47	CH	0	11
909.572	909.591	61	R	0	11
909.591	909.622	6	AH0	0	11
909.622	909.675	56	L	0	11
909.675	909.83	63	SH	0	11
909.83	909.915	41	UH1	0	11
909.915	909.959	51	G	0	11
909.959	910.112	21	ER0	0	11
910.112	910.221	69	Z	0	11
910.221	910.272	50	F	0	11
910.272	910.384	13	AW1	0	11
910.384	910.446	58	N	0	11
910.446	910.474	48	D	0	11
910.474	910.531	6	AH0	0	11
910.531	910.638	58	N	0	11
910.638	910.742	50	F	0	11
910.742	910.796	61	R	0	11
910.796	910.991	44	UW1	0	11
910.991	911.066	64	T	0	11
918.721	918.909	74	sp	0	12
918.909	918.962	1	AA1	0	12
918.962	919.019	61	R	0	12
919.019	919.065	68	Y	0	12
919.065	919.108	44	UW1	0	12
919.108	919.172	56	L	0	12
919.172	919.221	41	UH1	0	12
919.221	919.328	54	K	0	12
919.328	919.372	27	IH0	0	12
919.372	919.426	59	NG	0	12
919.426	919.523	50	F	0	12
919.523	919.622	10	AO1	0	12
919.622	919.682	61	R	0	12
919.682	919.719	6	AH0	0	12
919.719	919.804	57	M	0	12
919.804	919.863	60	P	0	12
919.863	919.901	56	L	0	12
919.901	919.998	38	OY1	0	12
919.998	920.072	57	M	0	12
920.072	920.167	6	AH0	0	12
920.167	920.273	58	N	0	12
920.273	920.328	64	T	0	12
929.859	929.927	54	K	0	13
929.927	930.038	1	AA1	0	13
930.038	930.144	50	F	0	13
930.144	930.214	31	IY0	0	13
930.214	930.372	28	IH1	0	13
930.372	930.442	69	Z	0	13
930.442	930.498	51	G	0	13
930.498	930.552	61	R	0	13
930.552	930.671	35	OW1	0	13
930.671	930.724	58	N	0	13
930.724	930.832	1	AA1	0	13
930.832	930.882	58	N	0	13
930.882	931.024	62	S	0	13
931.024	931.066	64	T	0	13
931.066	931.184	32	IY1	0	13
931.184	931.411	60	P	0	13
931.411	931.541	53	JH	0	13
931.541	931.64	7	AH1	0	13
931.64	931.7	59	NG	0	13
931.7	931.732	51	G	0	13
931.732	931.781	6	AH0	0	13
931.781	931.832	56	L	0	13
931.832	931.924	56	L	0	13
931.924	931.966	16	AY1	0	13
931.966	932.044	54	K	0	13
932.044	932.217	62	S	0	13
932.217	932.281	56	L	0	13
932.281	932.365	35	OW1	0	13
932.365	932.452	60	P	0	13
932.452	932.552	62	S	0	13
932.552	932.644	28	IH1	0	13
932.644	932.734	58	N	0	13
932.734	932.812	64	T	0	13
932.812	932.862	19	EH1	0	13
932.862	932.982	57	M	0	13
932.982	933.003	60	P	0	13
933.003	933.11	61	R	0	13
933.11	933.293	6	AH0	0	13
933.293	933.452	64	T	0	13
933.452	933.562	69	Z	0	13
933.562	933.725	35	OW1	0	13
933.725	933.841	58	N	0	13
933.841	934.052	69	Z	0	13
943.247	943.375	67	W	0	14
943.375	943.452	32	IY1	0	14
943.452	943.514	67	W	0	14
943.514	943.563	19	EH1	0	14
943.563	943.688	56	L	0	14
943.688	943.734	54	K	0	14
943.734	943.802	6	AH0	0	14
943.802	943.84	57	M	0	14
943.84	943.911	57	M	0	14
943.911	944.004	19	EH1	0	14
944.004	944.072	58	N	0	14
944.072	944.158	31	IY0	0	14
944.158	944.239	58	N	0	14
944.239	944.341	44	UW1	0	14
944.341	944.444	62	S	0	14
944.444	944.516	64	T	0	14
944.516	944.612	44	UW1	0	14
944.612	944.636	48	D	0	14
944.636	944.72	6	AH0	0	14
944.72	944.825	58	N	0	14
944.825	944.84	64	T	0	14
944.84	944.882	62	S	0	14
944.882	945.041	32	IY1	0	14
945.041	945.168	47	CH	0	14
945.168	945.217	68	Y	0	14
945.217	945.284	28	IH1	0	14
945.284	945.412	61	R	0	14
957.942	958.058	35	OW1	0	15
958.058	958.112	58	N	0	15
958.112	958.137	56	L	0	15
958.137	958.191	31	IY0	0	15
958.191	958.262	49	DH	0	15
958.262	958.328	7	AH1	0	15
958.328	958.414	46	B	0	15
958.414	958.512	19	EH1	0	15
958.512	958.573	62	S	0	15
958.573	958.664	64	T	0	15
958.664	958.726	60	P	0	15
958.726	958.789	56	L	0	15
958.789	958.862	25	EY1	0	15
958.862	958.982	21	ER0	0	15
958.982	959.062	69	Z	0	15
959.062	959.122	6	AH0	0	15
959.122	959.202	58	N	0	15
959.202	959.262	53	JH	0	15
959.262	959.498	38	OY1	0	15
959.498	959.548	60	P	0	15
959.548	959.7	2	AA2	0	15
959.7	959.759	60	P	0	15
959.759	959.788	68	Y	0	15
959.788	959.822	6	AH0	0	15
959.822	959.882	56	L	0	15
959.882	959.952	19	EH1	0	15
959.952	960.065	61	R	0	15
960.065	960.122	6	AH0	0	15
960.122	960.159	64	T	0	15
960.159	960.322	31	IY0	0	15
970.622	971.09	74	sp	0	16
971.09	971.174	54	K	0	16
971.174	971.232	4	AE1	0	16
971.232	971.319	56	L	0	16
971.319	971.466	62	S	0	16
971.466	971.551	31	IY0	0	16
971.551	971.609	6	AH0	0	16
971.609	971.711	57	M	0	16
971.711	971.833	57	M	0	16
971.833	972.068	25	EY1	0	16
972.068	972.082	54	K	0	16
972.082	972.202	62	S	0	16
972.202	972.359	46	B	0	16
972.359	972.656	35	OW1	0	16
972.656	972.762	58	N	0	16
972.762	972.988	69	Z	0	16
972.988	973.099	6	AH0	0	16
973.099	973.203	58	N	0	16
973.203	973.291	64	T	0	16
973.291	973.444	32	IY1	0	16
973.444	973.531	65	TH	0	16
973.531	973.64	62	S	0	16
973.64	973.708	64	T	0	16
973.708	973.777	61	R	0	16
973.777	973.91	10	AO1	0	16
973.91	974.088	59	NG	0	16
993.13	993.222	58	N	0	17
993.222	993.38	7	AH1	0	17
993.38	993.411	65	TH	0	17
993.411	993.495	27	IH0	0	17
993.495	993.6	59	NG	0	17
993.6	993.8	28	IH1	0	17
993.8	993.939	69	Z	0	17
993.939	994.041	19	EH1	0	17
994.041	994.1	69	Z	0	17
994.1	994.181	6	AH0	0	17
994.181	994.286	50	F	0	17
994.286	994.372	19	EH1	0	17
994.372	994.452	58	N	0	17
994.452	994.533	62	S	0	17
994.533	994.689	27	IH0	0	17
994.689	994.781	66	V	0	17
994.781	994.973	19	EH1	0	17
994.973	995.132	69	Z	0	17
995.132	995.256	28	IH1	0	17
995.256	995.328	58	N	0	17
995.328	995.392	6	AH0	0	17
995.392	995.497	62	S	0	17
995.497	995.574	6	AH0	0	17
995.574	995.686	58	N	0	17
995.686	995.901	62	S	0	17
1006.154	1006.297	62	S	0	18
1006.297	1006.355	64	T	0	18
1006.355	1006.537	32	IY1	0	18
1006.537	1006.612	66	V	0	18
1006.612	1006.703	67	W	0	18
1006.703	1006.792	10	AO1	0	18
1006.792	1006.879	61	R	0	18
1006.879	1007.013	6	AH0	0	18
1007.013	1007.101	46	B	0	18
1007.101	1007.197	61	R	0	18
1007.197	1007.282	16	AY1	0	18
1007.282	1007.33	64	T	0	18
1007.33	1007.411	61	R	0	18
1007.411	1007.538	19	EH1	0	18
1007.538	1007.63	48	D	0	18
1007.63	1007.693	54	K	0	18
1007.693	1007.829	4	AE1	0	18
1007.829	1007.922	70	ZH	0	18
1007.922	1007.966	57	M	0	18
1007.966	1008.035	27	IH0	0	18
1008.035	1008.114	61	R	0	18
1008.114	1008.254	62	S	0	18
1008.254	1008.312	67	W	0	18
1008.312	1008.369	19	EH1	0	18
1008.369	1008.407	64	T	0	18
1008.407	1008.555	21	ER0	0	18
1019.657	1019.697	46	B	0	19
1019.697	1019.782	1	AA1	0	19
1019.782	1019.854	61	R	0	19
1019.854	1019.932	46	B	0	19
1019.932	1020.026	69	Z	0	19
1020.026	1020.112	51	G	0	19
1020.112	1020.194	35	OW1	0	19
1020.194	1020.254	56	L	0	19
1020.254	1020.332	48	D	0	19
1020.332	1020.367	46	B	0	19
1020.367	1020.441	61	R	0	19
1020.441	1020.508	25	EY1	0	19
1020.508	1020.653	62	S	0	19
1020.653	1020.704	56	L	0	19
1020.704	1020.79	6	AH0	0	19
1020.79	1020.849	64	T	0	19
1020.849	1020.922	67	W	0	19
1020.922	1020.962	6	AH0	0	19
1020.962	1021.024	69	Z	0	19
1021.024	1021.101	6	AH0	0	19
1021.101	1021.197	51	G	0	19
1021.197	1021.242	61	R	0	19
1021.242	1021.302	5	AE2	0	19
1021.302	1021.376	53	JH	0	19
1021.376	1021.428	6	AH0	0	19
1021.428	1021.502	67	W	0	19
1021.502	1021.576	25	EY1	0	19
1021.576	1021.703	63	SH	0	19
1021.703	1021.753	6	AH0	0	19
1021.753	1021.837	58	N	0	19
1021.837	1021.883	60	P	0	19
1021.883	1021.922	61	R	0	19
1021.922	1021.978	19	EH1	0	19
1021.978	1022.047	69	Z	0	19
1022.047	1022.091	6	AH0	0	19
1022.091	1022.151	58	N	0	19
1027.195	1027.312	48	D	0	20
1027.312	1027.374	61	R	0	20
1027.374	1027.705	10	AO1	0	20
1027.705	1027.785	74	sp	0	20
1027.785	1027.952	19	EH1	0	20
1027.952	1028.036	66	V	0	20
1028.036	1028.121	61	R	0	20
1028.121	1028.206	31	IY0	0	20
1028.206	1028.382	13	AW1	0	20
1028.382	1028.407	64	T	0	20
1028.407	1028.522	21	ER0	0	20
1028.522	1028.614	56	L	0	20
1028.614	1028.712	16	AY1	0	20
1028.712	1028.776	58	N	0	20
1028.776	1028.882	50	F	0	20
1028.882	1029.039	22	ER1	0	20
1029.039	1029.208	62	S	0	20
1029.208	1029.295	64	T	0	20
1029.295	1029.411	49	DH	0	20
1029.411	1029.522	19	EH1	0	20
1029.522	1029.612	58	N	0	20
1029.612	1029.683	50	F	0	20
1029.683	1029.749	28	IH1	0	20
1029.749	1029.858	56	L	0	20
1029.858	1029.985	6	AH0	0	20
1029.985	1030.182	58	N	0	20
1030.182	1030.658	74	sp	0	20
1030.658	1030.698	49	DH	0	20
1030.698	1030.791	31	IY0	0	20
1030.791	1030.882	29	IH2	0	20
1030.882	1030.966	58	N	0	20
1030.966	1031.057	64	T	0	20
1031.057	1031.139	28	IH1	0	20
1031.139	1031.215	61	R	0	20
1031.215	1031.322	31	IY0	0	20
1031.322	1031.488	21	ER0	0	20
1039.91	1039.975	49	DH	0	21
1039.975	1040.037	6	AH0	0	21
1040.037	1040.135	67	W	0	21
1040.135	1040.242	10	AO1	0	21
1040.242	1040.295	64	T	0	21
1040.295	1040.549	21	ER0	0	21
1040.549	1040.617	54	K	0	21
1040.617	1040.672	6	AH0	0	21
1040.672	1040.745	58	N	0	21
1040.745	1040.832	64	T	0	21
1040.832	1041.072	25	EY1	0	21
1041.072	1041.159	58	N	0	21
1041.159	1041.338	48	D	0	21
1041.338	1041.523	64	T	0	21
1041.523	1041.6	44	UW1	0	21
1041.6	1041.686	57	M	0	21
1041.686	1041.867	7	AH1	0	21
1041.867	1041.997	47	CH	0	21
1041.997	1042.13	54	K	0	21
1042.13	1042.211	56	L	0	21
1042.211	1042.31	10	AO1	0	21
1042.31	1042.42	61	R	0	21
1042.42	1042.573	31	IY0	0	21
1042.573	1042.78	58	N	0	21
1042.78	1042.838	6	AH0	0	21
1042.838	1042.927	58	N	0	21
1042.927	1042.961	48	D	0	21
1042.961	1043.109	62	S	0	21
1043.109	1043.134	64	T	0	21
1043.134	1043.268	7	AH1	0	21
1043.268	1043.362	59	NG	0	21
1043.362	1043.431	52	HH	0	21
1043.431	1043.516	28	IH1	0	21
1043.516	1043.587	69	Z	0	21
1043.587	1043.986	16	AY1	0	21
1043.986	1044.23	69	Z	0	21
1056.013	1056.096	53	JH	0	22
1056.096	1056.273	1	AA1	0	22
1056.273	1056.359	58	N	0	22
1056.359	1056.436	69	Z	0	22
1056.436	1056.476	46	B	0	22
1056.476	1056.534	61	R	0	22
1056.534	1056.599	7	AH1	0	22
1056.599	1056.658	49	DH	0	22
1056.658	1056.893	21	ER0	0	22
1056.893	1056.99	61	R	0	22
1056.99	1057.121	31	IY0	0	22
1057.121	1057.202	60	P	0	22
1057.202	1057.317	25	EY1	0	22
1057.317	1057.4	58	N	0	22
1057.4	1057.442	64	T	0	22
1057.442	1057.552	6	AH0	0	22
1057.552	1057.601	48	D	0	22
1057.601	1057.692	49	DH	0	22
1057.692	1057.839	31	IY0	0	22
1057.839	1057.872	51	G	0	22
1057.872	1058.01	21	ER0	0	22
1058.01	1058.218	1	AA1	0	22
1058.218	1058.376	70	ZH	0	22
1058.376	1058.413	48	D	0	22
1058.413	1058.505	10	AO1	0	22
1058.505	1058.627	61	R	0	22
1070.448	1070.541	47	CH	0	23
1070.541	1070.63	4	AE1	0	23
1070.63	1070.759	56	L	0	23
1070.759	1070.832	6	AH0	0	23
1070.832	1070.892	58	N	0	23
1070.892	1070.992	53	JH	0	23
1070.992	1071.203	32	IY1	0	23
1071.203	1071.302	47	CH	0	23
1071.302	1071.452	53	JH	0	23
1071.452	1071.531	19	EH1	0	23
1071.531	1071.576	58	N	0	23
1071.576	1071.642	21	ER0	0	23
1071.642	1071.712	6	AH0	0	23
1071.712	1071.812	56	L	0	23
1071.812	1071.89	69	Z	0	23
1071.89	1071.962	29	IH2	0	23
1071.962	1072.08	58	N	0	23
1072.08	1072.122	64	T	0	23
1072.122	1072.172	19	EH1	0	23
1072.172	1072.268	56	L	0	23
1072.268	1072.34	6	AH0	0	23
1072.34	1072.386	53	JH	0	23
1072.386	1072.462	6	AH0	0	23
1072.462	1072.567	58	N	0	23
1072.567	1072.806	62	S	0	23
1081.162	1081.271	5	AE2	0	24
1081.271	1081.322	57	M	0	24
1081.322	1081.359	46	B	0	24
1081.359	1081.414	6	AH0	0	24
1081.414	1081.496	48	D	0	24
1081.496	1081.601	19	EH1	0	24
1081.601	1081.651	54	K	0	24
1081.651	1081.739	62	S	0	24
1081.739	1081.816	64	T	0	24
1081.816	1081.892	61	R	0	24
1081.892	1081.962	6	AH0	0	24
1081.962	1082.117	62	S	0	24
1082.117	1082.153	60	P	0	24
1082.153	1082.221	28	IH1	0	24
1082.221	1082.347	54	K	0	24
1082.347	1082.382	60	P	0	24
1082.382	1082.521	2	AA2	0	24
1082.521	1082.605	54	K	0	24
1082.605	1082.682	6	AH0	0	24
1082.682	1082.734	64	T	0	24
1082.734	1082.78	62	S	0	24
1082.78	1082.881	6	AH0	0	24
1082.881	1082.952	54	K	0	24
1082.952	1083.045	1	AA1	0	24
1083.045	1083.149	57	M	0	24
1083.149	1083.177	60	P	0	24
1083.177	1083.232	56	L	0	24
1083.232	1083.259	27	IH0	0	24
1083.259	1083.382	63	SH	0	24
1083.382	1083.458	57	M	0	24
1083.458	1083.567	10	AO1	0	24
1083.567	1083.69	61	R	0	24
1091.688	1091.763	6	AH0	0	25
1091.763	1091.846	57	M	0	25
1091.846	1091.942	7	AH1	0	25
1091.942	1092.052	62	S	0	25
1092.052	1092.108	54	K	0	25
1092.108	1092.136	68	Y	0	25
1092.136	1092.17	6	AH0	0	25
1092.17	1092.232	56	L	0	25
1092.232	1092.3	21	ER0	0	25
1092.3	1092.578	4	AE1	0	25
1092.578	1092.623	46	B	0	25
1092.623	1092.656	48	D	0	25
1092.656	1092.689	6	AH0	0	25
1092.689	1092.754	57	M	0	25
1092.754	1092.861	6	AH0	0	25
1092.861	1092.897	58	N	0	25
1092.897	1093.022	28	IH1	0	25
1093.022	1093.148	69	Z	0	25
1093.148	1093.194	51	G	0	25
1093.194	1093.242	41	UH1	0	25
1093.242	1093.302	48	D	0	25
1093.302	1093.402	50	F	0	25
1093.402	1093.471	21	ER0	0	25
1093.471	1093.549	68	Y	0	25
1093.549	1093.616	41	UH1	0	25
1093.616	1093.75	61	R	0	25
1093.75	1093.78	46	B	0	25
1093.78	1093.96	4	AE1	0	25
1093.96	1094.082	54	K	0	25
1094.082	1094.161	74	sp	0	25
1105.11	1105.185	49	DH	0	26
1105.185	1105.347	25	EY1	0	26
1105.347	1105.512	35	OW1	0	26
1105.512	1105.563	58	N	0	26
1105.563	1105.68	6	AH0	0	26
1105.68	1105.742	46	B	0	26
1105.742	1105.872	28	IH1	0	26
1105.872	1105.917	51	G	0	26
1105.917	1105.999	52	HH	0	26
1105.999	1106.252	13	AW1	0	26
1106.252	1106.449	62	S	0	26
1106.449	1106.502	6	AH0	0	26
1106.502	1106.597	58	N	0	26
1106.597	1106.636	49	DH	0	26
1106.636	1106.707	31	IY0	0	26
1106.707	1106.752	61	R	0	26
1106.752	1106.802	31	IY0	0	26
1106.802	1106.878	57	M	0	26
1106.878	1106.956	35	OW1	0	26
1106.956	1107.041	64	T	0	26
1107.041	1107.1	54	K	0	26
1107.1	1107.172	7	AH1	0	26
1107.172	1107.238	58	N	0	26
1107.238	1107.303	64	T	0	26
1107.303	1107.347	61	R	0	26
1107.347	1107.39	31	IY0	0	26
1107.39	1107.501	62	S	0	26
1107.501	1107.728	17	AY2	0	26
1107.728	1107.807	48	D	0	26
1117.741	1117.773	49	DH	0	27
1117.773	1117.843	31	IY0	0	27
1117.843	1117.905	61	R	0	27
1117.905	1118.122	35	OW1	0	27
1118.122	1118.222	69	Z	0	27
1118.222	1118.33	54	K	0	27
1118.33	1118.432	10	AO1	0	27
1118.432	1118.481	61	R	0	27
1118.481	1118.611	62	S	0	27
1118.611	1118.966	25	EY1	0	27
1118.966	1119.898	74	sp	0	27
1119.898	1120.011	62	S	0	27
1120.011	1120.07	57	M	0	27
1120.07	1120.134	19	EH1	0	27
1120.134	1120.272	56	L	0	27
1120.272	1120.431	48	D	0	27
1120.431	1120.584	62	S	0	27
1120.584	1120.659	67	W	0	27
1120.659	1120.826	32	IY1	0	27
1120.826	1120.951	64	T	0	27
1130.564	1130.652	49	DH	0	28
1130.652	1130.781	6	AH0	0	28
1130.781	1130.821	60	P	0	28
1130.821	1130.879	28	IH1	0	28
1130.879	1131.012	54	K	0	28
1131.012	1131.052	60	P	0	28
1131.052	1131.171	2	AA2	0	28
1131.171	1131.255	54	K	0	28
1131.255	1131.313	6	AH0	0	28
1131.313	1131.341	64	T	0	28
1131.341	1131.424	67	W	0	28
1131.424	1131.471	7	AH1	0	28
1131.471	1131.583	69	Z	0	28
1131.583	1131.652	54	K	0	28
1131.652	1131.78	1	AA1	0	28
1131.78	1131.845	64	T	0	28
1131.845	1131.916	61	R	0	28
1131.916	1131.999	19	EH1	0	28
1131.999	1132.04	48	D	0	28
1132.04	1132.094	52	HH	0	28
1132.094	1132.212	4	AE1	0	28
1132.212	1132.282	58	N	0	28
1132.282	1132.332	48	D	0	28
1132.332	1132.45	6	AH0	0	28
1132.45	1132.486	48	D	0	28
1143.162	1143.25	74	sp	0	29
1143.25	1143.317	6	AH0	0	29
1143.317	1143.357	58	N	0	29
1143.357	1143.493	6	AH0	0	29
1143.493	1143.532	48	D	0	29
1143.532	1143.61	7	AH1	0	29
1143.61	1143.713	56	L	0	29
1143.713	1143.741	64	T	0	29
1143.741	1143.838	57	M	0	29
1143.838	1143.95	25	EY1	0	29
1143.95	1144.042	56	L	0	29
1144.042	1144.13	46	B	0	29
1144.13	1144.295	6	AH0	0	29
1144.295	1144.351	46	B	0	29
1144.351	1144.496	44	UW1	0	29
1144.496	1144.562	58	N	0	29
1144.562	1144.652	69	Z	0	29
1144.652	1144.751	64	T	0	29
1144.751	1144.936	32	IY1	0	29
1144.936	1145.011	65	TH	0	29
1145.011	1145.091	1	AA1	0	29
1145.091	1145.152	61	R	0	29
1145.152	1145.192	58	N	0	29
1145.192	1145.308	1	AA1	0	29
1145.308	1145.361	64	T	0	29
1145.361	1145.504	62	S	0	29
1145.504	1145.577	44	UW1	0	29
1145.577	1145.642	64	T	0	29
1145.642	1145.692	6	AH0	0	29
1145.692	1145.731	46	B	0	29
1145.731	1145.781	6	AH0	0	29
1145.781	1145.885	56	L	0	29
1145.885	1145.984	50	F	0	29
1145.984	1146.039	61	R	0	29
1146.039	1146.096	21	ER0	0	29
1146.096	1146.212	32	IY1	0	29
1146.212	1146.25	64	T	0	29
1146.25	1146.342	27	IH0	0	29
1146.342	1146.491	59	NG	0	29
1146.491	1146.558	74	sp	0	29
1146.558	1146.721	63	SH	0	29
1146.721	1146.798	19	EH1	0	29
1146.798	1146.875	56	L	0	29
1146.875	1146.981	50	F	0	29
1146.981	1147.111	29	IH2	0	29
1147.111	1147.339	63	SH	0	29
1157.133	1157.256	52	HH	0	30
1157.256	1157.406	22	ER1	0	30
1157.406	1157.522	67	W	0	30
1157.522	1157.619	10	AO1	0	30
1157.619	1157.702	61	R	0	30
1157.702	1157.813	48	D	0	30
1157.813	1157.929	61	R	0	30
1157.929	1158.022	36	OW2	0	30
1158.022	1158.149	46	B	0	30
1158.149	1158.214	54	K	0	30
1158.214	1158.261	6	AH0	0	30
1158.261	1158.351	58	N	0	30
1158.351	1158.506	62	S	0	30
1158.506	1158.654	28	IH1	0	30
1158.654	1158.933	62	S	0	30
1158.933	1159.032	7	AH1	0	30
1159.032	1159.091	66	V	0	30
1159.091	1159.247	35	OW1	0	30
1159.247	1159.328	58	N	0	30
1159.328	1159.376	56	L	0	30
1159.376	1159.432	31	IY0	0	30
1159.432	1159.556	62	S	0	30
1159.556	1159.621	54	K	0	30
1159.621	1159.764	22	ER1	0	30
1159.764	1159.841	64	T	0	30
1159.841	1159.908	62	S	0	30
1159.908	1159.981	6	AH0	0	30
1159.981	1160.052	58	N	0	30
1160.052	1160.091	48	D	0	30
1160.091	1160.155	46	B	0	30
1160.155	1160.202	56	L	0	30
1160.202	1160.322	13	AW1	0	30
1160.322	1160.415	62	S	0	30
1160.415	1160.543	6	AH0	0	30
1160.543	1160.761	69	Z	0	30
1170.491	1170.532	74	sp	0	31
1170.532	1170.621	49	DH	0	31
1170.621	1170.704	6	AH0	0	31
1170.704	1170.805	64	T	0	31
1170.805	1170.945	44	UW1	0	31
1170.945	1171.062	1	AA1	0	31
1171.062	1171.131	61	R	0	31
1171.131	1171.179	64	T	0	31
1171.179	1171.288	6	AH0	0	31
1171.288	1171.608	62	S	0	31
1171.608	1171.631	64	T	0	31
1171.631	1171.847	62	S	0	31
1171.847	1172.042	74	sp	0	31
1172.042	1172.192	27	IH0	0	31
1172.192	1172.241	54	K	0	31
1172.241	1172.367	62	S	0	31
1172.367	1172.416	47	CH	0	31
1172.416	1172.601	25	EY1	0	31
1172.601	1172.652	58	N	0	31
1172.652	1172.751	53	JH	0	31
1172.751	1172.819	48	D	0	31
1172.819	1172.981	10	AO1	0	31
1172.981	1173.031	64	T	0	31
1173.031	1173.091	6	AH0	0	31
1173.091	1173.18	51	G	0	31
1173.18	1173.257	61	R	0	31
1173.257	1173.371	5	AE2	0	31
1173.371	1173.452	50	F	0	31
1173.452	1173.692	62	S	0	31
1200.0	1200.483	73	ns	0	32
1200.483	1201.202	47	CH	0	32
1201.202	1201.292	50	F	0	32
1201.292	1201.585	7	AH1	0	32
1201.585	1201.713	53	JH	0	32
1201.713	1201.762	51	G	0	32
1201.762	1201.907	35	OW1	0	32
1201.907	1202.028	69	Z	0	32
1202.028	1202.127	67	W	0	32
1202.127	1202.195	19	EH1	0	32
1202.195	1202.295	56	L	0	32
1202.295	1202.402	67	W	0	32
1202.402	1202.451	28	IH1	0	32
1202.451	1202.569	49	DH	0	32
1202.569	1202.63	66	V	0	32
1202.63	1202.675	6	AH0	0	32
1202.675	1202.737	58	N	0	32
1202.737	1202.806	28	IH1	0	32
1202.806	1202.881	56	L	0	32
1202.881	1202.938	6	AH0	0	32
1202.938	1203.151	16	AY1	0	32
1203.151	1203.296	62	S	0	32
1203.296	1203.367	54	K	0	32
1203.367	1203.454	61	R	0	32
1203.454	1203.503	32	IY1	0	32
1203.503	1203.568	57	M	0	32
1220.228	1220.36	61	R	0	33
1220.36	1220.543	28	IH1	0	33
1220.543	1220.728	47	CH	0	33
1220.728	1220.779	60	P	0	33
1220.779	1220.938	22	ER1	0	33
1220.938	1221.014	47	CH	0	33
1221.014	1221.16	6	AH0	0	33
1221.16	1221.285	62	S	0	33
1221.285	1221.404	64	T	0	33
1221.404	1221.522	62	S	0	33
1221.522	1221.641	19	EH1	0	33
1221.641	1221.717	66	V	0	33
1221.717	1221.762	61	R	0	33
1221.762	1221.812	6	AH0	0	33
1221.812	1221.861	56	L	0	33
1221.861	1221.975	62	S	0	33
1221.975	1222.148	16	AY1	0	33
1222.148	1222.298	58	N	0	33
1222.298	1222.358	48	D	0	33
1222.358	1222.515	56	L	0	33
1222.515	1222.587	28	IH1	0	33
1222.587	1222.701	65	TH	0	33
1222.701	1222.882	6	AH0	0	33
1222.882	1222.931	51	G	0	33
1222.931	1222.984	61	R	0	33
1222.984	1223.111	5	AE2	0	33
1223.111	1223.203	50	F	0	33
1223.203	1223.462	62	S	0	33
1232.178	1232.271	19	EH1	0	34
1232.271	1232.322	58	N	0	34
1232.322	1232.408	31	IY0	0	34
1232.408	1232.502	54	K	0	34
1232.502	1232.611	2	AA2	0	34
1232.611	1232.646	58	N	0	34
1232.646	1232.719	64	T	0	34
1232.719	1232.745	61	R	0	34
1232.745	1232.767	6	AH0	0	34
1232.767	1232.834	46	B	0	34
1232.834	1232.873	68	Y	0	34
1232.873	1232.967	44	UW1	0	34
1232.967	1233.094	63	SH	0	34
1233.094	1233.157	6	AH0	0	34
1233.157	1233.271	58	N	0	34
1233.271	1233.345	69	Z	0	34
1233.345	1233.498	67	W	0	34
1233.498	1233.551	6	AH0	0	34
1233.551	1233.611	56	L	0	34
1233.611	1233.691	46	B	0	34
1233.691	1233.842	32	IY1	0	34
1233.842	1233.878	51	G	0	34
1233.878	1233.979	61	R	0	34
1233.979	1234.011	25	EY1	0	34
1234.011	1234.041	64	T	0	34
1234.041	1234.103	56	L	0	34
1234.103	1234.191	31	IY0	0	34
1234.191	1234.334	6	AH0	0	34
1234.334	1234.379	60	P	0	34
1234.379	1234.421	61	R	0	34
1234.421	1234.451	32	IY1	0	34
1234.451	1234.601	63	SH	0	34
1234.601	1234.693	31	IY0	0	34
1234.693	1234.771	26	EY2	0	34
1234.771	1234.85	64	T	0	34
1234.85	1234.934	6	AH0	0	34
1234.934	1235.021	48	D	0	34
1243.516	1243.572	49	DH	0	35
1243.572	1243.71	7	AH1	0	35
1243.71	1243.789	54	K	0	35
1243.789	1243.851	61	R	0	35
1243.851	1243.921	4	AE1	0	35
1243.921	1243.991	58	N	0	35
1243.991	1244.054	46	B	0	35
1244.054	1244.113	20	EH2	0	35
1244.113	1244.219	61	R	0	35
1244.219	1244.36	31	IY0	0	35
1244.36	1244.394	46	B	0	35
1244.394	1244.564	1	AA1	0	35
1244.564	1244.673	51	G	0	35
1244.673	1244.71	51	G	0	35
1244.71	1244.813	28	IH1	0	35
1244.813	1244.823	64	T	0	35
1244.823	1244.861	62	S	0	35
1244.861	1244.907	66	V	0	35
1244.907	1244.991	19	EH1	0	35
1244.991	1245.086	61	R	0	35
1245.086	1245.164	31	IY0	0	35
1245.164	1245.244	60	P	0	35
1245.244	1245.289	61	R	0	35
1245.289	1245.322	28	IH1	0	35
1245.322	1245.355	64	T	0	35
1245.355	1245.481	31	IY0	0	35
1245.481	1245.548	28	IH1	0	35
1245.548	1245.606	58	N	0	35
1245.606	1245.774	10	AO1	0	35
1245.774	1245.821	64	T	0	35
1245.821	1245.941	6	AH0	0	35
1245.941	1246.041	57	M	0	35
1257.999	1258.072	52	HH	0	36
1258.072	1258.18	13	AW1	0	36
1258.18	1258.223	48	D	0	36
1258.223	1258.34	44	UW1	0	36
1258.34	1258.599	38	OY1	0	36
1258.599	1258.729	62	S	0	36
1258.729	1258.796	64	T	0	36
1258.796	1258.987	21	ER0	0	36
1258.987	1259.081	69	Z	0	36
1259.081	1259.146	57	M	0	36
1259.146	1259.311	25	EY1	0	36
1259.311	1259.442	54	K	0	36
1259.442	1259.496	60	P	0	36
1259.496	1259.691	22	ER1	0	36
1259.691	1259.791	56	L	0	36
1259.791	1260.011	69	Z	0	36
1270.987	1271.053	57	M	0	37
1271.053	1271.165	25	EY1	0	37
1271.165	1271.261	16	AY1	0	37
1271.261	1271.39	10	AO1	0	37
1271.39	1271.45	61	R	0	37
1271.45	1271.497	48	D	0	37
1271.497	1271.607	21	ER0	0	37
1271.607	1271.78	6	AH0	0	37
1271.78	1271.826	60	P	0	37
1271.826	1271.912	1	AA1	0	37
1271.912	1271.957	61	R	0	37
1271.957	1272.069	50	F	0	37
1272.069	1272.341	25	EY1	0	37
1272.341	1272.49	4	AE1	0	37
1272.49	1272.585	50	F	0	37
1272.585	1272.621	64	T	0	37
1272.621	1272.731	21	ER0	0	37
1272.731	1272.772	16	AY1	0	37
1272.772	1272.913	32	IY1	0	37
1272.913	1273.006	64	T	0	37
1273.006	1273.035	48	D	0	37
1273.035	1273.102	28	IH1	0	37
1273.102	1273.157	58	N	0	37
1273.157	1273.354	21	ER0	0	37
1286.428	1286.513	28	IH1	0	38
1286.513	1286.536	69	Z	0	38
1286.536	1286.666	63	SH	0	38
1286.666	1286.789	32	IY1	0	38
1286.789	1286.854	51	G	0	38
1286.854	1286.968	35	OW1	0	38
1286.968	1287.022	6	AH0	0	38
1287.022	1287.08	58	N	0	38
1287.08	1287.164	67	W	0	38
1287.164	1287.252	28	IH1	0	38
1287.252	1287.321	49	DH	0	38
1287.321	1287.418	68	Y	0	38
1287.418	1287.578	44	UW1	0	38
1296.311	1296.382	54	K	0	39
1296.382	1296.424	4	AE1	0	39
1296.424	1296.471	58	N	0	39
1296.471	1296.518	49	DH	0	39
1296.518	1296.645	31	IY0	0	39
1296.645	1296.857	25	EY1	0	39
1296.857	1296.925	53	JH	0	39
1296.925	1296.971	6	AH0	0	39
1296.971	1297.028	58	N	0	39
1297.028	1297.152	62	S	0	39
1297.152	1297.329	31	IY0	0	39
1297.329	1297.441	35	OW1	0	39
1297.441	1297.481	66	V	0	39
1297.481	1297.598	21	ER0	0	39
1297.598	1297.693	65	TH	0	39
1297.693	1297.832	61	R	0	39
1297.832	1298.008	36	OW2	0	39
1298.008	1298.122	25	EY1	0	39
1298.122	1298.186	56	L	0	39
1298.186	1298.302	31	IY0	0	39
1298.302	1298.353	6	AH0	0	39
1298.353	1298.45	58	N	0	39
1298.45	1298.492	50	F	0	39
1298.492	1298.569	10	AO1	0	39
1298.569	1298.628	61	R	0	39
1298.628	1298.744	62	S	0	39
1298.744	1298.892	6	AH0	0	39
1298.892	1299.081	69	Z	0	39
1307.772	1307.945	74	sp	0	40
1307.945	1308.012	6	AH0	0	40
1308.012	1308.102	62	S	0	40
1308.102	1308.182	54	K	0	40
1308.182	1308.212	61	R	0	40
1308.212	1308.337	44	UW1	0	40
1308.337	1308.402	48	D	0	40
1308.402	1308.483	61	R	0	40
1308.483	1308.597	17	AY2	0	40
1308.597	1308.661	66	V	0	40
1308.661	1308.79	21	ER0	0	40
1308.79	1308.878	28	IH1	0	40
1308.878	1308.942	69	Z	0	40
1308.942	1309.022	57	M	0	40
1309.022	1309.163	25	EY1	0	40
1309.163	1309.212	48	D	0	40
1309.212	1309.293	50	F	0	40
1309.293	1309.341	21	ER0	0	40
1309.341	1309.446	57	M	0	40
1309.446	1309.485	66	V	0	40
1309.485	1309.609	1	AA1	0	40
1309.609	1309.723	48	D	0	40
1309.723	1309.78	54	K	0	40
1309.78	1309.841	6	AH0	0	40
1309.841	1309.916	6	AH0	0	40
1309.916	1309.964	58	N	0	40
1309.964	1310.013	48	D	0	40
1310.013	1310.127	10	AO1	0	40
1310.127	1310.194	61	R	0	40
1310.194	1310.231	6	AH0	0	40
1310.231	1310.28	58	N	0	40
1310.28	1310.401	53	JH	0	40
1310.401	1310.488	53	JH	0	40
1310.488	1310.602	44	UW1	0	40
1310.602	1310.851	62	S	0	40
1319.189	1319.29	52	HH	0	41
1319.29	1319.367	13	AW1	0	41
1319.367	1319.424	57	M	0	41
1319.424	1319.531	7	AH1	0	41
1319.531	1319.632	47	CH	0	41
1319.632	1319.684	6	AH0	0	41
1319.684	1319.776	56	L	0	41
1319.776	1319.933	13	AW1	0	41
1319.933	1319.992	6	AH0	0	41
1319.992	1320.041	58	N	0	41
1320.041	1320.142	62	S	0	41
1320.142	1320.206	48	D	0	41
1320.206	1320.268	44	UW1	0	41
1320.268	1320.311	68	Y	0	41
1320.311	1320.421	44	UW1	0	41
1320.421	1320.492	51	G	0	41
1320.492	1320.648	28	IH1	0	41
1320.648	1320.751	64	T	0	41
1332.435	1332.611	62	S	0	42
1332.611	1332.666	16	AY1	0	42
1332.666	1332.707	56	L	0	42
1332.707	1332.752	27	IH0	0	42
1332.752	1332.847	54	K	0	42
1332.847	1332.958	6	AH0	0	42
1332.958	1333.047	54	K	0	42
1333.047	1333.333	56	L	0	42
1333.333	1333.401	60	P	0	42
1333.401	1333.46	61	R	0	42
1333.46	1333.531	35	OW1	0	42
1333.531	1333.615	51	G	0	42
1333.615	1333.679	61	R	0	42
1333.679	1333.752	5	AE2	0	42
1333.752	1333.85	57	M	0	42
1333.85	1333.998	69	Z	0	42
1333.998	1334.045	67	W	0	42
1334.045	1334.082	6	AH0	0	42
1334.082	1334.109	56	L	0	42
1334.109	1334.185	58	N	0	42
1334.185	1334.282	19	EH1	0	42
1334.282	1334.337	66	V	0	42
1334.337	1334.521	21	ER0	0	42
1334.521	1334.594	54	K	0	42
1334.594	1334.632	6	AH0	0	42
1334.632	1334.743	57	M	0	42
1334.743	1334.794	60	P	0	42
1334.794	1334.935	16	AY1	0	42
1334.935	1335.126	56	L	0	42
1346.802	1346.852	49	DH	0	43
1346.852	1346.929	31	IY0	0	43
1346.929	1347.009	46	B	0	43
1347.009	1347.147	1	AA1	0	43
1347.147	1347.239	62	S	0	43
1347.239	1347.305	64	T	0	43
1347.305	1347.342	6	AH0	0	43
1347.342	1347.393	58	N	0	43
1347.393	1347.456	46	B	0	43
1347.456	1347.536	3	AE0	0	43
1347.536	1347.639	56	L	0	43
1347.639	1347.879	25	EY1	0	43
1347.879	1348.494	74	sp	0	43
1348.494	1348.617	35	OW1	0	43
1348.617	1348.685	66	V	0	43
1348.685	1348.861	21	ER0	0	43
1348.861	1348.946	54	K	0	43
1348.946	1349.112	25	EY1	0	43
1349.112	1349.212	57	M	0	43
1349.212	1349.262	49	DH	0	43
1349.262	1349.318	19	EH1	0	43
1349.318	1349.373	61	R	0	43
1349.373	1349.484	50	F	0	43
1349.484	1349.572	7	AH1	0	43
1349.572	1349.632	58	N	0	43
1349.632	1349.692	48	D	0	43
1349.692	1349.747	27	IH0	0	43
1349.747	1349.822	59	NG	0	43
1349.822	1349.949	63	SH	0	43
1349.949	1350.057	10	AO1	0	43
1350.057	1350.124	61	R	0	43
1350.124	1350.173	64	T	0	43
1350.173	1350.341	6	AH0	0	43
1350.341	1350.54	53	JH	0	43
1358.882	1359.028	74	sp	0	44
1359.028	1359.135	19	EH1	0	44
1359.135	1359.199	66	V	0	44
1359.199	1359.242	61	R	0	44
1359.242	1359.37	31	IY0	0	44
1359.37	1359.456	54	K	0	44
1359.456	1359.662	4	AE1	0	44
1359.662	1359.755	46	B	0	44
1359.755	1359.822	58	N	0	44
1359.822	1359.955	32	IY1	0	44
1359.955	1359.997	48	D	0	44
1359.997	1360.064	69	Z	0	44
1360.064	1360.141	61	R	0	44
1360.141	1360.25	31	IY0	0	44
1360.25	1360.302	60	P	0	44
1360.302	1360.396	25	EY1	0	44
1360.396	1360.474	58	N	0	44
1360.474	1360.508	64	T	0	44
1360.508	1360.553	27	IH0	0	44
1360.553	1360.599	59	NG	0	44
1360.599	1360.771	10	AO1	0	44
1360.771	1360.902	50	F	0	44
1360.902	1360.956	64	T	0	44
1360.956	1361.009	6	AH0	0	44
1361.009	1361.137	58	N	0	44
1371.442	1371.518	52	HH	0	45
1371.518	1371.577	19	EH1	0	45
1371.577	1371.663	56	L	0	45
1371.663	1371.774	60	P	0	45
1371.774	1371.83	74	sp	0	45
1371.83	1371.888	51	G	0	45
1371.888	1371.972	61	R	0	45
1371.972	1372.072	19	EH1	0	45
1372.072	1372.187	51	G	0	45
1372.187	1372.252	64	T	0	45
1372.252	1372.386	27	IH0	0	45
1372.386	1372.442	60	P	0	45
1372.442	1372.611	28	IH1	0	45
1372.611	1372.722	54	K	0	45
1372.722	1372.882	6	AH0	0	45
1372.882	1372.971	60	P	0	45
1372.971	1373.139	19	EH1	0	45
1373.139	1373.196	54	K	0	45
1373.196	1373.28	6	AH0	0	45
1373.28	1373.372	66	V	0	45
1373.372	1373.422	60	P	0	45
1373.422	1373.491	6	AH0	0	45
1373.491	1373.609	64	T	0	45
1373.609	1373.712	25	EY1	0	45
1373.712	1373.809	64	T	0	45
1373.809	1373.982	34	OW0	0	45
1373.982	1374.181	69	Z	0	45
1384.751	1384.852	67	W	0	46
1384.852	1384.935	32	IY1	0	46
1384.935	1384.992	56	L	0	46
1384.992	1385.131	16	AY1	0	46
1385.131	1385.181	54	K	0	46
1385.181	1385.302	46	B	0	46
1385.302	1385.372	56	L	0	46
1385.372	1385.494	44	UW1	0	46
1385.494	1385.627	47	CH	0	46
1385.627	1385.838	32	IY1	0	46
1385.838	1385.938	69	Z	0	46
1385.938	1386.45	73	ns	0	46
1386.45	1386.466	46	B	0	46
1386.466	1386.572	7	AH1	0	46
1386.572	1386.663	64	T	0	46
1386.663	1386.688	66	V	0	46
1386.688	1386.773	28	IH1	0	46
1386.773	1386.873	54	K	0	46
1386.873	1386.912	64	T	0	46
1386.912	1387.042	21	ER0	0	46
1387.042	1387.12	56	L	0	46
1387.12	1387.242	16	AY1	0	46
1387.242	1387.311	54	K	0	46
1387.311	1387.455	62	S	0	46
1387.455	1387.495	46	B	0	46
1387.495	1387.584	61	R	0	46
1387.584	1387.909	16	AY1	0	46
1398.289	1398.369	54	K	0	47
1398.369	1398.476	13	AW1	0	47
1398.476	1398.52	58	N	0	47
1398.52	1398.552	64	T	0	47
1398.552	1398.582	49	DH	0	47
1398.582	1398.629	31	IY0	0	47
1398.629	1398.722	58	N	0	47
1398.722	1398.805	7	AH1	0	47
1398.805	1398.862	57	M	0	47
1398.862	1398.924	46	B	0	47
1398.924	1398.998	21	ER0	0	47
1398.998	1399.067	6	AH0	0	47
1399.067	1399.163	66	V	0	47
1399.163	1399.282	64	T	0	47
1399.282	1399.365	32	IY1	0	47
1399.365	1399.463	62	S	0	47
1399.463	1399.514	60	P	0	47
1399.514	1399.58	45	UW2	0	47
1399.58	1399.651	58	N	0	47
1399.651	1399.682	69	Z	0	47
1399.682	1399.742	7	AH1	0	47
1399.742	1399.782	66	V	0	47
1399.782	1399.912	62	S	0	47
1399.912	1400.049	38	OY1	0	47
1400.049	1400.162	62	S	0	47
1400.162	1400.322	11	AO2	0	47
1400.322	1400.466	62	S	0	47
1400.466	1400.497	49	DH	0	47
1400.497	1400.574	6	AH0	0	47
1400.574	1400.598	64	T	0	47
1400.598	1400.706	68	Y	0	47
1400.706	1400.842	44	UW1	0	47
1400.842	1401.074	4	AE1	0	47
1401.074	1401.166	48	D	0	47
1413.045	1413.07	46	B	0	48
1413.07	1413.243	4	AE1	0	48
1413.243	1413.376	51	G	0	48
1413.376	1413.414	60	P	0	48
1413.414	1413.556	17	AY2	0	48
1413.556	1413.632	60	P	0	48
1413.632	1413.716	62	S	0	48
1413.716	1413.795	4	AE1	0	48
1413.795	1413.879	58	N	0	48
1413.879	1413.947	46	B	0	48
1413.947	1414.085	1	AA1	0	48
1414.085	1414.142	59	NG	0	48
1414.142	1414.203	51	G	0	48
1414.203	1414.353	36	OW2	0	48
1414.353	1414.41	69	Z	0	48
1414.41	1414.501	1	AA1	0	48
1414.501	1414.582	61	R	0	48
1414.582	1414.712	57	M	0	48
1414.712	1414.742	68	Y	0	48
1414.742	1414.777	44	UW1	0	48
1414.777	1414.837	69	Z	0	48
1414.837	1414.981	27	IH0	0	48
1414.981	1415.071	54	K	0	48
1415.071	1415.135	6	AH0	0	48
1415.135	1415.216	56	L	0	48
1415.216	1415.322	28	IH1	0	48
1415.322	1415.382	58	N	0	48
1415.382	1415.472	62	S	0	48
1415.472	1415.544	64	T	0	48
1415.544	1415.576	61	R	0	48
1415.576	1415.613	6	AH0	0	48
1415.613	1415.654	57	M	0	48
1415.654	1415.705	6	AH0	0	48
1415.705	1415.872	58	N	0	48
1415.872	1415.896	64	T	0	48
1415.896	1416.112	62	S	0	48
1426.509	1426.572	52	HH	0	49
1426.572	1426.778	13	AW1	0	49
1426.778	1426.818	51	G	0	49
1426.818	1426.884	41	UH1	0	49
1426.884	1426.919	48	D	0	49
1426.919	1427.002	28	IH1	0	49
1427.002	1427.085	69	Z	0	49
1427.085	1427.119	68	Y	0	49
1427.119	1427.167	41	UH1	0	49
1427.167	1427.252	61	R	0	49
1427.252	1427.288	19	EH1	0	49
1427.288	1427.352	58	N	0	49
1427.352	1427.392	48	D	0	49
1427.392	1427.558	21	ER0	0	49
1427.558	1427.695	6	AH0	0	49
1427.695	1427.818	58	N	0	49
1427.818	1427.996	62	S	0	49
2102.501	2102.576	11	AO2	1	1
2102.576	2102.688	56	L	1	1
2102.688	2102.922	69	Z	1	1
2154.986	2155.072	57	M	1	5
2155.072	2155.142	60	P	1	5
2155.142	2155.172	6	AH0	1	5
2155.172	2155.291	56	L	1	5
2155.291	2155.471	69	Z	1	5
2168.719	2168.832	17	AY2	1	6
2168.832	2168.922	69	Z	1	6
2168.922	2169.062	21	ER0	1	6
2169.062	2169.272	69	Z	1	6
2180.252	2180.302	64	T	1	7
2180.302	2180.391	27	IH0	1	7
2180.391	2180.482	59	NG	1	7
2197.008	2197.031	46	B	1	8
2197.031	2197.112	28	IH1	1	8
2197.112	2197.209	51	G	1	8
2197.209	2197.242	46	B	1	8
2197.242	2197.277	61	R	1	8
2197.277	2197.362	7	AH1	1	8
2197.362	2197.416	49	DH	1	8
2197.416	2197.562	21	ER0	1	8
2197.562	2198.161	73	ns	1	8
2198.161	2200.841	73	ns	1	8
2200.841	2200.911	74	sp	1	8
2208.422	2208.512	57	M	1	9
2208.512	2208.575	46	B	1	9
2208.575	2208.655	6	AH0	1	9
2208.655	2208.742	56	L	1	9
2208.742	2208.933	69	Z	1	9
2208.933	2211.012	73	ns	1	9
2227.96	2227.988	64	T	1	10
2227.988	2228.072	29	IH2	1	10
2228.072	2228.192	57	M	1	10
2238.745	2238.841	50	F	1	11
2238.841	2238.932	61	R	1	11
2238.932	2239.113	44	UW1	1	11
2239.113	2239.174	64	T	1	11
2263.182	2263.242	56	L	1	13
2263.242	2263.437	35	OW1	1	13
2263.437	2263.446	60	P	1	13
2263.446	2263.5	62	S	1	13
2263.5	2263.572	28	IH1	1	13
2263.572	2263.677	58	N	1	13
2263.677	2263.732	64	T	1	13
2263.732	2263.791	19	EH1	1	13
2263.791	2263.902	57	M	1	13
2263.902	2263.95	60	P	1	13
2263.95	2264.037	61	R	1	13
2264.037	2264.132	6	AH0	1	13
2264.132	2264.192	64	T	1	13
2264.192	2264.281	69	Z	1	13
2264.281	2264.482	35	OW1	1	13
2264.482	2264.531	58	N	1	13
2264.531	2264.685	69	Z	1	13
2320.255	2320.428	62	S	1	17
