700.810150126254	701.108150126254	142	EVEN	3
701.108150126254	701.351150126254	211	I	3
701.351150126254	702.0781501262541	293	OCCASIONALLY	3
702.0781501262541	702.337150126254	177	GET	3
702.337150126254	702.409150126254	434	THE	3
702.409150126254	702.853150126254	265	MONDAY	3
702.853150126254	703.519150126254	56	BLUES	3
712.943612805509	713.4186128055089	229	JOHN'S	22
713.4186128055089	713.730612805509	66	BROTHER	22
713.730612805509	714.531612805509	363	REPAINTED	22
714.531612805509	714.709612805509	434	THE	22
714.709612805509	715.243612805509	173	GARAGE	22
715.243612805509	715.656612805509	129	DOOR	22
725.5405435822554	725.8145435822553	24	ANY	34
725.8145435822553	726.8295435822554	105	CONTRIBUTIONS	34
726.8295435822554	727.0735435822553	485	WILL	34
727.0735435822553	727.3665435822554	47	BE	34
727.3665435822554	727.8895435822553	195	GREATLY	34
727.8895435822553	728.9875435822553	28	APPRECIATED	34
738.1472502328883	738.2402502328882	19	AN	29
738.2402502328882	738.6902502328883	9	ADULT	29
738.6902502328883	738.8042502328883	99999	sp	29
738.8042502328883	739.1752502328883	255	MALE	29
739.1752502328883	739.8062502328883	42	BABOON'S	29
739.8062502328883	740.1792502328883	430	TEETH	29
740.1792502328883	740.2732502328884	99999	sp	29
740.2732502328884	740.4122502328883	30	ARE	29
740.4122502328883	740.6732502328882	285	NOT	29
740.6732502328882	741.2352502328883	415	SUITABLE	29
741.2352502328883	741.4602502328883	161	FOR	29
741.4602502328883	741.8972502328883	135	EATING	29
741.8972502328883	742.7692502328882	376	SHELLFISH	29
751.8047446878714	751.8777446878714	99999	sp	37
751.8777446878714	752.0347446878715	257	MAY	37
752.0347446878715	752.2437446878714	211	I	37
752.2437446878714	752.6177446878714	304	ORDER	37
752.6177446878714	752.8197446878714	1	A	37
752.8197446878714	753.4147446878715	319	PARFAIT	37
753.4147446878715	754.0457446878714	10	AFTER	37
754.0457446878714	754.2137446878714	211	I	37
754.2137446878714	754.4957446878715	134	EAT	37
754.4957446878715	755.0027446878714	124	DINNER	37
765.0452014200395	765.3672014200395	270	MUM	6
765.3672014200395	766.0362014200394	407	STRONGLY	6
766.0362014200394	766.6482014200395	126	DISLIKES	6
766.6482014200395	767.7772014200395	27	APPETIZERS	6
777.3934198952415	777.5714198952415	434	THE	31
777.5714198952415	777.8314198952415	453	TWO	31
777.8314198952415	778.4104198952416	33	ARTISTS	31
778.4104198952416	779.3244198952416	147	EXCHANGED	31
779.3244198952416	780.2684198952415	39	AUTOGRAPHS	31
790.9902353679092	791.1172353679092	434	THE	27
791.1172353679092	791.6292353679091	369	ROSE	27
791.6292353679091	792.3712353679092	106	CORSAGE	27
792.3712353679092	792.9452353679092	393	SMELLED	27
792.9452353679092	793.7292353679093	421	SWEET	27
804.8833958719081	805.246395871908	354	READING	2
805.246395871908	805.4643958719081	217	IN	2
805.4643958719081	805.726395871908	335	POOR	2
805.726395871908	806.0653958719081	240	LIGHT	2
806.0653958719081	806.212395871908	99999	sp	2
806.212395871908	806.5163958719081	181	GIVES	2
806.5163958719081	806.6473958719081	495	YOU	2
806.6473958719081	807.4683958719081	150	EYESTRAIN	2
817.5811364848814	817.7351036094226	476	WE	14
817.7351036094226	818.232803655544	480	WELCOME	14
818.232803655544	818.4854252500971	256	MANY	14
818.4854252500971	818.7460921183622	282	NEW	14
818.7460921183622	819.4170679459332	408	STUDENTS	14
819.4170679459332	819.7485332228628	132	EACH	14
819.7485332228628	820.1427516347451	491	YEAR	14
830.8884816765901	830.99748167659	30	ARE	12
830.99748167659	831.2074816765901	495	YOU	12
831.2074816765901	831.53748167659	250	LOOKING	12
831.53748167659	831.69148167659	161	FOR	12
831.69148167659	832.61248167659	136	EMPLOYMENT	12
843.7120189696495	844.3680189696495	71	BUTTERSCOTCH	32
844.3680189696495	844.8830189696496	169	FUDGE	32
844.8830189696496	845.1390189696496	186	GOES	32
845.1390189696496	845.4650189696495	481	WELL	32
845.4650189696495	845.6400189696495	487	WITH	32
845.6400189696495	846.1630189696496	463	VANILLA	32
846.1630189696496	846.4930189696495	212	ICE	32
846.4930189696495	846.9250189696495	112	CREAM	32
855.1261014272787	855.2701014272787	476	WE	4
855.2701014272787	855.3901014272788	30	ARE	4
855.3901014272788	855.8511014272788	301	OPEN	4
855.8511014272788	856.3311014272788	145	EVERY	4
856.3311014272788	856.8701014272788	265	MONDAY	4
856.8701014272788	857.5891014272788	143	EVENING	4
868.9824294948218	869.2594294948218	142	EVEN	9
869.2594294948218	869.3424294948218	1	A	9
869.3424294948218	869.8034294948218	383	SIMPLE	9
869.8034294948218	870.8314294948218	468	VOCABULARY	9
870.8314294948218	871.4214294948217	104	CONTAINS	9
871.4214294948217	872.2724294948218	422	SYMBOLS	9
881.8095131970102	882.1985131970102	98	COFFEE	13
882.1985131970102	882.3605131970103	224	IS	13
882.3605131970103	882.7145131970102	198	GROWN	13
882.7145131970102	883.0605131970102	297	ON	13
883.0605131970102	883.6115131970103	404	STEEP	13
883.6115131970103	883.7105131970102	99999	sp	13
883.7105131970102	884.1695131970102	231	JUNGLE	13
884.1695131970102	884.4255131970102	241	LIKE	13
884.4255131970102	885.0175131970102	390	SLOPES	13
885.0175131970102	885.2385131970102	217	IN	13
885.2385131970102	885.8085131970101	431	TEMPERATE	13
885.8085131970101	886.5105131970101	497	ZONES	13
895.8560502351763	896.1120502351763	375	SHE	1
896.1120502351763	896.4110502351764	490	WORE	1
896.4110502351764	896.9210502351764	471	WARM	1
896.9210502351764	897.5230502351764	158	FLEECY	1
897.5230502351764	898.1220502351763	489	WOOLEN	1
898.1220502351763	899.0130502351764	311	OVERALLS	1
907.96626529694	908.21626529694	438	THEY	26
908.21626529694	908.44726529694	317	OWN	26
908.44726529694	908.6342652969399	1	A	26
908.6342652969399	908.8552652969399	52	BIG	26
908.8552652969399	909.36226529694	209	HOUSE	26
909.36226529694	909.50626529694	217	IN	26
909.50626529694	909.59026529694	434	THE	26
909.59026529694	910.16226529694	361	REMOTE	26
910.16226529694	911.05626529694	109	COUNTRYSIDE	26
920.0794641516618	920.3944641516617	443	THOSE	7
920.3944641516617	920.5364641516618	484	WHO	7
920.5364641516618	921.0724641516617	427	TEACH	7
921.0724641516617	921.7814641516618	462	VALUES	7
921.7814641516618	922.1694641516617	156	FIRST	7
922.1694641516617	922.7714641516618	4	ABOLISH	7
922.7714641516618	923.4074641516618	87	CHEATING	7
933.3200841902751	933.8440841902751	75	CALCIUM	16
933.8440841902751	934.2010841902751	254	MAKES	16
934.2010841902751	934.2880841902751	99999	sp	16
934.2880841902751	934.7250841902751	58	BONES	16
934.7250841902751	934.9630841902751	20	AND	16
934.9630841902751	935.2450841902751	430	TEETH	16
935.2450841902751	935.972084190275	406	STRONG	16
945.5018229234993	945.9098229234993	286	NOTHING	17
945.9098229234993	946.1438229234993	224	IS	17
946.1438229234993	946.3488229234993	34	AS	17
946.3488229234993	947.0778229234993	295	OFFENSIVE	17
947.0778229234993	947.3588229234992	34	AS	17
947.3588229234992	947.4748229234992	99999	sp	17
947.4748229234992	948.3168229234993	219	INNOCENCE	17
959.1090269812843	959.4020269812843	203	HELP	45
959.4020269812843	959.4950269812842	99999	sp	45
959.4950269812842	959.7950269812843	196	GREG	45
959.7950269812843	959.8800269812842	99999	sp	45
959.8800269812842	960.0940269812843	446	TO	45
960.0940269812843	960.3770269812843	325	PICK	45
960.3770269812843	960.5060269812843	1	A	45
960.5060269812843	960.5950269812843	99999	sp	45
960.5950269812843	960.9410269812843	321	PECK	45
960.9410269812843	961.1070269812843	294	OF	45
961.1070269812843	961.1730269812842	99999	sp	45
961.1730269812842	961.9820269812843	338	POTATOES	45
972.3858970911925	972.5478970911925	434	THE	35
972.5478970911925	973.1928970911925	111	CRANBERRY	35
973.1928970911925	973.5998970911926	57	BOG	35
973.5998970911926	973.9548970911926	178	GETS	35
973.9548970911926	974.3388970911925	465	VERY	35
974.3388970911925	974.7618970911925	340	PRETTY	35
974.7618970911925	974.9718970911925	217	IN	35
974.9718970911925	975.5068970911925	40	AUTUMN	35
985.1251546163849	985.3131546163848	226	IT'S	5
985.3131546163848	985.6131546163848	285	NOT	5
985.6131546163848	986.0441546163848	133	EASY	5
986.0441546163848	986.2301546163849	446	TO	5
986.2301546163849	986.7741546163849	113	CREATE	5
986.7741546163849	987.6781546163849	215	ILLUMINATING	5
987.6781546163849	988.6851546163848	146	EXAMPLES	5
998.6342719394192	998.6922719394192	1	A	25
998.6922719394192	999.3702719394192	271	MUSCULAR	25
999.3702719394192	1000.0392719394192	2	ABDOMEN	25
1000.0392719394192	1000.3292719394192	224	IS	25
1000.3292719394192	1000.5242719394192	189	GOOD	25
1000.5242719394192	1000.7162719394192	161	FOR	25
1000.7162719394192	1000.9392719394193	496	YOUR	25
1000.9392719394193	1001.4592719394193	43	BACK	25
1011.4251763257472	1012.0911763257473	44	BAGPIPES	48
1012.0911763257473	1012.3471763257472	20	AND	48
1012.3471763257472	1013.0111763257472	59	BONGOS	48
1013.0111763257472	1013.1291763257473	30	ARE	48
1013.1291763257473	1013.7501763257472	273	MUSICAL	48
1013.7501763257472	1014.6631763257473	220	INSTRUMENTS	48
1023.8470601009302	1024.0070601009302	1	A	10
1024.0070601009302	1024.3790601009302	110	CRAB	10
1024.3790601009302	1024.4810601009303	99999	sp	10
1024.4810601009303	1025.0750601009302	85	CHALLENGED	10
1025.0750601009302	1025.4350601009303	258	ME	10
1025.4350601009303	1025.5350601009302	99999	sp	10
1025.5350601009302	1025.6000601009302	70	BUT	10
1025.6000601009302	1025.7880601009301	1	A	10
1025.7880601009301	1026.0200601009303	350	QUICK	10
1026.0200601009303	1026.5330601009302	402	STAB	10
1026.5330601009302	1027.2090601009302	464	VANQUISHED	10
1027.2090601009302	1027.5670601009301	207	HIM	10
1037.2487934239132	1037.9617934239132	115	CYCLICAL	42
1037.9617934239132	1038.619793423913	346	PROGRAMS	42
1038.619793423913	1038.742793423913	485	WILL	42
1038.742793423913	1039.2347934239133	281	NEVER	42
1039.2347934239133	1040.0177934239132	100	COMPILE	42
1049.437782848346	1049.838782848346	366	RICH	33
1049.838782848346	1050.365782848346	349	PURCHASED	33
1050.365782848346	1050.8827828483459	374	SEVERAL	33
1050.8827828483459	1051.464782848346	382	SIGNED	33
1051.464782848346	1052.472782848346	245	LITHOGRAPHS	33
1061.424127501175	1061.7421275011752	130	DRAW	20
1061.7421275011752	1062.218127501175	145	EVERY	20
1062.218127501175	1062.5731275011751	308	OUTER	20
1062.5731275011751	1062.944127501175	244	LINE	20
1062.944127501175	1063.605127501175	156	FIRST	20
1063.605127501175	1063.790127501175	99999	sp	20
1063.790127501175	1064.087127501175	436	THEN	20
1064.087127501175	1064.384127501175	154	FILL	20
1064.384127501175	1064.615127501175	217	IN	20
1064.615127501175	1064.723127501175	434	THE	20
1064.723127501175	1065.5151275011751	222	INTERIOR	20
1077.3232537612844	1077.6122537612846	108	COUNT	47
1077.6122537612846	1077.7012537612845	434	THE	47
1077.7012537612845	1078.0672537612845	289	NUMBER	47
1078.0672537612845	1078.2862537612846	294	OF	47
1078.2862537612846	1078.9132537612845	429	TEASPOONS	47
1078.9132537612845	1079.0642537612844	294	OF	47
1079.0642537612844	1079.7812537612845	395	SOYSAUCE	47
1079.7812537612845	1079.8602537612846	99999	sp	47
1079.8602537612846	1080.0172537612843	433	THAT	47
1080.0172537612843	1080.2072537612844	495	YOU	47
1080.2072537612844	1080.6202537612844	7	ADD	47
1090.850994295921	1091.286994295921	46	BARB'S	19
1091.286994295921	1091.6259942959211	188	GOLD	19
1091.6259942959211	1092.2019942959212	63	BRACELET	19
1092.2019942959212	1092.400994295921	472	WAS	19
1092.400994295921	1092.523994295921	1	A	19
1092.523994295921	1093.370994295921	193	GRADUATION	19
1093.370994295921	1093.8459942959212	339	PRESENT	19
1103.4750814530325	1103.7680814530324	433	THAT	28
1103.7680814530324	1104.5040814530325	326	PICKPOCKET	28
1104.5040814530325	1104.7850814530325	472	WAS	28
1104.7850814530325	1105.1590814530325	80	CAUGHT	28
1105.1590814530325	1105.4220814530324	356	RED	28
1105.4220814530324	1106.1350814530324	199	HANDED	28
1116.4074783075012	1116.4904783075012	434	THE	8
1116.4904783075012	1117.0844783075013	165	FRIGHTENED	8
1117.0844783075013	1117.5994783075012	89	CHILD	8
1117.5994783075012	1117.8854783075012	472	WAS	8
1117.8854783075012	1118.2884783075012	176	GENTLY	8
1118.2884783075012	1118.9434783075012	410	SUBDUED	8
1118.9434783075012	1119.0774783075012	73	BY	8
1119.0774783075012	1119.4044783075012	208	HIS	8
1119.4044783075012	1119.6314783075013	88888	BIT	8
1119.6314783075013	1119.8224783075011	99999	sp	8
1119.8224783075011	1120.1044783075013	52	BIG	8
1120.1044783075013	1120.1714783075013	99999	sp	8
1120.1714783075013	1120.6724783075013	66	BROTHER	8
1130.5786299050415	1130.6616299050415	1	A	40
1130.6616299050415	1131.4696299050415	371	SCREWDRIVER	40
1131.4696299050415	1131.7206299050417	224	IS	40
1131.7206299050417	1131.9596299050418	252	MADE	40
1131.9596299050418	1132.2786299050417	166	FROM	40
1132.2786299050417	1132.9176299050416	469	VODKA	40
1132.9176299050416	1133.1506299050416	20	AND	40
1133.1506299050416	1133.5186299050415	303	ORANGE	40
1133.5186299050415	1134.0286299050417	230	JUICE	40
1143.4342203214537	1143.5902203214537	476	WE	46
1143.5902203214537	1143.9982203214538	241	LIKE	46
1143.9982203214538	1144.2552203214536	55	BLUE	46
1144.2552203214536	1144.7162203214539	88	CHEESE	46
1144.7162203214539	1144.8432203214538	99999	sp	46
1144.8432203214538	1145.0462203214538	70	BUT	46
1145.0462203214538	1145.482220321454	466	VICTOR	46
1145.482220321454	1145.8132203214536	242	LIKES	46
1145.8132203214536	1145.9382203214536	99999	sp	46
1145.9382203214536	1146.290220321454	64	BRIE	46
1156.3784358694713	1157.3114358694713	17	AMBIDEXTROUS	24
1157.3114358694713	1157.4164358694713	99999	sp	24
1157.4164358694713	1158.1874358694713	327	PICKPOCKETS	24
1158.1874358694713	1158.2744358694713	99999	sp	24
1158.2744358694713	1159.1444358694714	6	ACCOMPLISH	24
1159.1444358694714	1159.6294358694713	267	MORE	24
1167.9571089210403	1168.1541089210405	210	HOW	36
1168.1541089210405	1168.3621089210403	128	DO	36
1168.3621089210403	1168.9231089210402	318	OYSTERS	36
1168.9231089210402	1169.1361089210404	253	MAKE	36
1169.1361089210404	1169.1961089210404	99999	sp	36
1169.1961089210404	1169.7741089210404	320	PEARLS	36
1179.6510501695407	1180.0540501695405	145	EVERY	44
1180.0540501695405	1180.5170501695407	74	CAB	44
1180.5170501695407	1180.9420501695406	280	NEEDS	44
1180.9420501695406	1181.1660501695405	88888	RE	44
1181.1660501695405	1181.4930501695405	99999	sp	44
1181.4930501695405	1182.3600501695405	364	REPAINTING	44
1182.3600501695405	1182.4190501695407	99999	sp	44
1182.4190501695407	1182.9750501695405	296	OFTEN	44
1201.868070613445	1202.0580706134451	204	HER	30
1202.0580706134451	1202.7020706134451	470	WARDROBE	30
1202.7020706134451	1203.2400706134451	102	CONSISTS	30
1203.2400706134451	1203.4330706134451	294	OF	30
1203.4330706134451	1203.771070613445	298	ONLY	30
1203.771070613445	1204.3780706134453	385	SKIRTS	30
1204.3780706134453	1204.6390706134453	20	AND	30
1204.6390706134453	1205.3510706134452	54	BLOUSES	30
1214.746763088669	1215.076763088669	298	ONLY	15
1215.076763088669	1215.283763088669	434	THE	15
1215.283763088669	1215.532763088669	51	BEST	15
1215.532763088669	1215.625763088669	99999	sp	15
1215.625763088669	1216.182763088669	330	PLAYERS	15
1216.182763088669	1216.716763088669	139	ENJOY	15
1216.716763088669	1216.776763088669	99999	sp	15
1216.776763088669	1217.720763088669	336	POPULARITY	15
1225.9246926825824	1226.4996926825825	405	STEVE	18
1226.4996926825825	1226.7036926825824	490	WORE	18
1226.7036926825824	1226.8406926825824	1	A	18
1226.8406926825824	1226.9216926825823	99999	sp	18
1226.9216926825823	1227.3116926825824	65	BRIGHT	18
1227.3116926825824	1227.6656926825824	356	RED	18
1227.6656926825824	1227.7426926825824	99999	sp	18
1227.7426926825824	1228.3606926825823	78	CASHMERE	18
1228.3606926825823	1229.0136926825824	420	SWEATER	18
1237.6438447587386	1238.3768447587386	183	GLUCOSE	11
1238.3768447587386	1238.5398447587386	20	AND	11
1238.5398447587386	1239.2798447587388	167	FRUCTOSE	11
1239.2798447587388	1239.4228447587386	30	ARE	11
1239.4228447587386	1239.9598447587387	276	NATURAL	11
1239.9598447587387	1240.5128447587388	414	SUGARS	11
1240.5128447587388	1240.8928447587386	163	FOUND	11
1240.8928447587386	1241.0958447587386	217	IN	11
1241.0958447587386	1241.7648447587387	168	FRUIT	11
1252.0555697810823	1252.3435697810824	210	HOW	49
1252.3435697810824	1252.5405697810825	189	GOOD	49
1252.5405697810825	1252.7875697810823	224	IS	49
1252.7875697810823	1252.9535697810825	496	YOUR	49
1252.9535697810825	1253.8405697810824	138	ENDURANCE	49
1263.2041881212897	1263.3671881212897	210	HOW	41
1263.3671881212897	1263.6821881212895	269	MUCH	41
1263.6821881212895	1264.2461881212898	16	ALLOWANCE	41
1264.2461881212898	1264.3371881212897	128	DO	41
1264.3371881212897	1264.5381881212897	495	YOU	41
1264.5381881212897	1264.8471881212897	177	GET	41
1274.49429673843	1274.56729673843	434	THE	21
1274.56729673843	1274.98329673843	475	WATER	21
1274.98329673843	1275.61729673843	103	CONTAINED	21
1275.61729673843	1275.8142967384301	448	TOO	21
1275.8142967384301	1276.1672967384302	269	MUCH	21
1276.1672967384302	1276.70629673843	90	CHLORINE	21
1276.70629673843	1276.9382967384302	20	AND	21
1276.9382967384302	1277.3912967384301	409	STUNG	21
1277.3912967384301	1277.6472967384302	208	HIS	21
1277.6472967384302	1278.2162967384302	149	EYES	21
1287.7506329335479	1287.902632933548	434	THE	43
1287.902632933548	1288.429632933548	61	BOSTON	43
1288.429632933548	1288.968632933548	45	BALLET	43
1288.968632933548	1289.018632933548	99999	sp	43
1289.018632933548	1289.723632933548	312	OVERCAME	43
1289.723632933548	1289.920632933548	435	THEIR	43
1289.920632933548	1290.535632933548	170	FUNDING	43
1290.535632933548	1291.398632933548	380	SHORTAGE	43
1300.8672748579875	1301.0672748579875	76	CAN	39
1301.0672748579875	1301.1282748579874	434	THE	39
1301.1282748579874	1301.8982748579874	11	AGENCY	39
1301.8982748579874	1302.6182748579877	315	OVERTHROW	39
1302.6182748579877	1303.1682748579874	13	ALIEN	39
1303.1682748579874	1303.9322748579875	162	FORCES	39
1313.3730771758687	1313.8570771758687	84	CHALLENGE	23
1313.8570771758687	1313.952077175869	99999	sp	23
1313.952077175869	1314.318077175869	132	EACH	23
1314.318077175869	1314.9590771758687	175	GENERAL'S	23
1314.9590771758687	1316.0300771758689	221	INTELLIGENCE	23
1323.8011177849091	1323.9051177849092	224	IS	38
1323.9051177849092	1324.2041177849092	375	SHE	38
1324.2041177849092	1324.5421177849091	187	GOING	38
1324.5421177849091	1324.7801177849092	487	WITH	38
1324.7801177849092	1325.0011177849092	495	YOU	38
1977.5138161607738	1977.7738161607738	211	I	3
1977.7738161607738	1978.4138161607736	293	OCCASIONALLY	3
1978.4138161607736	1978.6598161607737	177	GET	3
1978.6598161607737	1978.7338161607736	434	THE	3
1978.7338161607736	1979.2518161607736	265	MONDAY	3
1979.2518161607736	1979.8538161607737	56	BLUES	3
1989.1627884311308	1989.5737884311307	229	JOHN'S	22
1989.5737884311307	1989.8477884311308	66	BROTHER	22
1989.8477884311308	1990.5827884311307	363	REPAINTED	22
1990.5827884311307	1990.7267884311307	434	THE	22
1990.7267884311307	1991.1647884311308	173	GARAGE	22
1991.1647884311308	1991.2407884311308	99999	sp	22
1991.2407884311308	1991.6547884311306	129	DOOR	22
2000.0154786154817	2000.3014786154818	24	ANY	34
2000.3014786154818	2001.1874786154817	105	CONTRIBUTIONS	34
2001.1874786154817	2001.3584786154818	485	WILL	34
2001.3584786154818	2001.5274786154816	47	BE	34
2001.5274786154816	2001.9214786154816	195	GREATLY	34
2001.9214786154816	2002.8494786154818	28	APPRECIATED	34
2011.5541175680562	2011.658117568056	19	AN	29
2011.658117568056	2012.194117568056	9	ADULT	29
2012.194117568056	2012.5471175680561	255	MALE	29
2012.5471175680561	2013.137117568056	42	BABOON'S	29
2013.137117568056	2013.465117568056	430	TEETH	29
2013.465117568056	2013.540117568056	99999	sp	29
2013.540117568056	2013.695117568056	30	ARE	29
2013.695117568056	2014.0061175680562	285	NOT	29
2014.0061175680562	2014.462117568056	415	SUITABLE	29
2014.462117568056	2014.752117568056	161	FOR	29
2014.752117568056	2015.080117568056	135	EATING	29
2015.080117568056	2015.885117568056	376	SHELLFISH	29
2025.3035019311562	2025.416501931156	99999	sp	37
2025.416501931156	2025.6025019311562	257	MAY	37
2025.6025019311562	2025.792501931156	211	I	37
2025.792501931156	2026.1125019311562	304	ORDER	37
2026.1125019311562	2026.1885019311562	1	A	37
2026.1885019311562	2026.2485019311562	99999	sp	37
2026.2485019311562	2026.8825019311562	319	PARFAIT	37
2026.8825019311562	2027.3565019311561	10	AFTER	37
2027.3565019311561	2027.512501931156	211	I	37
2027.512501931156	2027.7065019311563	134	EAT	37
2027.7065019311563	2028.0725019311562	124	DINNER	37
2037.3928893813388	2037.7038893813387	270	MUM	6
2037.7038893813387	2038.4538893813387	407	STRONGLY	6
2038.4538893813387	2039.0208893813387	126	DISLIKES	6
2039.0208893813387	2040.089889381339	27	APPETIZERS	6
2048.1620257875993	2048.3270257875993	434	THE	31
2048.3270257875993	2048.5770257875993	453	TWO	31
2048.5770257875993	2049.0610257875987	33	ARTISTS	31
2049.0610257875987	2049.1130257875993	99999	sp	31
2049.1130257875993	2049.855025787599	147	EXCHANGED	31
2049.855025787599	2050.736025787599	39	AUTOGRAPHS	31
2059.496875082214	2059.5988750822144	434	THE	27
2059.5988750822144	2060.005875082214	369	ROSE	27
2060.005875082214	2060.597875082214	106	CORSAGE	27
2060.597875082214	2061.0854466221485	393	SMELLED	27
2061.0854466221485	2061.868015884673	421	SWEET	27
2071.4234104269126	2071.7614104269123	354	READING	2
2071.7614104269123	2071.9784104269124	217	IN	2
2071.9784104269124	2072.232410426913	335	POOR	2
2072.232410426913	2072.6104104269125	240	LIGHT	2
2072.6104104269125	2072.863410426912	181	GIVES	2
2072.863410426912	2073.0214104269126	495	YOU	2
2073.0214104269126	2073.7634104269127	150	EYESTRAIN	2
2083.1947479466235	2083.3147479466234	476	WE	14
2083.3147479466234	2083.791747946623	480	WELCOME	14
2083.791747946623	2084.093747946623	256	MANY	14
2084.093747946623	2084.320747946623	282	NEW	14
2084.320747946623	2084.9327479466233	408	STUDENTS	14
2084.9327479466233	2085.2227479466233	132	EACH	14
2085.2227479466233	2085.6537479466233	491	YEAR	14
2095.3970422981224	2095.4760422981226	99999	sp	12
2095.4760422981226	2095.5870422981225	30	ARE	12
2095.5870422981225	2095.764042298122	495	YOU	12
2095.764042298122	2096.1470422981224	250	LOOKING	12
2096.1470422981224	2096.2890422981227	161	FOR	12
2096.2890422981227	2096.9590422981223	136	EMPLOYMENT	12
2106.6267702804357	2107.3457702804353	71	BUTTERSCOTCH	32
2107.3457702804353	2107.790770280436	169	FUDGE	32
2107.790770280436	2108.0947702804356	186	GOES	32
2108.0947702804356	2108.3457702804353	481	WELL	32
2108.3457702804353	2108.6157702804358	487	WITH	32
2108.6157702804358	2109.1537702804353	463	VANILLA	32
2109.1537702804353	2109.5197702804353	212	ICE	32
2109.5197702804353	2109.8657702804358	112	CREAM	32
2117.4767789688267	2117.6177789688268	476	WE	4
2117.6177789688268	2117.752778968827	30	ARE	4
2117.752778968827	2118.2047789688268	301	OPEN	4
2118.2047789688268	2118.607778968827	145	EVERY	4
2118.607778968827	2119.019778968827	265	MONDAY	4
2119.019778968827	2119.709778968827	143	EVENING	4
2129.9412639045368	2130.183263904537	142	EVEN	9
2130.183263904537	2130.259263904537	1	A	9
2130.259263904537	2130.687263904537	383	SIMPLE	9
2130.687263904537	2131.714263904537	468	VOCABULARY	9
2131.714263904537	2132.315263904537	104	CONTAINS	9
2132.315263904537	2133.0952639045368	422	SYMBOLS	9
2142.487758662589	2142.9017586625887	98	COFFEE	13
2142.9017586625887	2143.1407586625887	224	IS	13
2143.1407586625887	2143.404758662589	198	GROWN	13
2143.404758662589	2143.613758662589	297	ON	13
2143.613758662589	2144.2677586625887	404	STEEP	13
2144.2677586625887	2144.354758662589	99999	sp	13
2144.354758662589	2144.7497586625886	231	JUNGLE	13
2144.7497586625886	2145.0437586625885	241	LIKE	13
2145.0437586625885	2145.6697586625887	390	SLOPES	13
2145.6697586625887	2145.8877586625886	217	IN	13
2145.8877586625886	2146.344758662589	431	TEMPERATE	13
2146.344758662589	2147.038758662589	497	ZONES	13
2156.01285019045	2156.27685019045	375	SHE	1
2156.27685019045	2156.65585019045	490	WORE	1
2156.65585019045	2157.06585019045	471	WARM	1
2157.06585019045	2157.67385019045	158	FLEECY	1
2157.67385019045	2158.19585019045	489	WOOLEN	1
2158.19585019045	2159.08185019045	311	OVERALLS	1
2169.036606107192	2169.229606107192	438	THEY	26
2169.229606107192	2169.474606107192	317	OWN	26
2169.474606107192	2169.675606107192	1	A	26
2169.675606107192	2169.9096061071923	52	BIG	26
2169.9096061071923	2170.417606107192	209	HOUSE	26
2170.417606107192	2170.529606107192	217	IN	26
2170.529606107192	2170.604606107192	434	THE	26
2170.604606107192	2171.1816061071922	361	REMOTE	26
2171.1816061071922	2172.0526061071923	109	COUNTRYSIDE	26
2180.1216996821377	2180.415699682138	443	THOSE	7
2180.415699682138	2180.5856996821376	484	WHO	7
2180.5856996821376	2180.886699682138	427	TEACH	7
2180.886699682138	2181.475699682138	462	VALUES	7
2181.475699682138	2181.846699682138	156	FIRST	7
2181.846699682138	2182.4546996821377	4	ABOLISH	7
2182.4546996821377	2183.010699682138	87	CHEATING	7
2191.7732823581773	2192.3012823581776	75	CALCIUM	16
2192.3012823581776	2192.5782823581776	254	MAKES	16
2192.5782823581776	2192.6762823581776	99999	sp	16
2192.6762823581776	2193.0092823581776	58	BONES	16
2193.0092823581776	2193.2702823581776	20	AND	16
2193.2702823581776	2193.6682823581777	430	TEETH	16
2193.6682823581777	2194.3992823581775	406	STRONG	16
2203.3746883825224	2203.8786883825223	286	NOTHING	17
2203.8786883825223	2204.0316883825226	224	IS	17
2204.0316883825226	2204.233688382523	34	AS	17
2204.233688382523	2204.8716883825227	295	OFFENSIVE	17
2204.8716883825227	2205.2386883825225	34	AS	17
2205.2386883825225	2206.0746883825223	219	INNOCENCE	17
2216.373168903675	2216.6821689036747	203	HELP	45
2216.6821689036747	2216.752168903675	99999	sp	45
2216.752168903675	2217.0761689036744	196	GREG	45
2217.0761689036744	2217.1611689036745	99999	sp	45
2217.1611689036745	2217.302168903675	446	TO	45
2217.302168903675	2217.3751689036744	99999	sp	45
2217.3751689036744	2217.627168903675	325	PICK	45
2217.627168903675	2217.7981689036747	1	A	45
2217.7981689036747	2218.119168903675	321	PECK	45
2218.119168903675	2218.2731689036746	294	OF	45
2218.2731689036746	2218.357168903675	99999	sp	45
2218.357168903675	2219.1431689036745	338	POTATOES	45
2229.0560348415584	2229.2050348415582	434	THE	35
2229.2050348415582	2229.785034841558	111	CRANBERRY	35
2229.785034841558	2229.831034841558	99999	sp	35
2229.831034841558	2230.1060348415585	57	BOG	35
2230.1060348415585	2230.1740348415583	99999	sp	35
2230.1740348415583	2230.443034841558	178	GETS	35
2230.443034841558	2230.4840348415582	99999	sp	35
2230.4840348415582	2230.767034841558	465	VERY	35
2230.767034841558	2230.8370348415583	99999	sp	35
2230.8370348415583	2231.224034841558	340	PRETTY	35
2231.224034841558	2231.4490348415584	217	IN	35
2231.4490348415584	2231.968034841558	40	AUTUMN	35
2239.986866134929	2240.2048661349295	226	IT'S	5
2240.2048661349295	2240.4228661349293	285	NOT	5
2240.4228661349293	2240.8058661349296	133	EASY	5
2240.8058661349296	2240.9728661349295	446	TO	5
2240.9728661349295	2241.4638661349295	113	CREATE	5
2241.4638661349295	2242.2308661349293	215	ILLUMINATING	5
2242.2308661349293	2243.1278661349297	146	EXAMPLES	5
2251.5769405345354	2251.6389405345353	1	A	25
2251.6389405345353	2252.295940534535	271	MUSCULAR	25
2252.295940534535	2252.963940534535	2	ABDOMEN	25
2252.963940534535	2253.215940534535	224	IS	25
2253.215940534535	2253.414940534535	189	GOOD	25
2253.414940534535	2253.5449405345353	161	FOR	25
2253.5449405345353	2253.764940534535	496	YOUR	25
2253.764940534535	2254.287940534535	43	BACK	25
2263.067567860498	2263.6755678604977	44	BAGPIPES	48
2263.6755678604977	2263.873567860498	20	AND	48
2263.873567860498	2264.458567860498	59	BONGOS	48
2264.458567860498	2264.592567860498	30	ARE	48
2264.592567860498	2265.211567860498	273	MUSICAL	48
2265.211567860498	2266.062567860498	220	INSTRUMENTS	48
2274.644759180138	2274.823759180138	1	A	10
2274.823759180138	2275.2737591801383	110	CRAB	10
2275.2737591801383	2275.839759180138	85	CHALLENGED	10
2275.839759180138	2276.233759180138	258	ME	10
2276.233759180138	2276.3297591801384	70	BUT	10
2276.3297591801384	2276.4967591801383	1	A	10
2276.4967591801383	2276.721759180138	350	QUICK	10
2276.721759180138	2277.2467591801383	402	STAB	10
2277.2467591801383	2277.321759180138	99999	sp	10
2277.321759180138	2277.9077591801383	464	VANQUISHED	10
2277.9077591801383	2278.241759180138	207	HIM	10
2286.7830299960824	2287.3750299960825	115	CYCLICAL	42
2287.3750299960825	2287.4580299960826	99999	sp	42
2287.4580299960826	2288.1310299960824	346	PROGRAMS	42
2288.1310299960824	2288.2690299960823	485	WILL	42
2288.2690299960823	2288.6890299960824	281	NEVER	42
2288.6890299960824	2288.7510299960823	99999	sp	42
2288.7510299960823	2289.4390299960824	100	COMPILE	42
2297.770879774449	2298.0898797744494	366	RICH	33
2298.0898797744494	2298.181879774449	99999	sp	33
2298.181879774449	2298.7238797744494	349	PURCHASED	33
2298.7238797744494	2299.2328797744494	374	SEVERAL	33
2299.2328797744494	2299.806879774449	382	SIGNED	33
2299.806879774449	2300.6898797744493	245	LITHOGRAPHS	33
2309.05605769411	2309.3050576941105	130	DRAW	20
2309.3050576941105	2309.7160576941105	145	EVERY	20
2309.7160576941105	2310.0360576941102	308	OUTER	20
2310.0360576941102	2310.3850576941104	244	LINE	20
2310.3850576941104	2310.9810576941104	156	FIRST	20
2310.9810576941104	2311.08505769411	99999	sp	20
2311.08505769411	2311.3270576941104	436	THEN	20
2311.3270576941104	2311.6860576941103	154	FILL	20
2311.6860576941103	2311.91305769411	217	IN	20
2311.91305769411	2312.02605769411	434	THE	20
2312.02605769411	2312.76705769411	222	INTERIOR	20
2322.69358601044	2322.97658601044	108	COUNT	47
2322.97658601044	2323.04958601044	434	THE	47
2323.04958601044	2323.34558601044	289	NUMBER	47
2323.34558601044	2323.5025860104397	294	OF	47
2323.5025860104397	2323.99558601044	429	TEASPOONS	47
2323.99558601044	2324.09758601044	294	OF	47
2324.09758601044	2324.8285860104397	395	SOYSAUCE	47
2324.8285860104397	2325.00458601044	433	THAT	47
2325.00458601044	2325.2255860104397	495	YOU	47
2325.2255860104397	2325.66858601044	7	ADD	47
2334.597562799707	2335.030562799707	46	BARB'S	19
2335.030562799707	2335.3455627997064	188	GOLD	19
2335.3455627997064	2335.8955627997066	63	BRACELET	19
2335.8955627997066	2336.0605627997065	472	WAS	19
2336.0605627997065	2336.1835627997066	1	A	19
2336.1835627997066	2336.941562799707	193	GRADUATION	19
2336.941562799707	2337.4335627997066	339	PRESENT	19
2346.471368017691	2346.6523680176906	433	THAT	28
2346.6523680176906	2346.7373680176906	99999	sp	28
2346.7373680176906	2347.351368017691	326	PICKPOCKET	28
2347.351368017691	2347.553368017691	472	WAS	28
2347.553368017691	2347.623368017691	99999	sp	28
2347.623368017691	2347.9373680176905	80	CAUGHT	28
2347.9373680176905	2348.194368017691	356	RED	28
2348.194368017691	2348.8203680176907	199	HANDED	28
2358.078822655759	2358.147822655759	434	THE	8
2358.147822655759	2358.762822655759	165	FRIGHTENED	8
2358.762822655759	2359.279822655759	89	CHILD	8
2359.279822655759	2359.500822655759	472	WAS	8
2359.500822655759	2359.873822655759	176	GENTLY	8
2359.873822655759	2360.5068226557587	410	SUBDUED	8
2360.5068226557587	2360.616822655759	73	BY	8
2360.616822655759	2360.8548226557587	208	HIS	8
2360.8548226557587	2360.951822655759	99999	sp	8
2360.951822655759	2361.156822655759	52	BIG	8
2361.156822655759	2361.2428226557586	99999	sp	8
2361.2428226557586	2361.732822655759	66	BROTHER	8
2369.664680051319	2369.7486800513193	1	A	40
2369.7486800513193	2370.5746800513193	371	SCREWDRIVER	40
2370.5746800513193	2370.740680051319	224	IS	40
2370.740680051319	2371.011680051319	252	MADE	40
2371.011680051319	2371.3066800513193	166	FROM	40
2371.3066800513193	2371.9396800513196	469	VODKA	40
2371.9396800513196	2372.1176800513194	20	AND	40
2372.1176800513194	2372.4616800513195	303	ORANGE	40
2372.4616800513195	2372.914680051319	230	JUICE	40
2381.4236791503654	2381.5886791503654	476	WE	46
2381.5886791503654	2381.8616791503655	241	LIKE	46
2381.8616791503655	2381.974679150366	99999	sp	46
2381.974679150366	2382.2646791503657	55	BLUE	46
2382.2646791503657	2382.7156791503658	88	CHEESE	46
2382.7156791503658	2382.8566791503654	99999	sp	46
2382.8566791503654	2383.0486791503654	70	BUT	46
2383.0486791503654	2383.4476791503657	466	VICTOR	46
2383.4476791503657	2383.7636791503655	242	LIKES	46
2383.7636791503655	2383.8776791503656	99999	sp	46
2383.8776791503656	2384.248679150365	64	BRIE	46
2393.6027079848946	2393.6947079848946	99999	sp	24
2393.6947079848946	2394.590707984895	17	AMBIDEXTROUS	24
2394.590707984895	2395.3617079848946	327	PICKPOCKETS	24
2395.3617079848946	2396.0767079848947	6	ACCOMPLISH	24
2396.0767079848947	2396.524707984895	267	MORE	24
2404.495450853626	2404.7044508536264	210	HOW	36
2404.7044508536264	2404.875450853626	128	DO	36
2404.875450853626	2405.4044508536263	318	OYSTERS	36
2405.4044508536263	2405.5784508536262	253	MAKE	36
2405.5784508536262	2405.6724508536263	99999	sp	36
2405.6724508536263	2406.250450853626	320	PEARLS	36
2414.7157508619684	2415.029750861968	145	EVERY	44
2415.029750861968	2415.079750861968	99999	sp	44
2415.079750861968	2415.526750861968	74	CAB	44
2415.526750861968	2415.5857508619683	99999	sp	44
2415.5857508619683	2416.091750861968	280	NEEDS	44
2416.091750861968	2416.8977508619682	364	REPAINTING	44
2416.8977508619682	2417.490750861968	296	OFTEN	44
2424.8190872618434	2424.9040872618434	30	ARE	0
2424.9040872618434	2425.1040872618432	496	YOUR	0
2425.1040872618432	2425.4270872618436	192	GRADES	0
2425.4270872618436	2425.9110872618435	206	HIGHER	0
2425.9110872618435	2426.0160872618435	302	OR	0
2426.0160872618435	2426.385087261843	251	LOWER	0
2426.385087261843	2426.5440872618437	432	THAN	0
2426.5440872618437	2427.3120872618438	275	NANCY'S	0
2435.427598127135	2435.6215981271353	204	HER	30
2435.6215981271353	2436.149598127135	470	WARDROBE	30
2436.149598127135	2436.192598127135	99999	sp	30
2436.192598127135	2436.689598127135	102	CONSISTS	30
2436.689598127135	2436.8955981271347	294	OF	30
2436.8955981271347	2437.222598127135	298	ONLY	30
2437.222598127135	2437.7375981271352	385	SKIRTS	30
2437.7375981271352	2437.909598127135	20	AND	30
2437.909598127135	2438.5605981271347	54	BLOUSES	30
2447.191792536092	2447.524792536092	298	ONLY	15
2447.524792536092	2447.7147925360923	434	THE	15
2447.7147925360923	2448.038792536092	51	BEST	15
2448.038792536092	2448.4917925360924	330	PLAYERS	15
2448.4917925360924	2449.0547925360925	139	ENJOY	15
2449.0547925360925	2449.944792536092	336	POPULARITY	15
2457.557889848611	2458.030889848611	405	STEVE	18
2458.030889848611	2458.227889848611	490	WORE	18
2458.227889848611	2458.401889848611	1	A	18
2458.401889848611	2458.7698898486115	65	BRIGHT	18
2458.7698898486115	2459.1628898486115	356	RED	18
2459.1628898486115	2459.829889848611	78	CASHMERE	18
2459.829889848611	2460.485889848611	420	SWEATER	18
2469.0032773092444	2469.5612773092444	183	GLUCOSE	11
2469.5612773092444	2469.7192773092447	20	AND	11
2469.7192773092447	2470.4222773092442	167	FRUCTOSE	11
2470.4222773092442	2470.5822773092445	30	ARE	11
2470.5822773092445	2471.1392773092443	276	NATURAL	11
2471.1392773092443	2471.6722773092442	414	SUGARS	11
2471.6722773092442	2471.9872773092447	163	FOUND	11
2471.9872773092447	2472.1722773092442	217	IN	11
2472.1722773092442	2472.8092773092444	168	FRUIT	11
2481.606286663373	2481.8702866633726	210	HOW	49
2481.8702866633726	2482.0222866633726	189	GOOD	49
2482.0222866633726	2482.2422866633724	224	IS	49
2482.2422866633724	2482.3492866633724	496	YOUR	49
2482.3492866633724	2483.1052866633727	138	ENDURANCE	49
2492.0182950988346	2492.1702950988347	210	HOW	41
2492.1702950988347	2492.479295098835	269	MUCH	41
2492.479295098835	2493.048295098835	16	ALLOWANCE	41
2493.048295098835	2493.140295098835	128	DO	41
2493.140295098835	2493.314295098835	495	YOU	41
2493.314295098835	2493.640295098835	177	GET	41
2501.7134131002254	2501.7924131002255	434	THE	21
2501.7924131002255	2502.2264131002253	475	WATER	21
2502.2264131002253	2502.7614131002256	103	CONTAINED	21
2502.7614131002256	2502.844413100225	99999	sp	21
2502.844413100225	2503.0024131002256	448	TOO	21
2503.0024131002256	2503.3544131002254	269	MUCH	21
2503.3544131002254	2503.942413100225	90	CHLORINE	21
2503.942413100225	2504.1124131002252	20	AND	21
2504.1124131002252	2504.5324131002253	409	STUNG	21
2504.5324131002253	2504.7894131002254	208	HIS	21
2504.7894131002254	2505.3324131002255	149	EYES	21
2514.4722178455595	2514.57721784556	434	THE	43
2514.57721784556	2514.64121784556	99999	sp	43
2514.64121784556	2515.16121784556	61	BOSTON	43
2515.16121784556	2515.6552178455595	45	BALLET	43
2515.6552178455595	2516.4502178455596	312	OVERCAME	43
2516.4502178455596	2516.6052178455598	435	THEIR	43
2516.6052178455598	2517.1962178455597	170	FUNDING	43
2517.1962178455597	2517.9932178455597	380	SHORTAGE	43
2526.2702679240706	2526.3862679240706	99999	{NS}	39
2526.3862679240706	2526.5762679240706	76	CAN	39
2526.5762679240706	2526.7002679240704	434	THE	39
2526.7002679240704	2527.3722679240705	11	AGENCY	39
2527.3722679240705	2528.1592679240703	315	OVERTHROW	39
2528.1592679240703	2528.19026792407	99999	sp	39
2528.19026792407	2528.6502679240702	13	ALIEN	39
2528.6502679240702	2529.3132679240707	162	FORCES	39
2537.639947329708	2538.1459473297077	84	CHALLENGE	23
2538.1459473297077	2538.528947329708	132	EACH	23
2538.528947329708	2539.1439473297078	175	GENERAL'S	23
2539.1439473297078	2540.150947329708	221	INTELLIGENCE	23
2547.689799596013	2547.825799596013	224	IS	38
2547.825799596013	2548.093799596013	375	SHE	38
2548.093799596013	2548.388799596013	187	GOING	38
2548.388799596013	2548.625799596013	487	WITH	38
2548.625799596013	2548.8317995960133	495	YOU	38
2603.1594012586384	2603.2604012586385	30	ARE	0
2603.2604012586385	2603.511401258638	496	YOUR	0
2603.511401258638	2603.8204012586384	192	GRADES	0
2603.8204012586384	2604.3134012586384	206	HIGHER	0
2604.3134012586384	2604.446401258638	302	OR	0
2604.446401258638	2604.890401258638	251	LOWER	0
2604.890401258638	2605.0204012586382	432	THAN	0
2605.0204012586382	2605.7604012586385	275	NANCY'S	0
2614.0930816196246	2614.3500816196247	375	SHE	1
2614.3500816196247	2614.610081619625	490	WORE	1
3161.5319259596968	3162.2229259596966	293	OCCASIONALLY	3
3162.2229259596966	3162.4819259596966	177	GET	3
3162.4819259596966	3162.5699259596963	434	THE	3
3162.5699259596963	3163.0959259596966	265	MONDAY	3
3163.0959259596966	3163.6599259596965	56	BLUES	3
3172.4635044729257	3172.886504472926	229	JOHN'S	22
3172.886504472926	3173.187504472926	66	BROTHER	22
3173.187504472926	3173.935504472926	363	REPAINTED	22
3173.935504472926	3174.078504472926	434	THE	22
3174.078504472926	3174.513504472926	173	GARAGE	22
3174.513504472926	3174.582504472926	99999	sp	22
3174.582504472926	3174.980504472926	129	DOOR	22
3182.5369693272964	3182.6799693272965	99999	{NS}	34
3182.6799693272965	3182.9489693272963	24	ANY	34
3182.9489693272963	3183.820969327296	105	CONTRIBUTIONS	34
3183.820969327296	3183.9829693272964	485	WILL	34
3183.9829693272964	3184.097969327296	47	BE	34
3184.097969327296	3184.1819693272964	99999	sp	34
3184.1819693272964	3184.6149693272964	195	GREATLY	34
3184.6149693272964	3185.5639693272965	28	APPRECIATED	34
3193.629983061944	3193.762983061944	19	AN	29
3193.762983061944	3194.296983061944	9	ADULT	29
3194.296983061944	3194.645983061944	255	MALE	29
3194.645983061944	3195.2599830619442	42	BABOON'S	29
3195.2599830619442	3195.548983061944	430	TEETH	29
3195.548983061944	3195.707983061944	30	ARE	29
3195.707983061944	3196.055983061944	285	NOT	29
3196.055983061944	3196.546983061944	415	SUITABLE	29
3196.546983061944	3196.839983061944	161	FOR	29
3196.839983061944	3197.166983061944	135	EATING	29
3197.166983061944	3198.015983061944	376	SHELLFISH	29
3205.52409711866	3205.66309711866	99999	sp	37
3205.66309711866	3205.80709711866	257	MAY	37
3205.80709711866	3205.98409711866	211	I	37
3205.98409711866	3206.31409711866	304	ORDER	37
3206.31409711866	3206.38809711866	1	A	37
3206.38809711866	3206.45409711866	99999	sp	37
3206.45409711866	3207.10609711866	319	PARFAIT	37
3207.10609711866	3207.55409711866	10	AFTER	37
3207.55409711866	3207.69409711866	211	I	37
3207.69409711866	3207.89609711866	134	EAT	37
3207.89609711866	3208.24909711866	124	DINNER	37
3216.9969450883677	3217.3179450883677	270	MUM	6
3217.3179450883677	3218.040945088368	407	STRONGLY	6
3218.040945088368	3218.645945088368	126	DISLIKES	6
3218.645945088368	3219.711945088368	27	APPETIZERS	6
3227.931026782328	3228.087026782328	434	THE	31
3228.087026782328	3228.323026782328	453	TWO	31
3228.323026782328	3228.844026782328	33	ARTISTS	31
3228.844026782328	3229.6640267823277	147	EXCHANGED	31
3229.6640267823277	3230.549026782328	39	AUTOGRAPHS	31
3239.286582067093	3239.3985820670932	434	THE	27
3239.3985820670932	3239.8275820670933	369	ROSE	27
3239.8275820670933	3240.5745820670936	106	CORSAGE	27
3240.5745820670936	3241.092582067093	393	SMELLED	27
3241.092582067093	3241.862582067093	421	SWEET	27
3251.189600594968	3251.5996005949683	354	READING	2
3251.5996005949683	3251.868600594968	217	IN	2
3251.868600594968	3252.113600594968	335	POOR	2
3252.113600594968	3252.553600594968	240	LIGHT	2
3252.553600594968	3252.836600594968	181	GIVES	2
3252.836600594968	3253.019600594968	495	YOU	2
3253.019600594968	3253.7446005949682	150	EYESTRAIN	2
3262.0714777214052	3262.191477721405	99999	sp	14
3262.191477721405	3262.3214777214052	476	WE	14
3262.3214777214052	3262.758477721405	480	WELCOME	14
3262.758477721405	3263.041477721405	256	MANY	14
3263.041477721405	3263.2754777214054	282	NEW	14
3263.2754777214054	3263.867477721405	408	STUDENTS	14
3263.867477721405	3263.948477721405	99999	sp	14
3263.948477721405	3264.2814777214053	132	EACH	14
3264.2814777214053	3264.6964777214052	491	YEAR	14
3273.8674872664606	3274.000487266461	30	ARE	12
3274.000487266461	3274.1824872664606	495	YOU	12
3274.1824872664606	3274.5704872664605	250	LOOKING	12
3274.5704872664605	3274.739487266461	161	FOR	12
3274.739487266461	3275.4084872664607	136	EMPLOYMENT	12
3284.9162371416023	3285.625237141602	71	BUTTERSCOTCH	32
3285.625237141602	3285.656237141602	99999	sp	32
3285.656237141602	3286.033237141602	169	FUDGE	32
3286.033237141602	3286.102237141602	99999	sp	32
3286.102237141602	3286.3432371416025	186	GOES	32
3286.3432371416025	3286.607237141602	481	WELL	32
3286.607237141602	3286.803237141602	487	WITH	32
3286.803237141602	3286.8382371416023	99999	sp	32
3286.8382371416023	3287.353237141602	463	VANILLA	32
3287.353237141602	3287.6242371416024	212	ICE	32
3287.6242371416024	3287.6842371416024	99999	sp	32
3287.6842371416024	3288.0302371416024	112	CREAM	32
3294.9275589660833	3295.0575589660834	476	WE	4
3295.0575589660834	3295.1845589660834	30	ARE	4
3295.1845589660834	3295.6355589660834	301	OPEN	4
3295.6355589660834	3296.0545589660833	145	EVERY	4
3296.0545589660833	3296.5665589660834	265	MONDAY	4
3296.5665589660834	3297.1505589660833	143	EVENING	4
3307.5674734086265	3307.8434734086263	142	EVEN	9
3307.8434734086263	3307.9324734086263	1	A	9
3307.9324734086263	3308.4124734086263	383	SIMPLE	9
3308.4124734086263	3309.340473408626	468	VOCABULARY	9
3309.340473408626	3309.9224734086265	104	CONTAINS	9
3309.9224734086265	3310.7524734086264	422	SYMBOLS	9
3318.120966446781	3318.476966446781	98	COFFEE	13
3318.476966446781	3318.712966446781	224	IS	13
3318.712966446781	3318.9569664467813	198	GROWN	13
3318.9569664467813	3319.136966446781	297	ON	13
3319.136966446781	3319.700966446781	404	STEEP	13
3319.700966446781	3319.8229664467813	99999	sp	13
3319.8229664467813	3320.210966446781	231	JUNGLE	13
3320.210966446781	3320.4569664467813	241	LIKE	13
3320.4569664467813	3321.009966446781	390	SLOPES	13
3321.009966446781	3321.214966446781	217	IN	13
3321.214966446781	3321.736966446781	431	TEMPERATE	13
3321.736966446781	3322.385966446781	497	ZONES	13
3330.4484566196247	3330.705456619625	375	SHE	1
3330.705456619625	3330.965456619625	490	WORE	1
3330.965456619625	3331.400456619625	471	WARM	1
3331.400456619625	3332.0014566196246	158	FLEECY	1
3332.0014566196246	3332.534456619625	489	WOOLEN	1
3332.534456619625	3333.424456619625	311	OVERALLS	1
3341.377525643238	3341.607525643238	438	THEY	26
3341.607525643238	3341.841525643238	317	OWN	26
3341.841525643238	3341.996525643238	1	A	26
3341.996525643238	3342.209525643238	52	BIG	26
3342.209525643238	3342.563525643238	209	HOUSE	26
3342.563525643238	3342.746525643238	217	IN	26
3342.746525643238	3342.843525643238	434	THE	26
3342.843525643238	3343.296525643238	361	REMOTE	26
3343.296525643238	3344.130525643238	109	COUNTRYSIDE	26
3352.1372593611254	3352.386259361125	443	THOSE	7
3352.386259361125	3352.6142593611253	484	WHO	7
3352.6142593611253	3352.9362593611254	427	TEACH	7
3352.9362593611254	3353.5382593611253	462	VALUES	7
3353.5382593611253	3353.6152593611255	99999	sp	7
3353.6152593611255	3353.9552593611256	156	FIRST	7
3353.9552593611256	3354.7282593611253	4	ABOLISH	7
3354.7282593611253	3355.3142593611256	87	CHEATING	7
3363.5003751568047	3363.5883751568044	99999	{NS}	16
3363.5883751568044	3364.0713751568046	75	CALCIUM	16
3364.0713751568046	3364.3993751568046	254	MAKES	16
3364.3993751568046	3364.487375156805	99999	sp	16
3364.487375156805	3364.8883751568046	58	BONES	16
3364.8883751568046	3365.1303751568043	20	AND	16
3365.1303751568043	3365.4653751568044	430	TEETH	16
3365.4653751568044	3366.1573751568044	406	STRONG	16
3374.759543220325	3375.2285432203253	286	NOTHING	17
3375.2285432203253	3375.399543220325	224	IS	17
3375.399543220325	3375.5815432203253	34	AS	17
3375.5815432203253	3376.2425432203254	295	OFFENSIVE	17
3376.2425432203254	3376.5565432203252	34	AS	17
3376.5565432203252	3377.395543220325	219	INNOCENCE	17
3386.9728525953406	3387.2418525953403	203	HELP	45
3387.2418525953403	3387.3078525953406	99999	sp	45
3387.3078525953406	3387.6378525953405	196	GREG	45
3387.6378525953405	3387.6958525953405	99999	sp	45
3387.6958525953405	3387.8248525953404	446	TO	45
3387.8248525953404	3387.8998525953402	99999	sp	45
3387.8998525953402	3388.1878525953402	325	PICK	45
3388.1878525953402	3388.2918525953405	1	A	45
3388.2918525953405	3388.3558525953404	99999	sp	45
3388.3558525953404	3388.6388525953403	321	PECK	45
3388.6388525953403	3388.7988525953406	294	OF	45
3388.7988525953406	3388.8698525953405	99999	sp	45
3388.8698525953405	3389.6388525953403	338	POTATOES	45
3398.3805734768875	3398.471573476888	434	THE	35
3398.471573476888	3398.529573476888	99999	sp	35
3398.529573476888	3399.082573476888	111	CRANBERRY	35
3399.082573476888	3399.1175734768876	99999	sp	35
3399.1175734768876	3399.4315734768875	57	BOG	35
3399.4315734768875	3399.6955734768876	178	GETS	35
3399.6955734768876	3400.078573476888	465	VERY	35
3400.078573476888	3400.4595734768877	340	PRETTY	35
3400.4595734768877	3400.667573476888	217	IN	35
3400.667573476888	3401.1235734768875	40	AUTUMN	35
3409.0023302400923	3409.204330240092	226	IT'S	5
3409.204330240092	3409.4653302400925	285	NOT	5
3409.4653302400925	3409.901330240092	133	EASY	5
3409.901330240092	3410.097330240092	446	TO	5
3410.097330240092	3410.6343302400924	113	CREATE	5
3410.6343302400924	3411.4443302400923	215	ILLUMINATING	5
3411.4443302400923	3412.365330240092	146	EXAMPLES	5
3420.076389872355	3420.211389872355	99999	{NS}	25
3420.211389872355	3420.286389872355	1	A	25
3420.286389872355	3420.9643898723552	271	MUSCULAR	25
3420.9643898723552	3421.577389872355	2	ABDOMEN	25
3421.577389872355	3421.838389872355	224	IS	25
3421.838389872355	3421.916389872355	99999	sp	25
3421.916389872355	3422.102389872355	189	GOOD	25
3422.102389872355	3422.291389872355	161	FOR	25
3422.291389872355	3422.447389872355	496	YOUR	25
3422.447389872355	3422.510389872355	99999	sp	25
3422.510389872355	3423.0783898723553	43	BACK	25
3431.109948294172	3431.7379482941724	44	BAGPIPES	48
3431.7379482941724	3431.908948294172	20	AND	48
3431.908948294172	3432.4539482941723	59	BONGOS	48
3432.4539482941723	3432.6239482941724	30	ARE	48
3432.6239482941724	3433.2319482941725	273	MUSICAL	48
3433.2319482941725	3434.1329482941724	220	INSTRUMENTS	48
3442.364603475614	3442.570603475614	1	A	10
3442.570603475614	3442.974603475614	110	CRAB	10
3442.974603475614	3443.070603475614	99999	sp	10
3443.070603475614	3443.615603475614	85	CHALLENGED	10
3443.615603475614	3444.064603475614	258	ME	10
3444.064603475614	3444.147603475614	70	BUT	10
3444.147603475614	3444.306603475614	1	A	10
3444.306603475614	3444.562603475614	350	QUICK	10
3444.562603475614	3445.084603475614	402	STAB	10
3445.084603475614	3445.737603475614	464	VANQUISHED	10
3445.737603475614	3446.099603475614	207	HIM	10
3454.1365967065517	3454.7525967065517	115	CYCLICAL	42
3454.7525967065517	3454.8235967065516	99999	sp	42
3454.8235967065516	3455.4445967065517	346	PROGRAMS	42
3455.4445967065517	3455.5005967065517	99999	sp	42
3455.5005967065517	3455.6435967065518	485	WILL	42
3455.6435967065518	3456.0795967065515	281	NEVER	42
3456.0795967065515	3456.1485967065514	99999	sp	42
3456.1485967065514	3456.8475967065515	100	COMPILE	42
3464.7429999999995	3465.0869999999995	366	RICH	33
3465.0869999999995	3465.1669999999995	99999	sp	33
3465.1669999999995	3465.6849999999995	349	PURCHASED	33
3465.6849999999995	3466.091999999999	374	SEVERAL	33
3466.091999999999	3466.5999999999995	382	SIGNED	33
3466.5999999999995	3467.4729999999995	245	LITHOGRAPHS	33
3475.6155280256303	3475.87552802563	130	DRAW	20
3475.87552802563	3476.28452802563	145	EVERY	20
3476.28452802563	3476.6335280256303	308	OUTER	20
3476.6335280256303	3476.9795280256303	244	LINE	20
3476.9795280256303	3477.57852802563	156	FIRST	20
3477.57852802563	3477.69952802563	99999	sp	20
3477.69952802563	3477.9415280256303	436	THEN	20
3477.9415280256303	3478.21652802563	154	FILL	20
3478.21652802563	3478.39952802563	217	IN	20
3478.39952802563	3478.5395280256303	434	THE	20
3478.5395280256303	3479.25952802563	222	INTERIOR	20
3489.309402965564	3489.584402965564	108	COUNT	47
3489.584402965564	3489.656402965564	434	THE	47
3489.656402965564	3489.966402965564	289	NUMBER	47
3489.966402965564	3490.068402965564	294	OF	47
3490.068402965564	3490.108402965564	99999	sp	47
3490.108402965564	3490.613402965564	429	TEASPOONS	47
3490.613402965564	3490.731402965564	294	OF	47
3490.731402965564	3491.392402965564	395	SOYSAUCE	47
3491.392402965564	3491.439402965564	99999	sp	47
3491.439402965564	3491.6054029655643	433	THAT	47
3491.6054029655643	3491.853402965564	495	YOU	47
3491.853402965564	3492.264402965564	7	ADD	47
3501.248342864519	3501.6173428645193	46	BARB'S	19
3501.6173428645193	3501.7293428645194	99999	sp	19
3501.7293428645194	3502.0083428645194	188	GOLD	19
3502.0083428645194	3502.087342864519	99999	sp	19
3502.087342864519	3502.6443428645193	63	BRACELET	19
3502.6443428645193	3502.833342864519	472	WAS	19
3502.833342864519	3502.9593428645194	1	A	19
3502.9593428645194	3503.717342864519	193	GRADUATION	19
3503.717342864519	3504.1733428645193	339	PRESENT	19
3512.490850159918	3512.7108501599178	433	THAT	28
3512.7108501599178	3512.775850159918	99999	sp	28
3512.775850159918	3513.4448501599177	326	PICKPOCKET	28
3513.4448501599177	3513.6438501599177	472	WAS	28
3513.6438501599177	3513.716850159918	99999	sp	28
3513.716850159918	3513.970850159918	80	CAUGHT	28
3513.970850159918	3514.068850159918	99999	sp	28
3514.068850159918	3514.3468501599177	356	RED	28
3514.3468501599177	3515.017850159918	199	HANDED	28
3524.296728666071	3524.3867286660707	434	THE	8
3524.3867286660707	3525.024728666071	165	FRIGHTENED	8
3525.024728666071	3525.5657286660708	89	CHILD	8
3525.5657286660708	3525.8157286660708	472	WAS	8
3525.8157286660708	3526.182728666071	176	GENTLY	8
3526.182728666071	3526.8487286660707	410	SUBDUED	8
3526.8487286660707	3526.976728666071	73	BY	8
3526.976728666071	3527.3017286660706	208	HIS	8
3527.3017286660706	3527.6057286660707	52	BIG	8
3527.6057286660707	3528.0967286660707	66	BROTHER	8
3537.232948721686	3537.330948721686	1	A	40
3537.330948721686	3538.064948721686	371	SCREWDRIVER	40
3538.064948721686	3538.3339487216863	224	IS	40
3538.3339487216863	3538.5419487216864	252	MADE	40
3538.5419487216864	3538.828948721686	166	FROM	40
3538.828948721686	3539.448948721686	469	VODKA	40
3539.448948721686	3539.6089487216864	20	AND	40
3539.6089487216864	3539.991948721686	303	ORANGE	40
3539.991948721686	3540.422948721686	230	JUICE	40
3549.6634395489077	3549.812439548908	476	WE	46
3549.812439548908	3550.155439548908	241	LIKE	46
3550.155439548908	3550.401439548908	55	BLUE	46
3550.401439548908	3550.840439548908	88	CHEESE	46
3550.840439548908	3550.966439548908	99999	sp	46
3550.966439548908	3551.158439548908	70	BUT	46
3551.158439548908	3551.586439548908	466	VICTOR	46
3551.586439548908	3551.921439548908	242	LIKES	46
3551.921439548908	3552.025439548908	99999	sp	46
3552.025439548908	3552.394439548908	64	BRIE	46
3561.7207860607355	3562.5927860607353	17	AMBIDEXTROUS	24
3562.5927860607353	3562.7027860607354	99999	sp	24
3562.7027860607354	3563.5257860607353	327	PICKPOCKETS	24
3563.5257860607353	3564.3697860607354	6	ACCOMPLISH	24
3564.3697860607354	3564.7577860607353	267	MORE	24
3573.018779091463	3573.174779091463	210	HOW	36
3573.174779091463	3573.389779091463	128	DO	36
3573.389779091463	3573.955779091463	318	OYSTERS	36
3573.955779091463	3574.172779091463	253	MAKE	36
3574.172779091463	3574.2477790914627	99999	sp	36
3574.2477790914627	3574.813779091463	320	PEARLS	36
3583.675222712718	3583.9829612964627	145	EVERY	44
3583.9829612964627	3584.539023588873	74	CAB	44
3584.539023588873	3584.982349964466	280	NEEDS	44
3584.982349964466	3585.680093882065	364	REPAINTING	44
3585.680093882065	3586.278813007866	296	OFTEN	44
3593.7505262586383	3593.8515262586384	30	ARE	0
3593.8515262586384	3594.102526258638	496	YOUR	0
3594.102526258638	3594.4115262586383	192	GRADES	0
3594.4115262586383	3594.9045262586383	206	HIGHER	0
3594.9045262586383	3595.037526258638	302	OR	0
3595.037526258638	3595.481526258638	251	LOWER	0
3595.481526258638	3595.611526258638	432	THAN	0
3595.611526258638	3596.3515262586384	275	NANCY'S	0
3605.712691968201	3605.905691968201	204	HER	30
3605.905691968201	3606.517691968201	470	WARDROBE	30
3606.517691968201	3607.019691968201	102	CONSISTS	30
3607.019691968201	3607.161691968201	294	OF	30
3607.161691968201	3607.209691968201	99999	sp	30
3607.209691968201	3607.548691968201	298	ONLY	30
3607.548691968201	3608.0556919682012	385	SKIRTS	30
3608.0556919682012	3608.110691968201	99999	sp	30
3608.110691968201	3608.331691968201	20	AND	30
3608.331691968201	3609.058691968201	54	BLOUSES	30
3619.132963786328	3619.4729637863284	298	ONLY	15
3619.4729637863284	3619.634963786328	434	THE	15
3619.634963786328	3619.946963786328	51	BEST	15
3619.946963786328	3620.484963786328	330	PLAYERS	15
3620.484963786328	3621.060963786328	139	ENJOY	15
3621.060963786328	3621.892963786328	336	POPULARITY	15
3629.8028591878033	3630.2638591878035	405	STEVE	18
3630.2638591878035	3630.4618591878034	490	WORE	18
3630.4618591878034	3630.5918591878035	1	A	18
3630.5918591878035	3630.6308591878033	99999	sp	18
3630.6308591878033	3631.0098591878036	65	BRIGHT	18
3631.0098591878036	3631.3438591878034	356	RED	18
3631.3438591878034	3631.4088591878035	99999	sp	18
3631.4088591878035	3632.0208591878036	78	CASHMERE	18
3632.0208591878036	3632.6098591878035	420	SWEATER	18
3641.6675495865516	3642.2995495865516	183	GLUCOSE	11
3642.2995495865516	3642.4315495865517	20	AND	11
3642.4315495865517	3643.1595495865517	167	FRUCTOSE	11
3643.1595495865517	3643.2815495865516	30	ARE	11
3643.2815495865516	3643.8215495865516	276	NATURAL	11
3643.8215495865516	3644.3915495865517	414	SUGARS	11
3644.3915495865517	3644.7655495865515	163	FOUND	11
3644.7655495865515	3644.9585495865517	217	IN	11
3644.9585495865517	3645.5855495865517	168	FRUIT	11
3655.0793046666317	3655.3493046666317	210	HOW	49
3655.3493046666317	3655.5163046666316	189	GOOD	49
3655.5163046666316	3655.7263046666317	224	IS	49
3655.7263046666317	3655.8303046666315	496	YOUR	49
3655.8303046666315	3656.6613046666316	138	ENDURANCE	49
3665.680181292087	3665.806181292087	210	HOW	41
3665.806181292087	3666.0691812920873	269	MUCH	41
3666.0691812920873	3666.542181292087	16	ALLOWANCE	41
3666.542181292087	3666.595181292087	99999	sp	41
3666.595181292087	3666.698181292087	128	DO	41
3666.698181292087	3666.902181292087	495	YOU	41
3666.902181292087	3667.238181292087	177	GET	41
3667.238181292087	3667.287181292087	99999	sp	41
3676.579220618533	3676.6762206185326	434	THE	21
3676.6762206185326	3677.0272206185327	475	WATER	21
3677.0272206185327	3677.0752206185325	99999	sp	21
3677.0752206185325	3677.610220618533	103	CONTAINED	21
3677.610220618533	3677.688220618533	99999	sp	21
3677.688220618533	3677.8502206185326	448	TOO	21
3677.8502206185326	3678.1232206185327	269	MUCH	21
3678.1232206185327	3678.1942206185327	99999	sp	21
3678.1942206185327	3678.7742206185326	90	CHLORINE	21
3678.7742206185326	3678.9012206185325	20	AND	21
3678.9012206185325	3679.293220618533	409	STUNG	21
3679.293220618533	3679.5132206185326	208	HIS	21
3679.5132206185326	3680.0042206185326	149	EYES	21
3689.1696469915564	3689.266646991556	434	THE	43
3689.266646991556	3689.3256469915564	99999	sp	43
3689.3256469915564	3689.837646991556	61	BOSTON	43
3689.837646991556	3690.351646991556	45	BALLET	43
3690.351646991556	3691.112646991556	312	OVERCAME	43
3691.112646991556	3691.250646991556	435	THEIR	43
3691.250646991556	3691.842646991556	170	FUNDING	43
3691.842646991556	3692.6876469915564	380	SHORTAGE	43
3702.6923860231855	3702.8623860231855	76	CAN	39
3702.8623860231855	3702.9413860231857	434	THE	39
3702.9413860231857	3703.5703860231856	11	AGENCY	39
3703.5703860231856	3704.3113860231856	315	OVERTHROW	39
3704.3113860231856	3704.7583860231857	13	ALIEN	39
3704.7583860231857	3705.4433860231857	162	FORCES	39
3715.0323156940613	3715.505315694061	84	CHALLENGE	23
3715.505315694061	3715.602315694061	99999	sp	23
3715.602315694061	3715.882315694061	132	EACH	23
3715.882315694061	3715.9613156940613	99999	sp	23
3715.9613156940613	3716.583315694061	175	GENERAL'S	23
3716.583315694061	3717.640315694061	221	INTELLIGENCE	23
