24.729112735176297	25.028112735176297	490	WORE	1
25.028112735176297	25.5381127351763	471	WARM	1
25.5381127351763	26.1401127351763	158	FLEECY	1
26.1401127351763	26.7391127351763	489	WOOLEN	1
26.7391127351763	27.630112735176297	311	OVERALLS	1
36.603083371908085	36.966083371908084	354	READING	2
36.966083371908084	37.18408337190809	217	IN	2
37.18408337190809	37.44608337190808	335	POOR	2
37.44608337190808	37.78508337190808	240	LIGHT	2
37.78508337190808	37.932083371908085	99999	sp	2
37.932083371908085	38.23608337190808	181	GIVES	2
38.23608337190808	38.36708337190808	495	YOU	2
38.36708337190808	39.188083371908085	150	EYESTRAIN	2
48.816212626253915	49.11421262625392	142	EVEN	3
49.11421262625392	49.35721262625392	211	I	3
49.35721262625392	50.084212626253915	293	OCCASIONALLY	3
50.084212626253915	50.343212626253916	177	GET	3
50.343212626253916	50.41521262625392	434	THE	3
50.41521262625392	50.859212626253914	265	MONDAY	3
50.859212626253914	51.52521262625392	56	BLUES	3
60.45503892727884	60.59903892727885	476	WE	4
60.59903892727885	60.719038927278845	30	ARE	4
60.719038927278845	61.180038927278844	301	OPEN	4
61.180038927278844	61.66003892727885	145	EVERY	4
61.66003892727885	62.19903892727884	265	MONDAY	4
62.19903892727884	62.91803892727884	143	EVENING	4
73.86609211638486	74.05409211638485	226	IT'S	5
74.05409211638485	74.35409211638486	285	NOT	5
74.35409211638486	74.78509211638486	133	EASY	5
74.78509211638486	74.97109211638485	446	TO	5
74.97109211638485	75.51509211638486	113	CREATE	5
75.51509211638486	76.41909211638486	215	ILLUMINATING	5
76.41909211638486	77.42609211638485	146	EXAMPLES	5
87.4728889200395	87.7948889200395	270	MUM	6
87.7948889200395	88.4638889200395	407	STRONGLY	6
88.4638889200395	89.0758889200395	126	DISLIKES	6
89.0758889200395	90.2048889200395	27	APPETIZERS	6
101.40846415166183	101.72346415166183	443	THOSE	7
101.72346415166183	101.86546415166184	484	WHO	7
101.86546415166184	102.40146415166184	427	TEACH	7
102.40146415166184	103.11046415166183	462	VALUES	7
103.11046415166183	103.49846415166184	156	FIRST	7
103.49846415166184	104.10046415166184	4	ABOLISH	7
104.10046415166184	104.73646415166183	87	CHEATING	7
118.15422830750116	118.23722830750116	434	THE	8
118.23722830750116	118.83122830750116	165	FRIGHTENED	8
118.83122830750116	119.34622830750116	89	CHILD	8
119.34622830750116	119.63222830750115	472	WAS	8
119.63222830750115	120.03522830750116	176	GENTLY	8
120.03522830750116	120.69022830750116	410	SUBDUED	8
120.69022830750116	120.82422830750116	73	BY	8
120.82422830750116	121.15122830750116	208	HIS	8
121.15122830750116	121.37822830750116	88888	BIT	8
121.37822830750116	121.56922830750116	99999	sp	8
121.56922830750116	121.85122830750116	52	BIG	8
121.85122830750116	121.91822830750115	99999	sp	8
121.91822830750115	122.41922830750116	66	BROTHER	8
133.15092949482175	133.42792949482174	142	EVEN	9
133.42792949482174	133.51092949482177	1	A	9
133.51092949482177	133.97192949482178	383	SIMPLE	9
133.97192949482178	134.99992949482174	468	VOCABULARY	9
134.99992949482174	135.58992949482177	104	CONTAINS	9
135.58992949482177	136.44092949482177	422	SYMBOLS	9
147.96131010093023	148.12131010093023	1	A	10
148.12131010093023	148.49331010093024	110	CRAB	10
148.49331010093024	148.59531010093022	99999	sp	10
148.59531010093022	149.18931010093024	85	CHALLENGED	10
149.18931010093024	149.54931010093023	258	ME	10
149.54931010093023	149.64931010093022	99999	sp	10
149.64931010093022	149.71431010093022	70	BUT	10
149.71431010093022	149.90231010093024	1	A	10
149.90231010093024	150.13431010093024	350	QUICK	10
150.13431010093024	150.64731010093024	402	STAB	10
150.64731010093024	151.32331010093023	464	VANQUISHED	10
151.32331010093023	151.68131010093023	207	HIM	10
163.4215947587385	164.1545947587385	183	GLUCOSE	11
164.1545947587385	164.31759475873852	20	AND	11
164.31759475873852	165.05759475873853	167	FRUCTOSE	11
165.05759475873853	165.20059475873853	30	ARE	11
165.20059475873853	165.7375947587385	276	NATURAL	11
165.7375947587385	166.29059475873854	414	SUGARS	11
166.29059475873854	166.67059475873853	163	FOUND	11
166.67059475873853	166.87359475873853	217	IN	11
166.87359475873853	167.54259475873852	168	FRUIT	11
176.73604417658996	176.84504417658994	30	ARE	12
176.84504417658994	177.05504417658994	495	YOU	12
177.05504417658994	177.38504417658996	250	LOOKING	12
177.38504417658996	177.53904417658995	161	FOR	12
177.53904417658995	178.46004417658995	136	EMPLOYMENT	12
191.5642006970102	191.9532006970102	98	COFFEE	13
191.9532006970102	192.1152006970102	224	IS	13
192.1152006970102	192.4692006970102	198	GROWN	13
192.4692006970102	192.8152006970102	297	ON	13
192.8152006970102	193.36620069701019	404	STEEP	13
193.36620069701019	193.4652006970102	99999	sp	13
193.4652006970102	193.9242006970102	231	JUNGLE	13
193.9242006970102	194.1802006970102	241	LIKE	13
194.1802006970102	194.7722006970102	390	SLOPES	13
194.7722006970102	194.9932006970102	217	IN	13
194.9932006970102	195.5632006970102	431	TEMPERATE	13
195.5632006970102	196.2652006970102	497	ZONES	13
206.08550224627132	206.2125022462713	476	WE	14
206.2125022462713	206.7025022462713	480	WELCOME	14
206.7025022462713	207.00150224627131	256	MANY	14
207.00150224627131	207.24550224627131	282	NEW	14
207.24550224627131	207.8375022462713	408	STUDENTS	14
207.8375022462713	207.93050224627132	99999	sp	14
207.93050224627132	208.25150224627131	132	EACH	14
208.25150224627131	208.6455022462713	491	YEAR	14
219.11645058866898	219.446450588669	298	ONLY	15
219.446450588669	219.653450588669	434	THE	15
219.653450588669	219.90245058866898	51	BEST	15
219.90245058866898	219.99545058866897	99999	sp	15
219.99545058866897	220.552450588669	330	PLAYERS	15
220.552450588669	221.08645058866898	139	ENJOY	15
221.08645058866898	221.14645058866898	99999	sp	15
221.14645058866898	222.09045058866897	336	POPULARITY	15
231.95677169027508	232.48077169027508	75	CALCIUM	16
232.48077169027508	232.83777169027508	254	MAKES	16
232.83777169027508	232.92477169027507	99999	sp	16
232.92477169027507	233.36177169027508	58	BONES	16
233.36177169027508	233.59977169027508	20	AND	16
233.59977169027508	233.88177169027506	430	TEETH	16
233.88177169027506	234.60877169027506	406	STRONG	16
244.5099479234992	244.91794792349918	286	NOTHING	17
244.91794792349918	245.1519479234992	224	IS	17
245.1519479234992	245.35694792349918	34	AS	17
245.35694792349918	246.0859479234992	295	OFFENSIVE	17
246.0859479234992	246.3669479234992	34	AS	17
246.3669479234992	246.48294792349918	99999	sp	17
246.48294792349918	247.3249479234992	219	INNOCENCE	17
257.82250518258235	258.39750518258234	405	STEVE	18
258.39750518258234	258.60150518258234	490	WORE	18
258.60150518258234	258.73850518258234	1	A	18
258.73850518258234	258.81950518258236	99999	sp	18
258.81950518258236	259.20950518258235	65	BRIGHT	18
259.20950518258235	259.5635051825824	356	RED	18
259.5635051825824	259.6405051825824	99999	sp	18
259.6405051825824	260.2585051825823	78	CASHMERE	18
260.2585051825823	260.91150518258235	420	SWEATER	18
271.13568179592113	271.5716817959211	46	BARB'S	19
271.5716817959211	271.9106817959211	188	GOLD	19
271.9106817959211	272.48668179592113	63	BRACELET	19
272.48668179592113	272.68568179592114	472	WAS	19
272.68568179592114	272.80868179592113	1	A	19
272.80868179592113	273.6556817959211	193	GRADUATION	19
273.6556817959211	274.13068179592113	339	PRESENT	19
286.04156500117506	286.35956500117504	130	DRAW	20
286.35956500117504	286.83556500117504	145	EVERY	20
286.83556500117504	287.19056500117506	308	OUTER	20
287.19056500117506	287.56156500117504	244	LINE	20
287.56156500117504	288.22256500117504	156	FIRST	20
288.22256500117504	288.40756500117504	99999	sp	20
288.40756500117504	288.704565001175	436	THEN	20
288.704565001175	289.00156500117504	154	FILL	20
289.00156500117504	289.23256500117503	217	IN	20
289.23256500117503	289.34056500117504	434	THE	20
289.34056500117504	290.132565001175	222	INTERIOR	20
300.8447342384302	300.9177342384302	434	THE	21
300.9177342384302	301.3337342384302	475	WATER	21
301.3337342384302	301.9677342384302	103	CONTAINED	21
301.9677342384302	302.1647342384302	448	TOO	21
302.1647342384302	302.5177342384302	269	MUCH	21
302.5177342384302	303.0567342384302	90	CHLORINE	21
303.0567342384302	303.2887342384302	20	AND	21
303.2887342384302	303.7417342384302	409	STUNG	21
303.7417342384302	303.9977342384302	208	HIS	21
303.9977342384302	304.5667342384302	149	EYES	21
314.226612805509	314.70161280550894	229	JOHN'S	22
314.70161280550894	315.01361280550896	66	BROTHER	22
315.01361280550896	315.81461280550894	363	REPAINTED	22
315.81461280550894	315.99261280550894	434	THE	22
315.99261280550894	316.52661280550893	173	GARAGE	22
316.52661280550893	316.93961280550894	129	DOOR	22
326.6326396758688	327.1166396758688	84	CHALLENGE	23
327.1166396758688	327.2116396758688	99999	sp	23
327.2116396758688	327.5776396758688	132	EACH	23
327.5776396758688	328.2186396758688	175	GENERAL'S	23
328.2186396758688	329.2896396758688	221	INTELLIGENCE	23
341.0036233694714	341.9366233694714	17	AMBIDEXTROUS	24
341.9366233694714	342.04162336947144	99999	sp	24
342.04162336947144	342.81262336947145	327	PICKPOCKETS	24
342.81262336947145	342.89962336947144	99999	sp	24
342.89962336947144	343.76962336947145	6	ACCOMPLISH	24
343.76962336947145	344.25462336947146	267	MORE	24
355.52114693941917	355.57914693941916	1	A	25
355.57914693941916	356.25714693941916	271	MUSCULAR	25
356.25714693941916	356.92614693941914	2	ABDOMEN	25
356.92614693941914	357.21614693941916	224	IS	25
357.21614693941916	357.41114693941915	189	GOOD	25
357.41114693941915	357.60314693941916	161	FOR	25
357.60314693941916	357.8261469394192	496	YOUR	25
357.8261469394192	358.34614693941916	43	BACK	25
368.39676529694003	368.64676529694003	438	THEY	26
368.64676529694003	368.87776529694	317	OWN	26
368.87776529694	369.06476529694004	1	A	26
369.06476529694004	369.28576529694004	52	BIG	26
369.28576529694004	369.79276529694005	209	HOUSE	26
369.79276529694005	369.93676529694005	217	IN	26
369.93676529694005	370.02076529694	434	THE	26
370.02076529694	370.59276529694	361	REMOTE	26
370.59276529694	371.48676529694	109	COUNTRYSIDE	26
381.7263603679092	381.8533603679092	434	THE	27
381.8533603679092	382.36536036790915	369	ROSE	27
382.36536036790915	383.10736036790917	106	CORSAGE	27
383.10736036790917	383.6813603679092	393	SMELLED	27
383.6813603679092	384.46536036790917	421	SWEET	27
394.7449564530324	395.03795645303234	433	THAT	28
395.03795645303234	395.7739564530324	326	PICKPOCKET	28
395.7739564530324	396.0549564530324	472	WAS	28
396.0549564530324	396.42895645303236	80	CAUGHT	28
396.42895645303236	396.6919564530324	356	RED	28
396.6919564530324	397.40495645303236	199	HANDED	28
408.77518773288824	408.86818773288826	19	AN	29
408.86818773288826	409.31818773288825	9	ADULT	29
409.31818773288825	409.4321877328883	99999	sp	29
409.4321877328883	409.80318773288826	255	MALE	29
409.80318773288826	410.4341877328883	42	BABOON'S	29
410.4341877328883	410.8071877328883	430	TEETH	29
410.8071877328883	410.9011877328883	99999	sp	29
410.9011877328883	411.0401877328883	30	ARE	29
411.0401877328883	411.30118773288825	285	NOT	29
411.30118773288825	411.86318773288826	415	SUITABLE	29
411.86318773288826	412.0881877328883	161	FOR	29
412.0881877328883	412.52518773288824	135	EATING	29
412.52518773288824	413.39718773288826	376	SHELLFISH	29
424.2714456134452	424.4614456134452	204	HER	30
424.4614456134452	425.1054456134452	470	WARDROBE	30
425.1054456134452	425.6434456134452	102	CONSISTS	30
425.6434456134452	425.8364456134452	294	OF	30
425.8364456134452	426.1744456134452	298	ONLY	30
426.1744456134452	426.7814456134452	385	SKIRTS	30
426.7814456134452	427.0424456134452	20	AND	30
427.0424456134452	427.7544456134452	54	BLOUSES	30
438.1335448952415	438.3115448952415	434	THE	31
438.3115448952415	438.5715448952415	453	TWO	31
438.5715448952415	439.1505448952415	33	ARTISTS	31
439.1505448952415	440.0645448952415	147	EXCHANGED	31
440.0645448952415	441.0085448952415	39	AUTOGRAPHS	31
450.9511439696496	451.6071439696496	71	BUTTERSCOTCH	32
451.6071439696496	452.1221439696496	169	FUDGE	32
452.1221439696496	452.3781439696496	186	GOES	32
452.3781439696496	452.7041439696496	481	WELL	32
452.7041439696496	452.8791439696496	487	WITH	32
452.8791439696496	453.4021439696496	463	VANILLA	32
453.4021439696496	453.7321439696496	212	ICE	32
453.7321439696496	454.1641439696496	112	CREAM	32
465.326720348346	465.727720348346	366	RICH	33
465.727720348346	466.254720348346	349	PURCHASED	33
466.254720348346	466.771720348346	374	SEVERAL	33
466.771720348346	467.353720348346	382	SIGNED	33
467.353720348346	468.36172034834595	245	LITHOGRAPHS	33
479.19373108225534	479.46773108225534	24	ANY	34
479.46773108225534	480.4827310822554	105	CONTRIBUTIONS	34
480.4827310822554	480.72673108225536	485	WILL	34
480.72673108225536	481.01973108225536	47	BE	34
481.01973108225536	481.5427310822554	195	GREATLY	34
481.5427310822554	482.64073108225534	28	APPRECIATED	34
492.8861470911925	493.0481470911925	434	THE	35
493.0481470911925	493.69314709119254	111	CRANBERRY	35
493.69314709119254	494.1001470911925	57	BOG	35
494.1001470911925	494.45514709119254	178	GETS	35
494.45514709119254	494.8391470911925	465	VERY	35
494.8391470911925	495.2621470911925	340	PRETTY	35
495.2621470911925	495.47214709119254	217	IN	35
495.47214709119254	496.0071470911925	40	AUTUMN	35
506.2522339210403	506.4492339210403	210	HOW	36
506.4492339210403	506.6572339210403	128	DO	36
506.6572339210403	507.2182339210403	318	OYSTERS	36
507.2182339210403	507.4312339210403	253	MAKE	36
507.4312339210403	507.4912339210403	99999	sp	36
507.4912339210403	508.0692339210403	320	PEARLS	36
519.5469321878714	519.6199321878714	99999	sp	37
519.6199321878714	519.7769321878715	257	MAY	37
519.7769321878715	519.9859321878714	211	I	37
519.9859321878714	520.3599321878714	304	ORDER	37
520.3599321878714	520.5619321878714	1	A	37
520.5619321878714	521.1569321878715	319	PARFAIT	37
521.1569321878715	521.7879321878714	10	AFTER	37
521.7879321878714	521.9559321878714	211	I	37
521.9559321878714	522.2379321878715	134	EAT	37
522.2379321878715	522.7449321878714	124	DINNER	37
530.885492784909	530.989492784909	224	IS	38
530.989492784909	531.2884927849091	375	SHE	38
531.2884927849091	531.626492784909	187	GOING	38
531.626492784909	531.864492784909	487	WITH	38
531.864492784909	532.085492784909	495	YOU	38
541.5840873579874	541.7840873579875	76	CAN	39
541.7840873579875	541.8450873579875	434	THE	39
541.8450873579875	542.6150873579875	11	AGENCY	39
542.6150873579875	543.3350873579875	315	OVERTHROW	39
543.3350873579875	543.8850873579875	13	ALIEN	39
543.8850873579875	544.6490873579875	162	FORCES	39
555.0324424050416	555.1154424050417	1	A	40
555.1154424050417	555.9234424050417	371	SCREWDRIVER	40
555.9234424050417	556.1744424050416	224	IS	40
556.1744424050416	556.4134424050417	252	MADE	40
556.4134424050417	556.7324424050416	166	FROM	40
556.7324424050416	557.3714424050416	469	VODKA	40
557.3714424050416	557.6044424050416	20	AND	40
557.6044424050416	557.9724424050416	303	ORANGE	40
557.9724424050416	558.4824424050416	230	JUICE	40
566.9384381212897	567.1014381212897	210	HOW	41
567.1014381212897	567.4164381212896	269	MUCH	41
567.4164381212896	567.9804381212897	16	ALLOWANCE	41
567.9804381212897	568.0714381212897	128	DO	41
568.0714381212897	568.2724381212896	495	YOU	41
568.2724381212896	568.5814381212897	177	GET	41
579.6136684239132	580.3266684239132	115	CYCLICAL	42
580.3266684239132	580.9846684239131	346	PROGRAMS	42
580.9846684239131	581.1076684239132	485	WILL	42
581.1076684239132	581.5996684239132	281	NEVER	42
581.5996684239132	582.3826684239132	100	COMPILE	42
593.759570433548	593.911570433548	434	THE	43
593.911570433548	594.438570433548	61	BOSTON	43
594.438570433548	594.977570433548	45	BALLET	43
594.977570433548	595.027570433548	99999	sp	43
595.027570433548	595.7325704335481	312	OVERCAME	43
595.7325704335481	595.929570433548	435	THEIR	43
595.929570433548	596.544570433548	170	FUNDING	43
596.544570433548	597.407570433548	380	SHORTAGE	43
607.5400501695406	607.9430501695406	145	EVERY	44
607.9430501695406	608.4060501695405	74	CAB	44
608.4060501695405	608.8310501695406	280	NEEDS	44
608.8310501695406	609.0550501695406	88888	RE	44
609.0550501695406	609.3820501695405	99999	sp	44
609.3820501695405	610.2490501695405	364	REPAINTING	44
610.2490501695405	610.3080501695406	99999	sp	44
610.3080501695406	610.8640501695405	296	OFTEN	44
621.2419019812842	621.5349019812842	203	HELP	45
621.5349019812842	621.6279019812841	99999	sp	45
621.6279019812841	621.9279019812842	196	GREG	45
621.9279019812842	622.0129019812841	99999	sp	45
622.0129019812841	622.2269019812842	446	TO	45
622.2269019812842	622.5099019812842	325	PICK	45
622.5099019812842	622.6389019812842	1	A	45
622.6389019812842	622.7279019812842	99999	sp	45
622.7279019812842	623.0739019812842	321	PECK	45
623.0739019812842	623.2399019812842	294	OF	45
623.2399019812842	623.3059019812841	99999	sp	45
623.3059019812841	624.1149019812842	338	POTATOES	45
634.1317828214538	634.2877828214538	476	WE	46
634.2877828214538	634.6957828214538	241	LIKE	46
634.6957828214538	634.9527828214538	55	BLUE	46
634.9527828214538	635.4137828214538	88	CHEESE	46
635.4137828214538	635.5407828214538	99999	sp	46
635.5407828214538	635.7437828214538	70	BUT	46
635.7437828214538	636.1797828214538	466	VICTOR	46
636.1797828214538	636.5107828214537	242	LIKES	46
636.5107828214537	636.6357828214537	99999	sp	46
636.6357828214537	636.9877828214538	64	BRIE	46
648.3535662612844	648.6425662612844	108	COUNT	47
648.6425662612844	648.7315662612845	434	THE	47
648.7315662612845	649.0975662612844	289	NUMBER	47
649.0975662612844	649.3165662612844	294	OF	47
649.3165662612844	649.9435662612844	429	TEASPOONS	47
649.9435662612844	650.0945662612844	294	OF	47
650.0945662612844	650.8115662612845	395	SOYSAUCE	47
650.8115662612845	650.8905662612844	99999	sp	47
650.8905662612844	651.0475662612844	433	THAT	47
651.0475662612844	651.2375662612844	495	YOU	47
651.2375662612844	651.6505662612844	7	ADD	47
661.3259263257471	661.9919263257472	44	BAGPIPES	48
661.9919263257472	662.2479263257471	20	AND	48
662.2479263257471	662.9119263257471	59	BONGOS	48
662.9119263257471	663.0299263257472	30	ARE	48
663.0299263257472	663.6509263257472	273	MUSICAL	48
663.6509263257472	664.5639263257472	220	INSTRUMENTS	48
673.5616947810825	673.8496947810825	210	HOW	49
673.8496947810825	674.0466947810825	189	GOOD	49
674.0466947810825	674.2936947810825	224	IS	49
674.2936947810825	674.4596947810825	496	YOUR	49
674.4596947810825	675.3466947810825	138	ENDURANCE	49
1356.5964622618435	1356.6814622618433	30	ARE	0
1356.6814622618433	1356.8814622618434	496	YOUR	0
1356.8814622618434	1357.2044622618434	192	GRADES	0
1357.2044622618434	1357.6884622618434	206	HIGHER	0
1357.6884622618434	1357.7934622618434	302	OR	0
1357.7934622618434	1358.1624622618433	251	LOWER	0
1358.1624622618433	1358.3214622618434	432	THAN	0
1358.3214622618434	1359.0894622618434	275	NANCY'S	0
1367.7823501904502	1368.0463501904503	375	SHE	1
1368.0463501904503	1368.4253501904502	490	WORE	1
1368.4253501904502	1368.8353501904503	471	WARM	1
1368.8353501904503	1369.4433501904502	158	FLEECY	1
1369.4433501904502	1369.9653501904502	489	WOOLEN	1
1369.9653501904502	1370.8513501904501	311	OVERALLS	1
1379.4945979269125	1379.8325979269127	354	READING	2
1379.8325979269127	1380.0495979269126	217	IN	2
1380.0495979269126	1380.3035979269127	335	POOR	2
1380.3035979269127	1380.6815979269127	240	LIGHT	2
1380.6815979269127	1380.9345979269126	181	GIVES	2
1380.9345979269126	1381.0925979269127	495	YOU	2
1381.0925979269127	1381.8345979269127	150	EYESTRAIN	2
1390.7661911607738	1391.078191160774	142	EVEN	3
1391.078191160774	1391.338191160774	211	I	3
1391.338191160774	1391.9781911607738	293	OCCASIONALLY	3
1391.9781911607738	1392.224191160774	177	GET	3
1392.224191160774	1392.2981911607737	434	THE	3
1392.2981911607737	1392.8161911607738	265	MONDAY	3
1392.8161911607738	1393.4181911607739	56	BLUES	3
1401.455091468827	1401.596091468827	476	WE	4
1401.596091468827	1401.7310914688271	30	ARE	4
1401.7310914688271	1402.183091468827	301	OPEN	4
1402.183091468827	1402.5860914688271	145	EVERY	4
1402.5860914688271	1402.998091468827	265	MONDAY	4
1402.998091468827	1403.688091468827	143	EVENING	4
1412.8318661349294	1413.0498661349295	226	IT'S	5
1413.0498661349295	1413.2678661349294	285	NOT	5
1413.2678661349294	1413.6508661349294	133	EASY	5
1413.6508661349294	1413.8178661349295	446	TO	5
1413.8178661349295	1414.3088661349295	113	CREATE	5
1414.3088661349295	1415.0758661349294	215	ILLUMINATING	5
1415.0758661349294	1415.9728661349295	146	EXAMPLES	5
1424.7522018813388	1425.0632018813387	270	MUM	6
1425.0632018813387	1425.8132018813387	407	STRONGLY	6
1425.8132018813387	1426.3802018813387	126	DISLIKES	6
1426.3802018813387	1427.449201881339	27	APPETIZERS	6
1437.0826996821377	1437.3766996821378	443	THOSE	7
1437.3766996821378	1437.5466996821376	484	WHO	7
1437.5466996821376	1437.8476996821378	427	TEACH	7
1437.8476996821378	1438.4366996821377	462	VALUES	7
1438.4366996821377	1438.8076996821376	156	FIRST	7
1438.8076996821376	1439.4156996821375	4	ABOLISH	7
1439.4156996821375	1439.9716996821376	87	CHEATING	7
1449.616260155759	1449.685260155759	434	THE	8
1449.685260155759	1450.300260155759	165	FRIGHTENED	8
1450.300260155759	1450.817260155759	89	CHILD	8
1450.817260155759	1451.038260155759	472	WAS	8
1451.038260155759	1451.411260155759	176	GENTLY	8
1451.411260155759	1452.0442601557588	410	SUBDUED	8
1452.0442601557588	1452.154260155759	73	BY	8
1452.154260155759	1452.392260155759	208	HIS	8
1452.392260155759	1452.489260155759	99999	sp	8
1452.489260155759	1452.694260155759	52	BIG	8
1452.694260155759	1452.780260155759	99999	sp	8
1452.780260155759	1453.270260155759	66	BROTHER	8
1463.0337014045367	1463.275701404537	142	EVEN	9
1463.275701404537	1463.351701404537	1	A	9
1463.351701404537	1463.7797014045368	383	SIMPLE	9
1463.7797014045368	1464.8067014045369	468	VOCABULARY	9
1464.8067014045369	1465.407701404537	104	CONTAINS	9
1465.407701404537	1466.1877014045367	422	SYMBOLS	9
1475.4587591801383	1475.6377591801383	1	A	10
1475.6377591801383	1476.0877591801384	110	CRAB	10
1476.0877591801384	1476.6537591801382	85	CHALLENGED	10
1476.6537591801382	1477.0477591801382	258	ME	10
1477.0477591801382	1477.1437591801382	70	BUT	10
1477.1437591801382	1477.3107591801383	1	A	10
1477.3107591801383	1477.5357591801383	350	QUICK	10
1477.5357591801383	1478.0607591801383	402	STAB	10
1478.0607591801383	1478.1357591801382	99999	sp	10
1478.1357591801382	1478.7217591801384	464	VANQUISHED	10
1478.7217591801384	1479.0557591801382	207	HIM	10
1489.7709648092446	1490.3289648092446	183	GLUCOSE	11
1490.3289648092446	1490.4869648092447	20	AND	11
1490.4869648092447	1491.1899648092447	167	FRUCTOSE	11
1491.1899648092447	1491.3499648092447	30	ARE	11
1491.3499648092447	1491.9069648092445	276	NATURAL	11
1491.9069648092445	1492.4399648092447	414	SUGARS	11
1492.4399648092447	1492.7549648092447	163	FOUND	11
1492.7549648092447	1492.9399648092447	217	IN	11
1492.9399648092447	1493.5769648092446	168	FRUIT	11
1500.8144172981224	1500.8934172981224	99999	sp	12
1500.8934172981224	1501.0044172981225	30	ARE	12
1501.0044172981225	1501.1814172981224	495	YOU	12
1501.1814172981224	1501.5644172981224	250	LOOKING	12
1501.5644172981224	1501.7064172981225	161	FOR	12
1501.7064172981225	1502.3764172981223	136	EMPLOYMENT	12
1514.179883662589	1514.5938836625892	98	COFFEE	13
1514.5938836625892	1514.832883662589	224	IS	13
1514.832883662589	1515.096883662589	198	GROWN	13
1515.096883662589	1515.3058836625892	297	ON	13
1515.3058836625892	1515.9598836625892	404	STEEP	13
1515.9598836625892	1516.0468836625892	99999	sp	13
1516.0468836625892	1516.4418836625891	231	JUNGLE	13
1516.4418836625891	1516.735883662589	241	LIKE	13
1516.735883662589	1517.361883662589	390	SLOPES	13
1517.361883662589	1517.579883662589	217	IN	13
1517.579883662589	1518.036883662589	431	TEMPERATE	13
1518.036883662589	1518.7308836625891	497	ZONES	13
1527.1885604466231	1527.308560446623	476	WE	14
1527.308560446623	1527.785560446623	480	WELCOME	14
1527.785560446623	1528.087560446623	256	MANY	14
1528.087560446623	1528.314560446623	282	NEW	14
1528.314560446623	1528.9265604466232	408	STUDENTS	14
1528.9265604466232	1529.2165604466231	132	EACH	14
1529.2165604466231	1529.6475604466232	491	YEAR	14
1538.9381675360921	1539.271167536092	298	ONLY	15
1539.271167536092	1539.461167536092	434	THE	15
1539.461167536092	1539.785167536092	51	BEST	15
1539.785167536092	1540.238167536092	330	PLAYERS	15
1540.238167536092	1540.8011675360922	139	ENJOY	15
1540.8011675360922	1541.691167536092	336	POPULARITY	15
1550.1424073581775	1550.6704073581777	75	CALCIUM	16
1550.6704073581777	1550.9474073581775	254	MAKES	16
1550.9474073581775	1551.0454073581777	99999	sp	16
1551.0454073581777	1551.3784073581776	58	BONES	16
1551.3784073581776	1551.6394073581776	20	AND	16
1551.6394073581776	1552.0374073581777	430	TEETH	16
1552.0374073581777	1552.7684073581777	406	STRONG	16
1561.3491883825225	1561.8531883825226	286	NOTHING	17
1561.8531883825226	1562.0061883825224	224	IS	17
1562.0061883825224	1562.2081883825226	34	AS	17
1562.2081883825226	1562.8461883825225	295	OFFENSIVE	17
1562.8461883825225	1563.2131883825225	34	AS	17
1563.2131883825225	1564.0491883825225	219	INNOCENCE	17
1575.1207648486113	1575.5937648486113	405	STEVE	18
1575.5937648486113	1575.7907648486112	490	WORE	18
1575.7907648486112	1575.9647648486114	1	A	18
1575.9647648486114	1576.3327648486113	65	BRIGHT	18
1576.3327648486113	1576.7257648486113	356	RED	18
1576.7257648486113	1577.3927648486113	78	CASHMERE	18
1577.3927648486113	1578.0487648486112	420	SWEATER	18
1586.6440002997065	1587.0770002997065	46	BARB'S	19
1587.0770002997065	1587.3920002997065	188	GOLD	19
1587.3920002997065	1587.9420002997065	63	BRACELET	19
1587.9420002997065	1588.1070002997064	472	WAS	19
1588.1070002997064	1588.2300002997065	1	A	19
1588.2300002997065	1588.9880002997065	193	GRADUATION	19
1588.9880002997065	1589.4800002997065	339	PRESENT	19
1599.9805576941105	1600.2295576941106	130	DRAW	20
1600.2295576941106	1600.6405576941106	145	EVERY	20
1600.6405576941106	1600.9605576941105	308	OUTER	20
1600.9605576941105	1601.3095576941107	244	LINE	20
1601.3095576941107	1601.9055576941107	156	FIRST	20
1601.9055576941107	1602.0095576941105	99999	sp	20
1602.0095576941105	1602.2515576941107	436	THEN	20
1602.2515576941107	1602.6105576941106	154	FILL	20
1602.6105576941106	1602.8375576941105	217	IN	20
1602.8375576941105	1602.9505576941106	434	THE	20
1602.9505576941106	1603.6915576941105	222	INTERIOR	20
1613.1951006002253	1613.2741006002252	434	THE	21
1613.2741006002252	1613.7081006002252	475	WATER	21
1613.7081006002252	1614.2431006002253	103	CONTAINED	21
1614.2431006002253	1614.3261006002251	99999	sp	21
1614.3261006002251	1614.4841006002252	448	TOO	21
1614.4841006002252	1614.8361006002253	269	MUCH	21
1614.8361006002253	1615.424100600225	90	CHLORINE	21
1615.424100600225	1615.5941006002251	20	AND	21
1615.5941006002251	1616.0141006002252	409	STUNG	21
1616.0141006002252	1616.2711006002253	208	HIS	21
1616.2711006002253	1616.8141006002252	149	EYES	21
1626.1839134311308	1626.5949134311306	229	JOHN'S	22
1626.5949134311306	1626.8689134311307	66	BROTHER	22
1626.8689134311307	1627.6039134311306	363	REPAINTED	22
1627.6039134311306	1627.7479134311307	434	THE	22
1627.7479134311307	1628.1859134311308	173	GARAGE	22
1628.1859134311308	1628.2619134311308	99999	sp	22
1628.2619134311308	1628.6759134311305	129	DOOR	22
1637.400197329708	1637.9061973297078	84	CHALLENGE	23
1637.9061973297078	1638.2891973297078	132	EACH	23
1638.2891973297078	1638.9041973297078	175	GENERAL'S	23
1638.9041973297078	1639.9111973297079	221	INTELLIGENCE	23
1648.945082984895	1649.0370829848948	99999	sp	24
1649.0370829848948	1649.933082984895	17	AMBIDEXTROUS	24
1649.933082984895	1650.704082984895	327	PICKPOCKETS	24
1650.704082984895	1651.4190829848949	6	ACCOMPLISH	24
1651.4190829848949	1651.867082984895	267	MORE	24
1660.110690534535	1660.1726905345351	1	A	25
1660.1726905345351	1660.8296905345348	271	MUSCULAR	25
1660.8296905345348	1661.497690534535	2	ABDOMEN	25
1661.497690534535	1661.749690534535	224	IS	25
1661.749690534535	1661.948690534535	189	GOOD	25
1661.948690534535	1662.078690534535	161	FOR	25
1662.078690534535	1662.298690534535	496	YOUR	25
1662.298690534535	1662.821690534535	43	BACK	25
1671.365293607192	1671.5582936071921	438	THEY	26
1671.5582936071921	1671.803293607192	317	OWN	26
1671.803293607192	1672.004293607192	1	A	26
1672.004293607192	1672.238293607192	52	BIG	26
1672.238293607192	1672.746293607192	209	HOUSE	26
1672.746293607192	1672.8582936071919	217	IN	26
1672.8582936071919	1672.9332936071921	434	THE	26
1672.9332936071921	1673.510293607192	361	REMOTE	26
1673.510293607192	1674.381293607192	109	COUNTRYSIDE	26
1682.3361875822143	1682.4381875822144	434	THE	27
1682.4381875822144	1682.8451875822143	369	ROSE	27
1682.8451875822143	1683.4371875822144	106	CORSAGE	27
1683.4371875822144	1683.9252698620487	393	SMELLED	27
1683.9252698620487	1684.726543288886	421	SWEET	27
1692.359118017691	1692.540118017691	433	THAT	28
1692.540118017691	1692.625118017691	99999	sp	28
1692.625118017691	1693.239118017691	326	PICKPOCKET	28
1693.239118017691	1693.441118017691	472	WAS	28
1693.441118017691	1693.511118017691	99999	sp	28
1693.511118017691	1693.8251180176908	80	CAUGHT	28
1693.8251180176908	1694.0821180176908	356	RED	28
1694.0821180176908	1694.7081180176908	199	HANDED	28
1704.7918675680562	1704.895867568056	19	AN	29
1704.895867568056	1705.431867568056	9	ADULT	29
1705.431867568056	1705.7848675680561	255	MALE	29
1705.7848675680561	1706.374867568056	42	BABOON'S	29
1706.374867568056	1706.702867568056	430	TEETH	29
1706.702867568056	1706.777867568056	99999	sp	29
1706.777867568056	1706.932867568056	30	ARE	29
1706.932867568056	1707.2438675680562	285	NOT	29
1707.2438675680562	1707.699867568056	415	SUITABLE	29
1707.699867568056	1707.989867568056	161	FOR	29
1707.989867568056	1708.317867568056	135	EATING	29
1708.317867568056	1709.122867568056	376	SHELLFISH	29
1719.133660627135	1719.327660627135	204	HER	30
1719.327660627135	1719.855660627135	470	WARDROBE	30
1719.855660627135	1719.8986606271349	99999	sp	30
1719.8986606271349	1720.395660627135	102	CONSISTS	30
1720.395660627135	1720.6016606271348	294	OF	30
1720.6016606271348	1720.9286606271348	298	ONLY	30
1720.9286606271348	1721.443660627135	385	SKIRTS	30
1721.443660627135	1721.615660627135	20	AND	30
1721.615660627135	1722.2666606271348	54	BLOUSES	30
1731.5119632875992	1731.6769632875992	434	THE	31
1731.6769632875992	1731.9269632875992	453	TWO	31
1731.9269632875992	1732.410963287599	33	ARTISTS	31
1732.410963287599	1732.4629632875992	99999	sp	31
1732.4629632875992	1733.2049632875992	147	EXCHANGED	31
1733.2049632875992	1734.085963287599	39	AUTOGRAPHS	31
1743.8800202804357	1744.5990202804355	71	BUTTERSCOTCH	32
1744.5990202804355	1745.0440202804357	169	FUDGE	32
1745.0440202804357	1745.3480202804355	186	GOES	32
1745.3480202804355	1745.5990202804355	481	WELL	32
1745.5990202804355	1745.8690202804355	487	WITH	32
1745.8690202804355	1746.4070202804355	463	VANILLA	32
1746.4070202804355	1746.7730202804355	212	ICE	32
1746.7730202804355	1747.1190202804355	112	CREAM	32
1756.5328797744494	1756.8518797744493	366	RICH	33
1756.8518797744493	1756.9438797744494	99999	sp	33
1756.9438797744494	1757.4858797744494	349	PURCHASED	33
1757.4858797744494	1757.9948797744494	374	SEVERAL	33
1757.9948797744494	1758.5688797744494	382	SIGNED	33
1758.5688797744494	1759.4518797744495	245	LITHOGRAPHS	33
1768.1081036154817	1768.3941036154818	24	ANY	34
1768.3941036154818	1769.2801036154817	105	CONTRIBUTIONS	34
1769.2801036154817	1769.4511036154818	485	WILL	34
1769.4511036154818	1769.6201036154816	47	BE	34
1769.6201036154816	1770.0141036154816	195	GREATLY	34
1770.0141036154816	1770.9421036154818	28	APPRECIATED	34
1779.7793473415584	1779.9283473415585	434	THE	35
1779.9283473415585	1780.5083473415584	111	CRANBERRY	35
1780.5083473415584	1780.5543473415585	99999	sp	35
1780.5543473415585	1780.8293473415586	57	BOG	35
1780.8293473415586	1780.8973473415585	99999	sp	35
1780.8973473415585	1781.1663473415585	178	GETS	35
1781.1663473415585	1781.2073473415585	99999	sp	35
1781.2073473415585	1781.4903473415584	465	VERY	35
1781.4903473415584	1781.5603473415586	99999	sp	35
1781.5603473415586	1781.9473473415585	340	PRETTY	35
1781.9473473415585	1782.1723473415584	217	IN	35
1782.1723473415584	1782.6913473415584	40	AUTUMN	35
1790.862950853626	1791.071950853626	210	HOW	36
1791.071950853626	1791.2429508536259	128	DO	36
1791.2429508536259	1791.7719508536259	318	OYSTERS	36
1791.7719508536259	1791.9459508536258	253	MAKE	36
1791.9459508536258	1792.039950853626	99999	sp	36
1792.039950853626	1792.6179508536259	320	PEARLS	36
1801.4038769311562	1801.516876931156	99999	sp	37
1801.516876931156	1801.7028769311562	257	MAY	37
1801.7028769311562	1801.892876931156	211	I	37
1801.892876931156	1802.2128769311562	304	ORDER	37
1802.2128769311562	1802.2888769311562	1	A	37
1802.2888769311562	1802.3488769311562	99999	sp	37
1802.3488769311562	1802.9828769311562	319	PARFAIT	37
1802.9828769311562	1803.456876931156	10	AFTER	37
1803.456876931156	1803.612876931156	211	I	37
1803.612876931156	1803.8068769311562	134	EAT	37
1803.8068769311562	1804.1728769311562	124	DINNER	37
1811.0863620960129	1811.2223620960128	224	IS	38
1811.2223620960128	1811.4903620960129	375	SHE	38
1811.4903620960129	1811.785362096013	187	GOING	38
1811.785362096013	1812.0223620960128	487	WITH	38
1812.0223620960128	1812.228362096013	495	YOU	38
1820.9782054240707	1821.0942054240707	99999	{NS}	39
1821.0942054240707	1821.2842054240705	76	CAN	39
1821.2842054240705	1821.4082054240705	434	THE	39
1821.4082054240705	1822.0802054240705	11	AGENCY	39
1822.0802054240705	1822.8672054240706	315	OVERTHROW	39
1822.8672054240706	1822.8982054240705	99999	sp	39
1822.8982054240705	1823.3582054240705	13	ALIEN	39
1823.3582054240705	1824.0212054240706	162	FORCES	39
1832.5350550513192	1832.6190550513193	1	A	40
1832.6190550513193	1833.4450550513193	371	SCREWDRIVER	40
1833.4450550513193	1833.6110550513192	224	IS	40
1833.6110550513192	1833.8820550513192	252	MADE	40
1833.8820550513192	1834.1770550513193	166	FROM	40
1834.1770550513193	1834.8100550513193	469	VODKA	40
1834.8100550513193	1834.9880550513192	20	AND	40
1834.9880550513192	1835.3320550513192	303	ORANGE	40
1835.3320550513192	1835.7850550513192	230	JUICE	40
1843.0589200988352	1843.2109200988352	210	HOW	41
1843.2109200988352	1843.5199200988352	269	MUCH	41
1843.5199200988352	1844.0889200988352	16	ALLOWANCE	41
1844.0889200988352	1844.180920098835	128	DO	41
1844.180920098835	1844.3549200988352	495	YOU	41
1844.3549200988352	1844.680920098835	177	GET	41
1853.2432799960825	1853.8352799960826	115	CYCLICAL	42
1853.8352799960826	1853.9182799960827	99999	sp	42
1853.9182799960827	1854.5912799960827	346	PROGRAMS	42
1854.5912799960827	1854.7292799960826	485	WILL	42
1854.7292799960826	1855.1492799960827	281	NEVER	42
1855.1492799960827	1855.2112799960826	99999	sp	42
1855.2112799960826	1855.8992799960827	100	COMPILE	42
1865.9538428455596	1866.0588428455596	434	THE	43
1866.0588428455596	1866.1228428455597	99999	sp	43
1866.1228428455597	1866.6428428455597	61	BOSTON	43
1866.6428428455597	1867.1368428455596	45	BALLET	43
1867.1368428455596	1867.9318428455597	312	OVERCAME	43
1867.9318428455597	1868.0868428455597	435	THEIR	43
1868.0868428455597	1868.6778428455596	170	FUNDING	43
1868.6778428455596	1869.4748428455596	380	SHORTAGE	43
1878.375313361968	1878.6893133619678	145	EVERY	44
1878.6893133619678	1878.7393133619678	99999	sp	44
1878.7393133619678	1879.186313361968	74	CAB	44
1879.186313361968	1879.2453133619679	99999	sp	44
1879.2453133619679	1879.751313361968	280	NEEDS	44
1879.751313361968	1880.5573133619678	364	REPAINTING	44
1880.5573133619678	1881.1503133619678	296	OFTEN	44
1889.5336064036744	1889.8426064036744	203	HELP	45
1889.8426064036744	1889.9126064036745	99999	sp	45
1889.9126064036745	1890.2366064036744	196	GREG	45
1890.2366064036744	1890.3216064036744	99999	sp	45
1890.3216064036744	1890.4626064036745	446	TO	45
1890.4626064036745	1890.5356064036744	99999	sp	45
1890.5356064036744	1890.7876064036745	325	PICK	45
1890.7876064036745	1890.9586064036744	1	A	45
1890.9586064036744	1891.2796064036745	321	PECK	45
1891.2796064036745	1891.4336064036745	294	OF	45
1891.4336064036745	1891.5176064036746	99999	sp	45
1891.5176064036746	1892.3036064036744	338	POTATOES	45
1900.8355541503656	1901.0005541503656	476	WE	46
1901.0005541503656	1901.2735541503655	241	LIKE	46
1901.2735541503655	1901.3865541503656	99999	sp	46
1901.3865541503656	1901.6765541503655	55	BLUE	46
1901.6765541503655	1902.1275541503655	88	CHEESE	46
1902.1275541503655	1902.2685541503656	99999	sp	46
1902.2685541503656	1902.4605541503656	70	BUT	46
1902.4605541503656	1902.8595541503655	466	VICTOR	46
1902.8595541503655	1903.1755541503655	242	LIKES	46
1903.1755541503655	1903.2895541503656	99999	sp	46
1903.2895541503656	1903.6605541503654	64	BRIE	46
1912.5735235104398	1912.8565235104397	108	COUNT	47
1912.8565235104397	1912.9295235104398	434	THE	47
1912.9295235104398	1913.2255235104399	289	NUMBER	47
1913.2255235104399	1913.3825235104398	294	OF	47
1913.3825235104398	1913.8755235104397	429	TEASPOONS	47
1913.8755235104397	1913.9775235104398	294	OF	47
1913.9775235104398	1914.7085235104398	395	SOYSAUCE	47
1914.7085235104398	1914.8845235104397	433	THAT	47
1914.8845235104397	1915.1055235104398	495	YOU	47
1915.1055235104398	1915.5485235104397	7	ADD	47
1924.0655053604978	1924.6735053604978	44	BAGPIPES	48
1924.6735053604978	1924.8715053604978	20	AND	48
1924.8715053604978	1925.4565053604977	59	BONGOS	48
1925.4565053604977	1925.5905053604977	30	ARE	48
1925.5905053604977	1926.2095053604978	273	MUSICAL	48
1926.2095053604978	1927.0605053604977	220	INSTRUMENTS	48
1934.6584741633726	1934.9224741633725	210	HOW	49
1934.9224741633725	1935.0744741633725	189	GOOD	49
1935.0744741633725	1935.2944741633726	224	IS	49
1935.2944741633726	1935.4014741633725	496	YOUR	49
1935.4014741633725	1936.1574741633726	138	ENDURANCE	49
1977.2018161607737	1977.5138161607738	142	EVEN	3
2614.610081619625	2615.045081619625	471	WARM	1
2615.045081619625	2615.6460816196245	158	FLEECY	1
2615.6460816196245	2616.179081619625	489	WOOLEN	1
2616.179081619625	2617.0690816196247	311	OVERALLS	1
2625.588475594968	2625.998475594968	354	READING	2
2625.998475594968	2626.267475594968	217	IN	2
2626.267475594968	2626.512475594968	335	POOR	2
2626.512475594968	2626.952475594968	240	LIGHT	2
2626.952475594968	2627.2354755949677	181	GIVES	2
2627.2354755949677	2627.4184755949677	495	YOU	2
2627.4184755949677	2628.143475594968	150	EYESTRAIN	2
2635.8269884596966	2636.1189884596965	142	EVEN	3
2636.1189884596965	2636.363988459697	211	I	3
2636.363988459697	2637.0549884596967	293	OCCASIONALLY	3
2637.0549884596967	2637.3139884596967	177	GET	3
2637.3139884596967	2637.4019884596964	434	THE	3
2637.4019884596964	2637.9279884596967	265	MONDAY	3
2637.9279884596967	2638.4919884596966	56	BLUES	3
2645.8139339660834	2645.9439339660835	476	WE	4
2645.9439339660835	2646.0709339660834	30	ARE	4
2646.0709339660834	2646.5219339660835	301	OPEN	4
2646.5219339660835	2646.9409339660833	145	EVERY	4
2646.9409339660833	2647.4529339660835	265	MONDAY	4
2647.4529339660835	2648.0369339660833	143	EVENING	4
2657.5058302400926	2657.7078302400923	226	IT'S	5
2657.7078302400923	2657.9688302400928	285	NOT	5
2657.9688302400928	2658.4048302400925	133	EASY	5
2658.4048302400925	2658.6008302400924	446	TO	5
2658.6008302400924	2659.1378302400926	113	CREATE	5
2659.1378302400926	2659.9478302400926	215	ILLUMINATING	5
2659.9478302400926	2660.8688302400924	146	EXAMPLES	5
2669.0128200883673	2669.3338200883672	270	MUM	6
2669.3338200883672	2670.0568200883677	407	STRONGLY	6
2670.0568200883677	2670.6618200883677	126	DISLIKES	6
2670.6618200883677	2671.7278200883675	27	APPETIZERS	6
2680.5787593611253	2680.827759361125	443	THOSE	7
2680.827759361125	2681.055759361125	484	WHO	7
2681.055759361125	2681.3777593611253	427	TEACH	7
2681.3777593611253	2681.979759361125	462	VALUES	7
2681.979759361125	2682.0567593611254	99999	sp	7
2682.0567593611254	2682.3967593611255	156	FIRST	7
2682.3967593611255	2683.169759361125	4	ABOLISH	7
2683.169759361125	2683.7557593611255	87	CHEATING	7
2693.813791166071	2693.9037911660707	434	THE	8
2693.9037911660707	2694.541791166071	165	FRIGHTENED	8
2694.541791166071	2695.082791166071	89	CHILD	8
2695.082791166071	2695.332791166071	472	WAS	8
2695.332791166071	2695.699791166071	176	GENTLY	8
2695.699791166071	2696.3657911660707	410	SUBDUED	8
2696.3657911660707	2696.493791166071	73	BY	8
2696.493791166071	2696.8187911660707	208	HIS	8
2696.8187911660707	2697.122791166071	52	BIG	8
2697.122791166071	2697.6137911660708	66	BROTHER	8
2706.616285908626	2706.892285908626	142	EVEN	9
2706.892285908626	2706.981285908626	1	A	9
2706.981285908626	2707.461285908626	383	SIMPLE	9
2707.461285908626	2708.389285908626	468	VOCABULARY	9
2708.389285908626	2708.971285908626	104	CONTAINS	9
2708.971285908626	2709.801285908626	422	SYMBOLS	9
2718.8371034756137	2719.043103475614	1	A	10
2719.043103475614	2719.447103475614	110	CRAB	10
2719.447103475614	2719.543103475614	99999	sp	10
2719.543103475614	2720.088103475614	85	CHALLENGED	10
2720.088103475614	2720.537103475614	258	ME	10
2720.537103475614	2720.6201034756136	70	BUT	10
2720.6201034756136	2720.7791034756137	1	A	10
2720.7791034756137	2721.035103475614	350	QUICK	10
2721.035103475614	2721.557103475614	402	STAB	10
2721.557103475614	2722.210103475614	464	VANQUISHED	10
2722.210103475614	2722.572103475614	207	HIM	10
2732.3839245865515	2733.0159245865516	183	GLUCOSE	11
2733.0159245865516	2733.1479245865517	20	AND	11
2733.1479245865517	2733.8759245865517	167	FRUCTOSE	11
2733.8759245865517	2733.9979245865516	30	ARE	11
2733.9979245865516	2734.5379245865515	276	NATURAL	11
2734.5379245865515	2735.1079245865517	414	SUGARS	11
2735.1079245865517	2735.4819245865515	163	FOUND	11
2735.4819245865515	2735.6749245865517	217	IN	11
2735.6749245865517	2736.3019245865516	168	FRUIT	11
2743.3379247664607	2743.470924766461	30	ARE	12
2743.470924766461	2743.6529247664607	495	YOU	12
2743.6529247664607	2744.0409247664606	250	LOOKING	12
2744.0409247664606	2744.209924766461	161	FOR	12
2744.209924766461	2744.878924766461	136	EMPLOYMENT	12
2754.771278946781	2755.1272789467807	98	COFFEE	13
2755.1272789467807	2755.363278946781	224	IS	13
2755.363278946781	2755.607278946781	198	GROWN	13
2755.607278946781	2755.787278946781	297	ON	13
2755.787278946781	2756.351278946781	404	STEEP	13
2756.351278946781	2756.473278946781	99999	sp	13
2756.473278946781	2756.861278946781	231	JUNGLE	13
2756.861278946781	2757.107278946781	241	LIKE	13
2757.107278946781	2757.660278946781	390	SLOPES	13
2757.660278946781	2757.865278946781	217	IN	13
2757.865278946781	2758.387278946781	431	TEMPERATE	13
2758.387278946781	2759.036278946781	497	ZONES	13
2767.332977721405	2767.4529777214047	99999	sp	14
2767.4529777214047	2767.582977721405	476	WE	14
2767.582977721405	2768.0199777214048	480	WELCOME	14
2768.0199777214048	2768.3029777214047	256	MANY	14
2768.3029777214047	2768.536977721405	282	NEW	14
2768.536977721405	2769.1289777214047	408	STUDENTS	14
2769.1289777214047	2769.209977721405	99999	sp	14
2769.209977721405	2769.542977721405	132	EACH	14
2769.542977721405	2769.957977721405	491	YEAR	14
2778.576588786328	2778.9165887863282	298	ONLY	15
2778.9165887863282	2779.078588786328	434	THE	15
2779.078588786328	2779.390588786328	51	BEST	15
2779.390588786328	2779.928588786328	330	PLAYERS	15
2779.928588786328	2780.504588786328	139	ENJOY	15
2780.504588786328	2781.336588786328	336	POPULARITY	15
2789.2416251568047	2789.3296251568045	99999	{NS}	16
2789.3296251568045	2789.8126251568046	75	CALCIUM	16
2789.8126251568046	2790.1406251568046	254	MAKES	16
2790.1406251568046	2790.228625156805	99999	sp	16
2790.228625156805	2790.6296251568047	58	BONES	16
2790.6296251568047	2790.8716251568044	20	AND	16
2790.8716251568044	2791.2066251568044	430	TEETH	16
2791.2066251568044	2791.8986251568044	406	STRONG	16
2800.6864807203256	2801.1554807203256	286	NOTHING	17
2801.1554807203256	2801.3264807203254	224	IS	17
2801.3264807203254	2801.5084807203257	34	AS	17
2801.5084807203257	2802.1694807203257	295	OFFENSIVE	17
2802.1694807203257	2802.4834807203256	34	AS	17
2802.4834807203256	2803.3224807203255	219	INNOCENCE	17
2811.5752966878035	2812.0362966878038	405	STEVE	18
2812.0362966878038	2812.2342966878036	490	WORE	18
2812.2342966878036	2812.3642966878037	1	A	18
2812.3642966878037	2812.4032966878035	99999	sp	18
2812.4032966878035	2812.782296687804	65	BRIGHT	18
2812.782296687804	2813.1162966878037	356	RED	18
2813.1162966878037	2813.1812966878038	99999	sp	18
2813.1812966878038	2813.793296687804	78	CASHMERE	18
2813.793296687804	2814.382296687804	420	SWEATER	18
2822.517717864519	2822.886717864519	46	BARB'S	19
2822.886717864519	2822.998717864519	99999	sp	19
2822.998717864519	2823.277717864519	188	GOLD	19
2823.277717864519	2823.356717864519	99999	sp	19
2823.356717864519	2823.913717864519	63	BRACELET	19
2823.913717864519	2824.102717864519	472	WAS	19
2824.102717864519	2824.2287178645192	1	A	19
2824.2287178645192	2824.986717864519	193	GRADUATION	19
2824.986717864519	2825.442717864519	339	PRESENT	19
2834.44002802563	2834.7000280256298	130	DRAW	20
2834.7000280256298	2835.10902802563	145	EVERY	20
2835.10902802563	2835.45802802563	308	OUTER	20
2835.45802802563	2835.80402802563	244	LINE	20
2835.80402802563	2836.4030280256297	156	FIRST	20
2836.4030280256297	2836.52402802563	99999	sp	20
2836.52402802563	2836.76602802563	436	THEN	20
2836.76602802563	2837.0410280256297	154	FILL	20
2837.0410280256297	2837.2240280256297	217	IN	20
2837.2240280256297	2837.36402802563	434	THE	20
2837.36402802563	2838.08402802563	222	INTERIOR	20
2846.9087206185327	2847.0057206185325	434	THE	21
2847.0057206185325	2847.3567206185326	475	WATER	21
2847.3567206185326	2847.4047206185323	99999	sp	21
2847.4047206185323	2847.9397206185326	103	CONTAINED	21
2847.9397206185326	2848.0177206185326	99999	sp	21
2848.0177206185326	2848.1797206185324	448	TOO	21
2848.1797206185324	2848.4527206185326	269	MUCH	21
2848.4527206185326	2848.5237206185325	99999	sp	21
2848.5237206185325	2849.1037206185324	90	CHLORINE	21
2849.1037206185324	2849.2307206185324	20	AND	21
2849.2307206185324	2849.6227206185326	409	STUNG	21
2849.6227206185326	2849.8427206185324	208	HIS	21
2849.8427206185324	2850.3337206185324	149	EYES	21
2858.5372544729257	2858.960254472926	229	JOHN'S	22
2858.960254472926	2859.261254472926	66	BROTHER	22
2859.261254472926	2860.009254472926	363	REPAINTED	22
2860.009254472926	2860.152254472926	434	THE	22
2860.152254472926	2860.587254472926	173	GARAGE	22
2860.587254472926	2860.656254472926	99999	sp	22
2860.656254472926	2861.054254472926	129	DOOR	22
2869.1838781940614	2869.6568781940614	84	CHALLENGE	23
2869.6568781940614	2869.753878194061	99999	sp	23
2869.753878194061	2870.0338781940613	132	EACH	23
2870.0338781940613	2870.1128781940615	99999	sp	23
2870.1128781940615	2870.7348781940614	175	GENERAL'S	23
2870.7348781940614	2871.791878194061	221	INTELLIGENCE	23
2880.2977235607354	2881.1697235607353	17	AMBIDEXTROUS	24
2881.1697235607353	2881.2797235607354	99999	sp	24
2881.2797235607354	2882.1027235607353	327	PICKPOCKETS	24
2882.1027235607353	2882.9467235607353	6	ACCOMPLISH	24
2882.9467235607353	2883.3347235607353	267	MORE	24
2891.032327372355	2891.1673273723554	99999	{NS}	25
2891.1673273723554	2891.2423273723552	1	A	25
2891.2423273723552	2891.9203273723556	271	MUSCULAR	25
2891.9203273723556	2892.5333273723554	2	ABDOMEN	25
2892.5333273723554	2892.7943273723554	224	IS	25
2892.7943273723554	2892.8723273723554	99999	sp	25
2892.8723273723554	2893.0583273723555	189	GOOD	25
2893.0583273723555	2893.2473273723554	161	FOR	25
2893.2473273723554	2893.4033273723553	496	YOUR	25
2893.4033273723553	2893.4663273723554	99999	sp	25
2893.4663273723554	2894.0343273723556	43	BACK	25
2902.089650643238	2902.319650643238	438	THEY	26
2902.319650643238	2902.553650643238	317	OWN	26
2902.553650643238	2902.708650643238	1	A	26
2902.708650643238	2902.921650643238	52	BIG	26
2902.921650643238	2903.275650643238	209	HOUSE	26
2903.275650643238	2903.458650643238	217	IN	26
2903.458650643238	2903.555650643238	434	THE	26
2903.555650643238	2904.008650643238	361	REMOTE	26
2904.008650643238	2904.842650643238	109	COUNTRYSIDE	26
2912.780082067093	2912.8920820670933	434	THE	27
2912.8920820670933	2913.3210820670934	369	ROSE	27
2913.3210820670934	2914.0680820670937	106	CORSAGE	27
2914.0680820670937	2914.5860820670932	393	SMELLED	27
2914.5860820670932	2915.356082067093	421	SWEET	27
2923.005850159918	2923.2258501599176	433	THAT	28
2923.2258501599176	2923.2908501599177	99999	sp	28
2923.2908501599177	2923.9598501599176	326	PICKPOCKET	28
2923.9598501599176	2924.1588501599176	472	WAS	28
2924.1588501599176	2924.231850159918	99999	sp	28
2924.231850159918	2924.485850159918	80	CAUGHT	28
2924.485850159918	2924.583850159918	99999	sp	28
2924.583850159918	2924.8618501599176	356	RED	28
2924.8618501599176	2925.532850159918	199	HANDED	28
2934.806170561944	2934.9391705619437	19	AN	29
2934.9391705619437	2935.473170561944	9	ADULT	29
2935.473170561944	2935.822170561944	255	MALE	29
2935.822170561944	2936.436170561944	42	BABOON'S	29
2936.436170561944	2936.7251705619437	430	TEETH	29
2936.7251705619437	2936.884170561944	30	ARE	29
2936.884170561944	2937.232170561944	285	NOT	29
2937.232170561944	2937.723170561944	415	SUITABLE	29
2937.723170561944	2938.016170561944	161	FOR	29
2938.016170561944	2938.3431705619437	135	EATING	29
2938.3431705619437	2939.192170561944	376	SHELLFISH	29
2948.498566968201	2948.691566968201	204	HER	30
2948.691566968201	2949.303566968201	470	WARDROBE	30
2949.303566968201	2949.805566968201	102	CONSISTS	30
2949.805566968201	2949.947566968201	294	OF	30
2949.947566968201	2949.995566968201	99999	sp	30
2949.995566968201	2950.334566968201	298	ONLY	30
2950.334566968201	2950.8415669682013	385	SKIRTS	30
2950.8415669682013	2950.896566968201	99999	sp	30
2950.896566968201	2951.117566968201	20	AND	30
2951.117566968201	2951.844566968201	54	BLOUSES	30
2960.194276782328	2960.350276782328	434	THE	31
2960.350276782328	2960.586276782328	453	TWO	31
2960.586276782328	2961.107276782328	33	ARTISTS	31
2961.107276782328	2961.9272767823277	147	EXCHANGED	31
2961.9272767823277	2962.812276782328	39	AUTOGRAPHS	31
2970.8042996416025	2971.5132996416023	71	BUTTERSCOTCH	32
2971.5132996416023	2971.5442996416023	99999	sp	32
2971.5442996416023	2971.921299641602	169	FUDGE	32
2971.921299641602	2971.990299641602	99999	sp	32
2971.990299641602	2972.2312996416026	186	GOES	32
2972.2312996416026	2972.4952996416023	481	WELL	32
2972.4952996416023	2972.691299641602	487	WITH	32
2972.691299641602	2972.7262996416025	99999	sp	32
2972.7262996416025	2973.2412996416024	463	VANILLA	32
2973.2412996416024	2973.5122996416026	212	ICE	32
2973.5122996416026	2973.5722996416025	99999	sp	32
2973.5722996416025	2973.9182996416025	112	CREAM	32
2981.9580624999994	2982.3020624999995	366	RICH	33
2982.3020624999995	2982.3820624999994	99999	sp	33
2982.3820624999994	2982.9000624999994	349	PURCHASED	33
2982.9000624999994	2983.307062499999	374	SEVERAL	33
2983.307062499999	2983.8150624999994	382	SIGNED	33
2983.8150624999994	2984.6880624999994	245	LITHOGRAPHS	33
2992.6492818272964	2992.7922818272964	99999	{NS}	34
2992.7922818272964	2993.061281827296	24	ANY	34
2993.061281827296	2993.933281827296	105	CONTRIBUTIONS	34
2993.933281827296	2994.0952818272963	485	WILL	34
2994.0952818272963	2994.210281827296	47	BE	34
2994.210281827296	2994.2942818272963	99999	sp	34
2994.2942818272963	2994.7272818272963	195	GREATLY	34
2994.7272818272963	2995.6762818272964	28	APPRECIATED	34
3003.5646984768878	3003.655698476888	434	THE	35
3003.655698476888	3003.713698476888	99999	sp	35
3003.713698476888	3004.266698476888	111	CRANBERRY	35
3004.266698476888	3004.301698476888	99999	sp	35
3004.301698476888	3004.6156984768877	57	BOG	35
3004.6156984768877	3004.879698476888	178	GETS	35
3004.879698476888	3005.262698476888	465	VERY	35
3005.262698476888	3005.643698476888	340	PRETTY	35
3005.643698476888	3005.851698476888	217	IN	35
3005.851698476888	3006.3076984768877	40	AUTUMN	35
3012.988279091463	3013.144279091463	210	HOW	36
3013.144279091463	3013.359279091463	128	DO	36
3013.359279091463	3013.925279091463	318	OYSTERS	36
3013.925279091463	3014.142279091463	253	MAKE	36
3014.142279091463	3014.217279091463	99999	sp	36
3014.217279091463	3014.783279091463	320	PEARLS	36
3022.36753461866	3022.50653461866	99999	sp	37
3022.50653461866	3022.65053461866	257	MAY	37
3022.65053461866	3022.82753461866	211	I	37
3022.82753461866	3023.15753461866	304	ORDER	37
3023.15753461866	3023.23153461866	1	A	37
3023.23153461866	3023.29753461866	99999	sp	37
3023.29753461866	3023.94953461866	319	PARFAIT	37
3023.94953461866	3024.3975346186603	10	AFTER	37
3024.3975346186603	3024.53753461866	211	I	37
3024.53753461866	3024.73953461866	134	EAT	37
3024.73953461866	3025.09253461866	124	DINNER	37
3031.722142355642	3031.8715702116187	224	IS	38
3031.8715702116187	3032.1241452019885	375	SHE	38
3032.1241452019885	3032.429584725227	187	GOING	38
3032.429584725227	3032.6425113159457	487	WITH	38
3032.6425113159457	3032.864248662143	495	YOU	38
3041.277073523185	3041.4470735231853	76	CAN	39
3041.4470735231853	3041.5260735231855	434	THE	39
3041.5260735231855	3042.1550735231854	11	AGENCY	39
3042.1550735231854	3042.8960735231854	315	OVERTHROW	39
3042.8960735231854	3043.3430735231855	13	ALIEN	39
3043.3430735231855	3044.0280735231854	162	FORCES	39
3052.7536987216863	3052.8516987216863	1	A	40
3052.8516987216863	3053.585698721686	371	SCREWDRIVER	40
3053.585698721686	3053.8546987216864	224	IS	40
3053.8546987216864	3054.0626987216865	252	MADE	40
3054.0626987216865	3054.3496987216863	166	FROM	40
3054.3496987216863	3054.969698721686	469	VODKA	40
3054.969698721686	3055.1296987216865	20	AND	40
3055.1296987216865	3055.5126987216863	303	ORANGE	40
3055.5126987216863	3055.9436987216864	230	JUICE	40
3064.2416812920874	3064.367681292087	210	HOW	41
3064.367681292087	3064.6306812920875	269	MUCH	41
3064.6306812920875	3065.1036812920875	16	ALLOWANCE	41
3065.1036812920875	3065.1566812920873	99999	sp	41
3065.1566812920873	3065.2596812920874	128	DO	41
3065.2596812920874	3065.463681292087	495	YOU	41
3065.463681292087	3065.7996812920874	177	GET	41
3065.7996812920874	3065.8486812920873	99999	sp	41
3074.1524092065515	3074.7684092065515	115	CYCLICAL	42
3074.7684092065515	3074.8394092065514	99999	sp	42
3074.8394092065514	3075.4604092065515	346	PROGRAMS	42
3075.4604092065515	3075.5164092065515	99999	sp	42
3075.5164092065515	3075.6594092065516	485	WILL	42
3075.6594092065516	3076.0954092065513	281	NEVER	42
3076.0954092065513	3076.164409206551	99999	sp	42
3076.164409206551	3076.8634092065513	100	COMPILE	42
3085.6653344915567	3085.7623344915564	434	THE	43
3085.7623344915564	3085.8213344915566	99999	sp	43
3085.8213344915566	3086.3333344915563	61	BOSTON	43
3086.3333344915563	3086.8473344915565	45	BALLET	43
3086.8473344915565	3087.6083344915564	312	OVERCAME	43
3087.6083344915564	3087.7463344915564	435	THEIR	43
3087.7463344915564	3088.3383344915565	170	FUNDING	43
3088.3383344915565	3089.1833344915567	380	SHORTAGE	43
3107.1201025953405	3107.3891025953403	203	HELP	45
3107.3891025953403	3107.4551025953406	99999	sp	45
3107.4551025953406	3107.7851025953405	196	GREG	45
3107.7851025953405	3107.8431025953405	99999	sp	45
3107.8431025953405	3107.9721025953404	446	TO	45
3107.9721025953404	3108.04710259534	99999	sp	45
3108.04710259534	3108.3351025953402	325	PICK	45
3108.3351025953402	3108.4391025953405	1	A	45
3108.4391025953405	3108.5031025953404	99999	sp	45
3108.5031025953404	3108.7861025953403	321	PECK	45
3108.7861025953403	3108.9461025953406	294	OF	45
3108.9461025953406	3109.0171025953405	99999	sp	45
3109.0171025953405	3109.7861025953403	338	POTATOES	45
3117.7798770489076	3117.928877048908	476	WE	46
3117.928877048908	3118.2718770489078	241	LIKE	46
3118.2718770489078	3118.517877048908	55	BLUE	46
3118.517877048908	3118.9568770489077	88	CHEESE	46
3118.9568770489077	3119.082877048908	99999	sp	46
3119.082877048908	3119.274877048908	70	BUT	46
3119.274877048908	3119.702877048908	466	VICTOR	46
3119.702877048908	3120.037877048908	242	LIKES	46
3120.037877048908	3120.1418770489076	99999	sp	46
3120.1418770489076	3120.510877048908	64	BRIE	46
3128.961527965564	3129.236527965564	108	COUNT	47
3129.236527965564	3129.3085279655643	434	THE	47
3129.3085279655643	3129.618527965564	289	NUMBER	47
3129.618527965564	3129.720527965564	294	OF	47
3129.720527965564	3129.760527965564	99999	sp	47
3129.760527965564	3130.265527965564	429	TEASPOONS	47
3130.265527965564	3130.383527965564	294	OF	47
3130.383527965564	3131.044527965564	395	SOYSAUCE	47
3131.044527965564	3131.091527965564	99999	sp	47
3131.091527965564	3131.2575279655643	433	THAT	47
3131.2575279655643	3131.505527965564	495	YOU	47
3131.505527965564	3131.916527965564	7	ADD	47
3140.023135794172	3140.651135794172	44	BAGPIPES	48
3140.651135794172	3140.822135794172	20	AND	48
3140.822135794172	3141.367135794172	59	BONGOS	48
3141.367135794172	3141.537135794172	30	ARE	48
3141.537135794172	3142.1451357941723	273	MUSICAL	48
3142.1451357941723	3143.046135794172	220	INSTRUMENTS	48
3150.3601796666317	3150.6301796666316	210	HOW	49
3150.6301796666316	3150.7971796666316	189	GOOD	49
3150.7971796666316	3151.0071796666316	224	IS	49
3151.0071796666316	3151.1111796666314	496	YOUR	49
3151.1111796666314	3151.9421796666315	138	ENDURANCE	49
3160.9949259596965	3161.2869259596964	142	EVEN	3
3161.2869259596964	3161.5319259596968	211	I	3
