14.133	14.172	1	AA1	0	0
14.172	14.212	61	R	0	0
14.212	14.243	68	Y	0	0
14.243	14.362	41	UH1	0	0
14.362	14.413	61	R	0	0
14.413	14.507	51	G	0	0
14.507	14.592	61	R	0	0
14.592	14.692	25	EY1	0	0
14.692	14.743	48	D	0	0
14.743	14.79	69	Z	0	0
14.79	14.842	52	HH	0	0
14.842	14.993	16	AY1	0	0
14.993	15.092	21	ER0	0	0
15.092	15.299	21	ER0	0	0
15.299	15.392	56	L	0	0
15.392	15.553	35	OW1	0	0
15.553	15.657	21	ER0	0	0
15.657	15.722	49	DH	0	0
15.722	15.762	6	AH0	0	0
15.762	15.83	58	N	0	0
15.83	15.886	58	N	0	0
15.886	16.005	4	AE1	0	0
16.005	16.09	58	N	0	0
16.09	16.177	62	S	0	0
16.177	16.298	31	IY0	0	0
16.298	16.463	69	Z	0	0
21.453	21.594	63	SH	0	1
21.594	21.723	32	IY1	0	1
21.723	21.813	67	W	0	1
21.813	21.943	10	AO1	0	1
21.943	22.016	61	R	0	1
22.016	22.163	67	W	0	1
22.163	22.258	10	AO1	0	1
22.258	22.298	61	R	0	1
22.298	22.403	57	M	0	1
22.403	22.534	50	F	0	1
22.534	22.573	56	L	0	1
22.573	22.651	32	IY1	0	1
22.651	22.784	62	S	0	1
22.784	22.923	31	IY0	0	1
22.923	23.053	67	W	0	1
23.053	23.165	41	UH1	0	1
23.165	23.2	56	L	0	1
23.2	23.243	6	AH0	0	1
23.243	23.303	58	N	0	1
23.303	23.426	35	OW1	0	1
23.426	23.514	66	V	0	1
23.514	23.622	21	ER0	0	1
23.622	23.686	11	AO2	0	1
23.686	23.803	56	L	0	1
23.803	23.983	69	Z	0	1
32.736	32.902	61	R	0	2
32.902	32.932	19	EH1	0	2
32.932	32.982	48	D	0	2
32.982	33.034	27	IH0	0	2
33.034	33.082	59	NG	0	2
33.082	33.148	28	IH1	0	2
33.148	33.256	58	N	0	2
33.256	33.346	60	P	0	2
33.346	33.432	41	UH1	0	2
33.432	33.494	61	R	0	2
33.494	33.573	56	L	0	2
33.573	33.719	16	AY1	0	2
33.719	33.83	64	T	0	2
33.83	33.872	51	G	0	2
33.872	33.972	28	IH1	0	2
33.972	34.022	66	V	0	2
34.022	34.107	69	Z	0	2
34.107	34.178	68	Y	0	2
34.178	34.228	44	UW1	0	2
34.228	34.408	16	AY1	0	2
34.408	34.512	62	S	0	2
34.512	34.585	64	T	0	2
34.585	34.67	61	R	0	2
34.67	34.742	26	EY2	0	2
34.742	34.841	58	N	0	2
46.692	46.793	74	sp	0	3
46.793	46.896	32	IY1	0	3
46.896	46.944	66	V	0	3
46.944	46.992	6	AH0	0	3
46.992	47.058	58	N	0	3
47.058	47.292	16	AY1	0	3
47.292	47.335	6	AH0	0	3
47.335	47.448	54	K	0	3
47.448	47.598	25	EY1	0	3
47.598	47.685	70	ZH	0	3
47.685	47.709	6	AH0	0	3
47.709	47.732	58	N	0	3
47.732	47.775	56	L	0	3
47.775	47.823	31	IY0	0	3
47.823	47.852	51	G	0	3
47.852	47.893	28	IH1	0	3
47.893	47.922	64	T	0	3
47.922	48.003	49	DH	0	3
48.003	48.042	6	AH0	0	3
48.042	48.136	57	M	0	3
48.136	48.213	7	AH1	0	3
48.213	48.309	58	N	0	3
48.309	48.332	48	D	0	3
48.332	48.499	26	EY2	0	3
48.499	48.553	46	B	0	3
48.553	48.596	56	L	0	3
48.596	48.765	44	UW1	0	3
48.765	48.937	69	Z	0	3
56.661	56.757	67	W	0	4
56.757	56.835	32	IY1	0	4
56.835	56.899	1	AA1	0	4
56.899	56.987	61	R	0	4
56.987	57.112	35	OW1	0	4
57.112	57.168	60	P	0	4
57.168	57.242	6	AH0	0	4
57.242	57.282	58	N	0	4
57.282	57.412	19	EH1	0	4
57.412	57.478	66	V	0	4
57.478	57.549	61	R	0	4
57.549	57.592	31	IY0	0	4
57.592	57.693	57	M	0	4
57.693	57.753	7	AH1	0	4
57.753	57.823	58	N	0	4
57.823	57.872	48	D	0	4
57.872	58.003	26	EY2	0	4
58.003	58.162	32	IY1	0	4
58.162	58.225	66	V	0	4
58.225	58.289	58	N	0	4
58.289	58.358	27	IH0	0	4
58.358	58.525	59	NG	0	4
65.941	66.062	28	IH1	0	5
66.062	66.091	64	T	0	5
66.091	66.152	62	S	0	5
66.152	66.182	58	N	0	5
66.182	66.277	1	AA1	0	5
66.277	66.318	64	T	0	5
66.318	66.432	32	IY1	0	5
66.432	66.515	69	Z	0	5
66.515	66.66	31	IY0	0	5
66.66	66.73	64	T	0	5
66.73	66.814	44	UW1	0	5
66.814	66.955	54	K	0	5
66.955	67.029	61	R	0	5
67.029	67.119	31	IY0	0	5
67.119	67.274	25	EY1	0	5
67.274	67.316	64	T	0	5
67.316	67.384	29	IH2	0	5
67.384	67.488	56	L	0	5
67.488	67.532	44	UW1	0	5
67.532	67.621	57	M	0	5
67.621	67.807	6	AH0	0	5
67.807	67.853	58	N	0	5
67.853	67.892	26	EY2	0	5
67.892	67.922	64	T	0	5
67.922	67.982	27	IH0	0	5
67.982	68.058	59	NG	0	5
68.058	68.187	27	IH0	0	5
68.187	68.222	51	G	0	5
68.222	68.302	69	Z	0	5
68.302	68.404	4	AE1	0	5
68.404	68.501	57	M	0	5
68.501	68.566	60	P	0	5
68.566	68.616	6	AH0	0	5
68.616	68.709	56	L	0	5
68.709	68.892	69	Z	0	5
77.914	78.002	57	M	0	6
78.002	78.133	7	AH1	0	6
78.133	78.213	57	M	0	6
78.213	78.286	62	S	0	6
78.286	78.349	64	T	0	6
78.349	78.398	61	R	0	6
78.398	78.451	10	AO1	0	6
78.451	78.507	59	NG	0	6
78.507	78.585	56	L	0	6
78.585	78.659	31	IY0	0	6
78.659	78.732	48	D	0	6
78.732	78.792	29	IH2	0	6
78.792	78.913	62	S	0	6
78.913	78.98	56	L	0	6
78.98	79.073	16	AY1	0	6
79.073	79.116	54	K	0	6
79.116	79.177	62	S	0	6
79.177	79.364	4	AE1	0	6
79.364	79.399	60	P	0	6
79.399	79.488	6	AH0	0	6
79.488	79.535	64	T	0	6
79.535	79.689	17	AY2	0	6
79.689	79.753	69	Z	0	6
79.753	79.896	21	ER0	0	6
79.896	80.073	69	Z	0	6
88.0	88.112	49	DH	0	7
88.112	88.258	35	OW1	0	7
88.258	88.333	69	Z	0	7
88.333	88.372	52	HH	0	7
88.372	88.542	44	UW1	0	7
88.542	88.633	64	T	0	7
88.633	88.765	32	IY1	0	7
88.765	88.866	47	CH	0	7
88.866	88.932	66	V	0	7
88.932	89.005	4	AE1	0	7
89.005	89.101	56	L	0	7
89.101	89.169	68	Y	0	7
89.169	89.294	43	UW0	0	7
89.294	89.413	69	Z	0	7
89.413	89.504	50	F	0	7
89.504	89.625	22	ER1	0	7
89.625	89.704	62	S	0	7
89.704	89.752	64	T	0	7
89.752	89.805	6	AH0	0	7
89.805	89.89	46	B	0	7
89.89	90.063	1	AA1	0	7
90.063	90.103	56	L	0	7
90.103	90.135	29	IH2	0	7
90.135	90.322	63	SH	0	7
90.322	90.425	47	CH	0	7
90.425	90.523	32	IY1	0	7
90.523	90.573	64	T	0	7
90.573	90.66	27	IH0	0	7
90.66	90.803	59	NG	0	7
99.629	99.663	49	DH	0	8
99.663	99.74	6	AH0	0	8
99.74	99.86	50	F	0	8
99.86	99.968	61	R	0	8
99.968	100.023	16	AY1	0	8
100.023	100.129	64	T	0	8
100.129	100.222	6	AH0	0	8
100.222	100.294	58	N	0	8
100.294	100.344	48	D	0	8
100.344	100.446	47	CH	0	8
100.446	100.629	16	AY1	0	8
100.629	100.772	56	L	0	8
100.772	100.862	48	D	0	8
100.862	100.913	67	W	0	8
100.913	100.942	6	AH0	0	8
100.942	101.032	69	Z	0	8
101.032	101.098	53	JH	0	8
101.098	101.133	19	EH1	0	8
101.133	101.163	58	N	0	8
101.163	101.202	64	T	0	8
101.202	101.266	56	L	0	8
101.266	101.353	31	IY0	0	8
101.353	101.473	62	S	0	8
101.473	101.63	6	AH0	0	8
101.63	101.661	46	B	0	8
101.661	101.776	48	D	0	8
101.776	101.842	44	UW1	0	8
101.842	101.942	48	D	0	8
101.942	102.002	46	B	0	8
102.002	102.092	16	AY1	0	8
102.092	102.132	52	HH	0	8
102.132	102.189	28	IH1	0	8
102.189	102.355	69	Z	0	8
102.355	102.394	46	B	0	8
102.394	102.483	28	IH1	0	8
102.483	102.602	51	G	0	8
102.602	102.647	46	B	0	8
102.647	102.694	61	R	0	8
102.694	102.773	7	AH1	0	8
102.773	102.826	49	DH	0	8
102.826	102.969	21	ER0	0	8
118.314	118.452	32	IY1	0	9
118.452	118.502	66	V	0	9
118.502	118.562	6	AH0	0	9
118.562	118.603	58	N	0	9
118.603	118.676	6	AH0	0	9
118.676	118.801	62	S	0	9
118.801	118.842	28	IH1	0	9
118.842	118.941	57	M	0	9
118.941	118.972	60	P	0	9
118.972	119.002	6	AH0	0	9
119.002	119.042	56	L	0	9
119.042	119.106	66	V	0	9
119.106	119.294	34	OW0	0	9
119.294	119.354	54	K	0	9
119.354	119.52	4	AE1	0	9
119.52	119.566	46	B	0	9
119.566	119.6	68	Y	0	9
119.6	119.645	6	AH0	0	9
119.645	119.682	56	L	0	9
119.682	119.713	20	EH2	0	9
119.713	119.845	61	R	0	9
119.845	119.95	31	IY0	0	9
119.95	120.012	54	K	0	9
120.012	120.062	6	AH0	0	9
120.062	120.151	58	N	0	9
120.151	120.182	64	T	0	9
120.182	120.391	25	EY1	0	9
120.391	120.493	58	N	0	9
120.493	120.654	69	Z	0	9
120.654	120.832	62	S	0	9
120.832	120.883	28	IH1	0	9
120.883	120.993	57	M	0	9
120.993	121.044	46	B	0	9
121.044	121.073	6	AH0	0	9
121.073	121.222	56	L	0	9
121.222	121.432	69	Z	0	9
130.069	130.218	6	AH0	0	10
130.218	130.296	54	K	0	10
130.296	130.353	61	R	0	10
130.353	130.443	4	AE1	0	10
130.443	130.516	46	B	0	10
130.516	130.598	47	CH	0	10
130.598	130.643	4	AE1	0	10
130.643	130.752	56	L	0	10
130.752	130.793	6	AH0	0	10
130.793	130.873	58	N	0	10
130.873	130.974	53	JH	0	10
130.974	131.033	48	D	0	10
131.033	131.078	57	M	0	10
131.078	131.223	32	IY1	0	10
131.223	131.303	46	B	0	10
131.303	131.353	7	AH1	0	10
131.353	131.387	64	T	0	10
131.387	131.494	6	AH0	0	10
131.494	131.596	54	K	0	10
131.596	131.663	67	W	0	10
131.663	131.713	28	IH1	0	10
131.713	131.753	54	K	0	10
131.753	131.855	62	S	0	10
131.855	131.902	64	T	0	10
131.902	132.084	4	AE1	0	10
132.084	132.133	46	B	0	10
132.133	132.224	66	V	0	10
132.224	132.32	4	AE1	0	10
132.32	132.372	59	NG	0	10
132.372	132.455	54	K	0	10
132.455	132.533	67	W	0	10
132.533	132.563	27	IH0	0	10
132.563	132.717	63	SH	0	10
132.717	132.754	64	T	0	10
132.754	132.774	52	HH	0	10
132.774	132.847	28	IH1	0	10
132.847	132.963	57	M	0	10
141.737	141.795	51	G	0	11
141.795	141.823	56	L	0	11
141.823	141.987	44	UW1	0	11
141.987	142.033	54	K	0	11
142.033	142.149	36	OW2	0	11
142.149	142.246	62	S	0	11
142.246	142.313	6	AH0	0	11
142.313	142.349	58	N	0	11
142.349	142.372	48	D	0	11
142.372	142.504	50	F	0	11
142.504	142.542	61	R	0	11
142.542	142.679	44	UW1	0	11
142.679	142.745	54	K	0	11
142.745	142.795	64	T	0	11
142.795	142.931	36	OW2	0	11
142.931	143.015	62	S	0	11
143.015	143.133	21	ER0	0	11
143.133	143.206	58	N	0	11
143.206	143.343	4	AE1	0	11
143.343	143.439	47	CH	0	11
143.439	143.474	61	R	0	11
143.474	143.502	6	AH0	0	11
143.502	143.545	56	L	0	11
143.545	143.686	63	SH	0	11
143.686	143.753	41	UH1	0	11
143.753	143.793	51	G	0	11
143.793	143.922	21	ER0	0	11
143.922	144.023	69	Z	0	11
144.023	144.071	50	F	0	11
144.071	144.173	13	AW1	0	11
144.173	144.233	58	N	0	11
144.233	144.269	48	D	0	11
144.269	144.327	28	IH1	0	11
144.327	144.407	58	N	0	11
144.407	144.522	50	F	0	11
144.522	144.594	61	R	0	11
144.594	144.757	44	UW1	0	11
144.757	144.902	64	T	0	11
153.679	153.733	1	AA1	0	12
153.733	153.803	61	R	0	12
153.803	153.833	68	Y	0	12
153.833	153.903	44	UW1	0	12
153.903	153.953	56	L	0	12
153.953	154.0	41	UH1	0	12
154.0	154.108	54	K	0	12
154.108	154.152	27	IH0	0	12
154.152	154.171	59	NG	0	12
154.171	154.29	50	F	0	12
154.29	154.452	10	AO1	0	12
154.452	154.531	61	R	0	12
154.531	154.663	6	AH0	0	12
154.663	154.775	57	M	0	12
154.775	154.846	60	P	0	12
154.846	154.892	56	L	0	12
154.892	154.988	38	OY1	0	12
154.988	155.078	57	M	0	12
155.078	155.147	6	AH0	0	12
155.147	155.269	58	N	0	12
155.269	155.373	64	T	0	12
162.907	162.97	54	K	0	13
162.97	163.087	1	AA1	0	13
163.087	163.183	50	F	0	13
163.183	163.243	31	IY0	0	13
163.243	163.375	28	IH1	0	13
163.375	163.49	69	Z	0	13
163.49	163.542	51	G	0	13
163.542	163.614	61	R	0	13
163.614	163.713	35	OW1	0	13
163.713	163.783	58	N	0	13
163.783	163.868	1	AA1	0	13
163.868	163.953	58	N	0	13
163.953	164.142	62	S	0	13
164.142	164.188	64	T	0	13
164.188	164.407	32	IY1	0	13
164.407	164.49	60	P	0	13
164.49	164.663	53	JH	0	13
164.663	164.743	7	AH1	0	13
164.743	164.793	59	NG	0	13
164.793	164.863	51	G	0	13
164.863	164.902	6	AH0	0	13
164.902	164.953	56	L	0	13
164.953	165.003	56	L	0	13
165.003	165.136	16	AY1	0	13
165.136	165.213	54	K	0	13
165.213	165.393	62	S	0	13
165.393	165.453	56	L	0	13
165.453	165.673	35	OW1	0	13
165.673	165.691	60	P	0	13
165.691	165.777	62	S	0	13
165.777	165.863	28	IH1	0	13
165.863	165.968	58	N	0	13
165.968	166.032	64	T	0	13
166.032	166.093	19	EH1	0	13
166.093	166.194	57	M	0	13
166.194	166.224	60	P	0	13
166.224	166.342	61	R	0	13
166.342	166.489	6	AH0	0	13
166.489	166.543	64	T	0	13
166.543	166.645	74	sp	0	13
166.645	166.763	69	Z	0	13
166.763	166.958	35	OW1	0	13
166.958	167.073	58	N	0	13
167.073	167.213	69	Z	0	13
177.679	177.753	67	W	0	14
177.753	177.803	32	IY1	0	14
177.803	177.876	67	W	0	14
177.876	177.952	19	EH1	0	14
177.952	178.041	56	L	0	14
178.041	178.093	54	K	0	14
178.093	178.143	6	AH0	0	14
178.143	178.197	57	M	0	14
178.197	178.248	57	M	0	14
178.248	178.327	19	EH1	0	14
178.327	178.398	58	N	0	14
178.398	178.488	31	IY0	0	14
178.488	178.599	58	N	0	14
178.599	178.743	44	UW1	0	14
178.743	178.864	62	S	0	14
178.864	178.949	64	T	0	14
178.949	179.011	44	UW1	0	14
179.011	179.081	48	D	0	14
179.081	179.146	6	AH0	0	14
179.146	179.182	58	N	0	14
179.182	179.229	64	T	0	14
179.229	179.293	62	S	0	14
179.293	179.482	32	IY1	0	14
179.482	179.575	47	CH	0	14
179.575	179.629	68	Y	0	14
179.629	179.693	28	IH1	0	14
179.693	179.803	61	R	0	14
188.053	188.222	74	sp	0	15
188.222	188.358	35	OW1	0	15
188.358	188.402	58	N	0	15
188.402	188.432	56	L	0	15
188.432	188.448	31	IY0	0	15
188.448	188.53	49	DH	0	15
188.53	188.64	7	AH1	0	15
188.64	188.712	46	B	0	15
188.712	188.842	19	EH1	0	15
188.842	188.903	62	S	0	15
188.903	189.005	64	T	0	15
189.005	189.051	60	P	0	15
189.051	189.136	56	L	0	15
189.136	189.293	25	EY1	0	15
189.293	189.351	21	ER0	0	15
189.351	189.445	69	Z	0	15
189.445	189.513	6	AH0	0	15
189.513	189.586	58	N	0	15
189.586	189.643	53	JH	0	15
189.643	189.917	38	OY1	0	15
189.917	189.951	60	P	0	15
189.951	190.139	2	AA2	0	15
190.139	190.207	60	P	0	15
190.207	190.243	68	Y	0	15
190.243	190.279	6	AH0	0	15
190.279	190.333	56	L	0	15
190.333	190.494	19	EH1	0	15
190.494	190.563	61	R	0	15
190.563	190.603	6	AH0	0	15
190.603	190.641	64	T	0	15
190.641	190.783	31	IY0	0	15
199.746	199.842	54	K	0	16
199.842	199.883	4	AE1	0	16
199.883	199.953	56	L	0	16
199.953	200.096	62	S	0	16
200.096	200.173	31	IY0	0	16
200.173	200.213	6	AH0	0	16
200.213	200.253	57	M	0	16
200.253	200.319	57	M	0	16
200.319	200.443	25	EY1	0	16
200.443	200.483	54	K	0	16
200.483	200.621	62	S	0	16
200.621	200.656	46	B	0	16
200.656	200.811	35	OW1	0	16
200.811	200.883	58	N	0	16
200.883	200.928	69	Z	0	16
200.928	201.013	6	AH0	0	16
201.013	201.073	58	N	0	16
201.073	201.103	48	D	0	16
201.103	201.173	64	T	0	16
201.173	201.293	32	IY1	0	16
201.293	201.389	65	TH	0	16
201.389	201.44	62	S	0	16
201.44	201.506	64	T	0	16
201.506	201.563	61	R	0	16
201.563	201.661	10	AO1	0	16
201.661	201.812	59	NG	0	16
209.55	209.603	58	N	0	17
209.603	209.713	7	AH1	0	17
209.713	209.793	65	TH	0	17
209.793	209.863	27	IH0	0	17
209.863	209.953	59	NG	0	17
209.953	210.053	28	IH1	0	17
210.053	210.145	69	Z	0	17
210.145	210.294	19	EH1	0	17
210.294	210.371	69	Z	0	17
210.371	210.463	6	AH0	0	17
210.463	210.543	50	F	0	17
210.543	210.643	19	EH1	0	17
210.643	210.733	58	N	0	17
210.733	210.786	62	S	0	17
210.786	210.923	27	IH0	0	17
210.923	211.016	66	V	0	17
211.016	211.154	19	EH1	0	17
211.154	211.267	69	Z	0	17
211.267	211.345	28	IH1	0	17
211.345	211.393	58	N	0	17
211.393	211.495	6	AH0	0	17
211.495	211.604	62	S	0	17
211.604	211.723	6	AH0	0	17
211.723	211.84	58	N	0	17
211.84	212.027	62	S	0	17
220.016	220.134	62	S	0	18
220.134	220.188	64	T	0	18
220.188	220.312	32	IY1	0	18
220.312	220.381	66	V	0	18
220.381	220.462	67	W	0	18
220.462	220.527	10	AO1	0	18
220.527	220.601	61	R	0	18
220.601	220.752	6	AH0	0	18
220.752	220.791	46	B	0	18
220.791	220.857	61	R	0	18
220.857	220.923	16	AY1	0	18
220.923	220.957	64	T	0	18
220.957	221.04	61	R	0	18
221.04	221.152	19	EH1	0	18
221.152	221.208	48	D	0	18
221.208	221.294	54	K	0	18
221.294	221.423	4	AE1	0	18
221.423	221.531	70	ZH	0	18
221.531	221.563	57	M	0	18
221.563	221.605	27	IH0	0	18
221.605	221.663	61	R	0	18
221.663	221.796	62	S	0	18
221.796	221.863	67	W	0	18
221.863	221.902	19	EH1	0	18
221.902	221.951	64	T	0	18
221.951	222.121	21	ER0	0	18
229.906	230.053	46	B	0	19
230.053	230.163	1	AA1	0	19
230.163	230.273	61	R	0	19
230.273	230.333	46	B	0	19
230.333	230.426	69	Z	0	19
230.426	230.511	51	G	0	19
230.511	230.611	35	OW1	0	19
230.611	230.644	56	L	0	19
230.644	230.721	48	D	0	19
230.721	230.756	46	B	0	19
230.756	230.833	61	R	0	19
230.833	230.885	25	EY1	0	19
230.885	231.023	62	S	0	19
231.023	231.073	56	L	0	19
231.073	231.155	6	AH0	0	19
231.155	231.194	64	T	0	19
231.194	231.274	67	W	0	19
231.274	231.323	6	AH0	0	19
231.323	231.376	69	Z	0	19
231.376	231.455	6	AH0	0	19
231.455	231.539	51	G	0	19
231.539	231.597	61	R	0	19
231.597	231.652	5	AE2	0	19
231.652	231.713	53	JH	0	19
231.713	231.789	6	AH0	0	19
231.789	231.845	67	W	0	19
231.845	231.925	25	EY1	0	19
231.925	232.033	63	SH	0	19
232.033	232.086	6	AH0	0	19
232.086	232.179	58	N	0	19
232.179	232.214	60	P	0	19
232.214	232.234	61	R	0	19
232.234	232.292	19	EH1	0	19
232.292	232.373	69	Z	0	19
232.373	232.428	6	AH0	0	19
232.428	232.483	58	N	0	19
232.483	232.512	64	T	0	19
242.619	242.741	48	D	0	20
242.741	242.793	61	R	0	20
242.793	242.943	10	AO1	0	20
242.943	243.068	19	EH1	0	20
243.068	243.149	66	V	0	20
243.149	243.203	61	R	0	20
243.203	243.286	31	IY0	0	20
243.286	243.442	13	AW1	0	20
243.442	243.471	64	T	0	20
243.471	243.59	21	ER0	0	20
243.59	243.663	56	L	0	20
243.663	243.773	16	AY1	0	20
243.773	243.847	58	N	0	20
243.847	243.968	50	F	0	20
243.968	244.118	22	ER1	0	20
244.118	244.243	62	S	0	20
244.243	244.276	64	T	0	20
244.276	244.303	49	DH	0	20
244.303	244.37	19	EH1	0	20
244.37	244.454	58	N	0	20
244.454	244.563	50	F	0	20
244.563	244.629	28	IH1	0	20
244.629	244.732	56	L	0	20
244.732	244.823	6	AH0	0	20
244.823	244.902	58	N	0	20
244.902	244.962	49	DH	0	20
244.962	245.048	6	AH0	0	20
245.048	245.133	29	IH2	0	20
245.133	245.244	58	N	0	20
245.244	245.313	64	T	0	20
245.313	245.383	28	IH1	0	20
245.383	245.502	61	R	0	20
245.502	245.583	31	IY0	0	20
245.583	245.772	21	ER0	0	20
255.133	255.221	49	DH	0	21
255.221	255.29	6	AH0	0	21
255.29	255.371	67	W	0	21
255.371	255.453	10	AO1	0	21
255.453	255.506	64	T	0	21
255.506	255.592	21	ER0	0	21
255.592	255.693	54	K	0	21
255.693	255.773	6	AH0	0	21
255.773	255.818	58	N	0	21
255.818	255.902	64	T	0	21
255.902	256.013	25	EY1	0	21
256.013	256.068	58	N	0	21
256.068	256.118	48	D	0	21
256.118	256.205	64	T	0	21
256.205	256.268	44	UW1	0	21
256.268	256.35	57	M	0	21
256.35	256.475	7	AH1	0	21
256.475	256.563	47	CH	0	21
256.563	256.687	54	K	0	21
256.687	256.725	56	L	0	21
256.725	256.818	10	AO1	0	21
256.818	256.906	61	R	0	21
256.906	257.073	31	IY0	0	21
257.073	257.143	58	N	0	21
257.143	257.193	6	AH0	0	21
257.193	257.254	58	N	0	21
257.254	257.282	48	D	0	21
257.282	257.368	62	S	0	21
257.368	257.409	64	T	0	21
257.409	257.472	7	AH1	0	21
257.472	257.533	59	NG	0	21
257.533	257.608	52	HH	0	21
257.608	257.652	6	AH0	0	21
257.652	257.724	69	Z	0	21
257.724	257.989	16	AY1	0	21
257.989	258.162	69	Z	0	21
273.777	273.82	53	JH	0	22
273.82	274.013	1	AA1	0	22
274.013	274.083	58	N	0	22
274.083	274.188	69	Z	0	22
274.188	274.229	46	B	0	22
274.229	274.273	61	R	0	22
274.273	274.335	7	AH1	0	22
274.335	274.372	49	DH	0	22
274.372	274.589	21	ER0	0	22
274.589	274.66	61	R	0	22
274.66	274.819	31	IY0	0	22
274.819	274.863	60	P	0	22
274.863	274.961	25	EY1	0	22
274.961	275.025	58	N	0	22
275.025	275.053	64	T	0	22
275.053	275.114	6	AH0	0	22
275.114	275.177	48	D	0	22
275.177	275.221	49	DH	0	22
275.221	275.334	7	AH1	0	22
275.334	275.375	51	G	0	22
275.375	275.481	21	ER0	0	22
275.481	275.651	1	AA1	0	22
275.651	275.786	70	ZH	0	22
275.786	275.813	48	D	0	22
275.813	275.939	10	AO1	0	22
275.939	276.102	61	R	0	22
284.763	284.845	74	sp	0	23
284.845	284.921	47	CH	0	23
284.921	285.003	4	AE1	0	23
285.003	285.095	56	L	0	23
285.095	285.162	6	AH0	0	23
285.162	285.21	58	N	0	23
285.21	285.268	53	JH	0	23
285.268	285.462	32	IY1	0	23
285.462	285.602	47	CH	0	23
285.602	285.685	53	JH	0	23
285.685	285.782	19	EH1	0	23
285.782	285.823	58	N	0	23
285.823	285.902	61	R	0	23
285.902	285.953	6	AH0	0	23
285.953	286.005	56	L	0	23
286.005	286.072	69	Z	0	23
286.072	286.124	29	IH2	0	23
286.124	286.201	58	N	0	23
286.201	286.243	64	T	0	23
286.243	286.299	19	EH1	0	23
286.299	286.372	56	L	0	23
286.372	286.443	6	AH0	0	23
286.443	286.523	53	JH	0	23
286.523	286.598	6	AH0	0	23
286.598	286.739	58	N	0	23
286.739	286.943	62	S	0	23
294.577	294.662	5	AE2	0	24
294.662	294.728	57	M	0	24
294.728	294.754	46	B	0	24
294.754	294.813	6	AH0	0	24
294.813	294.876	48	D	0	24
294.876	295.004	19	EH1	0	24
295.004	295.063	54	K	0	24
295.063	295.123	62	S	0	24
295.123	295.194	64	T	0	24
295.194	295.273	61	R	0	24
295.273	295.314	6	AH0	0	24
295.314	295.465	62	S	0	24
295.465	295.493	60	P	0	24
295.493	295.592	28	IH1	0	24
295.592	295.689	54	K	0	24
295.689	295.736	60	P	0	24
295.736	295.913	2	AA2	0	24
295.913	295.959	54	K	0	24
295.959	296.013	6	AH0	0	24
296.013	296.058	64	T	0	24
296.058	296.119	62	S	0	24
296.119	296.237	6	AH0	0	24
296.237	296.313	54	K	0	24
296.313	296.443	1	AA1	0	24
296.443	296.513	57	M	0	24
296.513	296.551	60	P	0	24
296.551	296.613	56	L	0	24
296.613	296.649	27	IH0	0	24
296.649	296.785	63	SH	0	24
296.785	296.863	57	M	0	24
296.863	296.968	10	AO1	0	24
296.968	297.131	61	R	0	24
306.122	306.202	6	AH0	0	25
306.202	306.292	57	M	0	25
306.292	306.364	7	AH1	0	25
306.364	306.464	62	S	0	25
306.464	306.541	54	K	0	25
306.541	306.565	68	Y	0	25
306.565	306.604	6	AH0	0	25
306.604	306.633	56	L	0	25
306.633	306.688	21	ER0	0	25
306.688	306.845	4	AE1	0	25
306.845	306.912	46	B	0	25
306.912	306.947	48	D	0	25
306.947	306.983	6	AH0	0	25
306.983	307.095	57	M	0	25
307.095	307.143	6	AH0	0	25
307.143	307.173	58	N	0	25
307.173	307.258	28	IH1	0	25
307.258	307.366	69	Z	0	25
307.366	307.407	51	G	0	25
307.407	307.463	6	AH0	0	25
307.463	307.496	48	D	0	25
307.496	307.601	50	F	0	25
307.601	307.633	61	R	0	25
307.633	307.673	21	ER0	0	25
307.673	307.715	68	Y	0	25
307.715	307.79	41	UH1	0	25
307.79	307.842	61	R	0	25
307.842	307.912	46	B	0	25
307.912	308.193	4	AE1	0	25
308.193	308.336	54	K	0	25
316.116	316.166	49	DH	0	26
316.166	316.313	25	EY1	0	26
316.313	316.474	35	OW1	0	26
316.474	316.533	58	N	0	26
316.533	316.602	6	AH0	0	26
316.602	316.715	46	B	0	26
316.715	316.846	28	IH1	0	26
316.846	316.876	51	G	0	26
316.876	316.954	52	HH	0	26
316.954	317.162	13	AW1	0	26
317.162	317.284	62	S	0	26
317.284	317.323	6	AH0	0	26
317.323	317.373	58	N	0	26
317.373	317.412	49	DH	0	26
317.412	317.453	31	IY0	0	26
317.453	317.51	61	R	0	26
317.51	317.542	31	IY0	0	26
317.542	317.622	57	M	0	26
317.622	317.734	35	OW1	0	26
317.734	317.804	64	T	0	26
317.804	317.863	54	K	0	26
317.863	317.943	7	AH1	0	26
317.943	317.985	58	N	0	26
317.985	318.061	64	T	0	26
318.061	318.123	61	R	0	26
318.123	318.154	31	IY0	0	26
318.154	318.266	62	S	0	26
318.266	318.478	17	AY2	0	26
318.478	318.605	48	D	0	26
326.543	326.592	49	DH	0	27
326.592	326.683	31	IY0	0	27
326.683	326.883	61	R	0	27
326.883	326.943	35	OW1	0	27
326.943	327.051	69	Z	0	27
327.051	327.148	54	K	0	27
327.148	327.191	9	AO0	0	27
327.191	327.263	61	R	0	27
327.263	327.388	62	S	0	27
327.388	327.701	1	AA1	0	27
327.701	327.884	70	ZH	0	27
327.884	328.036	62	S	0	27
328.036	328.083	57	M	0	27
328.083	328.123	19	EH1	0	27
328.123	328.198	56	L	0	27
328.198	328.243	48	D	0	27
328.243	328.408	62	S	0	27
328.408	328.483	67	W	0	27
328.483	328.677	32	IY1	0	27
328.677	328.794	64	T	0	27
336.873	337.117	49	DH	0	28
337.117	337.409	7	AH1	0	28
337.409	337.956	74	sp	0	28
337.956	338.003	60	P	0	28
338.003	338.083	28	IH1	0	28
338.083	338.209	54	K	0	28
338.209	338.232	60	P	0	28
338.232	338.409	2	AA2	0	28
338.409	338.465	54	K	0	28
338.465	338.602	6	AH0	0	28
338.602	338.652	64	T	0	28
338.652	338.733	67	W	0	28
338.733	338.792	7	AH1	0	28
338.792	338.912	69	Z	0	28
338.912	338.993	54	K	0	28
338.993	339.143	1	AA1	0	28
339.143	339.168	64	T	0	28
339.168	339.279	61	R	0	28
339.279	339.366	19	EH1	0	28
339.366	339.39	48	D	0	28
339.39	339.491	52	HH	0	28
339.491	339.613	4	AE1	0	28
339.613	339.675	58	N	0	28
339.675	339.728	48	D	0	28
339.728	339.96	6	AH0	0	28
339.96	340.04	48	D	0	28
356.09	356.143	4	AE1	0	29
356.143	356.193	58	N	0	29
356.193	356.273	4	AE1	0	29
356.273	356.363	48	D	0	29
356.363	356.393	6	AH0	0	29
356.393	356.532	56	L	0	29
356.532	356.582	64	T	0	29
356.582	356.658	57	M	0	29
356.658	356.722	25	EY1	0	29
356.722	356.879	56	L	0	29
356.879	356.956	46	B	0	29
356.956	357.158	6	AH0	0	29
357.158	357.213	46	B	0	29
357.213	357.333	44	UW1	0	29
357.333	357.4	58	N	0	29
357.4	357.496	69	Z	0	29
357.496	357.577	64	T	0	29
357.577	357.722	32	IY1	0	29
357.722	357.792	65	TH	0	29
357.792	357.89	21	ER0	0	29
357.89	357.953	58	N	0	29
357.953	358.085	1	AA1	0	29
358.085	358.133	64	T	0	29
358.133	358.256	62	S	0	29
358.256	358.361	44	UW1	0	29
358.361	358.398	64	T	0	29
358.398	358.433	6	AH0	0	29
358.433	358.493	46	B	0	29
358.493	358.523	6	AH0	0	29
358.523	358.65	56	L	0	29
358.65	358.776	50	F	0	29
358.776	358.833	61	R	0	29
358.833	358.878	21	ER0	0	29
358.878	359.022	32	IY1	0	29
359.022	359.063	64	T	0	29
359.063	359.118	27	IH0	0	29
359.118	359.233	59	NG	0	29
359.233	359.342	63	SH	0	29
359.342	359.406	19	EH1	0	29
359.406	359.486	56	L	0	29
359.486	359.602	50	F	0	29
359.602	359.76	29	IH2	0	29
359.76	359.956	63	SH	0	29
369.513	369.601	74	sp	0	30
369.601	369.685	52	HH	0	30
369.685	369.753	21	ER0	0	30
369.753	369.833	67	W	0	30
369.833	369.934	10	AO1	0	30
369.934	370.038	61	R	0	30
370.038	370.073	48	D	0	30
370.073	370.153	61	R	0	30
370.153	370.193	36	OW2	0	30
370.193	370.305	46	B	0	30
370.305	370.355	54	K	0	30
370.355	370.402	6	AH0	0	30
370.402	370.463	58	N	0	30
370.463	370.569	62	S	0	30
370.569	370.669	28	IH1	0	30
370.669	370.856	62	S	0	30
370.856	370.901	6	AH0	0	30
370.901	370.969	66	V	0	30
370.969	371.131	35	OW1	0	30
371.131	371.172	58	N	0	30
371.172	371.213	56	L	0	30
371.213	371.243	31	IY0	0	30
371.243	371.342	62	S	0	30
371.342	371.396	54	K	0	30
371.396	371.591	22	ER1	0	30
371.591	371.614	64	T	0	30
371.614	371.664	62	S	0	30
371.664	371.722	6	AH0	0	30
371.722	371.782	58	N	0	30
371.782	371.813	48	D	0	30
371.813	371.864	46	B	0	30
371.864	371.921	56	L	0	30
371.921	372.014	13	AW1	0	30
372.014	372.113	62	S	0	30
372.113	372.253	6	AH0	0	30
372.253	372.402	69	Z	0	30
381.143	381.193	49	DH	0	31
381.193	381.29	7	AH1	0	31
381.29	381.386	64	T	0	31
381.386	381.523	44	UW1	0	31
381.523	381.623	1	AA1	0	31
381.623	381.703	61	R	0	31
381.703	381.737	64	T	0	31
381.737	381.847	6	AH0	0	31
381.847	381.956	62	S	0	31
381.956	382.038	27	IH0	0	31
382.038	382.102	54	K	0	31
382.102	382.174	62	S	0	31
382.174	382.255	47	CH	0	31
382.255	382.393	25	EY1	0	31
382.393	382.453	58	N	0	31
382.453	382.553	53	JH	0	31
382.553	382.607	48	D	0	31
382.607	382.713	10	AO1	0	31
382.713	382.755	64	T	0	31
382.755	382.847	6	AH0	0	31
382.847	382.904	51	G	0	31
382.904	382.943	61	R	0	31
382.943	383.073	5	AE2	0	31
383.073	383.166	50	F	0	31
383.166	383.373	62	S	0	31
383.373	383.505	74	sp	0	31
391.133	391.224	74	sp	0	32
391.224	391.26	46	B	0	32
391.26	391.313	7	AH1	0	32
391.313	391.342	64	T	0	32
391.342	391.412	21	ER0	0	32
391.412	391.503	62	S	0	32
391.503	391.573	54	K	0	32
391.573	391.777	2	AA2	0	32
391.777	391.873	47	CH	0	32
391.873	391.947	50	F	0	32
391.947	392.21	7	AH1	0	32
392.21	392.328	53	JH	0	32
392.328	392.374	51	G	0	32
392.374	392.523	35	OW1	0	32
392.523	392.585	69	Z	0	32
392.585	392.722	67	W	0	32
392.722	392.779	19	EH1	0	32
392.779	392.873	56	L	0	32
392.873	392.933	67	W	0	32
392.933	392.972	6	AH0	0	32
392.972	393.05	49	DH	0	32
393.05	393.094	74	sp	0	32
393.094	393.136	66	V	0	32
393.136	393.202	6	AH0	0	32
393.202	393.269	58	N	0	32
393.269	393.316	28	IH1	0	32
393.316	393.406	56	L	0	32
393.406	393.484	6	AH0	0	32
393.484	393.683	16	AY1	0	32
393.683	393.848	62	S	0	32
393.848	393.898	54	K	0	32
393.898	393.966	61	R	0	32
393.966	394.027	32	IY1	0	32
394.027	394.126	57	M	0	32
403.258	403.384	61	R	0	33
403.384	403.585	28	IH1	0	33
403.585	403.681	47	CH	0	33
403.681	403.747	74	sp	0	33
403.747	403.798	60	P	0	33
403.798	403.946	22	ER1	0	33
403.946	404.014	47	CH	0	33
404.014	404.131	6	AH0	0	33
404.131	404.251	62	S	0	33
404.251	404.35	64	T	0	33
404.35	404.499	62	S	0	33
404.499	404.601	19	EH1	0	33
404.601	404.68	66	V	0	33
404.68	404.736	61	R	0	33
404.736	404.773	6	AH0	0	33
404.773	404.837	56	L	0	33
404.837	404.943	62	S	0	33
404.943	405.093	16	AY1	0	33
405.093	405.256	58	N	0	33
405.256	405.378	48	D	0	33
405.378	405.468	56	L	0	33
405.468	405.523	28	IH1	0	33
405.523	405.615	65	TH	0	33
405.615	405.734	6	AH0	0	33
405.734	405.823	51	G	0	33
405.823	405.883	61	R	0	33
405.883	406.003	5	AE2	0	33
406.003	406.083	50	F	0	33
406.083	406.303	62	S	0	33
415.801	415.873	19	EH1	0	34
415.873	415.912	58	N	0	34
415.912	415.999	31	IY0	0	34
415.999	416.083	54	K	0	34
416.083	416.178	2	AA2	0	34
416.178	416.227	58	N	0	34
416.227	416.276	64	T	0	34
416.276	416.3	61	R	0	34
416.3	416.333	6	AH0	0	34
416.333	416.422	46	B	0	34
416.422	416.469	68	Y	0	34
416.469	416.543	44	UW1	0	34
416.543	416.656	63	SH	0	34
416.656	416.713	6	AH0	0	34
416.713	416.792	58	N	0	34
416.792	416.911	69	Z	0	34
416.911	416.955	67	W	0	34
416.955	416.993	6	AH0	0	34
416.993	417.023	56	L	0	34
417.023	417.084	46	B	0	34
417.084	417.15	32	IY1	0	34
417.15	417.193	51	G	0	34
417.193	417.273	61	R	0	34
417.273	417.313	25	EY1	0	34
417.313	417.347	64	T	0	34
417.347	417.409	56	L	0	34
417.409	417.503	31	IY0	0	34
417.503	417.589	6	AH0	0	34
417.589	417.652	60	P	0	34
417.652	417.699	61	R	0	34
417.699	417.753	32	IY1	0	34
417.753	417.863	63	SH	0	34
417.863	417.935	31	IY0	0	34
417.935	418.028	26	EY2	0	34
418.028	418.102	64	T	0	34
418.102	418.172	6	AH0	0	34
418.172	418.253	48	D	0	34
426.883	426.94	49	DH	0	35
426.94	427.064	7	AH1	0	35
427.064	427.136	54	K	0	35
427.136	427.217	61	R	0	35
427.217	427.282	4	AE1	0	35
427.282	427.352	58	N	0	35
427.352	427.393	46	B	0	35
427.393	427.461	20	EH2	0	35
427.461	427.581	61	R	0	35
427.581	427.699	31	IY0	0	35
427.699	427.753	46	B	0	35
427.753	427.972	1	AA1	0	35
427.972	428.053	51	G	0	35
428.053	428.092	51	G	0	35
428.092	428.196	28	IH1	0	35
428.196	428.218	64	T	0	35
428.218	428.256	62	S	0	35
428.256	428.324	66	V	0	35
428.324	428.392	19	EH1	0	35
428.392	428.483	61	R	0	35
428.483	428.591	31	IY0	0	35
428.591	428.641	60	P	0	35
428.641	428.692	61	R	0	35
428.692	428.721	28	IH1	0	35
428.721	428.764	64	T	0	35
428.764	428.852	31	IY0	0	35
428.852	428.933	28	IH1	0	35
428.933	428.993	58	N	0	35
428.993	429.143	10	AO1	0	35
429.143	429.183	64	T	0	35
429.183	429.263	6	AH0	0	35
429.263	429.363	57	M	0	35
437.654	437.72	52	HH	0	36
437.72	437.81	13	AW1	0	36
437.81	437.865	48	D	0	36
437.865	437.959	44	UW1	0	36
437.959	438.144	38	OY1	0	36
438.144	438.233	62	S	0	36
438.233	438.309	64	T	0	36
438.309	438.423	21	ER0	0	36
438.423	438.532	69	Z	0	36
438.532	438.584	57	M	0	36
438.584	438.664	25	EY1	0	36
438.664	438.806	54	K	0	36
438.806	438.843	60	P	0	36
438.843	438.972	22	ER1	0	36
438.972	439.085	56	L	0	36
439.085	439.273	69	Z	0	36
447.256	447.32	57	M	0	37
447.32	447.393	25	EY1	0	37
447.393	447.5	16	AY1	0	37
447.5	447.622	10	AO1	0	37
447.622	447.675	61	R	0	37
447.675	447.72	48	D	0	37
447.72	447.863	21	ER0	0	37
447.863	447.932	6	AH0	0	37
447.932	447.972	60	P	0	37
447.972	448.013	1	AA1	0	37
448.013	448.087	61	R	0	37
448.087	448.186	50	F	0	37
448.186	448.412	25	EY1	0	37
448.412	448.573	4	AE1	0	37
448.573	448.638	50	F	0	37
448.638	448.683	64	T	0	37
448.683	448.811	21	ER0	0	37
448.811	448.863	16	AY1	0	37
448.863	448.983	32	IY1	0	37
448.983	449.053	64	T	0	37
449.053	449.088	48	D	0	37
449.088	449.173	28	IH1	0	37
449.173	449.223	58	N	0	37
449.223	449.513	21	ER0	0	37
457.852	457.953	6	AH0	0	38
457.953	457.983	69	Z	0	38
457.983	458.092	63	SH	0	38
458.092	458.162	32	IY1	0	38
458.162	458.213	51	G	0	38
458.213	458.352	35	OW1	0	38
458.352	458.402	6	AH0	0	38
458.402	458.483	58	N	0	38
458.483	458.573	67	W	0	38
458.573	458.613	28	IH1	0	38
458.613	458.693	49	DH	0	38
458.693	458.763	68	Y	0	38
458.763	458.852	44	UW1	0	38
465.713	465.743	73	ns	0	39
465.743	466.175	73	ns	0	39
466.175	466.234	54	K	0	39
466.234	466.282	6	AH0	0	39
466.282	466.323	58	N	0	39
466.323	466.369	49	DH	0	39
466.369	466.433	7	AH1	0	39
466.433	466.583	25	EY1	0	39
466.583	466.657	53	JH	0	39
466.657	466.713	6	AH0	0	39
466.713	466.763	58	N	0	39
466.763	466.87	62	S	0	39
466.87	466.984	31	IY0	0	39
466.984	467.094	35	OW1	0	39
467.094	467.143	66	V	0	39
467.143	467.281	21	ER0	0	39
467.281	467.402	65	TH	0	39
467.402	467.514	61	R	0	39
467.514	467.628	36	OW2	0	39
467.628	467.817	25	EY1	0	39
467.817	467.881	56	L	0	39
467.881	467.982	31	IY0	0	39
467.982	468.042	6	AH0	0	39
468.042	468.083	58	N	0	39
468.083	468.154	50	F	0	39
468.154	468.231	10	AO1	0	39
468.231	468.282	61	R	0	39
468.282	468.37	62	S	0	39
468.37	468.503	6	AH0	0	39
468.503	468.661	69	Z	0	39
476.977	477.035	6	AH0	0	40
477.035	477.162	62	S	0	40
477.162	477.23	54	K	0	40
477.23	477.292	61	R	0	40
477.292	477.333	44	UW1	0	40
477.333	477.412	48	D	0	40
477.412	477.509	61	R	0	40
477.509	477.606	17	AY2	0	40
477.606	477.659	66	V	0	40
477.659	477.821	21	ER0	0	40
477.821	477.903	28	IH1	0	40
477.903	477.988	69	Z	0	40
477.988	478.05	57	M	0	40
478.05	478.247	25	EY1	0	40
478.247	478.28	48	D	0	40
478.28	478.394	50	F	0	40
478.394	478.409	61	R	0	40
478.409	478.453	7	AH1	0	40
478.453	478.513	57	M	0	40
478.513	478.553	66	V	0	40
478.553	478.698	1	AA1	0	40
478.698	478.788	48	D	0	40
478.788	478.848	54	K	0	40
478.848	478.981	6	AH0	0	40
478.981	479.058	4	AE1	0	40
479.058	479.112	58	N	0	40
479.112	479.163	48	D	0	40
479.163	479.263	10	AO1	0	40
479.263	479.318	61	R	0	40
479.318	479.352	6	AH0	0	40
479.352	479.385	58	N	0	40
479.385	479.503	53	JH	0	40
479.503	479.573	53	JH	0	40
479.573	479.722	44	UW1	0	40
479.722	479.933	62	S	0	40
488.587	488.653	52	HH	0	41
488.653	488.733	13	AW1	0	41
488.733	488.784	57	M	0	41
488.784	488.899	7	AH1	0	41
488.899	488.955	47	CH	0	41
488.955	488.993	6	AH0	0	41
488.993	489.047	56	L	0	41
489.047	489.181	13	AW1	0	41
489.181	489.237	6	AH0	0	41
489.237	489.303	58	N	0	41
489.303	489.39	62	S	0	41
489.39	489.453	48	D	0	41
489.453	489.542	44	UW1	0	41
489.542	489.613	68	Y	0	41
489.613	489.694	44	UW1	0	41
489.694	489.733	51	G	0	41
489.733	489.883	19	EH1	0	41
489.883	489.993	64	T	0	41
496.933	497.102	74	sp	0	42
497.102	497.253	62	S	0	42
497.253	497.357	28	IH1	0	42
497.357	497.453	54	K	0	42
497.453	497.493	56	L	0	42
497.493	497.523	27	IH0	0	42
497.523	497.624	54	K	0	42
497.624	497.673	6	AH0	0	42
497.673	497.776	56	L	0	42
497.776	497.836	60	P	0	42
497.836	497.891	61	R	0	42
497.891	497.983	35	OW1	0	42
497.983	498.036	51	G	0	42
498.036	498.12	61	R	0	42
498.12	498.173	5	AE2	0	42
498.173	498.233	57	M	0	42
498.233	498.332	69	Z	0	42
498.332	498.376	67	W	0	42
498.376	498.412	28	IH1	0	42
498.412	498.438	56	L	0	42
498.438	498.493	58	N	0	42
498.493	498.592	19	EH1	0	42
498.592	498.644	66	V	0	42
498.644	498.743	21	ER0	0	42
498.743	498.858	54	K	0	42
498.858	498.902	6	AH0	0	42
498.902	498.988	57	M	0	42
498.988	499.023	60	P	0	42
499.023	499.193	16	AY1	0	42
499.193	499.456	56	L	0	42
507.824	507.893	49	DH	0	43
507.893	507.934	7	AH1	0	43
507.934	508.042	46	B	0	43
508.042	508.213	1	AA1	0	43
508.213	508.323	62	S	0	43
508.323	508.352	64	T	0	43
508.352	508.412	6	AH0	0	43
508.412	508.493	58	N	0	43
508.493	508.542	46	B	0	43
508.542	508.604	3	AE0	0	43
508.604	508.711	56	L	0	43
508.711	508.833	25	EY1	0	43
508.833	508.972	35	OW1	0	43
508.972	509.026	66	V	0	43
509.026	509.176	21	ER0	0	43
509.176	509.237	54	K	0	43
509.237	509.323	25	EY1	0	43
509.323	509.402	57	M	0	43
509.402	509.443	49	DH	0	43
509.443	509.494	19	EH1	0	43
509.494	509.524	61	R	0	43
509.524	509.643	50	F	0	43
509.643	509.722	7	AH1	0	43
509.722	509.803	58	N	0	43
509.803	509.842	48	D	0	43
509.842	509.905	27	IH0	0	43
509.905	509.958	59	NG	0	43
509.958	510.084	63	SH	0	43
510.084	510.159	10	AO1	0	43
510.159	510.212	61	R	0	43
510.212	510.259	64	T	0	43
510.259	510.386	6	AH0	0	43
510.386	510.544	53	JH	0	43
518.945	519.03	19	EH1	0	44
519.03	519.091	66	V	0	44
519.091	519.142	61	R	0	44
519.142	519.245	31	IY0	0	44
519.245	519.303	54	K	0	44
519.303	519.487	4	AE1	0	44
519.487	519.553	46	B	0	44
519.553	519.624	58	N	0	44
519.624	519.722	32	IY1	0	44
519.722	519.787	48	D	0	44
519.787	519.838	69	Z	0	44
519.838	519.896	61	R	0	44
519.896	519.998	31	IY0	0	44
519.998	520.047	60	P	0	44
520.047	520.129	25	EY1	0	44
520.129	520.194	58	N	0	44
520.194	520.226	64	T	0	44
520.226	520.273	27	IH0	0	44
520.273	520.328	59	NG	0	44
520.328	520.472	10	AO1	0	44
520.472	520.585	50	F	0	44
520.585	520.603	64	T	0	44
520.603	520.69	6	AH0	0	44
520.69	520.797	58	N	0	44
528.832	528.892	52	HH	0	45
528.892	528.985	19	EH1	0	45
528.985	529.05	56	L	0	45
529.05	529.153	60	P	0	45
529.153	529.202	51	G	0	45
529.202	529.252	61	R	0	45
529.252	529.382	19	EH1	0	45
529.382	529.459	51	G	0	45
529.459	529.496	64	T	0	45
529.496	529.63	6	AH0	0	45
529.63	529.653	60	P	0	45
529.653	529.755	28	IH1	0	45
529.755	529.793	54	K	0	45
529.793	529.941	6	AH0	0	45
529.941	529.964	60	P	0	45
529.964	530.091	19	EH1	0	45
530.091	530.129	54	K	0	45
530.129	530.213	6	AH0	0	45
530.213	530.298	66	V	0	45
530.298	530.319	60	P	0	45
530.319	530.427	6	AH0	0	45
530.427	530.495	64	T	0	45
530.495	530.632	25	EY1	0	45
530.632	530.662	64	T	0	45
530.662	530.823	34	OW0	0	45
530.823	531.002	69	Z	0	45
539.669	539.763	67	W	0	46
539.763	539.825	32	IY1	0	46
539.825	539.872	56	L	0	46
539.872	539.988	16	AY1	0	46
539.988	540.095	54	K	0	46
540.095	540.129	46	B	0	46
540.129	540.177	56	L	0	46
540.177	540.313	44	UW1	0	46
540.313	540.438	47	CH	0	46
540.438	540.635	32	IY1	0	46
540.635	540.766	69	Z	0	46
540.766	540.803	46	B	0	46
540.803	540.872	7	AH1	0	46
540.872	540.913	64	T	0	46
540.913	540.972	66	V	0	46
540.972	541.047	28	IH1	0	46
541.047	541.14	54	K	0	46
541.14	541.167	64	T	0	46
541.167	541.277	21	ER0	0	46
541.277	541.373	56	L	0	46
541.373	541.492	16	AY1	0	46
541.492	541.553	54	K	0	46
541.553	541.683	62	S	0	46
541.683	541.724	46	B	0	46
541.724	541.829	61	R	0	46
541.829	542.038	16	AY1	0	46
550.446	550.533	54	K	0	47
550.533	550.632	13	AW1	0	47
550.632	550.663	58	N	0	47
550.663	550.693	64	T	0	47
550.693	550.722	49	DH	0	47
550.722	550.778	7	AH1	0	47
550.778	550.862	58	N	0	47
550.862	550.953	7	AH1	0	47
550.953	550.982	57	M	0	47
550.982	551.043	46	B	0	47
551.043	551.123	21	ER0	0	47
551.123	551.179	6	AH0	0	47
551.179	551.275	66	V	0	47
551.275	551.393	64	T	0	47
551.393	551.456	32	IY1	0	47
551.456	551.573	62	S	0	47
551.573	551.628	60	P	0	47
551.628	551.69	45	UW2	0	47
551.69	551.762	58	N	0	47
551.762	551.799	69	Z	0	47
551.799	551.858	6	AH0	0	47
551.858	551.882	66	V	0	47
551.882	551.983	62	S	0	47
551.983	552.123	38	OY1	0	47
552.123	552.226	62	S	0	47
552.226	552.358	11	AO2	0	47
552.358	552.472	62	S	0	47
552.472	552.502	49	DH	0	47
552.502	552.573	6	AH0	0	47
552.573	552.623	64	T	0	47
552.623	552.728	68	Y	0	47
552.728	552.819	44	UW1	0	47
552.819	552.982	4	AE1	0	47
552.982	553.078	48	D	0	47
561.332	561.353	46	B	0	48
561.353	561.48	4	AE1	0	48
561.48	561.55	51	G	0	48
561.55	561.592	60	P	0	48
561.592	561.713	17	AY2	0	48
561.713	561.786	60	P	0	48
561.786	561.859	62	S	0	48
561.859	561.907	6	AH0	0	48
561.907	561.971	58	N	0	48
561.971	562.012	48	D	0	48
562.012	562.053	46	B	0	48
562.053	562.141	1	AA1	0	48
562.141	562.216	59	NG	0	48
562.216	562.276	51	G	0	48
562.276	562.383	36	OW2	0	48
562.383	562.454	69	Z	0	48
562.454	562.553	21	ER0	0	48
562.553	562.631	57	M	0	48
562.631	562.653	68	Y	0	48
562.653	562.699	44	UW1	0	48
562.699	562.752	69	Z	0	48
562.752	562.815	27	IH0	0	48
562.815	562.935	54	K	0	48
562.935	562.972	6	AH0	0	48
562.972	563.033	56	L	0	48
563.033	563.112	28	IH1	0	48
563.112	563.17	58	N	0	48
563.17	563.252	62	S	0	48
563.252	563.298	64	T	0	48
563.298	563.337	61	R	0	48
563.337	563.38	6	AH0	0	48
563.38	563.419	57	M	0	48
563.419	563.487	6	AH0	0	48
563.487	563.613	58	N	0	48
563.613	563.622	64	T	0	48
563.622	563.792	62	S	0	48
571.441	571.502	52	HH	0	49
571.502	571.683	13	AW1	0	49
571.683	571.718	51	G	0	49
571.718	571.794	41	UH1	0	49
571.794	571.833	48	D	0	49
571.833	571.923	28	IH1	0	49
571.923	571.991	69	Z	0	49
571.991	572.02	68	Y	0	49
572.02	572.043	41	UH1	0	49
572.043	572.102	61	R	0	49
572.102	572.156	19	EH1	0	49
572.156	572.26	58	N	0	49
572.26	572.295	48	D	0	49
572.295	572.485	21	ER0	0	49
572.485	572.524	6	AH0	0	49
572.524	572.612	58	N	0	49
572.612	572.793	62	S	0	49
586.307	586.44	21	ER0	0	0
586.44	586.473	68	Y	0	0
586.473	586.5	10	AO1	0	0
586.5	586.583	61	R	0	0
586.583	586.643	51	G	0	0
586.643	586.727	61	R	0	0
586.727	586.774	25	EY1	0	0
586.774	586.823	48	D	0	0
586.823	586.862	69	Z	0	0
586.862	586.92	52	HH	0	0
586.92	587.083	16	AY1	0	0
587.083	587.195	21	ER0	0	0
587.195	587.321	21	ER0	0	0
587.321	587.39	56	L	0	0
587.39	587.502	35	OW1	0	0
587.502	587.632	21	ER0	0	0
587.632	587.69	49	DH	0	0
587.69	587.742	6	AH0	0	0
587.742	587.789	58	N	0	0
587.789	587.852	58	N	0	0
587.852	587.958	4	AE1	0	0
587.958	588.037	58	N	0	0
588.037	588.125	62	S	0	0
588.125	588.267	31	IY0	0	0
588.267	588.441	69	Z	0	0
597.001	597.603	73	ns	0	1
597.603	598.182	61	R	0	1
598.182	598.263	67	W	0	1
598.263	598.422	10	AO1	0	1
598.422	598.453	61	R	0	1
598.453	598.573	57	M	0	1
598.573	598.603	74	sp	0	1
598.603	598.662	50	F	0	1
598.662	598.743	56	L	0	1
598.743	598.803	32	IY1	0	1
598.803	598.943	62	S	0	1
598.943	599.062	31	IY0	0	1
599.062	599.202	67	W	0	1
599.202	599.312	41	UH1	0	1
599.312	599.342	56	L	0	1
599.342	599.382	6	AH0	0	1
599.382	599.443	58	N	0	1
599.443	599.592	35	OW1	0	1
599.592	599.622	66	V	0	1
599.622	599.832	21	ER0	0	1
599.832	599.862	11	AO2	0	1
599.862	599.972	56	L	0	1
599.972	600.152	69	Z	0	1
608.612	608.672	74	sp	0	2
608.672	608.833	61	R	0	2
608.833	608.862	19	EH1	0	2
608.862	608.892	48	D	0	2
608.892	608.922	27	IH0	0	2
608.922	608.982	59	NG	0	2
608.982	609.062	28	IH1	0	2
609.062	609.132	58	N	0	2
609.132	609.243	60	P	0	2
609.243	609.342	41	UH1	0	2
609.342	609.392	61	R	0	2
609.392	609.522	56	L	0	2
609.522	609.592	16	AY1	0	2
609.592	609.642	64	T	0	2
609.642	609.732	51	G	0	2
609.732	609.833	28	IH1	0	2
609.833	609.872	66	V	0	2
609.872	609.932	69	Z	0	2
609.932	609.962	68	Y	0	2
609.962	610.112	44	UW1	0	2
610.112	610.232	16	AY1	0	2
610.232	610.322	62	S	0	2
610.322	610.402	64	T	0	2
610.402	610.532	61	R	0	2
610.532	610.583	26	EY2	0	2
610.583	610.672	58	N	0	2
619.272	619.413	32	IY1	0	3
619.413	619.443	66	V	0	3
619.443	619.513	6	AH0	0	3
619.513	619.573	58	N	0	3
619.573	619.783	16	AY1	0	3
619.783	619.833	6	AH0	0	3
619.833	619.923	54	K	0	3
619.923	619.993	25	EY1	0	3
619.993	620.153	70	ZH	0	3
620.153	620.182	6	AH0	0	3
620.182	620.213	58	N	0	3
620.213	620.263	56	L	0	3
620.263	620.293	31	IY0	0	3
620.293	620.323	51	G	0	3
620.323	620.383	28	IH1	0	3
620.383	620.432	64	T	0	3
620.432	620.483	49	DH	0	3
620.483	620.543	6	AH0	0	3
620.543	620.653	57	M	0	3
620.653	620.703	7	AH1	0	3
620.703	620.743	58	N	0	3
620.743	620.803	48	D	0	3
620.803	620.893	26	EY2	0	3
620.893	621.003	46	B	0	3
621.003	621.053	56	L	0	3
621.053	621.213	44	UW1	0	3
621.213	621.383	69	Z	0	3
628.713	628.862	67	W	0	4
628.862	628.893	32	IY1	0	4
628.893	629.062	21	ER0	0	4
629.062	629.152	35	OW1	0	4
629.152	629.202	60	P	0	4
629.202	629.282	6	AH0	0	4
629.282	629.342	58	N	0	4
629.342	629.482	19	EH1	0	4
629.482	629.512	66	V	0	4
629.512	629.622	61	R	0	4
629.622	629.662	31	IY0	0	4
629.662	629.713	57	M	0	4
629.713	629.782	7	AH1	0	4
629.782	629.832	58	N	0	4
629.832	629.882	48	D	0	4
629.882	629.992	26	EY2	0	4
629.992	630.132	32	IY1	0	4
630.132	630.213	66	V	0	4
630.213	630.262	58	N	0	4
630.262	630.382	27	IH0	0	4
630.382	630.452	59	NG	0	4
646.542	646.632	6	AH0	0	5
646.632	646.713	64	T	0	5
646.713	646.742	62	S	0	5
646.742	646.772	58	N	0	5
646.772	646.893	1	AA1	0	5
646.893	646.922	64	T	0	5
646.922	647.012	32	IY1	0	5
647.012	647.102	69	Z	0	5
647.102	647.182	31	IY0	0	5
647.182	647.232	64	T	0	5
647.232	647.352	6	AH0	0	5
647.352	647.463	54	K	0	5
647.463	647.582	61	R	0	5
647.582	647.612	31	IY0	0	5
647.612	647.702	25	EY1	0	5
647.702	647.732	64	T	0	5
647.732	647.762	29	IH2	0	5
647.762	647.862	56	L	0	5
647.862	647.912	44	UW1	0	5
647.912	648.022	57	M	0	5
648.022	648.112	6	AH0	0	5
648.112	648.143	58	N	0	5
648.143	648.222	26	EY2	0	5
648.222	648.253	64	T	0	5
648.253	648.302	27	IH0	0	5
648.302	648.342	59	NG	0	5
648.342	648.463	27	IH0	0	5
648.463	648.532	51	G	0	5
648.532	648.602	69	Z	0	5
648.602	648.702	4	AE1	0	5
648.702	648.753	57	M	0	5
648.753	648.792	60	P	0	5
648.792	648.842	6	AH0	0	5
648.842	648.942	56	L	0	5
648.942	649.122	69	Z	0	5
657.492	657.643	74	sp	0	6
657.643	657.802	57	M	0	6
657.802	657.902	7	AH1	0	6
657.902	657.972	57	M	0	6
657.972	658.032	62	S	0	6
658.032	658.073	64	T	0	6
658.073	658.122	61	R	0	6
658.122	658.162	10	AO1	0	6
658.162	658.253	59	NG	0	6
658.253	658.312	56	L	0	6
658.312	658.402	31	IY0	0	6
658.402	658.472	48	D	0	6
658.472	658.532	29	IH2	0	6
658.532	658.632	62	S	0	6
658.632	658.672	56	L	0	6
658.672	658.782	16	AY1	0	6
658.782	658.812	54	K	0	6
658.812	658.893	62	S	0	6
658.893	659.003	4	AE1	0	6
659.003	659.073	60	P	0	6
659.073	659.132	6	AH0	0	6
659.132	659.242	64	T	0	6
659.242	659.323	17	AY2	0	6
659.323	659.412	69	Z	0	6
659.412	659.532	21	ER0	0	6
659.532	659.622	69	Z	0	6
677.883	678.023	49	DH	0	7
678.023	678.122	35	OW1	0	7
678.122	678.243	69	Z	0	7
678.243	678.282	52	HH	0	7
678.282	678.372	44	UW1	0	7
678.372	678.482	64	T	0	7
678.482	678.573	32	IY1	0	7
678.573	678.672	47	CH	0	7
678.672	678.702	66	V	0	7
678.702	678.782	4	AE1	0	7
678.782	678.872	56	L	0	7
678.872	678.963	68	Y	0	7
678.963	678.993	43	UW0	0	7
678.993	679.073	69	Z	0	7
679.073	679.122	50	F	0	7
679.122	679.252	22	ER1	0	7
679.252	679.312	62	S	0	7
679.312	679.353	64	T	0	7
679.353	679.422	6	AH0	0	7
679.422	679.493	46	B	0	7
679.493	679.663	1	AA1	0	7
679.663	679.692	56	L	0	7
679.692	679.722	29	IH2	0	7
679.722	679.862	63	SH	0	7
679.862	680.012	47	CH	0	7
680.012	680.082	32	IY1	0	7
680.082	680.112	64	T	0	7
680.112	680.303	27	IH0	0	7
680.303	680.353	59	NG	0	7
688.752	688.883	49	DH	0	8
688.883	688.982	7	AH1	0	8
688.982	689.073	50	F	0	8
689.073	689.152	61	R	0	8
689.152	689.192	16	AY1	0	8
689.192	689.362	64	T	0	8
689.362	689.402	6	AH0	0	8
689.402	689.603	58	N	0	8
689.603	689.713	48	D	0	8
689.713	689.952	74	sp	0	8
689.952	690.112	47	CH	0	8
690.112	690.292	16	AY1	0	8
690.292	690.482	56	L	0	8
690.482	690.633	48	D	0	8
690.633	690.743	74	sp	0	8
690.743	690.872	67	W	0	8
690.872	690.913	6	AH0	0	8
690.913	691.002	69	Z	0	8
691.002	691.062	53	JH	0	8
691.062	691.092	19	EH1	0	8
691.092	691.122	58	N	0	8
691.122	691.152	64	T	0	8
691.152	691.262	56	L	0	8
691.262	691.303	31	IY0	0	8
691.303	691.432	62	S	0	8
691.432	691.472	6	AH0	0	8
691.472	691.582	46	B	0	8
691.582	691.633	48	D	0	8
691.633	691.842	44	UW1	0	8
691.842	691.942	48	D	0	8
691.942	692.142	46	B	0	8
692.142	692.273	16	AY1	0	8
692.273	692.332	52	HH	0	8
692.332	692.362	6	AH0	0	8
692.362	692.472	69	Z	0	8
692.472	692.512	46	B	0	8
692.512	692.612	28	IH1	0	8
692.612	692.692	51	G	0	8
692.692	692.732	46	B	0	8
692.732	692.792	61	R	0	8
692.792	692.872	7	AH1	0	8
692.872	692.913	49	DH	0	8
692.913	693.012	21	ER0	0	8
700.523	700.652	32	IY1	0	9
700.652	700.682	66	V	0	9
700.682	700.713	6	AH0	0	9
700.713	700.782	58	N	0	9
700.782	700.823	6	AH0	0	9
700.823	700.963	62	S	0	9
700.963	700.993	28	IH1	0	9
700.993	701.042	57	M	0	9
701.042	701.092	60	P	0	9
701.092	701.152	6	AH0	0	9
701.152	701.192	56	L	0	9
701.192	701.243	66	V	0	9
701.243	701.392	34	OW0	0	9
701.392	701.502	54	K	0	9
701.502	701.622	4	AE1	0	9
701.622	701.663	46	B	0	9
701.663	701.692	68	Y	0	9
701.692	701.762	6	AH0	0	9
701.762	701.803	56	L	0	9
701.803	701.832	20	EH2	0	9
701.832	701.913	61	R	0	9
701.913	701.963	31	IY0	0	9
701.963	702.042	54	K	0	9
702.042	702.122	6	AH0	0	9
702.122	702.172	58	N	0	9
702.172	702.262	64	T	0	9
702.262	702.392	25	EY1	0	9
702.392	702.482	58	N	0	9
702.482	702.512	69	Z	0	9
702.512	702.642	62	S	0	9
702.642	702.672	28	IH1	0	9
702.672	702.752	57	M	0	9
702.752	702.782	46	B	0	9
702.782	702.823	6	AH0	0	9
702.823	702.913	56	L	0	9
702.913	703.133	69	Z	0	9
712.892	712.952	74	sp	0	10
712.952	713.053	6	AH0	0	10
713.053	713.163	54	K	0	10
713.163	713.192	61	R	0	10
713.192	713.323	4	AE1	0	10
713.323	713.402	46	B	0	10
713.402	713.463	47	CH	0	10
713.463	713.523	4	AE1	0	10
713.523	713.633	56	L	0	10
713.633	713.663	6	AH0	0	10
713.663	713.722	58	N	0	10
713.722	713.803	53	JH	0	10
713.803	713.853	48	D	0	10
713.853	713.922	57	M	0	10
713.922	714.042	32	IY1	0	10
714.042	714.133	46	B	0	10
714.133	714.192	7	AH1	0	10
714.192	714.262	64	T	0	10
714.262	714.303	6	AH0	0	10
714.303	714.372	54	K	0	10
714.372	714.452	67	W	0	10
714.452	714.502	28	IH1	0	10
714.502	714.542	54	K	0	10
714.542	714.622	62	S	0	10
714.622	714.682	64	T	0	10
714.682	714.823	4	AE1	0	10
714.823	714.883	46	B	0	10
714.883	714.922	66	V	0	10
714.922	714.982	4	AE1	0	10
714.982	715.053	59	NG	0	10
715.053	715.122	54	K	0	10
715.122	715.192	67	W	0	10
715.192	715.222	27	IH0	0	10
715.222	715.323	63	SH	0	10
715.323	715.383	64	T	0	10
715.383	715.442	29	IH2	0	10
715.442	715.532	57	M	0	10
723.922	723.952	51	G	0	11
723.952	723.993	56	L	0	11
723.993	724.092	44	UW1	0	11
724.092	724.192	54	K	0	11
724.192	724.252	36	OW2	0	11
724.252	724.392	62	S	0	11
724.392	724.432	4	AE1	0	11
724.432	724.472	58	N	0	11
724.472	724.502	48	D	0	11
724.502	724.582	50	F	0	11
724.582	724.672	61	R	0	11
724.672	724.752	44	UW1	0	11
724.752	724.792	54	K	0	11
724.792	724.872	64	T	0	11
724.872	724.913	36	OW2	0	11
724.913	725.023	62	S	0	11
725.023	725.133	21	ER0	0	11
725.133	725.193	58	N	0	11
725.193	725.333	4	AE1	0	11
725.333	725.393	47	CH	0	11
725.393	725.423	61	R	0	11
725.423	725.453	6	AH0	0	11
725.453	725.503	56	L	0	11
725.503	725.623	63	SH	0	11
725.623	725.713	41	UH1	0	11
725.713	725.763	51	G	0	11
725.763	725.893	21	ER0	0	11
725.893	725.993	69	Z	0	11
725.993	726.053	50	F	0	11
726.053	726.213	13	AW1	0	11
726.213	726.243	58	N	0	11
726.243	726.273	48	D	0	11
726.273	726.343	6	AH0	0	11
726.343	726.423	58	N	0	11
726.423	726.523	50	F	0	11
726.523	726.563	61	R	0	11
726.563	726.703	44	UW1	0	11
726.703	726.793	64	T	0	11
735.553	735.603	1	AA1	0	12
735.603	735.643	61	R	0	12
735.643	735.673	68	Y	0	12
735.673	735.773	44	UW1	0	12
735.773	735.803	56	L	0	12
735.803	735.843	41	UH1	0	12
735.843	735.932	54	K	0	12
735.932	736.003	27	IH0	0	12
736.003	736.033	59	NG	0	12
736.033	736.083	50	F	0	12
736.083	736.152	10	AO1	0	12
736.152	736.213	61	R	0	12
736.213	736.243	6	AH0	0	12
736.243	736.353	57	M	0	12
736.353	736.413	60	P	0	12
736.413	736.453	56	L	0	12
736.453	736.543	38	OY1	0	12
736.543	736.643	57	M	0	12
736.643	736.733	6	AH0	0	12
736.733	736.763	58	N	0	12
736.763	736.823	64	T	0	12
745.003	745.093	54	K	0	13
745.093	745.213	1	AA1	0	13
745.213	745.313	50	F	0	13
745.313	745.343	31	IY0	0	13
745.343	745.533	28	IH1	0	13
745.533	745.633	69	Z	0	13
745.633	745.682	51	G	0	13
745.682	745.763	61	R	0	13
745.763	745.883	35	OW1	0	13
745.883	745.932	58	N	0	13
745.932	746.043	1	AA1	0	13
746.043	746.103	58	N	0	13
746.103	746.243	62	S	0	13
746.243	746.293	64	T	0	13
746.293	746.413	32	IY1	0	13
746.413	746.583	60	P	0	13
746.583	746.763	53	JH	0	13
746.763	746.813	7	AH1	0	13
746.813	746.983	59	NG	0	13
746.983	747.023	51	G	0	13
747.023	747.073	6	AH0	0	13
747.073	747.263	56	L	0	13
747.263	747.333	56	L	0	13
747.333	747.473	16	AY1	0	13
747.473	747.633	54	K	0	13
747.633	747.803	62	S	0	13
747.803	747.873	56	L	0	13
747.873	748.033	35	OW1	0	13
748.033	748.103	60	P	0	13
748.103	748.143	62	S	0	13
748.143	748.233	28	IH1	0	13
748.233	748.323	58	N	0	13
748.323	748.383	64	T	0	13
748.383	748.453	19	EH1	0	13
748.453	748.503	57	M	0	13
748.503	748.563	60	P	0	13
748.563	748.723	61	R	0	13
748.723	748.763	6	AH0	0	13
748.763	748.823	64	T	0	13
748.823	748.873	69	Z	0	13
748.873	749.043	35	OW1	0	13
749.043	749.093	58	N	0	13
749.093	749.253	69	Z	0	13
758.523	758.643	67	W	0	14
758.643	758.682	32	IY1	0	14
758.682	758.773	67	W	0	14
758.773	758.833	19	EH1	0	14
758.833	758.883	56	L	0	14
758.883	758.932	54	K	0	14
758.932	758.993	6	AH0	0	14
758.993	759.063	57	M	0	14
759.063	759.123	57	M	0	14
759.123	759.163	19	EH1	0	14
759.163	759.233	58	N	0	14
759.233	759.303	31	IY0	0	14
759.303	759.383	58	N	0	14
759.383	759.432	68	Y	0	14
759.432	759.493	44	UW1	0	14
759.493	759.593	62	S	0	14
759.593	759.652	64	T	0	14
759.652	759.723	44	UW1	0	14
759.723	759.823	48	D	0	14
759.823	759.863	6	AH0	0	14
759.863	759.893	58	N	0	14
759.893	759.923	64	T	0	14
759.923	759.983	62	S	0	14
759.983	760.093	32	IY1	0	14
760.093	760.213	47	CH	0	14
760.213	760.243	68	Y	0	14
760.243	760.323	28	IH1	0	14
760.323	760.423	61	R	0	14
769.432	769.553	74	sp	0	15
769.553	769.753	35	OW1	0	15
769.753	769.783	58	N	0	15
769.783	769.813	56	L	0	15
769.813	769.843	31	IY0	0	15
769.843	769.883	49	DH	0	15
769.883	769.932	7	AH1	0	15
769.932	770.033	46	B	0	15
770.033	770.113	19	EH1	0	15
770.113	770.223	62	S	0	15
770.223	770.253	64	T	0	15
770.253	770.303	60	P	0	15
770.303	770.393	56	L	0	15
770.393	770.432	25	EY1	0	15
770.432	770.533	21	ER0	0	15
770.533	770.643	69	Z	0	15
770.643	770.673	6	AH0	0	15
770.673	770.763	58	N	0	15
770.763	770.823	53	JH	0	15
770.823	770.953	38	OY1	0	15
770.953	771.063	60	P	0	15
771.063	771.173	2	AA2	0	15
771.173	771.273	60	P	0	15
771.273	771.323	68	Y	0	15
771.323	771.363	6	AH0	0	15
771.363	771.393	56	L	0	15
771.393	771.513	19	EH1	0	15
771.513	771.593	61	R	0	15
771.593	771.623	6	AH0	0	15
771.623	771.663	64	T	0	15
771.663	771.813	31	IY0	0	15
788.993	789.083	54	K	0	16
789.083	789.133	4	AE1	0	16
789.133	789.233	56	L	0	16
789.233	789.363	62	S	0	16
789.363	789.393	31	IY0	0	16
789.393	789.443	6	AH0	0	16
789.443	789.523	57	M	0	16
789.523	789.563	57	M	0	16
789.563	789.673	25	EY1	0	16
789.673	789.713	54	K	0	16
789.713	789.793	62	S	0	16
789.793	789.873	46	B	0	16
789.873	790.043	35	OW1	0	16
790.043	790.093	58	N	0	16
790.093	790.143	69	Z	0	16
790.143	790.203	6	AH0	0	16
790.203	790.253	58	N	0	16
790.253	790.283	48	D	0	16
790.283	790.353	64	T	0	16
790.353	790.453	32	IY1	0	16
790.453	790.533	65	TH	0	16
790.533	790.583	62	S	0	16
790.583	790.623	64	T	0	16
790.623	790.723	61	R	0	16
790.723	790.793	10	AO1	0	16
790.793	790.873	59	NG	0	16
798.453	798.523	58	N	0	17
798.523	798.633	7	AH1	0	17
798.633	798.723	65	TH	0	17
798.723	798.803	27	IH0	0	17
798.803	798.853	59	NG	0	17
798.853	798.953	28	IH1	0	17
798.953	799.043	69	Z	0	17
799.043	799.143	19	EH1	0	17
799.143	799.233	69	Z	0	17
799.233	799.313	6	AH0	0	17
799.313	799.373	50	F	0	17
799.373	799.473	19	EH1	0	17
799.473	799.513	58	N	0	17
799.513	799.613	62	S	0	17
799.613	799.673	27	IH0	0	17
799.673	799.713	66	V	0	17
799.713	799.833	19	EH1	0	17
799.833	799.943	69	Z	0	17
799.943	800.043	28	IH1	0	17
800.043	800.103	58	N	0	17
800.103	800.152	6	AH0	0	17
800.152	800.283	62	S	0	17
800.283	800.363	6	AH0	0	17
800.363	800.423	58	N	0	17
800.423	800.613	62	S	0	17
808.993	809.113	62	S	0	18
809.113	809.173	64	T	0	18
809.173	809.263	32	IY1	0	18
809.263	809.293	66	V	0	18
809.293	809.333	67	W	0	18
809.333	809.483	10	AO1	0	18
809.483	809.593	61	R	0	18
809.593	809.623	6	AH0	0	18
809.623	809.703	46	B	0	18
809.703	809.803	61	R	0	18
809.803	809.883	16	AY1	0	18
809.883	809.913	64	T	0	18
809.913	809.973	61	R	0	18
809.973	810.073	19	EH1	0	18
810.073	810.133	48	D	0	18
810.133	810.203	54	K	0	18
810.203	810.323	4	AE1	0	18
810.323	810.402	70	ZH	0	18
810.402	810.463	57	M	0	18
810.463	810.493	27	IH0	0	18
810.493	810.563	61	R	0	18
810.563	810.682	62	S	0	18
810.682	810.743	67	W	0	18
810.743	810.793	19	EH1	0	18
810.793	810.833	64	T	0	18
810.833	810.943	21	ER0	0	18
819.573	819.623	46	B	0	19
819.623	819.743	1	AA1	0	19
819.743	819.803	61	R	0	19
819.803	819.853	46	B	0	19
819.853	819.913	69	Z	0	19
819.913	819.963	51	G	0	19
819.963	820.083	35	OW1	0	19
820.083	820.113	56	L	0	19
820.113	820.143	48	D	0	19
820.143	820.193	46	B	0	19
820.193	820.313	61	R	0	19
820.313	820.343	25	EY1	0	19
820.343	820.463	62	S	0	19
820.463	820.533	56	L	0	19
820.533	820.603	6	AH0	0	19
820.603	820.633	64	T	0	19
820.633	820.743	67	W	0	19
820.743	820.773	6	AH0	0	19
820.773	820.853	69	Z	0	19
820.853	820.923	6	AH0	0	19
820.923	820.973	51	G	0	19
820.973	821.023	61	R	0	19
821.023	821.083	5	AE2	0	19
821.083	821.213	53	JH	0	19
821.213	821.243	6	AH0	0	19
821.243	821.333	67	W	0	19
821.333	821.363	25	EY1	0	19
821.363	821.463	63	SH	0	19
821.463	821.503	6	AH0	0	19
821.503	821.583	58	N	0	19
821.583	821.623	60	P	0	19
821.623	821.673	61	R	0	19
821.673	821.723	19	EH1	0	19
821.723	821.833	69	Z	0	19
821.833	821.923	6	AH0	0	19
821.923	821.963	58	N	0	19
821.963	821.993	64	T	0	19
831.493	831.583	48	D	0	20
831.583	831.613	61	R	0	20
831.613	831.733	10	AO1	0	20
831.733	831.923	19	EH1	0	20
831.923	831.973	66	V	0	20
831.973	832.113	61	R	0	20
832.113	832.323	31	IY0	0	20
832.323	832.513	13	AW1	0	20
832.513	832.553	64	T	0	20
832.553	832.663	21	ER0	0	20
832.663	832.693	56	L	0	20
832.693	832.813	16	AY1	0	20
832.813	832.893	58	N	0	20
832.893	832.983	50	F	0	20
832.983	833.152	22	ER1	0	20
833.152	833.213	62	S	0	20
833.213	833.263	64	T	0	20
833.263	833.303	49	DH	0	20
833.303	833.373	19	EH1	0	20
833.373	833.453	58	N	0	20
833.453	833.513	50	F	0	20
833.513	833.553	28	IH1	0	20
833.553	833.713	56	L	0	20
833.713	833.793	6	AH0	0	20
833.793	833.883	58	N	0	20
833.883	833.923	49	DH	0	20
833.923	834.063	6	AH0	0	20
834.063	834.123	29	IH2	0	20
834.123	834.193	58	N	0	20
834.193	834.293	64	T	0	20
834.293	834.363	28	IH1	0	20
834.363	834.533	61	R	0	20
834.533	834.563	31	IY0	0	20
834.563	834.743	21	ER0	0	20
842.353	842.448	74	sp	0	21
842.448	842.519	49	DH	0	21
842.519	842.573	6	AH0	0	21
842.573	842.646	67	W	0	21
842.646	842.723	10	AO1	0	21
842.723	842.793	64	T	0	21
842.793	842.883	21	ER0	0	21
842.883	842.973	54	K	0	21
842.973	843.013	6	AH0	0	21
843.013	843.073	58	N	0	21
843.073	843.133	64	T	0	21
843.133	843.313	25	EY1	0	21
843.313	843.343	58	N	0	21
843.343	843.373	48	D	0	21
843.373	843.453	64	T	0	21
843.453	843.543	44	UW1	0	21
843.543	843.603	57	M	0	21
843.603	843.663	7	AH1	0	21
843.663	843.733	47	CH	0	21
843.733	843.843	54	K	0	21
843.843	843.873	56	L	0	21
843.873	843.983	10	AO1	0	21
843.983	844.063	61	R	0	21
844.063	844.093	31	IY0	0	21
844.093	844.152	58	N	0	21
844.152	844.213	6	AH0	0	21
844.213	844.273	58	N	0	21
844.273	844.303	48	D	0	21
844.303	844.353	62	S	0	21
844.353	844.402	64	T	0	21
844.402	844.463	7	AH1	0	21
844.463	844.543	59	NG	0	21
844.543	844.593	52	HH	0	21
844.593	844.643	28	IH1	0	21
844.643	844.703	69	Z	0	21
844.703	844.923	16	AY1	0	21
844.923	845.133	69	Z	0	21
853.743	853.842	53	JH	0	22
853.842	854.013	1	AA1	0	22
854.013	854.092	58	N	0	22
854.092	854.143	69	Z	0	22
854.143	854.203	46	B	0	22
854.203	854.253	61	R	0	22
854.253	854.323	7	AH1	0	22
854.323	854.373	49	DH	0	22
854.373	854.553	21	ER0	0	22
854.553	854.623	61	R	0	22
854.623	854.693	31	IY0	0	22
854.693	854.763	60	P	0	22
854.763	854.863	25	EY1	0	22
854.863	854.912	58	N	0	22
854.912	854.943	64	T	0	22
854.943	855.032	6	AH0	0	22
855.032	855.102	48	D	0	22
855.102	855.133	49	DH	0	22
855.133	855.203	6	AH0	0	22
855.203	855.292	51	G	0	22
855.292	855.423	21	ER0	0	22
855.423	855.523	1	AA1	0	22
855.523	855.553	70	ZH	0	22
855.553	855.763	48	D	0	22
855.763	855.933	10	AO1	0	22
855.933	855.983	61	R	0	22
860.412	860.472	74	sp	0	23
860.472	860.583	47	CH	0	23
860.583	860.643	4	AE1	0	23
860.643	860.763	56	L	0	23
860.763	860.803	6	AH0	0	23
860.803	860.863	58	N	0	23
860.863	860.953	53	JH	0	23
860.953	861.083	32	IY1	0	23
861.083	861.253	47	CH	0	23
861.253	861.352	53	JH	0	23
861.352	861.423	19	EH1	0	23
861.423	861.453	58	N	0	23
861.453	861.542	21	ER0	0	23
861.542	861.573	6	AH0	0	23
861.573	861.703	56	L	0	23
861.703	861.792	69	Z	0	23
861.792	861.842	29	IH2	0	23
861.842	861.912	58	N	0	23
861.912	861.993	64	T	0	23
861.993	862.023	19	EH1	0	23
862.023	862.123	56	L	0	23
862.123	862.183	6	AH0	0	23
862.183	862.282	53	JH	0	23
862.282	862.402	6	AH0	0	23
862.402	862.472	58	N	0	23
862.472	862.652	62	S	0	23
871.053	871.183	5	AE2	0	24
871.183	871.213	57	M	0	24
871.213	871.273	46	B	0	24
871.273	871.313	6	AH0	0	24
871.313	871.383	48	D	0	24
871.383	871.503	19	EH1	0	24
871.503	871.532	54	K	0	24
871.532	871.573	62	S	0	24
871.573	871.623	64	T	0	24
871.623	871.733	61	R	0	24
871.733	871.763	6	AH0	0	24
871.763	871.863	62	S	0	24
871.863	871.923	60	P	0	24
871.923	872.023	28	IH1	0	24
872.023	872.073	54	K	0	24
872.073	872.133	60	P	0	24
872.133	872.243	2	AA2	0	24
872.243	872.342	54	K	0	24
872.342	872.433	6	AH0	0	24
872.433	872.472	64	T	0	24
872.472	872.532	62	S	0	24
872.532	872.592	6	AH0	0	24
872.592	872.713	54	K	0	24
872.713	872.803	1	AA1	0	24
872.803	872.842	57	M	0	24
872.842	872.883	60	P	0	24
872.883	872.963	56	L	0	24
872.963	873.003	27	IH0	0	24
873.003	873.123	63	SH	0	24
873.123	873.152	57	M	0	24
873.152	873.282	10	AO1	0	24
873.282	873.342	61	R	0	24
881.373	881.523	74	sp	0	25
881.523	881.613	6	AH0	0	25
881.613	881.713	57	M	0	25
881.713	881.773	7	AH1	0	25
881.773	881.873	62	S	0	25
881.873	881.902	54	K	0	25
881.902	881.953	68	Y	0	25
881.953	881.993	6	AH0	0	25
881.993	882.023	56	L	0	25
882.023	882.123	21	ER0	0	25
882.123	882.263	4	AE1	0	25
882.263	882.333	46	B	0	25
882.333	882.383	48	D	0	25
882.383	882.412	6	AH0	0	25
882.412	882.532	57	M	0	25
882.532	882.563	6	AH0	0	25
882.563	882.623	58	N	0	25
882.623	882.703	28	IH1	0	25
882.703	882.782	69	Z	0	25
882.782	882.823	51	G	0	25
882.823	882.923	6	AH0	0	25
882.923	882.963	48	D	0	25
882.963	883.053	50	F	0	25
883.053	883.113	21	ER0	0	25
883.113	883.143	68	Y	0	25
883.143	883.243	41	UH1	0	25
883.243	883.282	61	R	0	25
883.282	883.363	46	B	0	25
883.363	883.573	4	AE1	0	25
883.573	883.643	54	K	0	25
892.373	892.513	49	DH	0	26
892.513	892.583	25	EY1	0	26
892.583	892.743	35	OW1	0	26
892.743	892.773	58	N	0	26
892.773	892.833	6	AH0	0	26
892.833	892.923	46	B	0	26
892.923	893.053	28	IH1	0	26
893.053	893.092	51	G	0	26
893.092	893.143	52	HH	0	26
893.143	893.313	13	AW1	0	26
893.313	893.433	62	S	0	26
893.433	893.472	6	AH0	0	26
893.472	893.513	58	N	0	26
893.513	893.542	49	DH	0	26
893.542	893.602	31	IY0	0	26
893.602	893.652	61	R	0	26
893.652	893.693	31	IY0	0	26
893.693	893.773	57	M	0	26
893.773	893.893	35	OW1	0	26
893.893	893.923	64	T	0	26
893.923	893.993	54	K	0	26
893.993	894.042	7	AH1	0	26
894.042	894.102	58	N	0	26
894.102	894.152	64	T	0	26
894.152	894.193	61	R	0	26
894.193	894.263	31	IY0	0	26
894.263	894.363	62	S	0	26
894.363	894.513	17	AY2	0	26
894.513	894.633	48	D	0	26
902.323	902.383	49	DH	0	27
902.383	902.463	31	IY0	0	27
902.463	902.563	61	R	0	27
902.563	902.643	35	OW1	0	27
902.643	902.693	69	Z	0	27
902.693	902.803	54	K	0	27
902.803	902.833	9	AO0	0	27
902.833	902.893	61	R	0	27
902.893	903.003	62	S	0	27
903.003	903.173	1	AA1	0	27
903.173	903.292	70	ZH	0	27
903.292	903.352	62	S	0	27
903.352	903.443	57	M	0	27
903.443	903.472	19	EH1	0	27
903.472	903.573	56	L	0	27
903.573	903.613	48	D	0	27
903.613	903.733	62	S	0	27
903.733	903.813	67	W	0	27
903.813	903.912	32	IY1	0	27
903.912	903.953	64	T	0	27
914.852	915.003	49	DH	0	28
915.003	915.243	4	AE1	0	28
915.243	915.282	64	T	0	28
915.282	915.402	60	P	0	28
915.402	915.472	28	IH1	0	28
915.472	915.532	54	K	0	28
915.532	915.623	60	P	0	28
915.623	915.743	2	AA2	0	28
915.743	915.852	54	K	0	28
915.852	916.053	6	AH0	0	28
916.053	916.102	64	T	0	28
916.102	916.213	67	W	0	28
916.213	916.243	6	AH0	0	28
916.243	916.303	69	Z	0	28
916.303	916.412	54	K	0	28
916.412	916.563	1	AA1	0	28
916.563	916.592	64	T	0	28
916.592	916.713	61	R	0	28
916.713	916.773	19	EH1	0	28
916.773	916.813	48	D	0	28
916.813	916.972	52	HH	0	28
916.972	917.013	4	AE1	0	28
917.013	917.092	58	N	0	28
917.092	917.133	48	D	0	28
917.133	917.222	6	AH0	0	28
917.222	917.282	48	D	0	28
928.943	929.013	4	AE1	0	29
929.013	929.053	58	N	0	29
929.053	929.123	6	AH0	0	29
929.123	929.213	48	D	0	29
929.213	929.243	7	AH1	0	29
929.243	929.393	56	L	0	29
929.393	929.423	64	T	0	29
929.423	929.513	57	M	0	29
929.513	929.542	25	EY1	0	29
929.542	929.683	56	L	0	29
929.683	929.782	46	B	0	29
929.782	929.902	6	AH0	0	29
929.902	929.983	46	B	0	29
929.983	930.102	44	UW1	0	29
930.102	930.162	58	N	0	29
930.162	930.253	69	Z	0	29
930.253	930.363	64	T	0	29
930.363	930.573	32	IY1	0	29
930.573	930.652	65	TH	0	29
930.652	930.753	1	AA1	0	29
930.753	930.813	61	R	0	29
930.813	930.883	58	N	0	29
930.883	931.032	1	AA1	0	29
931.032	931.073	64	T	0	29
931.073	931.193	62	S	0	29
931.193	931.273	44	UW1	0	29
931.273	931.333	64	T	0	29
931.333	931.363	6	AH0	0	29
931.363	931.433	46	B	0	29
931.433	931.472	6	AH0	0	29
931.472	931.643	56	L	0	29
931.643	931.722	50	F	0	29
931.722	931.773	61	R	0	29
931.773	931.842	21	ER0	0	29
931.842	931.923	32	IY1	0	29
931.923	932.003	64	T	0	29
932.003	932.073	27	IH0	0	29
932.073	932.143	59	NG	0	29
932.143	932.263	63	SH	0	29
932.263	932.303	19	EH1	0	29
932.303	932.412	56	L	0	29
932.412	932.472	50	F	0	29
932.472	932.583	29	IH2	0	29
932.583	932.792	63	SH	0	29
939.472	939.643	74	sp	0	30
939.643	939.773	52	HH	0	30
939.773	939.823	21	ER0	0	30
939.823	939.902	67	W	0	30
939.902	940.023	10	AO1	0	30
940.023	940.073	61	R	0	30
940.073	940.123	48	D	0	30
940.123	940.222	61	R	0	30
940.222	940.303	36	OW2	0	30
940.303	940.342	46	B	0	30
940.342	940.393	54	K	0	30
940.393	940.453	6	AH0	0	30
940.453	940.503	58	N	0	30
940.503	940.633	62	S	0	30
940.633	940.703	28	IH1	0	30
940.703	940.842	62	S	0	30
940.842	940.883	6	AH0	0	30
940.883	940.933	66	V	0	30
940.933	941.053	35	OW1	0	30
941.053	941.083	58	N	0	30
941.083	941.123	56	L	0	30
941.123	941.152	31	IY0	0	30
941.152	941.233	62	S	0	30
941.233	941.303	54	K	0	30
941.303	941.412	22	ER1	0	30
941.412	941.493	64	T	0	30
941.493	941.553	62	S	0	30
941.553	941.583	6	AH0	0	30
941.583	941.652	58	N	0	30
941.652	941.683	48	D	0	30
941.683	941.713	46	B	0	30
941.713	941.753	56	L	0	30
941.753	941.883	13	AW1	0	30
941.883	941.963	62	S	0	30
941.963	942.053	6	AH0	0	30
942.053	942.282	69	Z	0	30
942.282	942.693	74	sp	0	30
950.152	950.213	49	DH	0	31
950.213	950.273	7	AH1	0	31
950.273	950.383	64	T	0	31
950.383	950.542	44	UW1	0	31
950.542	950.652	1	AA1	0	31
950.652	950.713	61	R	0	31
950.713	950.763	64	T	0	31
950.763	950.833	6	AH0	0	31
950.833	950.983	62	S	0	31
950.983	951.133	27	IH0	0	31
951.133	951.162	54	K	0	31
951.162	951.263	62	S	0	31
951.263	951.333	47	CH	0	31
951.333	951.483	25	EY1	0	31
951.483	951.553	58	N	0	31
951.553	951.683	53	JH	0	31
951.683	951.912	48	D	0	31
951.912	952.032	10	AO1	0	31
952.032	952.073	64	T	0	31
952.073	952.133	6	AH0	0	31
952.133	952.183	51	G	0	31
952.183	952.243	61	R	0	31
952.243	952.352	5	AE2	0	31
952.352	952.433	50	F	0	31
952.433	952.643	62	S	0	31
960.323	960.383	46	B	0	32
960.383	960.443	7	AH1	0	32
960.443	960.483	64	T	0	32
960.483	960.553	21	ER0	0	32
960.553	960.643	62	S	0	32
960.643	960.703	54	K	0	32
960.703	960.852	2	AA2	0	32
960.852	960.993	47	CH	0	32
960.993	961.032	50	F	0	32
961.032	961.213	7	AH1	0	32
961.213	961.313	53	JH	0	32
961.313	961.373	51	G	0	32
961.373	961.523	35	OW1	0	32
961.523	961.592	69	Z	0	32
961.592	961.713	67	W	0	32
961.713	961.743	19	EH1	0	32
961.743	961.842	56	L	0	32
961.842	961.873	67	W	0	32
961.873	961.912	6	AH0	0	32
961.912	961.953	49	DH	0	32
961.953	961.983	74	sp	0	32
961.983	962.053	66	V	0	32
962.053	962.113	6	AH0	0	32
962.113	962.193	58	N	0	32
962.193	962.222	28	IH1	0	32
962.222	962.303	56	L	0	32
962.303	962.333	6	AH0	0	32
962.333	962.472	16	AY1	0	32
962.472	962.573	62	S	0	32
962.573	962.652	54	K	0	32
962.652	962.722	61	R	0	32
962.722	962.803	32	IY1	0	32
962.803	962.863	57	M	0	32
974.203	974.352	74	sp	0	33
974.352	974.503	61	R	0	33
974.503	974.553	28	IH1	0	33
974.553	974.722	47	CH	0	33
974.722	974.782	60	P	0	33
974.782	974.923	22	ER1	0	33
974.923	975.053	47	CH	0	33
975.053	975.123	6	AH0	0	33
975.123	975.213	62	S	0	33
975.213	975.243	64	T	0	33
975.243	975.292	62	S	0	33
975.292	975.363	19	EH1	0	33
975.363	975.443	66	V	0	33
975.443	975.513	61	R	0	33
975.513	975.542	6	AH0	0	33
975.542	975.623	56	L	0	33
975.623	975.713	62	S	0	33
975.713	975.893	16	AY1	0	33
975.893	976.013	58	N	0	33
976.013	976.042	48	D	0	33
976.042	976.083	56	L	0	33
976.083	976.113	28	IH1	0	33
976.113	976.213	65	TH	0	33
976.213	976.323	6	AH0	0	33
976.323	976.412	51	G	0	33
976.412	976.463	61	R	0	33
976.463	976.573	5	AE2	0	33
976.573	976.652	50	F	0	33
976.652	976.883	62	S	0	33
985.573	985.722	19	EH1	0	34
985.722	985.763	58	N	0	34
985.763	985.852	31	IY0	0	34
985.852	985.912	54	K	0	34
985.912	985.993	2	AA2	0	34
985.993	986.042	58	N	0	34
986.042	986.092	64	T	0	34
986.092	986.123	61	R	0	34
986.123	986.152	6	AH0	0	34
986.152	986.193	46	B	0	34
986.193	986.222	68	Y	0	34
986.222	986.333	44	UW1	0	34
986.333	986.443	63	SH	0	34
986.443	986.493	6	AH0	0	34
986.493	986.563	58	N	0	34
986.563	986.613	69	Z	0	34
986.613	986.662	67	W	0	34
986.662	986.693	6	AH0	0	34
986.693	986.743	56	L	0	34
986.743	986.803	46	B	0	34
986.803	986.873	32	IY1	0	34
986.873	986.933	51	G	0	34
986.933	987.042	61	R	0	34
987.042	987.073	25	EY1	0	34
987.073	987.102	64	T	0	34
987.102	987.183	56	L	0	34
987.183	987.233	31	IY0	0	34
987.233	987.282	6	AH0	0	34
987.282	987.373	60	P	0	34
987.373	987.423	61	R	0	34
987.423	987.483	32	IY1	0	34
987.483	987.643	63	SH	0	34
987.643	987.673	31	IY0	0	34
987.673	987.773	26	EY2	0	34
987.773	987.883	64	T	0	34
987.883	987.912	6	AH0	0	34
987.912	988.003	48	D	0	34
996.423	996.472	49	DH	0	35
996.472	996.583	6	AH0	0	35
996.583	996.673	54	K	0	35
996.673	996.782	61	R	0	35
996.782	996.813	4	AE1	0	35
996.813	996.863	58	N	0	35
996.863	996.912	46	B	0	35
996.912	996.963	20	EH2	0	35
996.963	997.133	61	R	0	35
997.133	997.162	31	IY0	0	35
997.162	997.222	46	B	0	35
997.222	997.433	1	AA1	0	35
997.433	997.463	51	G	0	35
997.463	997.513	51	G	0	35
997.513	997.583	28	IH1	0	35
997.583	997.643	64	T	0	35
997.643	997.703	62	S	0	35
997.703	997.733	66	V	0	35
997.733	997.923	19	EH1	0	35
997.923	997.953	61	R	0	35
997.953	997.983	31	IY0	0	35
997.983	998.042	60	P	0	35
998.042	998.143	61	R	0	35
998.143	998.173	28	IH1	0	35
998.173	998.213	64	T	0	35
998.213	998.292	31	IY0	0	35
998.292	998.433	28	IH1	0	35
998.433	998.472	58	N	0	35
998.472	998.633	10	AO1	0	35
998.633	998.683	64	T	0	35
998.683	998.773	6	AH0	0	35
998.773	998.863	57	M	0	35
1007.803	1007.852	52	HH	0	36
1007.852	1007.923	13	AW1	0	36
1007.923	1007.993	48	D	0	36
1007.993	1008.092	44	UW1	0	36
1008.092	1008.253	38	OY1	0	36
1008.253	1008.363	62	S	0	36
1008.363	1008.402	64	T	0	36
1008.402	1008.532	21	ER0	0	36
1008.532	1008.613	69	Z	0	36
1008.613	1008.693	57	M	0	36
1008.693	1008.803	25	EY1	0	36
1008.803	1008.842	54	K	0	36
1008.842	1008.953	60	P	0	36
1008.953	1009.123	22	ER1	0	36
1009.123	1009.253	56	L	0	36
1009.253	1009.412	69	Z	0	36
1019.083	1019.162	57	M	0	37
1019.162	1019.313	25	EY1	0	37
1019.313	1019.383	16	AY1	0	37
1019.383	1019.523	10	AO1	0	37
1019.523	1019.553	61	R	0	37
1019.553	1019.613	48	D	0	37
1019.613	1019.713	21	ER0	0	37
1019.713	1019.792	6	AH0	0	37
1019.792	1019.883	60	P	0	37
1019.883	1019.972	1	AA1	0	37
1019.972	1020.042	61	R	0	37
1020.042	1020.143	50	F	0	37
1020.143	1020.323	25	EY1	0	37
1020.323	1020.472	4	AE1	0	37
1020.472	1020.532	50	F	0	37
1020.532	1020.592	64	T	0	37
1020.592	1020.703	21	ER0	0	37
1020.703	1020.773	16	AY1	0	37
1020.773	1020.933	32	IY1	0	37
1020.933	1020.963	64	T	0	37
1020.963	1021.013	48	D	0	37
1021.013	1021.102	28	IH1	0	37
1021.102	1021.152	58	N	0	37
1021.152	1021.292	21	ER0	0	37
1030.852	1030.983	28	IH1	0	38
1030.983	1031.013	69	Z	0	38
1031.013	1031.143	63	SH	0	38
1031.143	1031.222	32	IY1	0	38
1031.222	1031.263	51	G	0	38
1031.263	1031.393	35	OW1	0	38
1031.393	1031.443	6	AH0	0	38
1031.443	1031.472	58	N	0	38
1031.472	1031.623	67	W	0	38
1031.623	1031.652	6	AH0	0	38
1031.652	1031.713	49	DH	0	38
1031.713	1031.743	68	Y	0	38
1031.743	1031.883	44	UW1	0	38
1038.542	1038.623	54	K	0	39
1038.623	1038.683	6	AH0	0	39
1038.683	1038.733	58	N	0	39
1038.733	1038.763	49	DH	0	39
1038.763	1038.803	7	AH1	0	39
1038.803	1038.943	25	EY1	0	39
1038.943	1039.053	53	JH	0	39
1039.053	1039.092	6	AH0	0	39
1039.092	1039.143	58	N	0	39
1039.143	1039.273	62	S	0	39
1039.273	1039.393	31	IY0	0	39
1039.393	1039.523	35	OW1	0	39
1039.523	1039.553	66	V	0	39
1039.553	1039.693	21	ER0	0	39
1039.693	1039.792	65	TH	0	39
1039.792	1040.042	61	R	0	39
1040.042	1040.073	36	OW2	0	39
1040.073	1040.102	25	EY1	0	39
1040.102	1040.162	56	L	0	39
1040.162	1040.253	31	IY0	0	39
1040.253	1040.303	6	AH0	0	39
1040.303	1040.342	58	N	0	39
1040.342	1040.412	50	F	0	39
1040.412	1040.523	10	AO1	0	39
1040.523	1040.563	61	R	0	39
1040.563	1040.673	62	S	0	39
1040.673	1040.753	6	AH0	0	39
1040.753	1040.943	69	Z	0	39
1049.592	1049.713	6	AH0	0	40
1049.713	1049.792	62	S	0	40
1049.792	1049.842	54	K	0	40
1049.842	1049.883	61	R	0	40
1049.883	1049.943	44	UW1	0	40
1049.943	1050.023	48	D	0	40
1050.023	1050.102	61	R	0	40
1050.102	1050.143	17	AY2	0	40
1050.143	1050.243	66	V	0	40
1050.243	1050.342	21	ER0	0	40
1050.342	1050.443	28	IH1	0	40
1050.443	1050.493	69	Z	0	40
1050.493	1050.573	57	M	0	40
1050.573	1050.662	25	EY1	0	40
1050.662	1050.753	48	D	0	40
1050.753	1050.803	50	F	0	40
1050.803	1050.863	21	ER0	0	40
1050.863	1050.933	57	M	0	40
1050.933	1050.972	66	V	0	40
1050.972	1051.102	1	AA1	0	40
1051.102	1051.183	48	D	0	40
1051.183	1051.243	54	K	0	40
1051.243	1051.363	6	AH0	0	40
1051.363	1051.472	4	AE1	0	40
1051.472	1051.503	58	N	0	40
1051.503	1051.532	48	D	0	40
1051.532	1051.662	10	AO1	0	40
1051.662	1051.693	61	R	0	40
1051.693	1051.722	6	AH0	0	40
1051.722	1051.782	58	N	0	40
1051.782	1051.902	53	JH	0	40
1051.902	1052.003	53	JH	0	40
1052.003	1052.152	44	UW1	0	40
1052.152	1052.363	62	S	0	40
1062.162	1062.233	52	HH	0	41
1062.233	1062.282	13	AW1	0	41
1062.282	1062.373	57	M	0	41
1062.373	1062.423	7	AH1	0	41
1062.423	1062.513	47	CH	0	41
1062.513	1062.553	6	AH0	0	41
1062.553	1062.683	56	L	0	41
1062.683	1062.852	13	AW1	0	41
1062.852	1062.883	6	AH0	0	41
1062.883	1062.923	58	N	0	41
1062.923	1063.053	62	S	0	41
1063.053	1063.102	48	D	0	41
1063.102	1063.203	44	UW1	0	41
1063.203	1063.233	68	Y	0	41
1063.233	1063.342	44	UW1	0	41
1063.342	1063.373	51	G	0	41
1063.373	1063.532	28	IH1	0	41
1063.532	1063.613	64	T	0	41
1071.472	1071.613	62	S	0	42
1071.613	1071.693	28	IH1	0	42
1071.693	1071.763	54	K	0	42
1071.763	1071.792	56	L	0	42
1071.792	1071.852	27	IH0	0	42
1071.852	1071.963	54	K	0	42
1071.963	1072.023	6	AH0	0	42
1072.023	1072.083	56	L	0	42
1072.083	1072.173	60	P	0	42
1072.173	1072.273	61	R	0	42
1072.273	1072.323	35	OW1	0	42
1072.323	1072.402	51	G	0	42
1072.402	1072.443	61	R	0	42
1072.443	1072.493	5	AE2	0	42
1072.493	1072.592	57	M	0	42
1072.592	1072.673	69	Z	0	42
1072.673	1072.782	67	W	0	42
1072.782	1072.813	6	AH0	0	42
1072.813	1072.842	56	L	0	42
1072.842	1072.912	58	N	0	42
1072.912	1072.993	19	EH1	0	42
1072.993	1073.042	66	V	0	42
1073.042	1073.183	21	ER0	0	42
1073.183	1073.263	54	K	0	42
1073.263	1073.313	6	AH0	0	42
1073.313	1073.383	57	M	0	42
1073.383	1073.443	60	P	0	42
1073.443	1073.662	16	AY1	0	42
1073.662	1073.823	56	L	0	42
1083.032	1083.073	49	DH	0	43
1083.073	1083.133	6	AH0	0	43
1083.133	1083.233	46	B	0	43
1083.233	1083.313	1	AA1	0	43
1083.313	1083.412	62	S	0	43
1083.412	1083.453	64	T	0	43
1083.453	1083.503	6	AH0	0	43
1083.503	1083.542	58	N	0	43
1083.542	1083.592	46	B	0	43
1083.592	1083.623	3	AE0	0	43
1083.623	1083.792	56	L	0	43
1083.792	1083.842	25	EY1	0	43
1083.842	1084.013	35	OW1	0	43
1084.013	1084.042	66	V	0	43
1084.042	1084.193	21	ER0	0	43
1084.193	1084.273	54	K	0	43
1084.273	1084.352	25	EY1	0	43
1084.352	1084.453	57	M	0	43
1084.453	1084.483	49	DH	0	43
1084.483	1084.573	19	EH1	0	43
1084.573	1084.602	61	R	0	43
1084.602	1084.673	50	F	0	43
1084.673	1084.733	7	AH1	0	43
1084.733	1084.823	58	N	0	43
1084.823	1084.863	48	D	0	43
1084.863	1084.943	27	IH0	0	43
1084.943	1084.972	59	NG	0	43
1084.972	1085.113	63	SH	0	43
1085.113	1085.222	10	AO1	0	43
1085.222	1085.263	61	R	0	43
1085.263	1085.303	64	T	0	43
1085.303	1085.393	6	AH0	0	43
1085.393	1085.623	53	JH	0	43
1094.503	1094.673	74	sp	0	44
1094.673	1094.823	19	EH1	0	44
1094.823	1094.852	66	V	0	44
1094.852	1094.933	61	R	0	44
1094.933	1094.972	31	IY0	0	44
1094.972	1095.083	54	K	0	44
1095.083	1095.233	4	AE1	0	44
1095.233	1095.282	46	B	0	44
1095.282	1095.352	58	N	0	44
1095.352	1095.463	32	IY1	0	44
1095.463	1095.523	48	D	0	44
1095.523	1095.563	69	Z	0	44
1095.563	1095.643	61	R	0	44
1095.643	1095.693	31	IY0	0	44
1095.693	1095.773	60	P	0	44
1095.773	1095.893	25	EY1	0	44
1095.893	1095.923	58	N	0	44
1095.923	1095.963	64	T	0	44
1095.963	1096.023	27	IH0	0	44
1096.023	1096.053	59	NG	0	44
1096.053	1096.222	10	AO1	0	44
1096.222	1096.292	50	F	0	44
1096.292	1096.363	64	T	0	44
1096.363	1096.463	6	AH0	0	44
1096.463	1096.583	58	N	0	44
1104.162	1104.282	52	HH	0	45
1104.282	1104.352	19	EH1	0	45
1104.352	1104.423	56	L	0	45
1104.423	1104.453	60	P	0	45
1104.453	1104.532	51	G	0	45
1104.532	1104.602	61	R	0	45
1104.602	1104.792	19	EH1	0	45
1104.792	1104.852	51	G	0	45
1104.852	1104.963	64	T	0	45
1104.963	1105.013	27	IH0	0	45
1105.013	1105.123	60	P	0	45
1105.123	1105.203	28	IH1	0	45
1105.203	1105.273	54	K	0	45
1105.273	1105.363	6	AH0	0	45
1105.363	1105.453	60	P	0	45
1105.453	1105.532	19	EH1	0	45
1105.532	1105.623	54	K	0	45
1105.623	1105.713	6	AH0	0	45
1105.713	1105.753	66	V	0	45
1105.753	1105.823	60	P	0	45
1105.823	1105.873	6	AH0	0	45
1105.873	1106.003	64	T	0	45
1106.003	1106.143	25	EY1	0	45
1106.143	1106.203	64	T	0	45
1106.203	1106.342	34	OW0	0	45
1106.342	1106.503	69	Z	0	45
1114.823	1114.982	67	W	0	46
1114.982	1115.053	32	IY1	0	46
1115.053	1115.083	56	L	0	46
1115.083	1115.242	16	AY1	0	46
1115.242	1115.283	54	K	0	46
1115.283	1115.362	46	B	0	46
1115.362	1115.433	56	L	0	46
1115.433	1115.543	44	UW1	0	46
1115.543	1115.722	47	CH	0	46
1115.722	1115.862	32	IY1	0	46
1115.862	1115.972	69	Z	0	46
1115.972	1116.033	46	B	0	46
1116.033	1116.083	7	AH1	0	46
1116.083	1116.112	64	T	0	46
1116.112	1116.213	66	V	0	46
1116.213	1116.303	28	IH1	0	46
1116.303	1116.333	54	K	0	46
1116.333	1116.403	64	T	0	46
1116.403	1116.543	21	ER0	0	46
1116.543	1116.653	56	L	0	46
1116.653	1116.732	16	AY1	0	46
1116.732	1116.803	54	K	0	46
1116.803	1116.872	62	S	0	46
1116.872	1116.913	74	sp	0	46
1116.913	1116.963	46	B	0	46
1116.963	1117.102	61	R	0	46
1117.102	1117.342	16	AY1	0	46
1125.943	1126.063	54	K	0	47
1126.063	1126.132	13	AW1	0	47
1126.132	1126.163	58	N	0	47
1126.163	1126.193	64	T	0	47
1126.193	1126.222	49	DH	0	47
1126.222	1126.273	7	AH1	0	47
1126.273	1126.352	58	N	0	47
1126.352	1126.423	7	AH1	0	47
1126.423	1126.472	57	M	0	47
1126.472	1126.523	46	B	0	47
1126.523	1126.622	21	ER0	0	47
1126.622	1126.653	6	AH0	0	47
1126.653	1126.693	66	V	0	47
1126.693	1126.803	64	T	0	47
1126.803	1126.893	32	IY1	0	47
1126.893	1127.012	62	S	0	47
1127.012	1127.102	60	P	0	47
1127.102	1127.132	45	UW2	0	47
1127.132	1127.403	58	N	0	47
1127.403	1127.583	69	Z	0	47
1127.583	1128.632	74	sp	0	47
1128.632	1128.773	7	AH1	0	47
1128.773	1128.813	66	V	0	47
1128.813	1128.933	62	S	0	47
1128.933	1129.053	38	OY1	0	47
1129.053	1129.173	62	S	0	47
1129.173	1129.313	11	AO2	0	47
1129.313	1129.433	62	S	0	47
1129.433	1129.463	49	DH	0	47
1129.463	1129.523	4	AE1	0	47
1129.523	1129.553	64	T	0	47
1129.553	1129.703	68	Y	0	47
1129.703	1129.783	44	UW1	0	47
1129.783	1129.972	4	AE1	0	47
1129.972	1130.023	48	D	0	47
1139.002	1139.073	46	B	0	48
1139.073	1139.183	4	AE1	0	48
1139.183	1139.232	51	G	0	48
1139.232	1139.313	60	P	0	48
1139.313	1139.443	17	AY2	0	48
1139.443	1139.502	60	P	0	48
1139.502	1139.583	62	S	0	48
1139.583	1139.622	6	AH0	0	48
1139.622	1139.673	58	N	0	48
1139.673	1139.703	48	D	0	48
1139.703	1139.732	46	B	0	48
1139.732	1139.833	1	AA1	0	48
1139.833	1139.903	59	NG	0	48
1139.903	1139.972	51	G	0	48
1139.972	1140.002	36	OW2	0	48
1140.002	1140.122	69	Z	0	48
1140.122	1140.252	21	ER0	0	48
1140.252	1140.323	57	M	0	48
1140.323	1140.352	68	Y	0	48
1140.352	1140.433	44	UW1	0	48
1140.433	1140.463	69	Z	0	48
1140.463	1140.502	27	IH0	0	48
1140.502	1140.602	54	K	0	48
1140.602	1140.632	6	AH0	0	48
1140.632	1140.693	56	L	0	48
1140.693	1140.732	28	IH1	0	48
1140.732	1140.783	58	N	0	48
1140.783	1140.852	62	S	0	48
1140.852	1140.903	64	T	0	48
1140.903	1140.933	61	R	0	48
1140.933	1140.963	6	AH0	0	48
1140.963	1140.992	57	M	0	48
1140.992	1141.112	6	AH0	0	48
1141.112	1141.173	58	N	0	48
1141.173	1141.203	64	T	0	48
1141.203	1141.352	62	S	0	48
1150.553	1150.632	74	sp	0	49
1150.632	1150.732	52	HH	0	49
1150.732	1150.852	13	AW1	0	49
1150.852	1150.933	51	G	0	49
1150.933	1151.023	41	UH1	0	49
1151.023	1151.063	48	D	0	49
1151.063	1151.163	28	IH1	0	49
1151.163	1151.193	69	Z	0	49
1151.193	1151.222	68	Y	0	49
1151.222	1151.273	41	UH1	0	49
1151.273	1151.362	61	R	0	49
1151.362	1151.403	19	EH1	0	49
1151.403	1151.453	58	N	0	49
1151.453	1151.492	48	D	0	49
1151.492	1151.722	21	ER0	0	49
1151.722	1151.773	6	AH0	0	49
1151.773	1151.833	58	N	0	49
1151.833	1152.023	62	S	0	49
