586.307	586.44	21	ER0	0	0
586.44	586.473	68	Y	0	0
586.473	586.5	10	AO1	0	0
586.5	586.583	61	R	0	0
586.583	586.643	51	G	0	0
586.643	586.727	61	R	0	0
586.727	586.774	25	EY1	0	0
586.774	586.823	48	D	0	0
586.823	586.862	69	Z	0	0
586.862	586.92	52	HH	0	0
586.92	587.083	16	AY1	0	0
587.083	587.195	21	ER0	0	0
587.195	587.321	21	ER0	0	0
587.321	587.39	56	L	0	0
587.39	587.502	35	OW1	0	0
587.502	587.632	21	ER0	0	0
587.632	587.69	49	DH	0	0
587.69	587.742	6	AH0	0	0
587.742	587.789	58	N	0	0
587.789	587.852	58	N	0	0
587.852	587.958	4	AE1	0	0
587.958	588.037	58	N	0	0
588.037	588.125	62	S	0	0
588.125	588.267	31	IY0	0	0
588.267	588.441	69	Z	0	0
597.001	597.603	73	ns	0	1
597.603	598.182	61	R	0	1
598.182	598.263	67	W	0	1
598.263	598.422	10	AO1	0	1
598.422	598.453	61	R	0	1
598.453	598.573	57	M	0	1
598.573	598.603	74	sp	0	1
598.603	598.662	50	F	0	1
598.662	598.743	56	L	0	1
598.743	598.803	32	IY1	0	1
598.803	598.943	62	S	0	1
598.943	599.062	31	IY0	0	1
599.062	599.202	67	W	0	1
599.202	599.312	41	UH1	0	1
599.312	599.342	56	L	0	1
599.342	599.382	6	AH0	0	1
599.382	599.443	58	N	0	1
599.443	599.592	35	OW1	0	1
599.592	599.622	66	V	0	1
599.622	599.832	21	ER0	0	1
599.832	599.862	11	AO2	0	1
599.862	599.972	56	L	0	1
599.972	600.152	69	Z	0	1
608.612	608.672	74	sp	0	2
608.672	608.833	61	R	0	2
608.833	608.862	19	EH1	0	2
608.862	608.892	48	D	0	2
608.892	608.922	27	IH0	0	2
608.922	608.982	59	NG	0	2
608.982	609.062	28	IH1	0	2
609.062	609.132	58	N	0	2
609.132	609.243	60	P	0	2
609.243	609.342	41	UH1	0	2
609.342	609.392	61	R	0	2
609.392	609.522	56	L	0	2
609.522	609.592	16	AY1	0	2
609.592	609.642	64	T	0	2
609.642	609.732	51	G	0	2
609.732	609.833	28	IH1	0	2
609.833	609.872	66	V	0	2
609.872	609.932	69	Z	0	2
609.932	609.962	68	Y	0	2
609.962	610.112	44	UW1	0	2
610.112	610.232	16	AY1	0	2
610.232	610.322	62	S	0	2
610.322	610.402	64	T	0	2
610.402	610.532	61	R	0	2
610.532	610.583	26	EY2	0	2
610.583	610.672	58	N	0	2
619.272	619.413	32	IY1	0	3
619.413	619.443	66	V	0	3
619.443	619.513	6	AH0	0	3
619.513	619.573	58	N	0	3
619.573	619.783	16	AY1	0	3
619.783	619.833	6	AH0	0	3
619.833	619.923	54	K	0	3
619.923	619.993	25	EY1	0	3
619.993	620.153	70	ZH	0	3
620.153	620.182	6	AH0	0	3
620.182	620.213	58	N	0	3
620.213	620.263	56	L	0	3
620.263	620.293	31	IY0	0	3
620.293	620.323	51	G	0	3
620.323	620.383	28	IH1	0	3
620.383	620.432	64	T	0	3
620.432	620.483	49	DH	0	3
620.483	620.543	6	AH0	0	3
620.543	620.653	57	M	0	3
620.653	620.703	7	AH1	0	3
620.703	620.743	58	N	0	3
620.743	620.803	48	D	0	3
620.803	620.893	26	EY2	0	3
620.893	621.003	46	B	0	3
621.003	621.053	56	L	0	3
621.053	621.213	44	UW1	0	3
621.213	621.383	69	Z	0	3
628.713	628.862	67	W	0	4
628.862	628.893	32	IY1	0	4
628.893	629.062	21	ER0	0	4
629.062	629.152	35	OW1	0	4
629.152	629.202	60	P	0	4
629.202	629.282	6	AH0	0	4
629.282	629.342	58	N	0	4
629.342	629.482	19	EH1	0	4
629.482	629.512	66	V	0	4
629.512	629.622	61	R	0	4
629.622	629.662	31	IY0	0	4
629.662	629.713	57	M	0	4
629.713	629.782	7	AH1	0	4
629.782	629.832	58	N	0	4
629.832	629.882	48	D	0	4
629.882	629.992	26	EY2	0	4
629.992	630.132	32	IY1	0	4
630.132	630.213	66	V	0	4
630.213	630.262	58	N	0	4
630.262	630.382	27	IH0	0	4
630.382	630.452	59	NG	0	4
646.542	646.632	6	AH0	0	5
646.632	646.713	64	T	0	5
646.713	646.742	62	S	0	5
646.742	646.772	58	N	0	5
646.772	646.893	1	AA1	0	5
646.893	646.922	64	T	0	5
646.922	647.012	32	IY1	0	5
647.012	647.102	69	Z	0	5
647.102	647.182	31	IY0	0	5
647.182	647.232	64	T	0	5
647.232	647.352	6	AH0	0	5
647.352	647.463	54	K	0	5
647.463	647.582	61	R	0	5
647.582	647.612	31	IY0	0	5
647.612	647.702	25	EY1	0	5
647.702	647.732	64	T	0	5
647.732	647.762	29	IH2	0	5
647.762	647.862	56	L	0	5
647.862	647.912	44	UW1	0	5
647.912	648.022	57	M	0	5
648.022	648.112	6	AH0	0	5
648.112	648.143	58	N	0	5
648.143	648.222	26	EY2	0	5
648.222	648.253	64	T	0	5
648.253	648.302	27	IH0	0	5
648.302	648.342	59	NG	0	5
648.342	648.463	27	IH0	0	5
648.463	648.532	51	G	0	5
648.532	648.602	69	Z	0	5
648.602	648.702	4	AE1	0	5
648.702	648.753	57	M	0	5
648.753	648.792	60	P	0	5
648.792	648.842	6	AH0	0	5
648.842	648.942	56	L	0	5
648.942	649.122	69	Z	0	5
657.492	657.643	74	sp	0	6
657.643	657.802	57	M	0	6
657.802	657.902	7	AH1	0	6
657.902	657.972	57	M	0	6
657.972	658.032	62	S	0	6
658.032	658.073	64	T	0	6
658.073	658.122	61	R	0	6
658.122	658.162	10	AO1	0	6
658.162	658.253	59	NG	0	6
658.253	658.312	56	L	0	6
658.312	658.402	31	IY0	0	6
658.402	658.472	48	D	0	6
658.472	658.532	29	IH2	0	6
658.532	658.632	62	S	0	6
658.632	658.672	56	L	0	6
658.672	658.782	16	AY1	0	6
658.782	658.812	54	K	0	6
658.812	658.893	62	S	0	6
658.893	659.003	4	AE1	0	6
659.003	659.073	60	P	0	6
659.073	659.132	6	AH0	0	6
659.132	659.242	64	T	0	6
659.242	659.323	17	AY2	0	6
659.323	659.412	69	Z	0	6
659.412	659.532	21	ER0	0	6
659.532	659.622	69	Z	0	6
677.883	678.023	49	DH	0	7
678.023	678.122	35	OW1	0	7
678.122	678.243	69	Z	0	7
678.243	678.282	52	HH	0	7
678.282	678.372	44	UW1	0	7
678.372	678.482	64	T	0	7
678.482	678.573	32	IY1	0	7
678.573	678.672	47	CH	0	7
678.672	678.702	66	V	0	7
678.702	678.782	4	AE1	0	7
678.782	678.872	56	L	0	7
678.872	678.963	68	Y	0	7
678.963	678.993	43	UW0	0	7
678.993	679.073	69	Z	0	7
679.073	679.122	50	F	0	7
679.122	679.252	22	ER1	0	7
679.252	679.312	62	S	0	7
679.312	679.353	64	T	0	7
679.353	679.422	6	AH0	0	7
679.422	679.493	46	B	0	7
679.493	679.663	1	AA1	0	7
679.663	679.692	56	L	0	7
679.692	679.722	29	IH2	0	7
679.722	679.862	63	SH	0	7
679.862	680.012	47	CH	0	7
680.012	680.082	32	IY1	0	7
680.082	680.112	64	T	0	7
680.112	680.303	27	IH0	0	7
680.303	680.353	59	NG	0	7
688.752	688.883	49	DH	0	8
688.883	688.982	7	AH1	0	8
688.982	689.073	50	F	0	8
689.073	689.152	61	R	0	8
689.152	689.192	16	AY1	0	8
689.192	689.362	64	T	0	8
689.362	689.402	6	AH0	0	8
689.402	689.603	58	N	0	8
689.603	689.713	48	D	0	8
689.713	689.952	74	sp	0	8
689.952	690.112	47	CH	0	8
690.112	690.292	16	AY1	0	8
690.292	690.482	56	L	0	8
690.482	690.633	48	D	0	8
690.633	690.743	74	sp	0	8
690.743	690.872	67	W	0	8
690.872	690.913	6	AH0	0	8
690.913	691.002	69	Z	0	8
691.002	691.062	53	JH	0	8
691.062	691.092	19	EH1	0	8
691.092	691.122	58	N	0	8
691.122	691.152	64	T	0	8
691.152	691.262	56	L	0	8
691.262	691.303	31	IY0	0	8
691.303	691.432	62	S	0	8
691.432	691.472	6	AH0	0	8
691.472	691.582	46	B	0	8
691.582	691.633	48	D	0	8
691.633	691.842	44	UW1	0	8
691.842	691.942	48	D	0	8
691.942	692.142	46	B	0	8
692.142	692.273	16	AY1	0	8
692.273	692.332	52	HH	0	8
692.332	692.362	6	AH0	0	8
692.362	692.472	69	Z	0	8
692.472	692.512	46	B	0	8
692.512	692.612	28	IH1	0	8
692.612	692.692	51	G	0	8
692.692	692.732	46	B	0	8
692.732	692.792	61	R	0	8
692.792	692.872	7	AH1	0	8
692.872	692.913	49	DH	0	8
692.913	693.012	21	ER0	0	8
700.523	700.652	32	IY1	0	9
700.652	700.682	66	V	0	9
700.682	700.713	6	AH0	0	9
700.713	700.782	58	N	0	9
700.782	700.823	6	AH0	0	9
700.823	700.963	62	S	0	9
700.963	700.993	28	IH1	0	9
700.993	701.042	57	M	0	9
701.042	701.092	60	P	0	9
701.092	701.152	6	AH0	0	9
701.152	701.192	56	L	0	9
701.192	701.243	66	V	0	9
701.243	701.392	34	OW0	0	9
701.392	701.502	54	K	0	9
701.502	701.622	4	AE1	0	9
701.622	701.663	46	B	0	9
701.663	701.692	68	Y	0	9
701.692	701.762	6	AH0	0	9
701.762	701.803	56	L	0	9
701.803	701.832	20	EH2	0	9
701.832	701.913	61	R	0	9
701.913	701.963	31	IY0	0	9
701.963	702.042	54	K	0	9
702.042	702.122	6	AH0	0	9
702.122	702.172	58	N	0	9
702.172	702.262	64	T	0	9
702.262	702.392	25	EY1	0	9
702.392	702.482	58	N	0	9
702.482	702.512	69	Z	0	9
702.512	702.642	62	S	0	9
702.642	702.672	28	IH1	0	9
702.672	702.752	57	M	0	9
702.752	702.782	46	B	0	9
702.782	702.823	6	AH0	0	9
702.823	702.913	56	L	0	9
702.913	703.133	69	Z	0	9
712.892	712.952	74	sp	0	10
712.952	713.053	6	AH0	0	10
713.053	713.163	54	K	0	10
713.163	713.192	61	R	0	10
713.192	713.323	4	AE1	0	10
713.323	713.402	46	B	0	10
713.402	713.463	47	CH	0	10
713.463	713.523	4	AE1	0	10
713.523	713.633	56	L	0	10
713.633	713.663	6	AH0	0	10
713.663	713.722	58	N	0	10
713.722	713.803	53	JH	0	10
713.803	713.853	48	D	0	10
713.853	713.922	57	M	0	10
713.922	714.042	32	IY1	0	10
714.042	714.133	46	B	0	10
714.133	714.192	7	AH1	0	10
714.192	714.262	64	T	0	10
714.262	714.303	6	AH0	0	10
714.303	714.372	54	K	0	10
714.372	714.452	67	W	0	10
714.452	714.502	28	IH1	0	10
714.502	714.542	54	K	0	10
714.542	714.622	62	S	0	10
714.622	714.682	64	T	0	10
714.682	714.823	4	AE1	0	10
714.823	714.883	46	B	0	10
714.883	714.922	66	V	0	10
714.922	714.982	4	AE1	0	10
714.982	715.053	59	NG	0	10
715.053	715.122	54	K	0	10
715.122	715.192	67	W	0	10
715.192	715.222	27	IH0	0	10
715.222	715.323	63	SH	0	10
715.323	715.383	64	T	0	10
715.383	715.442	29	IH2	0	10
715.442	715.532	57	M	0	10
723.922	723.952	51	G	0	11
723.952	723.993	56	L	0	11
723.993	724.092	44	UW1	0	11
724.092	724.192	54	K	0	11
724.192	724.252	36	OW2	0	11
724.252	724.392	62	S	0	11
724.392	724.432	4	AE1	0	11
724.432	724.472	58	N	0	11
724.472	724.502	48	D	0	11
724.502	724.582	50	F	0	11
724.582	724.672	61	R	0	11
724.672	724.752	44	UW1	0	11
724.752	724.792	54	K	0	11
724.792	724.872	64	T	0	11
724.872	724.913	36	OW2	0	11
724.913	725.023	62	S	0	11
725.023	725.133	21	ER0	0	11
725.133	725.193	58	N	0	11
725.193	725.333	4	AE1	0	11
725.333	725.393	47	CH	0	11
725.393	725.423	61	R	0	11
725.423	725.453	6	AH0	0	11
725.453	725.503	56	L	0	11
725.503	725.623	63	SH	0	11
725.623	725.713	41	UH1	0	11
725.713	725.763	51	G	0	11
725.763	725.893	21	ER0	0	11
725.893	725.993	69	Z	0	11
725.993	726.053	50	F	0	11
726.053	726.213	13	AW1	0	11
726.213	726.243	58	N	0	11
726.243	726.273	48	D	0	11
726.273	726.343	6	AH0	0	11
726.343	726.423	58	N	0	11
726.423	726.523	50	F	0	11
726.523	726.563	61	R	0	11
726.563	726.703	44	UW1	0	11
726.703	726.793	64	T	0	11
735.553	735.603	1	AA1	0	12
735.603	735.643	61	R	0	12
735.643	735.673	68	Y	0	12
735.673	735.773	44	UW1	0	12
735.773	735.803	56	L	0	12
735.803	735.843	41	UH1	0	12
735.843	735.932	54	K	0	12
735.932	736.003	27	IH0	0	12
736.003	736.033	59	NG	0	12
736.033	736.083	50	F	0	12
736.083	736.152	10	AO1	0	12
736.152	736.213	61	R	0	12
736.213	736.243	6	AH0	0	12
736.243	736.353	57	M	0	12
736.353	736.413	60	P	0	12
736.413	736.453	56	L	0	12
736.453	736.543	38	OY1	0	12
736.543	736.643	57	M	0	12
736.643	736.733	6	AH0	0	12
736.733	736.763	58	N	0	12
736.763	736.823	64	T	0	12
745.003	745.093	54	K	0	13
745.093	745.213	1	AA1	0	13
745.213	745.313	50	F	0	13
745.313	745.343	31	IY0	0	13
745.343	745.533	28	IH1	0	13
745.533	745.633	69	Z	0	13
745.633	745.682	51	G	0	13
745.682	745.763	61	R	0	13
745.763	745.883	35	OW1	0	13
745.883	745.932	58	N	0	13
745.932	746.043	1	AA1	0	13
746.043	746.103	58	N	0	13
746.103	746.243	62	S	0	13
746.243	746.293	64	T	0	13
746.293	746.413	32	IY1	0	13
746.413	746.583	60	P	0	13
746.583	746.763	53	JH	0	13
746.763	746.813	7	AH1	0	13
746.813	746.983	59	NG	0	13
746.983	747.023	51	G	0	13
747.023	747.073	6	AH0	0	13
747.073	747.263	56	L	0	13
747.263	747.333	56	L	0	13
747.333	747.473	16	AY1	0	13
747.473	747.633	54	K	0	13
747.633	747.803	62	S	0	13
747.803	747.873	56	L	0	13
747.873	748.033	35	OW1	0	13
748.033	748.103	60	P	0	13
748.103	748.143	62	S	0	13
748.143	748.233	28	IH1	0	13
748.233	748.323	58	N	0	13
748.323	748.383	64	T	0	13
748.383	748.453	19	EH1	0	13
748.453	748.503	57	M	0	13
748.503	748.563	60	P	0	13
748.563	748.723	61	R	0	13
748.723	748.763	6	AH0	0	13
748.763	748.823	64	T	0	13
748.823	748.873	69	Z	0	13
748.873	749.043	35	OW1	0	13
749.043	749.093	58	N	0	13
749.093	749.253	69	Z	0	13
758.523	758.643	67	W	0	14
758.643	758.682	32	IY1	0	14
758.682	758.773	67	W	0	14
758.773	758.833	19	EH1	0	14
758.833	758.883	56	L	0	14
758.883	758.932	54	K	0	14
758.932	758.993	6	AH0	0	14
758.993	759.063	57	M	0	14
759.063	759.123	57	M	0	14
759.123	759.163	19	EH1	0	14
759.163	759.233	58	N	0	14
759.233	759.303	31	IY0	0	14
759.303	759.383	58	N	0	14
759.383	759.432	68	Y	0	14
759.432	759.493	44	UW1	0	14
759.493	759.593	62	S	0	14
759.593	759.652	64	T	0	14
759.652	759.723	44	UW1	0	14
759.723	759.823	48	D	0	14
759.823	759.863	6	AH0	0	14
759.863	759.893	58	N	0	14
759.893	759.923	64	T	0	14
759.923	759.983	62	S	0	14
759.983	760.093	32	IY1	0	14
760.093	760.213	47	CH	0	14
760.213	760.243	68	Y	0	14
760.243	760.323	28	IH1	0	14
760.323	760.423	61	R	0	14
769.432	769.553	74	sp	0	15
769.553	769.753	35	OW1	0	15
769.753	769.783	58	N	0	15
769.783	769.813	56	L	0	15
769.813	769.843	31	IY0	0	15
769.843	769.883	49	DH	0	15
769.883	769.932	7	AH1	0	15
769.932	770.033	46	B	0	15
770.033	770.113	19	EH1	0	15
770.113	770.223	62	S	0	15
770.223	770.253	64	T	0	15
770.253	770.303	60	P	0	15
770.303	770.393	56	L	0	15
770.393	770.432	25	EY1	0	15
770.432	770.533	21	ER0	0	15
770.533	770.643	69	Z	0	15
770.643	770.673	6	AH0	0	15
770.673	770.763	58	N	0	15
770.763	770.823	53	JH	0	15
770.823	770.953	38	OY1	0	15
770.953	771.063	60	P	0	15
771.063	771.173	2	AA2	0	15
771.173	771.273	60	P	0	15
771.273	771.323	68	Y	0	15
771.323	771.363	6	AH0	0	15
771.363	771.393	56	L	0	15
771.393	771.513	19	EH1	0	15
771.513	771.593	61	R	0	15
771.593	771.623	6	AH0	0	15
771.623	771.663	64	T	0	15
771.663	771.813	31	IY0	0	15
788.993	789.083	54	K	0	16
789.083	789.133	4	AE1	0	16
789.133	789.233	56	L	0	16
789.233	789.363	62	S	0	16
789.363	789.393	31	IY0	0	16
789.393	789.443	6	AH0	0	16
789.443	789.523	57	M	0	16
789.523	789.563	57	M	0	16
789.563	789.673	25	EY1	0	16
789.673	789.713	54	K	0	16
789.713	789.793	62	S	0	16
789.793	789.873	46	B	0	16
789.873	790.043	35	OW1	0	16
790.043	790.093	58	N	0	16
790.093	790.143	69	Z	0	16
790.143	790.203	6	AH0	0	16
790.203	790.253	58	N	0	16
790.253	790.283	48	D	0	16
790.283	790.353	64	T	0	16
790.353	790.453	32	IY1	0	16
790.453	790.533	65	TH	0	16
790.533	790.583	62	S	0	16
790.583	790.623	64	T	0	16
790.623	790.723	61	R	0	16
790.723	790.793	10	AO1	0	16
790.793	790.873	59	NG	0	16
798.453	798.523	58	N	0	17
798.523	798.633	7	AH1	0	17
798.633	798.723	65	TH	0	17
798.723	798.803	27	IH0	0	17
798.803	798.853	59	NG	0	17
798.853	798.953	28	IH1	0	17
798.953	799.043	69	Z	0	17
799.043	799.143	19	EH1	0	17
799.143	799.233	69	Z	0	17
799.233	799.313	6	AH0	0	17
799.313	799.373	50	F	0	17
799.373	799.473	19	EH1	0	17
799.473	799.513	58	N	0	17
799.513	799.613	62	S	0	17
799.613	799.673	27	IH0	0	17
799.673	799.713	66	V	0	17
799.713	799.833	19	EH1	0	17
799.833	799.943	69	Z	0	17
799.943	800.043	28	IH1	0	17
800.043	800.103	58	N	0	17
800.103	800.152	6	AH0	0	17
800.152	800.283	62	S	0	17
800.283	800.363	6	AH0	0	17
800.363	800.423	58	N	0	17
800.423	800.613	62	S	0	17
808.993	809.113	62	S	0	18
809.113	809.173	64	T	0	18
809.173	809.263	32	IY1	0	18
809.263	809.293	66	V	0	18
809.293	809.333	67	W	0	18
809.333	809.483	10	AO1	0	18
809.483	809.593	61	R	0	18
809.593	809.623	6	AH0	0	18
809.623	809.703	46	B	0	18
809.703	809.803	61	R	0	18
809.803	809.883	16	AY1	0	18
809.883	809.913	64	T	0	18
809.913	809.973	61	R	0	18
809.973	810.073	19	EH1	0	18
810.073	810.133	48	D	0	18
810.133	810.203	54	K	0	18
810.203	810.323	4	AE1	0	18
810.323	810.402	70	ZH	0	18
810.402	810.463	57	M	0	18
810.463	810.493	27	IH0	0	18
810.493	810.563	61	R	0	18
810.563	810.682	62	S	0	18
810.682	810.743	67	W	0	18
810.743	810.793	19	EH1	0	18
810.793	810.833	64	T	0	18
810.833	810.943	21	ER0	0	18
819.573	819.623	46	B	0	19
819.623	819.743	1	AA1	0	19
819.743	819.803	61	R	0	19
819.803	819.853	46	B	0	19
819.853	819.913	69	Z	0	19
819.913	819.963	51	G	0	19
819.963	820.083	35	OW1	0	19
820.083	820.113	56	L	0	19
820.113	820.143	48	D	0	19
820.143	820.193	46	B	0	19
820.193	820.313	61	R	0	19
820.313	820.343	25	EY1	0	19
820.343	820.463	62	S	0	19
820.463	820.533	56	L	0	19
820.533	820.603	6	AH0	0	19
820.603	820.633	64	T	0	19
820.633	820.743	67	W	0	19
820.743	820.773	6	AH0	0	19
820.773	820.853	69	Z	0	19
820.853	820.923	6	AH0	0	19
820.923	820.973	51	G	0	19
820.973	821.023	61	R	0	19
821.023	821.083	5	AE2	0	19
821.083	821.213	53	JH	0	19
821.213	821.243	6	AH0	0	19
821.243	821.333	67	W	0	19
821.333	821.363	25	EY1	0	19
821.363	821.463	63	SH	0	19
821.463	821.503	6	AH0	0	19
821.503	821.583	58	N	0	19
821.583	821.623	60	P	0	19
821.623	821.673	61	R	0	19
821.673	821.723	19	EH1	0	19
821.723	821.833	69	Z	0	19
821.833	821.923	6	AH0	0	19
821.923	821.963	58	N	0	19
821.963	821.993	64	T	0	19
831.493	831.583	48	D	0	20
831.583	831.613	61	R	0	20
831.613	831.733	10	AO1	0	20
831.733	831.923	19	EH1	0	20
831.923	831.973	66	V	0	20
831.973	832.113	61	R	0	20
832.113	832.323	31	IY0	0	20
832.323	832.513	13	AW1	0	20
832.513	832.553	64	T	0	20
832.553	832.663	21	ER0	0	20
832.663	832.693	56	L	0	20
832.693	832.813	16	AY1	0	20
832.813	832.893	58	N	0	20
832.893	832.983	50	F	0	20
832.983	833.152	22	ER1	0	20
833.152	833.213	62	S	0	20
833.213	833.263	64	T	0	20
833.263	833.303	49	DH	0	20
833.303	833.373	19	EH1	0	20
833.373	833.453	58	N	0	20
833.453	833.513	50	F	0	20
833.513	833.553	28	IH1	0	20
833.553	833.713	56	L	0	20
833.713	833.793	6	AH0	0	20
833.793	833.883	58	N	0	20
833.883	833.923	49	DH	0	20
833.923	834.063	6	AH0	0	20
834.063	834.123	29	IH2	0	20
834.123	834.193	58	N	0	20
834.193	834.293	64	T	0	20
834.293	834.363	28	IH1	0	20
834.363	834.533	61	R	0	20
834.533	834.563	31	IY0	0	20
834.563	834.743	21	ER0	0	20
842.353	842.448	74	sp	0	21
842.448	842.519	49	DH	0	21
842.519	842.573	6	AH0	0	21
842.573	842.646	67	W	0	21
842.646	842.723	10	AO1	0	21
842.723	842.793	64	T	0	21
842.793	842.883	21	ER0	0	21
842.883	842.973	54	K	0	21
842.973	843.013	6	AH0	0	21
843.013	843.073	58	N	0	21
843.073	843.133	64	T	0	21
843.133	843.313	25	EY1	0	21
843.313	843.343	58	N	0	21
843.343	843.373	48	D	0	21
843.373	843.453	64	T	0	21
843.453	843.543	44	UW1	0	21
843.543	843.603	57	M	0	21
843.603	843.663	7	AH1	0	21
843.663	843.733	47	CH	0	21
843.733	843.843	54	K	0	21
843.843	843.873	56	L	0	21
843.873	843.983	10	AO1	0	21
843.983	844.063	61	R	0	21
844.063	844.093	31	IY0	0	21
844.093	844.152	58	N	0	21
844.152	844.213	6	AH0	0	21
844.213	844.273	58	N	0	21
844.273	844.303	48	D	0	21
844.303	844.353	62	S	0	21
844.353	844.402	64	T	0	21
844.402	844.463	7	AH1	0	21
844.463	844.543	59	NG	0	21
844.543	844.593	52	HH	0	21
844.593	844.643	28	IH1	0	21
844.643	844.703	69	Z	0	21
844.703	844.923	16	AY1	0	21
844.923	845.133	69	Z	0	21
853.743	853.842	53	JH	0	22
853.842	854.013	1	AA1	0	22
854.013	854.092	58	N	0	22
854.092	854.143	69	Z	0	22
854.143	854.203	46	B	0	22
854.203	854.253	61	R	0	22
854.253	854.323	7	AH1	0	22
854.323	854.373	49	DH	0	22
854.373	854.553	21	ER0	0	22
854.553	854.623	61	R	0	22
854.623	854.693	31	IY0	0	22
854.693	854.763	60	P	0	22
854.763	854.863	25	EY1	0	22
854.863	854.912	58	N	0	22
854.912	854.943	64	T	0	22
854.943	855.032	6	AH0	0	22
855.032	855.102	48	D	0	22
855.102	855.133	49	DH	0	22
855.133	855.203	6	AH0	0	22
855.203	855.292	51	G	0	22
855.292	855.423	21	ER0	0	22
855.423	855.523	1	AA1	0	22
855.523	855.553	70	ZH	0	22
855.553	855.763	48	D	0	22
855.763	855.933	10	AO1	0	22
855.933	855.983	61	R	0	22
860.412	860.472	74	sp	0	23
860.472	860.583	47	CH	0	23
860.583	860.643	4	AE1	0	23
860.643	860.763	56	L	0	23
860.763	860.803	6	AH0	0	23
860.803	860.863	58	N	0	23
860.863	860.953	53	JH	0	23
860.953	861.083	32	IY1	0	23
861.083	861.253	47	CH	0	23
861.253	861.352	53	JH	0	23
861.352	861.423	19	EH1	0	23
861.423	861.453	58	N	0	23
861.453	861.542	21	ER0	0	23
861.542	861.573	6	AH0	0	23
861.573	861.703	56	L	0	23
861.703	861.792	69	Z	0	23
861.792	861.842	29	IH2	0	23
861.842	861.912	58	N	0	23
861.912	861.993	64	T	0	23
861.993	862.023	19	EH1	0	23
862.023	862.123	56	L	0	23
862.123	862.183	6	AH0	0	23
862.183	862.282	53	JH	0	23
862.282	862.402	6	AH0	0	23
862.402	862.472	58	N	0	23
862.472	862.652	62	S	0	23
871.053	871.183	5	AE2	0	24
871.183	871.213	57	M	0	24
871.213	871.273	46	B	0	24
871.273	871.313	6	AH0	0	24
871.313	871.383	48	D	0	24
871.383	871.503	19	EH1	0	24
871.503	871.532	54	K	0	24
871.532	871.573	62	S	0	24
871.573	871.623	64	T	0	24
871.623	871.733	61	R	0	24
871.733	871.763	6	AH0	0	24
871.763	871.863	62	S	0	24
871.863	871.923	60	P	0	24
871.923	872.023	28	IH1	0	24
872.023	872.073	54	K	0	24
872.073	872.133	60	P	0	24
872.133	872.243	2	AA2	0	24
872.243	872.342	54	K	0	24
872.342	872.433	6	AH0	0	24
872.433	872.472	64	T	0	24
872.472	872.532	62	S	0	24
872.532	872.592	6	AH0	0	24
872.592	872.713	54	K	0	24
872.713	872.803	1	AA1	0	24
872.803	872.842	57	M	0	24
872.842	872.883	60	P	0	24
872.883	872.963	56	L	0	24
872.963	873.003	27	IH0	0	24
873.003	873.123	63	SH	0	24
873.123	873.152	57	M	0	24
873.152	873.282	10	AO1	0	24
873.282	873.342	61	R	0	24
881.373	881.523	74	sp	0	25
881.523	881.613	6	AH0	0	25
881.613	881.713	57	M	0	25
881.713	881.773	7	AH1	0	25
881.773	881.873	62	S	0	25
881.873	881.902	54	K	0	25
881.902	881.953	68	Y	0	25
881.953	881.993	6	AH0	0	25
881.993	882.023	56	L	0	25
882.023	882.123	21	ER0	0	25
882.123	882.263	4	AE1	0	25
882.263	882.333	46	B	0	25
882.333	882.383	48	D	0	25
882.383	882.412	6	AH0	0	25
882.412	882.532	57	M	0	25
882.532	882.563	6	AH0	0	25
882.563	882.623	58	N	0	25
882.623	882.703	28	IH1	0	25
882.703	882.782	69	Z	0	25
882.782	882.823	51	G	0	25
882.823	882.923	6	AH0	0	25
882.923	882.963	48	D	0	25
882.963	883.053	50	F	0	25
883.053	883.113	21	ER0	0	25
883.113	883.143	68	Y	0	25
883.143	883.243	41	UH1	0	25
883.243	883.282	61	R	0	25
883.282	883.363	46	B	0	25
883.363	883.573	4	AE1	0	25
883.573	883.643	54	K	0	25
892.373	892.513	49	DH	0	26
892.513	892.583	25	EY1	0	26
892.583	892.743	35	OW1	0	26
892.743	892.773	58	N	0	26
892.773	892.833	6	AH0	0	26
892.833	892.923	46	B	0	26
892.923	893.053	28	IH1	0	26
893.053	893.092	51	G	0	26
893.092	893.143	52	HH	0	26
893.143	893.313	13	AW1	0	26
893.313	893.433	62	S	0	26
893.433	893.472	6	AH0	0	26
893.472	893.513	58	N	0	26
893.513	893.542	49	DH	0	26
893.542	893.602	31	IY0	0	26
893.602	893.652	61	R	0	26
893.652	893.693	31	IY0	0	26
893.693	893.773	57	M	0	26
893.773	893.893	35	OW1	0	26
893.893	893.923	64	T	0	26
893.923	893.993	54	K	0	26
893.993	894.042	7	AH1	0	26
894.042	894.102	58	N	0	26
894.102	894.152	64	T	0	26
894.152	894.193	61	R	0	26
894.193	894.263	31	IY0	0	26
894.263	894.363	62	S	0	26
894.363	894.513	17	AY2	0	26
894.513	894.633	48	D	0	26
902.323	902.383	49	DH	0	27
902.383	902.463	31	IY0	0	27
902.463	902.563	61	R	0	27
902.563	902.643	35	OW1	0	27
902.643	902.693	69	Z	0	27
902.693	902.803	54	K	0	27
902.803	902.833	9	AO0	0	27
902.833	902.893	61	R	0	27
902.893	903.003	62	S	0	27
903.003	903.173	1	AA1	0	27
903.173	903.292	70	ZH	0	27
903.292	903.352	62	S	0	27
903.352	903.443	57	M	0	27
903.443	903.472	19	EH1	0	27
903.472	903.573	56	L	0	27
903.573	903.613	48	D	0	27
903.613	903.733	62	S	0	27
903.733	903.813	67	W	0	27
903.813	903.912	32	IY1	0	27
903.912	903.953	64	T	0	27
914.852	915.003	49	DH	0	28
915.003	915.243	4	AE1	0	28
915.243	915.282	64	T	0	28
915.282	915.402	60	P	0	28
915.402	915.472	28	IH1	0	28
915.472	915.532	54	K	0	28
915.532	915.623	60	P	0	28
915.623	915.743	2	AA2	0	28
915.743	915.852	54	K	0	28
915.852	916.053	6	AH0	0	28
916.053	916.102	64	T	0	28
916.102	916.213	67	W	0	28
916.213	916.243	6	AH0	0	28
916.243	916.303	69	Z	0	28
916.303	916.412	54	K	0	28
916.412	916.563	1	AA1	0	28
916.563	916.592	64	T	0	28
916.592	916.713	61	R	0	28
916.713	916.773	19	EH1	0	28
916.773	916.813	48	D	0	28
916.813	916.972	52	HH	0	28
916.972	917.013	4	AE1	0	28
917.013	917.092	58	N	0	28
917.092	917.133	48	D	0	28
917.133	917.222	6	AH0	0	28
917.222	917.282	48	D	0	28
928.943	929.013	4	AE1	0	29
929.013	929.053	58	N	0	29
929.053	929.123	6	AH0	0	29
929.123	929.213	48	D	0	29
929.213	929.243	7	AH1	0	29
929.243	929.393	56	L	0	29
929.393	929.423	64	T	0	29
929.423	929.513	57	M	0	29
929.513	929.542	25	EY1	0	29
929.542	929.683	56	L	0	29
929.683	929.782	46	B	0	29
929.782	929.902	6	AH0	0	29
929.902	929.983	46	B	0	29
929.983	930.102	44	UW1	0	29
930.102	930.162	58	N	0	29
930.162	930.253	69	Z	0	29
930.253	930.363	64	T	0	29
930.363	930.573	32	IY1	0	29
930.573	930.652	65	TH	0	29
930.652	930.753	1	AA1	0	29
930.753	930.813	61	R	0	29
930.813	930.883	58	N	0	29
930.883	931.032	1	AA1	0	29
931.032	931.073	64	T	0	29
931.073	931.193	62	S	0	29
931.193	931.273	44	UW1	0	29
931.273	931.333	64	T	0	29
931.333	931.363	6	AH0	0	29
931.363	931.433	46	B	0	29
931.433	931.472	6	AH0	0	29
931.472	931.643	56	L	0	29
931.643	931.722	50	F	0	29
931.722	931.773	61	R	0	29
931.773	931.842	21	ER0	0	29
931.842	931.923	32	IY1	0	29
931.923	932.003	64	T	0	29
932.003	932.073	27	IH0	0	29
932.073	932.143	59	NG	0	29
932.143	932.263	63	SH	0	29
932.263	932.303	19	EH1	0	29
932.303	932.412	56	L	0	29
932.412	932.472	50	F	0	29
932.472	932.583	29	IH2	0	29
932.583	932.792	63	SH	0	29
939.472	939.643	74	sp	0	30
939.643	939.773	52	HH	0	30
939.773	939.823	21	ER0	0	30
939.823	939.902	67	W	0	30
939.902	940.023	10	AO1	0	30
940.023	940.073	61	R	0	30
940.073	940.123	48	D	0	30
940.123	940.222	61	R	0	30
940.222	940.303	36	OW2	0	30
940.303	940.342	46	B	0	30
940.342	940.393	54	K	0	30
940.393	940.453	6	AH0	0	30
940.453	940.503	58	N	0	30
940.503	940.633	62	S	0	30
940.633	940.703	28	IH1	0	30
940.703	940.842	62	S	0	30
940.842	940.883	6	AH0	0	30
940.883	940.933	66	V	0	30
940.933	941.053	35	OW1	0	30
941.053	941.083	58	N	0	30
941.083	941.123	56	L	0	30
941.123	941.152	31	IY0	0	30
941.152	941.233	62	S	0	30
941.233	941.303	54	K	0	30
941.303	941.412	22	ER1	0	30
941.412	941.493	64	T	0	30
941.493	941.553	62	S	0	30
941.553	941.583	6	AH0	0	30
941.583	941.652	58	N	0	30
941.652	941.683	48	D	0	30
941.683	941.713	46	B	0	30
941.713	941.753	56	L	0	30
941.753	941.883	13	AW1	0	30
941.883	941.963	62	S	0	30
941.963	942.053	6	AH0	0	30
942.053	942.282	69	Z	0	30
942.282	942.693	74	sp	0	30
950.152	950.213	49	DH	0	31
950.213	950.273	7	AH1	0	31
950.273	950.383	64	T	0	31
950.383	950.542	44	UW1	0	31
950.542	950.652	1	AA1	0	31
950.652	950.713	61	R	0	31
950.713	950.763	64	T	0	31
950.763	950.833	6	AH0	0	31
950.833	950.983	62	S	0	31
950.983	951.133	27	IH0	0	31
951.133	951.162	54	K	0	31
951.162	951.263	62	S	0	31
951.263	951.333	47	CH	0	31
951.333	951.483	25	EY1	0	31
951.483	951.553	58	N	0	31
951.553	951.683	53	JH	0	31
951.683	951.912	48	D	0	31
951.912	952.032	10	AO1	0	31
952.032	952.073	64	T	0	31
952.073	952.133	6	AH0	0	31
952.133	952.183	51	G	0	31
952.183	952.243	61	R	0	31
952.243	952.352	5	AE2	0	31
952.352	952.433	50	F	0	31
952.433	952.643	62	S	0	31
960.323	960.383	46	B	0	32
960.383	960.443	7	AH1	0	32
960.443	960.483	64	T	0	32
960.483	960.553	21	ER0	0	32
960.553	960.643	62	S	0	32
960.643	960.703	54	K	0	32
960.703	960.852	2	AA2	0	32
960.852	960.993	47	CH	0	32
960.993	961.032	50	F	0	32
961.032	961.213	7	AH1	0	32
961.213	961.313	53	JH	0	32
961.313	961.373	51	G	0	32
961.373	961.523	35	OW1	0	32
961.523	961.592	69	Z	0	32
961.592	961.713	67	W	0	32
961.713	961.743	19	EH1	0	32
961.743	961.842	56	L	0	32
961.842	961.873	67	W	0	32
961.873	961.912	6	AH0	0	32
961.912	961.953	49	DH	0	32
961.953	961.983	74	sp	0	32
961.983	962.053	66	V	0	32
962.053	962.113	6	AH0	0	32
962.113	962.193	58	N	0	32
962.193	962.222	28	IH1	0	32
962.222	962.303	56	L	0	32
962.303	962.333	6	AH0	0	32
962.333	962.472	16	AY1	0	32
962.472	962.573	62	S	0	32
962.573	962.652	54	K	0	32
962.652	962.722	61	R	0	32
962.722	962.803	32	IY1	0	32
962.803	962.863	57	M	0	32
974.203	974.352	74	sp	0	33
974.352	974.503	61	R	0	33
974.503	974.553	28	IH1	0	33
974.553	974.722	47	CH	0	33
974.722	974.782	60	P	0	33
974.782	974.923	22	ER1	0	33
974.923	975.053	47	CH	0	33
975.053	975.123	6	AH0	0	33
975.123	975.213	62	S	0	33
975.213	975.243	64	T	0	33
975.243	975.292	62	S	0	33
975.292	975.363	19	EH1	0	33
975.363	975.443	66	V	0	33
975.443	975.513	61	R	0	33
975.513	975.542	6	AH0	0	33
975.542	975.623	56	L	0	33
975.623	975.713	62	S	0	33
975.713	975.893	16	AY1	0	33
975.893	976.013	58	N	0	33
976.013	976.042	48	D	0	33
976.042	976.083	56	L	0	33
976.083	976.113	28	IH1	0	33
976.113	976.213	65	TH	0	33
976.213	976.323	6	AH0	0	33
976.323	976.412	51	G	0	33
976.412	976.463	61	R	0	33
976.463	976.573	5	AE2	0	33
976.573	976.652	50	F	0	33
976.652	976.883	62	S	0	33
985.573	985.722	19	EH1	0	34
985.722	985.763	58	N	0	34
985.763	985.852	31	IY0	0	34
985.852	985.912	54	K	0	34
985.912	985.993	2	AA2	0	34
985.993	986.042	58	N	0	34
986.042	986.092	64	T	0	34
986.092	986.123	61	R	0	34
986.123	986.152	6	AH0	0	34
986.152	986.193	46	B	0	34
986.193	986.222	68	Y	0	34
986.222	986.333	44	UW1	0	34
986.333	986.443	63	SH	0	34
986.443	986.493	6	AH0	0	34
986.493	986.563	58	N	0	34
986.563	986.613	69	Z	0	34
986.613	986.662	67	W	0	34
986.662	986.693	6	AH0	0	34
986.693	986.743	56	L	0	34
986.743	986.803	46	B	0	34
986.803	986.873	32	IY1	0	34
986.873	986.933	51	G	0	34
986.933	987.042	61	R	0	34
987.042	987.073	25	EY1	0	34
987.073	987.102	64	T	0	34
987.102	987.183	56	L	0	34
987.183	987.233	31	IY0	0	34
987.233	987.282	6	AH0	0	34
987.282	987.373	60	P	0	34
987.373	987.423	61	R	0	34
987.423	987.483	32	IY1	0	34
987.483	987.643	63	SH	0	34
987.643	987.673	31	IY0	0	34
987.673	987.773	26	EY2	0	34
987.773	987.883	64	T	0	34
987.883	987.912	6	AH0	0	34
987.912	988.003	48	D	0	34
996.423	996.472	49	DH	0	35
996.472	996.583	6	AH0	0	35
996.583	996.673	54	K	0	35
996.673	996.782	61	R	0	35
996.782	996.813	4	AE1	0	35
996.813	996.863	58	N	0	35
996.863	996.912	46	B	0	35
996.912	996.963	20	EH2	0	35
996.963	997.133	61	R	0	35
997.133	997.162	31	IY0	0	35
997.162	997.222	46	B	0	35
997.222	997.433	1	AA1	0	35
997.433	997.463	51	G	0	35
997.463	997.513	51	G	0	35
997.513	997.583	28	IH1	0	35
997.583	997.643	64	T	0	35
997.643	997.703	62	S	0	35
997.703	997.733	66	V	0	35
997.733	997.923	19	EH1	0	35
997.923	997.953	61	R	0	35
997.953	997.983	31	IY0	0	35
997.983	998.042	60	P	0	35
998.042	998.143	61	R	0	35
998.143	998.173	28	IH1	0	35
998.173	998.213	64	T	0	35
998.213	998.292	31	IY0	0	35
998.292	998.433	28	IH1	0	35
998.433	998.472	58	N	0	35
998.472	998.633	10	AO1	0	35
998.633	998.683	64	T	0	35
998.683	998.773	6	AH0	0	35
998.773	998.863	57	M	0	35
1007.803	1007.852	52	HH	0	36
1007.852	1007.923	13	AW1	0	36
1007.923	1007.993	48	D	0	36
1007.993	1008.092	44	UW1	0	36
1008.092	1008.253	38	OY1	0	36
1008.253	1008.363	62	S	0	36
1008.363	1008.402	64	T	0	36
1008.402	1008.532	21	ER0	0	36
1008.532	1008.613	69	Z	0	36
1008.613	1008.693	57	M	0	36
1008.693	1008.803	25	EY1	0	36
1008.803	1008.842	54	K	0	36
1008.842	1008.953	60	P	0	36
1008.953	1009.123	22	ER1	0	36
1009.123	1009.253	56	L	0	36
1009.253	1009.412	69	Z	0	36
1019.083	1019.162	57	M	0	37
1019.162	1019.313	25	EY1	0	37
1019.313	1019.383	16	AY1	0	37
1019.383	1019.523	10	AO1	0	37
1019.523	1019.553	61	R	0	37
1019.553	1019.613	48	D	0	37
1019.613	1019.713	21	ER0	0	37
1019.713	1019.792	6	AH0	0	37
1019.792	1019.883	60	P	0	37
1019.883	1019.972	1	AA1	0	37
1019.972	1020.042	61	R	0	37
1020.042	1020.143	50	F	0	37
1020.143	1020.323	25	EY1	0	37
1020.323	1020.472	4	AE1	0	37
1020.472	1020.532	50	F	0	37
1020.532	1020.592	64	T	0	37
1020.592	1020.703	21	ER0	0	37
1020.703	1020.773	16	AY1	0	37
1020.773	1020.933	32	IY1	0	37
1020.933	1020.963	64	T	0	37
1020.963	1021.013	48	D	0	37
1021.013	1021.102	28	IH1	0	37
1021.102	1021.152	58	N	0	37
1021.152	1021.292	21	ER0	0	37
1030.852	1030.983	28	IH1	0	38
1030.983	1031.013	69	Z	0	38
1031.013	1031.143	63	SH	0	38
1031.143	1031.222	32	IY1	0	38
1031.222	1031.263	51	G	0	38
1031.263	1031.393	35	OW1	0	38
1031.393	1031.443	6	AH0	0	38
1031.443	1031.472	58	N	0	38
1031.472	1031.623	67	W	0	38
1031.623	1031.652	6	AH0	0	38
1031.652	1031.713	49	DH	0	38
1031.713	1031.743	68	Y	0	38
1031.743	1031.883	44	UW1	0	38
1038.542	1038.623	54	K	0	39
1038.623	1038.683	6	AH0	0	39
1038.683	1038.733	58	N	0	39
1038.733	1038.763	49	DH	0	39
1038.763	1038.803	7	AH1	0	39
1038.803	1038.943	25	EY1	0	39
1038.943	1039.053	53	JH	0	39
1039.053	1039.092	6	AH0	0	39
1039.092	1039.143	58	N	0	39
1039.143	1039.273	62	S	0	39
1039.273	1039.393	31	IY0	0	39
1039.393	1039.523	35	OW1	0	39
1039.523	1039.553	66	V	0	39
1039.553	1039.693	21	ER0	0	39
1039.693	1039.792	65	TH	0	39
1039.792	1040.042	61	R	0	39
1040.042	1040.073	36	OW2	0	39
1040.073	1040.102	25	EY1	0	39
1040.102	1040.162	56	L	0	39
1040.162	1040.253	31	IY0	0	39
1040.253	1040.303	6	AH0	0	39
1040.303	1040.342	58	N	0	39
1040.342	1040.412	50	F	0	39
1040.412	1040.523	10	AO1	0	39
1040.523	1040.563	61	R	0	39
1040.563	1040.673	62	S	0	39
1040.673	1040.753	6	AH0	0	39
1040.753	1040.943	69	Z	0	39
1049.592	1049.713	6	AH0	0	40
1049.713	1049.792	62	S	0	40
1049.792	1049.842	54	K	0	40
1049.842	1049.883	61	R	0	40
1049.883	1049.943	44	UW1	0	40
1049.943	1050.023	48	D	0	40
1050.023	1050.102	61	R	0	40
1050.102	1050.143	17	AY2	0	40
1050.143	1050.243	66	V	0	40
1050.243	1050.342	21	ER0	0	40
1050.342	1050.443	28	IH1	0	40
1050.443	1050.493	69	Z	0	40
1050.493	1050.573	57	M	0	40
1050.573	1050.662	25	EY1	0	40
1050.662	1050.753	48	D	0	40
1050.753	1050.803	50	F	0	40
1050.803	1050.863	21	ER0	0	40
1050.863	1050.933	57	M	0	40
1050.933	1050.972	66	V	0	40
1050.972	1051.102	1	AA1	0	40
1051.102	1051.183	48	D	0	40
1051.183	1051.243	54	K	0	40
1051.243	1051.363	6	AH0	0	40
1051.363	1051.472	4	AE1	0	40
1051.472	1051.503	58	N	0	40
1051.503	1051.532	48	D	0	40
1051.532	1051.662	10	AO1	0	40
1051.662	1051.693	61	R	0	40
1051.693	1051.722	6	AH0	0	40
1051.722	1051.782	58	N	0	40
1051.782	1051.902	53	JH	0	40
1051.902	1052.003	53	JH	0	40
1052.003	1052.152	44	UW1	0	40
1052.152	1052.363	62	S	0	40
1062.162	1062.233	52	HH	0	41
1062.233	1062.282	13	AW1	0	41
1062.282	1062.373	57	M	0	41
1062.373	1062.423	7	AH1	0	41
1062.423	1062.513	47	CH	0	41
1062.513	1062.553	6	AH0	0	41
1062.553	1062.683	56	L	0	41
1062.683	1062.852	13	AW1	0	41
1062.852	1062.883	6	AH0	0	41
1062.883	1062.923	58	N	0	41
1062.923	1063.053	62	S	0	41
1063.053	1063.102	48	D	0	41
1063.102	1063.203	44	UW1	0	41
1063.203	1063.233	68	Y	0	41
1063.233	1063.342	44	UW1	0	41
1063.342	1063.373	51	G	0	41
1063.373	1063.532	28	IH1	0	41
1063.532	1063.613	64	T	0	41
1071.472	1071.613	62	S	0	42
1071.613	1071.693	28	IH1	0	42
1071.693	1071.763	54	K	0	42
1071.763	1071.792	56	L	0	42
1071.792	1071.852	27	IH0	0	42
1071.852	1071.963	54	K	0	42
1071.963	1072.023	6	AH0	0	42
1072.023	1072.083	56	L	0	42
1072.083	1072.173	60	P	0	42
1072.173	1072.273	61	R	0	42
1072.273	1072.323	35	OW1	0	42
1072.323	1072.402	51	G	0	42
1072.402	1072.443	61	R	0	42
1072.443	1072.493	5	AE2	0	42
1072.493	1072.592	57	M	0	42
1072.592	1072.673	69	Z	0	42
1072.673	1072.782	67	W	0	42
1072.782	1072.813	6	AH0	0	42
1072.813	1072.842	56	L	0	42
1072.842	1072.912	58	N	0	42
1072.912	1072.993	19	EH1	0	42
1072.993	1073.042	66	V	0	42
1073.042	1073.183	21	ER0	0	42
1073.183	1073.263	54	K	0	42
1073.263	1073.313	6	AH0	0	42
1073.313	1073.383	57	M	0	42
1073.383	1073.443	60	P	0	42
1073.443	1073.662	16	AY1	0	42
1073.662	1073.823	56	L	0	42
1083.032	1083.073	49	DH	0	43
1083.073	1083.133	6	AH0	0	43
1083.133	1083.233	46	B	0	43
1083.233	1083.313	1	AA1	0	43
1083.313	1083.412	62	S	0	43
1083.412	1083.453	64	T	0	43
1083.453	1083.503	6	AH0	0	43
1083.503	1083.542	58	N	0	43
1083.542	1083.592	46	B	0	43
1083.592	1083.623	3	AE0	0	43
1083.623	1083.792	56	L	0	43
1083.792	1083.842	25	EY1	0	43
1083.842	1084.013	35	OW1	0	43
1084.013	1084.042	66	V	0	43
1084.042	1084.193	21	ER0	0	43
1084.193	1084.273	54	K	0	43
1084.273	1084.352	25	EY1	0	43
1084.352	1084.453	57	M	0	43
1084.453	1084.483	49	DH	0	43
1084.483	1084.573	19	EH1	0	43
1084.573	1084.602	61	R	0	43
1084.602	1084.673	50	F	0	43
1084.673	1084.733	7	AH1	0	43
1084.733	1084.823	58	N	0	43
1084.823	1084.863	48	D	0	43
1084.863	1084.943	27	IH0	0	43
1084.943	1084.972	59	NG	0	43
1084.972	1085.113	63	SH	0	43
1085.113	1085.222	10	AO1	0	43
1085.222	1085.263	61	R	0	43
1085.263	1085.303	64	T	0	43
1085.303	1085.393	6	AH0	0	43
1085.393	1085.623	53	JH	0	43
1094.503	1094.673	74	sp	0	44
1094.673	1094.823	19	EH1	0	44
1094.823	1094.852	66	V	0	44
1094.852	1094.933	61	R	0	44
1094.933	1094.972	31	IY0	0	44
1094.972	1095.083	54	K	0	44
1095.083	1095.233	4	AE1	0	44
1095.233	1095.282	46	B	0	44
1095.282	1095.352	58	N	0	44
1095.352	1095.463	32	IY1	0	44
1095.463	1095.523	48	D	0	44
1095.523	1095.563	69	Z	0	44
1095.563	1095.643	61	R	0	44
1095.643	1095.693	31	IY0	0	44
1095.693	1095.773	60	P	0	44
1095.773	1095.893	25	EY1	0	44
1095.893	1095.923	58	N	0	44
1095.923	1095.963	64	T	0	44
1095.963	1096.023	27	IH0	0	44
1096.023	1096.053	59	NG	0	44
1096.053	1096.222	10	AO1	0	44
1096.222	1096.292	50	F	0	44
1096.292	1096.363	64	T	0	44
1096.363	1096.463	6	AH0	0	44
1096.463	1096.583	58	N	0	44
1104.162	1104.282	52	HH	0	45
1104.282	1104.352	19	EH1	0	45
1104.352	1104.423	56	L	0	45
1104.423	1104.453	60	P	0	45
1104.453	1104.532	51	G	0	45
1104.532	1104.602	61	R	0	45
1104.602	1104.792	19	EH1	0	45
1104.792	1104.852	51	G	0	45
1104.852	1104.963	64	T	0	45
1104.963	1105.013	27	IH0	0	45
1105.013	1105.123	60	P	0	45
1105.123	1105.203	28	IH1	0	45
1105.203	1105.273	54	K	0	45
1105.273	1105.363	6	AH0	0	45
1105.363	1105.453	60	P	0	45
1105.453	1105.532	19	EH1	0	45
1105.532	1105.623	54	K	0	45
1105.623	1105.713	6	AH0	0	45
1105.713	1105.753	66	V	0	45
1105.753	1105.823	60	P	0	45
1105.823	1105.873	6	AH0	0	45
1105.873	1106.003	64	T	0	45
1106.003	1106.143	25	EY1	0	45
1106.143	1106.203	64	T	0	45
1106.203	1106.342	34	OW0	0	45
1106.342	1106.503	69	Z	0	45
1114.823	1114.982	67	W	0	46
1114.982	1115.053	32	IY1	0	46
1115.053	1115.083	56	L	0	46
1115.083	1115.242	16	AY1	0	46
1115.242	1115.283	54	K	0	46
1115.283	1115.362	46	B	0	46
1115.362	1115.433	56	L	0	46
1115.433	1115.543	44	UW1	0	46
1115.543	1115.722	47	CH	0	46
1115.722	1115.862	32	IY1	0	46
1115.862	1115.972	69	Z	0	46
1115.972	1116.033	46	B	0	46
1116.033	1116.083	7	AH1	0	46
1116.083	1116.112	64	T	0	46
1116.112	1116.213	66	V	0	46
1116.213	1116.303	28	IH1	0	46
1116.303	1116.333	54	K	0	46
1116.333	1116.403	64	T	0	46
1116.403	1116.543	21	ER0	0	46
1116.543	1116.653	56	L	0	46
1116.653	1116.732	16	AY1	0	46
1116.732	1116.803	54	K	0	46
1116.803	1116.872	62	S	0	46
1116.872	1116.913	74	sp	0	46
1116.913	1116.963	46	B	0	46
1116.963	1117.102	61	R	0	46
1117.102	1117.342	16	AY1	0	46
1125.943	1126.063	54	K	0	47
1126.063	1126.132	13	AW1	0	47
1126.132	1126.163	58	N	0	47
1126.163	1126.193	64	T	0	47
1126.193	1126.222	49	DH	0	47
1126.222	1126.273	7	AH1	0	47
1126.273	1126.352	58	N	0	47
1126.352	1126.423	7	AH1	0	47
1126.423	1126.472	57	M	0	47
1126.472	1126.523	46	B	0	47
1126.523	1126.622	21	ER0	0	47
1126.622	1126.653	6	AH0	0	47
1126.653	1126.693	66	V	0	47
1126.693	1126.803	64	T	0	47
1126.803	1126.893	32	IY1	0	47
1126.893	1127.012	62	S	0	47
1127.012	1127.102	60	P	0	47
1127.102	1127.132	45	UW2	0	47
1127.132	1127.403	58	N	0	47
1127.403	1127.583	69	Z	0	47
1127.583	1128.632	74	sp	0	47
1128.632	1128.773	7	AH1	0	47
1128.773	1128.813	66	V	0	47
1128.813	1128.933	62	S	0	47
1128.933	1129.053	38	OY1	0	47
1129.053	1129.173	62	S	0	47
1129.173	1129.313	11	AO2	0	47
1129.313	1129.433	62	S	0	47
1129.433	1129.463	49	DH	0	47
1129.463	1129.523	4	AE1	0	47
1129.523	1129.553	64	T	0	47
1129.553	1129.703	68	Y	0	47
1129.703	1129.783	44	UW1	0	47
1129.783	1129.972	4	AE1	0	47
1129.972	1130.023	48	D	0	47
1139.002	1139.073	46	B	0	48
1139.073	1139.183	4	AE1	0	48
1139.183	1139.232	51	G	0	48
1139.232	1139.313	60	P	0	48
1139.313	1139.443	17	AY2	0	48
1139.443	1139.502	60	P	0	48
1139.502	1139.583	62	S	0	48
1139.583	1139.622	6	AH0	0	48
1139.622	1139.673	58	N	0	48
1139.673	1139.703	48	D	0	48
1139.703	1139.732	46	B	0	48
1139.732	1139.833	1	AA1	0	48
1139.833	1139.903	59	NG	0	48
1139.903	1139.972	51	G	0	48
1139.972	1140.002	36	OW2	0	48
1140.002	1140.122	69	Z	0	48
1140.122	1140.252	21	ER0	0	48
1140.252	1140.323	57	M	0	48
1140.323	1140.352	68	Y	0	48
1140.352	1140.433	44	UW1	0	48
1140.433	1140.463	69	Z	0	48
1140.463	1140.502	27	IH0	0	48
1140.502	1140.602	54	K	0	48
1140.602	1140.632	6	AH0	0	48
1140.632	1140.693	56	L	0	48
1140.693	1140.732	28	IH1	0	48
1140.732	1140.783	58	N	0	48
1140.783	1140.852	62	S	0	48
1140.852	1140.903	64	T	0	48
1140.903	1140.933	61	R	0	48
1140.933	1140.963	6	AH0	0	48
1140.963	1140.992	57	M	0	48
1140.992	1141.112	6	AH0	0	48
1141.112	1141.173	58	N	0	48
1141.173	1141.203	64	T	0	48
1141.203	1141.352	62	S	0	48
1150.553	1150.632	74	sp	0	49
1150.632	1150.732	52	HH	0	49
1150.732	1150.852	13	AW1	0	49
1150.852	1150.933	51	G	0	49
1150.933	1151.023	41	UH1	0	49
1151.023	1151.063	48	D	0	49
1151.063	1151.163	28	IH1	0	49
1151.163	1151.193	69	Z	0	49
1151.193	1151.222	68	Y	0	49
1151.222	1151.273	41	UH1	0	49
1151.273	1151.362	61	R	0	49
1151.362	1151.403	19	EH1	0	49
1151.403	1151.453	58	N	0	49
1151.453	1151.492	48	D	0	49
1151.492	1151.722	21	ER0	0	49
1151.722	1151.773	6	AH0	0	49
1151.773	1151.833	58	N	0	49
1151.833	1152.023	62	S	0	49
