9.142597293433983	9.302	0	 	0
9.302	9.558677130702849	495	YOUR	0
9.558677130702849	9.882	192	GRADES	0
9.882	10.252	206	HIGHER	0
10.252	10.412	301	OR	0
10.412	10.692	250	LOWER	0
10.692	10.872	431	THAN	0
10.872	11.572	274	NANCY'S	0
16.950492605617807	17.192	374	SHE	1
17.192	17.422	489	WORE	1
17.422	17.747198522454887	470	WARM	1
17.747198522454887	18.192	158	FLEECY	1
18.192	18.641102859322494	488	WOOLEN	1
18.641102859322494	19.312	310	OVERALLS	1
26.94568288246603	27.222	353	READING	2
27.222	27.34248796986341	217	IN	2
27.34248796986341	27.453851052275915	433	THE	2
27.453851052275915	27.455399161407165	88888		2
27.455399161407165	27.692	334	POOR	2
27.692	27.95703479566538	239	LIGHT	2
27.95703479566538	28.152	181	GIVES	2
28.152	28.270203937226874	494	YOU	2
28.270203937226874	28.882	150	EYESTRAIN	2
36.623510015536006	36.861854173626185	88888	EVEN 	3
36.861854173626185	37.1040281943926	211	I	3
37.1040281943926	37.62039022676127	292	OCCASIONALLY	3
37.62039022676127	37.77583317591217	177	GET	3
37.77583317591217	37.832	433	THE	3
37.832	38.19595768848878	264	MONDAY	3
38.19595768848878	38.66655198222638	56	BLUES	3
46.61858510894917	46.772	475	WE	4
46.772	46.922	30	ARE	4
46.922	47.192	300	OPEN	4
47.192	47.502	145	EVERY	4
47.502	47.932	264	MONDAY	4
47.932	48.382	143	EVENING	4
55.74115977082111	55.902	226	IT'S	5
55.902	56.112	284	NOT	5
56.112	56.434168025967274	133	EASY	5
56.434168025967274	56.58798432083883	445	TO	5
56.58798432083883	56.986461050888856	113	CREATE	5
56.986461050888856	57.652	215	ILLUMINATING	5
57.652	58.412	146	EXAMPLES	5
66.43222622743258	66.672	269	MUM	6
66.672	67.25416386991937	406	STRONGLY	6
67.25416386991937	67.81840687652556	126	DISLIKES	6
67.81840687652556	68.622	27	APPETIZERS	6
76.43430568753539	76.6748611589894	442	THOSE	7
76.6748611589894	76.84740340003985	483	WHO	7
76.84740340003985	77.142	426	TEACH	7
77.142	77.672	461	VALUES	7
77.672	77.942	156	FIRST	7
77.942	78.41204214594177	4	ABOLISH	7
78.41204214594177	78.882	87	CHEATING	7
87.392	87.492	433	THE	8
87.492	87.87856813101443	165	FRIGHTENED	8
87.87856813101443	88.302	89	CHILD	8
88.302	88.48074438560565	471	WAS	8
88.48074438560565	88.792	176	GENTLY	8
88.792	89.26659585714431	409	SUBDUED	8
89.26659585714431	89.442	73	BY	8
89.442	89.62471560718195	208	HIS	8
89.62471560718195	89.81544161273459	52	BIG	8
89.81544161273459	90.262	66	BROTHER	8
99.18949719787375	99.40738146716326	142	EVEN	9
99.40738146716326	99.482	1	A	9
99.482	99.822	382	SIMPLE	9
99.822	100.55210093486134	467	VOCABULARY	9
100.55210093486134	101.012	104	CONTAINS	9
101.012	101.58089010061603	421	SYMBOLS	9
109.62391085228471	109.74631303741191	1	A	10
109.74631303741191	110.02869635926052	110	CRAB	10
110.02869635926052	110.512	85	CHALLENGED	10
110.512	110.722	257	ME	10
110.722	110.90697523056743	70	BUT	10
110.90697523056743	111.04335246832727	1	A	10
111.04335246832727	111.272	349	QUICK	10
111.272	111.632	401	STAB	10
111.632	112.192	463	VANQUISHED	10
112.192	112.492	207	HIM	10
121.34751380169708	121.87287841316837	183	GLUCOSE	11
121.87287841316837	122.032	20	AND	11
122.032	122.70437789369835	167	FRUCTOSE	11
122.70437789369835	122.81947321869973	30	ARE	11
122.81947321869973	123.202	275	NATURAL	11
123.202	123.592	413	SUGARS	11
123.592	123.8307037827825	163	FOUND	11
123.8307037827825	123.962	217	IN	11
123.962	124.322	168	FRUIT	11
132.75697792248428	132.85549715158334	30	ARE	12
132.85549715158334	132.962	494	YOU	12
132.962	133.232	249	LOOKING	12
133.232	133.362	161	FOR	12
133.362	133.962	136	EMPLOYMENT	12
140.52057498697198	140.852	98	COFFEE	13
140.852	141.222240740962	224	IS	13
141.222240740962	141.52473980456412	198	GROWN	13
141.52473980456412	141.752	296	ON	13
141.752	142.35320936764967	403	STEEP	13
142.35320936764967	142.672	88888	JUNGLE	13
142.672	142.912	240	LIKE	13
142.912	143.46013774290594	389	SLOPES	13
143.46013774290594	143.70177982967346	217	IN	13
143.70177982967346	144.102	430	TEMPERATE	13
144.102	144.712	496	ZONES	13
154.31859518583917	154.432	475	WE	14
154.432	154.812	479	WELCOME	14
154.812	155.062	255	MANY	14
155.062	155.212	281	NEW	14
155.212	155.672	407	STUDENTS	14
155.672	155.932	132	EACH	14
155.932	156.142	490	YEAR	14
163.08813172282154	163.34526387694658	297	ONLY	15
163.34526387694658	163.4586432508682	433	THE	15
163.4586432508682	163.702	51	BEST	15
163.702	164.082	329	PLAYERS	15
164.082	164.44174743871463	139	ENJOY	15
164.44174743871463	165.222	335	POPULARITY	15
172.6018299152168	173.062	75	CALCIUM	16
173.062	173.33551242867827	253	MAKES	16
173.33551242867827	173.815274021381	58	BONES	16
173.815274021381	174.04143162142321	20	AND	16
174.04143162142321	174.292	429	TEETH	16
174.292	174.81530482437174	405	STRONG	16
182.78741354787462	183.102	285	NOTHING	17
183.102	183.23325372260118	224	IS	17
183.23325372260118	183.35204759058033	1	A	17
183.35204759058033	183.582	34	AS	17
183.582	183.89251160537253	99999	sp	17
183.89251160537253	184.162	34	AS	17
184.162	184.3851589292781	99999	sp	17
184.3851589292781	184.6532092621473	224	IS	17
184.6532092621473	184.83117969186486	34	AS	17
184.83117969186486	185.32243857721076	294	OFFENSIVE	17
185.32243857721076	185.572	34	AS	17
185.572	186.302	219	INNOCENCE	17
194.81620524089314	195.162	404	STEVE	18
195.162	195.38012229697935	489	WORE	18
195.38012229697935	195.462	1	A	18
195.462	195.772	65	BRIGHT	18
195.772	196.16243643199434	355	RED	18
196.16243643199434	196.722	78	CASHMERE	18
196.722	197.182	419	SWEATER	18
205.10831913047807	205.48654129360946	46	BARB'S	19
205.48654129360946	205.7392305118724	188	GOLD	19
205.7392305118724	206.1890051192709	63	BRACELET	19
206.1890051192709	206.352	471	WAS	19
206.352	206.47047693301096	1	A	19
206.47047693301096	207.10847738233693	193	GRADUATION	19
207.10847738233693	207.482617666951	338	PRESENT	19
215.7853847755169	216.082	130	DRAW	20
216.082	216.442	145	EVERY	20
216.442	216.742	307	OUTER	20
216.742	216.982	243	LINE	20
216.982	217.41093469896444	156	FIRST	20
217.41093469896444	217.55976249619613	435	THEN	20
217.55976249619613	217.862	154	FILL	20
217.862	218.00161794310392	217	IN	20
218.00161794310392	218.092	433	THE	20
218.092	218.782	222	INTERIOR	20
227.46477967393082	227.572	433	THE	21
227.572	227.9133351458553	474	WATER	21
227.9133351458553	228.40598989620256	103	CONTAINED	21
228.40598989620256	228.562	447	TOO	21
228.562	228.8350407929232	268	MUCH	21
228.8350407929232	229.272	90	CHLORINE	21
229.272	229.392	20	AND	21
229.392	229.75843577964253	408	STUNG	21
229.75843577964253	229.8824774182344	217	IN	21
229.8824774182344	230.072	208	HIS	21
230.072	230.502	149	EYES	21
238.5878436650745	238.94855246922265	229	JOHN'S	22
238.94855246922265	239.3532381831291	66	BROTHER	22
239.3532381831291	239.942	362	REPAINTED	22
239.942	240.05007961367664	433	THE	22
240.05007961367664	240.45831850926936	173	GARAGE	22
240.45831850926936	240.73439211269832	129	DOOR	22
247.97448739778994	248.432	84	CHALLENGE	23
248.432	248.80479814071361	132	EACH	23
248.80479814071361	249.272	175	GENERAL'S	23
249.272	250.132	221	INTELLIGENCE	23
257.4751613796803	258.25125502565095	17	AMBIDEXTROUS	24
258.25125502565095	258.93076175663236	326	PICKPOCKETS	24
258.93076175663236	259.512	6	ACCOMPLISH	24
259.512	259.792	266	MORE	24
267.29942491718583	267.3619357794531	1	A	25
267.3619357794531	267.802	270	MUSCULAR	25
267.802	268.37697604954343	2	ABDOMEN	25
268.37697604954343	268.5664728850469	224	IS	25
268.5664728850469	268.6852250895171	189	GOOD	25
268.6852250895171	268.842	161	FOR	25
268.842	269.00412615968406	495	YOUR	25
269.00412615968406	269.3261341667196	43	BACK	25
276.4904387466022	276.632	437	THEY	26
276.632	276.8594717772057	316	OWN	26
276.8594717772057	276.99776498922756	1	A	26
276.99776498922756	277.152	52	BIG	26
277.152	277.512	209	HOUSE	26
277.512	277.6745757070981	217	IN	26
277.6745757070981	277.732	433	THE	26
277.732	278.1622716301821	360	REMOTE	26
278.1622716301821	278.882	109	COUNTRYSIDE	26
286.404603516768	286.5440550052789	433	THE	27
286.5440550052789	286.8700844228977	368	ROSE	27
286.8700844228977	287.342	106	CORSAGE	27
287.342	287.692	392	SMELLED	27
287.692	288.05190260682184	420	SWEET	27
295.0873727059341	295.26596034195234	432	THAT	28
295.26596034195234	295.792	325	PICKPOCKET	28
295.792	296.0128616279637	471	WAS	28
296.0128616279637	296.2343071276054	80	CAUGHT	28
296.2343071276054	296.4655085537565	355	RED	28
296.4655085537565	296.97815595619585	199	HANDED	28
304.61810572131617	304.722	19	AN	29
304.722	305.162	9	ADULT	29
305.162	305.42155864961404	254	MALE	29
305.42155864961404	305.9205752430503	42	BABOON'S	29
305.9205752430503	306.17440315702265	429	TEETH	29
306.17440315702265	306.272	30	ARE	29
306.272	306.4938697240149	284	NOT	29
306.4938697240149	306.87276767813	414	SUITABLE	29
306.87276767813	307.09708577178304	161	FOR	29
307.09708577178304	307.34588142092554	135	EATING	29
307.34588142092554	308.032	375	SHELLFISH	29
316.57194098659	316.672	204	HER	30
316.672	317.2116038459234	469	WARDROBE	30
317.2116038459234	317.6333965202541	88888	CONSI	30
317.6333965202541	317.97928262616426	99999	sp	30
317.97928262616426	318.462	88888	SISTS	30
318.462	318.722	293	OF	30
318.722	319.022	297	ONLY	30
319.022	319.3869113673468	384	SKIRTS	30
319.3869113673468	319.51701367231937	20	AND	30
319.51701367231937	320.102	54	BLOUSES	30
328.4806303181012	328.6141118536101	433	THE	31
328.6141118536101	328.90760856740815	452	TWO	31
328.90760856740815	329.332	33	ARTISTS	31
329.332	329.862	147	EXCHANGED	31
329.862	330.512	39	AUTOGRAPHS	31
337.8185461277434	338.362	71	BUTTERSCOTCH	32
338.362	338.6915901384822	169	FUDGE	32
338.6915901384822	338.902	186	GOES	32
338.902	339.102	480	WELL	32
339.102	339.232	486	WITH	32
339.232	339.552	462	VANILLA	32
339.552	339.802	212	ICE	32
339.802	340.182	112	CREAM	32
347.34084564405254	347.69533205380316	365	RICH	33
347.69533205380316	348.192	348	PURCHASED	33
348.192	348.852	373	SEVERAL	33
348.852	349.1665595718636	99999	sp	33
349.1665595718636	349.71591283963096	381	SIGNED	33
349.71591283963096	350.592	244	LITHOGRAPHS	33
360.39335253754285	360.6389966952911	24	ANY	34
360.6389966952911	361.422	105	CONTRIBUTIONS	34
361.422	361.55010889684866	484	WILL	34
361.55010889684866	361.68950422360496	47	BE	34
361.68950422360496	362.012	195	GREATLY	34
362.012	362.75332293863187	28	APPRECIATED	34
370.46653734471784	370.59598218940124	433	THE	35
370.59598218940124	371.18401268939624	111	CRANBERRY	35
371.18401268939624	371.4956778164982	57	BOG	35
371.4956778164982	371.762	178	GETS	35
371.762	372.11878005594366	464	VERY	35
372.11878005594366	372.372	339	PRETTY	35
372.372	372.502	217	IN	35
372.502	372.982	40	AUTUMN	35
380.8476252324326	381.06510365544347	210	HOW	36
381.06510365544347	381.202	128	DO	36
381.202	381.6827841629001	317	OYSTERS	36
381.6827841629001	381.9272310402553	252	MAKE	36
381.9272310402553	382.542	319	PEARLS	36
390.3338419696232	390.5178666597243	256	MAY	37
390.5178666597243	390.62192824043615	211	I	37
390.62192824043615	390.942	303	ORDER	37
390.942	391.02442466282196	1	A	37
391.02442466282196	391.6320923500941	318	PARFAIT	37
391.6320923500941	391.932	10	AFTER	37
391.932	392.082	211	I	37
392.082	392.3007193117406	134	EAT	37
392.3007193117406	392.712	124	DINNER	37
400.72564957283186	400.7815284297409	224	IS	38
400.7815284297409	401.02261479904496	374	SHE	38
401.02261479904496	401.272	187	GOING	38
401.272	401.462	305	OUT	38
401.462	401.64182346937	486	WITH	38
401.64182346937	401.90689353362785	494	YOU	38
409.3019790484577	409.482	76	CAN	39
409.482	409.5783525862432	433	THE	39
409.5783525862432	410.132	11	AGENCY	39
410.132	410.6956807510348	314	OVERTHROW	39
410.6956807510348	411.122	13	ALIEN	39
411.122	411.767445870599	162	FORCES	39
419.96197139851296	419.9922747304165	1	A	40
419.9922747304165	420.5745442759089	370	SCREWDRIVER	40
420.5745442759089	420.71380950807975	224	IS	40
420.71380950807975	420.902	251	MADE	40
420.902	421.092	166	FROM	40
421.092	421.402	468	VODKA	40
421.402	421.542	20	AND	40
421.542	421.912	302	ORANGE	40
421.912	422.332	230	JUICE	40
429.66742978149546	429.842	210	HOW	41
429.842	430.11027166208453	268	MUCH	41
430.11027166208453	430.632	16	ALLOWANCE	41
430.632	430.732	128	DO	41
430.732	430.862	494	YOU	41
430.862	431.132	177	GET	41
438.252	438.8223264487723	115	CYCLICAL	42
438.8223264487723	439.4170427107241	345	PROGRAMS	42
439.4170427107241	439.562	484	WILL	42
439.562	439.84783465657154	280	NEVER	42
439.84783465657154	440.402	100	COMPILE	42
447.8720265608683	447.9944520217586	433	THE	43
447.9944520217586	448.3664737942006	61	BOSTON	43
448.3664737942006	448.732	45	BALLET	43
448.732	449.2629889625864	311	OVERCAME	43
449.2629889625864	449.37647401225996	434	THEIR	43
449.37647401225996	449.792	170	FUNDING	43
449.792	450.412	379	SHORTAGE	43
457.7493634064858	458.09571749387055	145	EVERY	44
458.09571749387055	458.452	74	CAB	44
458.452	458.9090729481951	279	NEEDS	44
458.9090729481951	459.472	363	REPAINTING	44
459.472	460.002	295	OFTEN	44
466.93032652297256	467.1897156176254	203	HELP	45
467.1897156176254	467.4256112753058	196	GREG	45
467.4256112753058	467.5658292681793	445	TO	45
467.5658292681793	467.7671754142689	324	PICK	45
467.7671754142689	467.9088772869774	1	A	45
467.9088772869774	468.142	320	PECK	45
468.142	468.2751838527808	293	OF	45
468.2751838527808	468.952	337	POTATOES	45
475.4988440212825	475.682	475	WE	46
475.682	475.9540503468618	240	LIKE	46
475.9540503468618	476.16767212728826	55	BLUE	46
476.16767212728826	476.56212207855975	88	CHEESE	46
476.56212207855975	476.712	70	BUT	46
476.712	477.022	465	VICTOR	46
477.022	477.37179712563835	241	LIKES	46
477.37179712563835	477.782	64	BRIE	46
485.5082210845674	485.75378123265654	108	COUNT	47
485.75378123265654	485.814791940889	433	THE	47
485.814791940889	486.172	288	NUMBER	47
486.172	486.3115605730571	293	OF	47
486.3115605730571	486.882	428	TEASPOONS	47
486.882	486.962	293	OF	47
486.962	487.58328586187156	394	SOYSAUCE	47
487.58328586187156	487.732	432	THAT	47
487.732	487.862	494	YOU	47
487.862	488.21301139625825	7	ADD	47
495.8461282972606	496.40595728993793	44	BAGPIPES	48
496.40595728993793	496.540437796848	20	AND	48
496.540437796848	496.982	59	BONGOS	48
496.982	497.092	30	ARE	48
497.092	497.56479988249555	272	MUSICAL	48
497.56479988249555	498.2988426171405	220	INSTRUMENTS	48
505.4827671444677	505.7411990901781	210	HOW	49
505.7411990901781	505.8866108002817	189	GOOD	49
505.8866108002817	506.0910103586839	224	IS	49
506.0910103586839	506.312	495	YOUR	49
506.312	507.072	138	ENDURANCE	49
1024.3431777391406	1024.452	30	ARE	0
1024.452	1024.6920473322073	495	YOUR	0
1024.6920473322073	1024.972	192	GRADES	0
1024.972	1025.312	206	HIGHER	0
1025.312	1025.6813107402857	301	OR	0
1025.6813107402857	1026.005773965173	250	LOWER	0
1026.005773965173	1026.112	431	THAN	0
1026.112	1026.801440951597	274	NANCY'S	0
1034.229984309679	1034.462	374	SHE	1
1034.462	1034.712	489	WORE	1
1034.712	1035.0520000000001	470	WARM	1
1035.0520000000001	1035.502	158	FLEECY	1
1035.502	1035.8070199052704	488	WOOLEN	1
1035.8070199052704	1036.48915473864	310	OVERALLS	1
1043.171068301279	1043.442	353	READING	2
1043.442	1043.535256024736	217	IN	2
1043.535256024736	1043.6671883075624	433	THE	2
1043.6671883075624	1043.872	334	POOR	2
1043.872	1044.1345300120684	239	LIGHT	2
1044.1345300120684	1044.3020000000001	181	GIVES	2
1044.3020000000001	1044.402	494	YOU	2
1044.402	1044.9828646486346	150	EYESTRAIN	2
1052.0049432268816	1052.232	142	EVEN	3
1052.232	1052.442	211	I	3
1052.442	1052.8585509946975	292	OCCASIONALLY	3
1052.8585509946975	1053.0063770934544	177	GET	3
1053.0063770934544	1053.062	433	THE	3
1053.062	1053.4615356963834	264	MONDAY	3
1053.4615356963834	1053.942	56	BLUES	3
1060.765342446834	1060.882	475	WE	4
1060.882	1061.032	30	ARE	4
1061.032	1061.272	300	OPEN	4
1061.272	1061.5720000000001	145	EVERY	4
1061.5720000000001	1061.892	264	MONDAY	4
1061.892	1062.247535841006	267	MORNING	4
1062.247535841006	1062.6427718302957	99999	sp	4
1070.983649135346	1071.122	226	IT'S	5
1071.122	1071.312	284	NOT	5
1071.312	1071.5520000000001	133	EASY	5
1071.5520000000001	1071.7221511354826	445	TO	5
1071.7221511354826	1072.0231406914068	113	CREATE	5
1072.0231406914068	1072.672	215	ILLUMINATING	5
1072.672	1073.354850414252	146	EXAMPLES	5
1080.2206694475146	1080.4335390297247	269	MUM	6
1080.4335390297247	1080.8875336184906	406	STRONGLY	6
1080.8875336184906	1081.4042763879784	126	DISLIKES	6
1081.4042763879784	1082.1775312874465	27	APPETIZERS	6
1089.373220252784	1089.652	442	THOSE	7
1089.652	1089.7960028952293	483	WHO	7
1089.7960028952293	1090.032	426	TEACH	7
1090.032	1090.512	461	VALUES	7
1090.512	1090.7939045542867	156	FIRST	7
1090.7939045542867	1091.182	4	ABOLISH	7
1091.182	1091.6750378971838	87	CHEATING	7
1099.2209107358883	1099.292	433	THE	8
1099.292	1099.6643890321595	165	FRIGHTENED	8
1099.6643890321595	1100.002	89	CHILD	8
1100.002	1100.162	471	WAS	8
1100.162	1100.452	176	GENTLY	8
1100.452	1100.8606089784978	409	SUBDUED	8
1100.8606089784978	1101.012	73	BY	8
1101.012	1101.1687284006439	208	HIS	8
1101.1687284006439	1101.3461197191523	52	BIG	8
1101.3461197191523	1101.732	66	BROTHER	8
1110.7285979367255	1110.9803121263972	142	EVEN	9
1110.9803121263972	1111.032	1	A	9
1111.032	1111.372	382	SIMPLE	9
1111.372	1112.081744862693	467	VOCABULARY	9
1112.081744862693	1112.5520000000001	104	CONTAINS	9
1112.5520000000001	1113.182	421	SYMBOLS	9
1121.1059082357328	1121.240922739264	1	A	10
1121.240922739264	1121.5562850832791	110	CRAB	10
1121.5562850832791	1122.022	85	CHALLENGED	10
1122.022	1122.3505110141327	257	ME	10
1122.3505110141327	1122.452	70	BUT	10
1122.452	1122.5680165704825	1	A	10
1122.5680165704825	1122.772	349	QUICK	10
1122.772	1123.112	401	STAB	10
1123.112	1123.5819999999999	463	VANQUISHED	10
1123.5819999999999	1123.882	207	HIM	10
1131.5592885450376	1131.962	183	GLUCOSE	11
1131.962	1132.0819999999999	20	AND	11
1132.0819999999999	1132.5819999999999	167	FRUCTOSE	11
1132.5819999999999	1132.742	30	ARE	11
1132.742	1133.132	275	NATURAL	11
1133.132	1133.5320000000002	413	SUGARS	11
1133.5320000000002	1133.762	163	FOUND	11
1133.762	1133.8617958736756	217	IN	11
1133.8617958736756	1134.202	168	FRUIT	11
1141.4060463289238	1141.512	30	ARE	12
1141.512	1141.632	494	YOU	12
1141.632	1141.922	249	LOOKING	12
1141.922	1142.042	161	FOR	12
1142.042	1142.632	136	EMPLOYMENT	12
1149.3285530901526	1149.642	98	COFFEE	13
1149.642	1149.914155673664	224	IS	13
1149.914155673664	1150.1904547383535	198	GROWN	13
1150.1904547383535	1150.412	296	ON	13
1150.412	1150.8426419156706	403	STEEP	13
1150.8426419156706	1151.142	88888	JUNGLE	13
1151.142	1151.342	240	LIKE	13
1151.342	1151.682	389	SLOPES	13
1151.682	1151.8220000000001	217	IN	13
1151.8220000000001	1152.212	430	TEMPERATE	13
1152.212	1152.652	496	ZONES	13
1161.2922713455953	1161.422	475	WE	14
1161.422	1161.7820000000002	479	WELCOME	14
1161.7820000000002	1162.0320000000002	255	MANY	14
1162.0320000000002	1162.212	281	NEW	14
1162.212	1162.692	407	STUDENTS	14
1162.692	1162.952	132	EACH	14
1162.952	1163.192	490	YEAR	14
1170.3373691268393	1170.6211952364529	297	ONLY	15
1170.6211952364529	1170.7424126374335	433	THE	15
1170.7424126374335	1170.9757063934971	51	BEST	15
1170.9757063934971	1171.2820000000002	329	PLAYERS	15
1171.2820000000002	1171.6488406220997	139	ENJOY	15
1171.6488406220997	1172.422	335	POPULARITY	15
1179.4231040233562	1179.8519999999999	75	CALCIUM	16
1179.8519999999999	1180.1297127754149	253	MAKES	16
1180.1297127754149	1180.432	58	BONES	16
1180.432	1180.557508488189	20	AND	16
1180.557508488189	1180.792	429	TEETH	16
1180.792	1181.252	405	STRONG	16
1188.2009708951869	1188.652	285	NOTHING	17
1188.652	1188.8232645821265	224	IS	17
1188.8232645821265	1189.4422868273846	294	OFFENSIVE	17
1189.4422868273846	1189.7514207261027	34	AS	17
1189.7514207261027	1190.4664364319415	219	INNOCENCE	17
1197.7443583604404	1198.1381681636553	404	STEVE	18
1198.1381681636553	1198.3743463405922	489	WORE	18
1198.3743463405922	1198.4406161335355	1	A	18
1198.4406161335355	1198.702527975542	65	BRIGHT	18
1198.702527975542	1198.9583353082146	355	RED	18
1198.9583353082146	1200.0	78	CASHMERE	18
1207.3180828985267	1207.6068933997856	46	BARB'S	19
1207.6068933997856	1207.806188609276	188	GOLD	19
1207.806188609276	1208.182	63	BRACELET	19
1208.182	1208.3176613344442	471	WAS	19
1208.3176613344442	1208.420967906914	1	A	19
1208.420967906914	1208.972	193	GRADUATION	19
1208.972	1209.374254519962	338	PRESENT	19
1216.8010502637965	1217.019099291433	130	DRAW	20
1217.019099291433	1217.342	145	EVERY	20
1217.342	1217.682	307	OUTER	20
1217.682	1217.932	243	LINE	20
1217.932	1218.342	156	FIRST	20
1218.342	1218.582	435	THEN	20
1218.582	1218.862	154	FILL	20
1218.862	1218.9862564835953	217	IN	20
1218.9862564835953	1219.082	433	THE	20
1219.082	1219.7564077865961	222	INTERIOR	20
1228.6544254500755	1228.722	433	THE	21
1228.722	1229.0009085304964	474	WATER	21
1229.0009085304964	1229.452	103	CONTAINED	21
1229.452	1229.592	447	TOO	21
1229.592	1229.8657961425106	268	MUCH	21
1229.8657961425106	1230.242	90	CHLORINE	21
1230.242	1230.392	20	AND	21
1230.392	1230.642	408	STUNG	21
1230.642	1230.812	208	HIS	21
1230.812	1231.2085183222277	149	EYES	21
1239.122285108125	1239.4572047639929	229	JOHN'S	22
1239.4572047639929	1239.762	66	BROTHER	22
1239.762	1240.2999552483673	362	REPAINTED	22
1240.2999552483673	1240.4061580659622	433	THE	22
1240.4061580659622	1240.8163528176365	173	GARAGE	22
1240.8163528176365	1241.112	129	DOOR	22
1248.366243397657	1248.8998966308072	84	CHALLENGE	23
1248.8998966308072	1249.242	132	EACH	23
1249.242	1249.742	175	GENERAL'S	23
1249.742	1250.632	221	INTELLIGENCE	23
1258.1285648728194	1258.8347829672186	17	AMBIDEXTROUS	24
1258.8347829672186	1259.422	326	PICKPOCKETS	24
1259.422	1259.889315033461	6	ACCOMPLISH	24
1259.889315033461	1260.152	266	MORE	24
1267.6453530731885	1267.6914123495162	1	A	25
1267.6914123495162	1268.162	270	MUSCULAR	25
1268.162	1268.542	2	ABDOMEN	25
1268.542	1268.7111727394524	224	IS	25
1268.7111727394524	1268.8206525488129	189	GOOD	25
1268.8206525488129	1268.962	161	FOR	25
1268.962	1269.1396967496407	495	YOUR	25
1269.1396967496407	1269.4484229155612	43	BACK	25
1276.8907725163758	1277.0819999999999	437	THEY	26
1277.0819999999999	1277.360488569549	316	OWN	26
1277.360488569549	1277.5540178807858	1	A	26
1277.5540178807858	1277.702	52	BIG	26
1277.702	1278.092	209	HOUSE	26
1278.092	1278.2329457355115	217	IN	26
1278.2329457355115	1278.292	433	THE	26
1278.292	1278.6794867447977	360	REMOTE	26
1278.6794867447977	1279.342	109	COUNTRYSIDE	26
1287.5908398904132	1287.672663156394	433	THE	27
1287.672663156394	1287.9716832567383	368	ROSE	27
1287.9716832567383	1288.5312216487587	106	CORSAGE	27
1288.5312216487587	1288.736979585131	392	SMELLED	27
1288.736979585131	1289.0426366810107	420	SWEET	27
1296.2251758261352	1296.3771738425467	432	THAT	28
1296.3771738425467	1296.4159613340441	99999	sp	28
1296.4159613340441	1296.915250671591	325	PICKPOCKET	28
1296.915250671591	1297.1263148542982	471	WAS	28
1297.1263148542982	1297.382	80	CAUGHT	28
1297.382	1297.5902110727116	355	RED	28
1297.5902110727116	1298.080659187228	199	HANDED	28
1305.877773268733	1305.955264554722	19	AN	29
1305.955264554722	1306.3288036617873	9	ADULT	29
1306.3288036617873	1306.6506037980098	254	MALE	29
1306.6506037980098	1307.154933232052	42	BABOON'S	29
1307.154933232052	1307.3846295398832	429	TEETH	29
1307.3846295398832	1307.481844885477	30	ARE	29
1307.481844885477	1307.69272661535	284	NOT	29
1307.69272661535	1308.0758973127317	414	SUITABLE	29
1308.0758973127317	1308.202	161	FOR	29
1308.202	1308.4773452687841	135	EATING	29
1308.4773452687841	1309.170764555866	375	SHELLFISH	29
1317.3553155343247	1317.482	204	HER	30
1317.482	1317.892	469	WARDROBE	30
1317.892	1317.9340579625689	99999	sp	30
1317.9340579625689	1318.352	102	CONSISTS	30
1318.352	1318.472	293	OF	30
1318.472	1318.7888702787432	297	ONLY	30
1318.7888702787432	1319.152	384	SKIRTS	30
1319.152	1319.2727140325558	20	AND	30
1319.2727140325558	1319.7868351942345	54	BLOUSES	30
1327.7160630952253	1327.8597652901283	433	THE	31
1327.8597652901283	1328.112	452	TWO	31
1328.112	1328.5304168176312	33	ARTISTS	31
1328.5304168176312	1329.172	147	EXCHANGED	31
1329.172	1329.8809201561844	39	AUTOGRAPHS	31
1337.7543844840045	1338.3299303316442	71	BUTTERSCOTCH	32
1338.3299303316442	1338.660292439215	169	FUDGE	32
1338.660292439215	1338.9046308616532	186	GOES	32
1338.9046308616532	1339.062	480	WELL	32
1339.062	1339.239944349106	486	WITH	32
1339.239944349106	1339.482	462	VANILLA	32
1339.482	1339.836715182087	212	ICE	32
1339.836715182087	1340.0652531543374	112	CREAM	32
1347.5569885661025	1347.8187885017853	365	RICH	33
1347.8187885017853	1348.192	348	PURCHASED	33
1348.192	1348.602	373	SEVERAL	33
1348.602	1349.0092568955674	381	SIGNED	33
1349.0092568955674	1349.6830704118627	244	LITHOGRAPHS	33
1356.9226843463714	1357.1861330688123	24	ANY	34
1357.1861330688123	1357.872	105	CONTRIBUTIONS	34
1357.872	1357.972	484	WILL	34
1357.972	1358.1171009021677	47	BE	34
1358.1171009021677	1358.492	195	GREATLY	34
1358.492	1359.2211857247562	28	APPRECIATED	34
1366.6900769366243	1366.8018998050131	433	THE	35
1366.8018998050131	1367.3308232186198	111	CRANBERRY	35
1367.3308232186198	1367.6096115122757	57	BOG	35
1367.6096115122757	1367.8580091288547	178	GETS	35
1367.8580091288547	1368.1878512130443	464	VERY	35
1368.1878512130443	1368.402	339	PRETTY	35
1368.402	1368.542	217	IN	35
1368.542	1368.9371696580224	40	AUTUMN	35
1376.9115486395158	1377.2209396352878	210	HOW	36
1377.2209396352878	1377.4932633470276	128	DO	36
1377.4932633470276	1377.9421667784447	317	OYSTERS	36
1377.9421667784447	1378.168730669688	252	MAKE	36
1378.168730669688	1378.762	319	PEARLS	36
1385.9339062802696	1386.0807040628652	256	MAY	37
1386.0807040628652	1386.232	211	I	37
1386.232	1386.462	303	ORDER	37
1386.462	1386.5174645036718	1	A	37
1386.5174645036718	1386.5655287190318	99999	sp	37
1386.5655287190318	1386.566019170209	88888		37
1386.566019170209	1386.982	318	PARFAIT	37
1386.982	1387.352	10	AFTER	37
1387.352	1387.5065521474287	211	I	37
1387.5065521474287	1387.725335266289	134	EAT	37
1387.725335266289	1388.0747781016582	124	DINNER	37
1395.2630843720922	1395.3312570857152	224	IS	38
1395.3312570857152	1395.522	374	SHE	38
1395.522	1395.752	187	GOING	38
1395.752	1395.902	305	OUT	38
1395.902	1396.072829304771	486	WITH	38
1396.072829304771	1396.3019933129224	494	YOU	38
1403.0066159668645	1403.151299064122	76	CAN	39
1403.151299064122	1403.202	433	THE	39
1403.202	1403.732	11	AGENCY	39
1403.732	1404.2655527963138	314	OVERTHROW	39
1404.2655527963138	1404.682	13	ALIEN	39
1404.682	1405.344890758708	162	FORCES	39
1413.1657239299439	1413.232	1	A	40
1413.232	1413.742	370	SCREWDRIVER	40
1413.742	1413.931924720376	224	IS	40
1413.931924720376	1414.132	251	MADE	40
1414.132	1414.362	166	FROM	40
1414.362	1414.682	468	VODKA	40
1414.682	1414.8319999999999	20	AND	40
1414.8319999999999	1415.182	302	ORANGE	40
1415.182	1415.564595386023	230	JUICE	40
1422.6560116051119	1422.803146958255	210	HOW	41
1422.803146958255	1423.2400429837858	268	MUCH	41
1423.2400429837858	1423.795231479228	16	ALLOWANCE	41
1423.795231479228	1423.862	128	DO	41
1423.862	1424.0281957883712	494	YOU	41
1424.0281957883712	1424.2246178564717	177	GET	41
1430.96369038163	1431.4806063893493	115	CYCLICAL	42
1431.4806063893493	1432.012	345	PROGRAMS	42
1432.012	1432.162	484	WILL	42
1432.162	1432.442	280	NEVER	42
1432.442	1433.0040665798144	100	COMPILE	42
1440.7617202658098	1440.858339147707	433	THE	43
1440.858339147707	1441.2037400848412	61	BOSTON	43
1441.2037400848412	1441.592	45	BALLET	43
1441.592	1442.1128150484517	311	OVERCAME	43
1442.1128150484517	1442.2318049749722	434	THEIR	43
1442.2318049749722	1442.6659652988708	170	FUNDING	43
1442.6659652988708	1443.2900831089535	379	SHORTAGE	43
1451.016288775202	1451.2862489476693	145	EVERY	44
1451.2862489476693	1451.540531978374	74	CAB	44
1451.540531978374	1451.802	279	NEEDS	44
1451.802	1452.352	363	REPAINTING	44
1452.352	1452.9004721781107	295	OFTEN	44
1460.1646505199808	1460.4492650833536	203	HELP	45
1460.4492650833536	1460.6813717985676	196	GREG	45
1460.6813717985676	1460.8183605576205	445	TO	45
1460.8183605576205	1460.980699897255	324	PICK	45
1460.980699897255	1461.0919904659638	1	A	45
1461.0919904659638	1461.292	320	PECK	45
1461.292	1461.42395951179	293	OF	45
1461.42395951179	1462.0965259758912	337	POTATOES	45
1469.1049481120413	1469.362	475	WE	46
1469.362	1469.6187876494591	240	LIKE	46
1469.6187876494591	1469.7971221684143	55	BLUE	46
1469.7971221684143	1470.1840808904897	88	CHEESE	46
1470.1840808904897	1470.3220000000001	70	BUT	46
1470.3220000000001	1470.652	465	VICTOR	46
1470.652	1470.9428066244475	241	LIKES	46
1470.9428066244475	1471.221134039131	64	BRIE	46
1478.7152798582802	1478.932774031092	108	COUNT	47
1478.932774031092	1478.9950490542908	433	THE	47
1478.9950490542908	1479.382	288	NUMBER	47
1479.382	1479.5178923246394	293	OF	47
1479.5178923246394	1479.982	428	TEASPOONS	47
1479.982	1480.0520000000001	293	OF	47
1480.0520000000001	1480.7909043772042	394	SOYSAUCE	47
1480.7909043772042	1481.3793252638752	99999	sp	47
1481.3793252638752	1481.523192800035	432	THAT	47
1481.523192800035	1481.684039059085	494	YOU	47
1481.684039059085	1482.0080764162824	7	ADD	47
1490.1862515294413	1490.702	44	BAGPIPES	48
1490.702	1490.812	20	AND	48
1490.812	1491.2071249162923	59	BONGOS	48
1491.2071249162923	1491.3020000000001	30	ARE	48
1491.3020000000001	1491.722	272	MUSICAL	48
1491.722	1492.3903237535142	220	INSTRUMENTS	48
1499.0884653416435	1499.2811962585374	210	HOW	49
1499.2811962585374	1499.412	189	GOOD	49
1499.412	1499.543750291194	224	IS	49
1499.543750291194	1499.702	495	YOUR	49
1499.702	1500.3164179114847	138	ENDURANCE	49
1985.249757162855	1985.362	30	ARE	0
1985.362	1985.5422268969478	495	YOUR	0
1985.5422268969478	1985.802	192	GRADES	0
1985.802	1986.052	206	HIGHER	0
1986.052	1986.302	301	OR	0
1986.302	1986.6091794996805	250	LOWER	0
1986.6091794996805	1986.772	431	THAN	0
1986.772	1987.452	274	NANCY'S	0
1994.3619127280208	1994.612	374	SHE	1
1994.612	1994.872	489	WORE	1
1994.872	1995.202	470	WARM	1
1995.202	1995.662	158	FLEECY	1
1995.662	1996.002	488	WOOLEN	1
1996.002	1996.782	310	OVERALLS	1
2004.2086421589215	2004.522	353	READING	2
2004.522	2004.6653691871138	217	IN	2
2004.6653691871138	2004.7747588400414	433	THE	2
2004.7747588400414	2005.022	334	POOR	2
2005.022	2005.335535542775	239	LIGHT	2
2005.335535542775	2005.5720000000001	181	GIVES	2
2005.5720000000001	2005.672	494	YOU	2
2005.672	2006.382	150	EYESTRAIN	2
2014.4915479944698	2014.752	142	EVEN	3
2014.752	2015.002	211	I	3
2015.002	2015.4795322345922	292	OCCASIONALLY	3
2015.4795322345922	2015.641228795979	177	GET	3
2015.641228795979	2015.692	433	THE	3
2015.692	2016.1021153614886	264	MONDAY	3
2016.1021153614886	2016.632	56	BLUES	3
2023.403233139365	2023.562	475	WE	4
2023.562	2023.712	30	ARE	4
2023.712	2023.962	300	OPEN	4
2023.962	2024.2680495293614	145	EVERY	4
2024.2680495293614	2024.632	264	MONDAY	4
2024.632	2025.0720000000001	143	EVENING	4
2031.399665572696	2031.552	226	IT'S	5
2031.552	2031.742	284	NOT	5
2031.742	2032.0273385865064	133	EASY	5
2032.0273385865064	2032.176910940044	445	TO	5
2032.176910940044	2032.492	113	CREATE	5
2032.492	2033.122	215	ILLUMINATING	5
2033.122	2033.892	146	EXAMPLES	5
2040.953508821388	2041.182	269	MUM	6
2041.182	2041.6185803462863	406	STRONGLY	6
2041.6185803462863	2042.013381806138	126	DISLIKES	6
2042.013381806138	2042.772	27	APPETIZERS	6
2050.4591190486913	2050.772	442	THOSE	7
2050.772	2050.926487595876	483	WHO	7
2050.926487595876	2051.242	426	TEACH	7
2051.242	2051.75751330753	461	VALUES	7
2051.75751330753	2052.032	156	FIRST	7
2052.032	2052.4635811321987	4	ABOLISH	7
2052.4635811321987	2052.8617284503835	87	CHEATING	7
2060.4386014956694	2060.492	433	THE	8
2060.492	2060.8941480827925	165	FRIGHTENED	8
2060.8941480827925	2061.272	89	CHILD	8
2061.272	2061.422	471	WAS	8
2061.422	2061.692	176	GENTLY	8
2061.692	2062.0712090343577	409	SUBDUED	8
2062.0712090343577	2062.232	73	BY	8
2062.232	2062.391451764779	208	HIS	8
2062.391451764779	2062.572637841758	52	BIG	8
2062.572637841758	2062.932	66	BROTHER	8
2070.1826477385607	2070.4115137863987	142	EVEN	9
2070.4115137863987	2070.482	1	A	9
2070.482	2070.832	382	SIMPLE	9
2070.832	2071.518976898302	467	VOCABULARY	9
2071.518976898302	2071.962	104	CONTAINS	9
2071.962	2072.512	421	SYMBOLS	9
2081.0089214843815	2081.1341132673606	1	A	10
2081.1341132673606	2081.3913558384606	110	CRAB	10
2081.3913558384606	2081.832	85	CHALLENGED	10
2081.832	2082.0611260638216	257	ME	10
2082.0611260638216	2082.165551636979	70	BUT	10
2082.165551636979	2082.3280517814005	1	A	10
2082.3280517814005	2082.562	349	QUICK	10
2082.562	2082.900120987172	401	STAB	10
2082.900120987172	2083.349727954104	463	VANQUISHED	10
2083.349727954104	2083.622	207	HIM	10
2090.778227469646	2091.2072026783294	183	GLUCOSE	11
2091.2072026783294	2091.332	20	AND	11
2091.332	2091.762	167	FRUCTOSE	11
2091.762	2091.852	30	ARE	11
2091.852	2092.212	275	NATURAL	11
2092.212	2092.592	413	SUGARS	11
2092.592	2092.852	163	FOUND	11
2092.852	2093.002	217	IN	11
2093.002	2093.332	168	FRUIT	11
2100.7402701119363	2100.842	30	ARE	12
2100.842	2101.0065154691156	494	YOU	12
2101.0065154691156	2101.272	249	LOOKING	12
2101.272	2101.412	161	FOR	12
2101.412	2102.052	136	EMPLOYMENT	12
2108.8820822601588	2109.192	98	COFFEE	13
2109.192	2109.3902705111195	224	IS	13
2109.3902705111195	2109.572	198	GROWN	13
2109.572	2109.7219999999998	296	ON	13
2109.7219999999998	2110.084651957396	403	STEEP	13
2110.084651957396	2110.372	88888	JUNGLE	13
2110.372	2110.592	240	LIKE	13
2110.592	2110.962	389	SLOPES	13
2110.962	2111.194053450765	217	IN	13
2111.194053450765	2111.602	430	TEMPERATE	13
2111.602	2112.072	496	ZONES	13
2119.9469045419837	2120.082	475	WE	14
2120.082	2120.4719999999998	479	WELCOME	14
2120.4719999999998	2120.732	255	MANY	14
2120.732	2120.932	281	NEW	14
2120.932	2121.372	407	STUDENTS	14
2121.372	2121.632	132	EACH	14
2121.632	2121.912	490	YEAR	14
2128.6096101842304	2128.890918067418	297	ONLY	15
2128.890918067418	2129.0392894026136	433	THE	15
2129.0392894026136	2129.3244024425217	51	BEST	15
2129.3244024425217	2129.686069928467	329	PLAYERS	15
2129.686069928467	2130.136278205363	139	ENJOY	15
2130.136278205363	2130.992	335	POPULARITY	15
2139.760219405253	2140.172	75	CALCIUM	16
2140.172	2140.446595285908	253	MAKES	16
2140.446595285908	2140.712	58	BONES	16
2140.712	2140.8499701557553	20	AND	16
2140.8499701557553	2141.052	429	TEETH	16
2141.052	2141.532	405	STRONG	16
2148.959370916911	2149.3206985518127	285	NOTHING	17
2149.3206985518127	2149.7112181802618	224	IS	17
2149.7112181802618	2149.892	34	AS	17
2149.892	2150.402	294	OFFENSIVE	17
2150.402	2150.632	34	AS	17
2150.632	2151.392	219	INNOCENCE	17
2159.359557099058	2159.732	404	STEVE	18
2159.732	2160.002	489	WORE	18
2160.002	2160.062	1	A	18
2160.062	2160.322	65	BRIGHT	18
2160.322	2160.552	355	RED	18
2160.552	2160.982	78	CASHMERE	18
2160.982	2161.422	419	SWEATER	18
2168.110330879198	2168.414035072765	46	BARB'S	19
2168.414035072765	2168.631803674583	188	GOLD	19
2168.631803674583	2169.052	63	BRACELET	19
2169.052	2169.271884113394	471	WAS	19
2169.271884113394	2169.3295214311747	1	A	19
2169.3295214311747	2169.902	193	GRADUATION	19
2169.902	2170.282	338	PRESENT	19
2177.447931429631	2177.782	130	DRAW	20
2177.782	2178.122	145	EVERY	20
2178.122	2178.382	307	OUTER	20
2178.382	2178.622	243	LINE	20
2178.622	2179.076458895869	156	FIRST	20
2179.076458895869	2179.282	435	THEN	20
2179.282	2179.582	154	FILL	20
2179.582	2179.782	217	IN	20
2179.782	2179.872	433	THE	20
2179.872	2180.442	222	INTERIOR	20
2188.057225866267	2188.162	433	THE	21
2188.162	2188.482	474	WATER	21
2188.482	2188.8592817524823	103	CONTAINED	21
2188.8592817524823	2189.002	447	TOO	21
2189.002	2189.25509917502	268	MUCH	21
2189.25509917502	2189.582	90	CHLORINE	21
2189.582	2189.712	20	AND	21
2189.712	2189.9564721233583	408	STUNG	21
2189.9564721233583	2190.132	208	HIS	21
2190.132	2190.572	149	EYES	21
2197.4918135671296	2197.792	229	JOHN'S	22
2197.792	2198.139376464652	66	BROTHER	22
2198.139376464652	2198.652	362	REPAINTED	22
2198.652	2198.7718280166173	433	THE	22
2198.7718280166173	2199.130692667812	173	GARAGE	22
2199.130692667812	2199.392	129	DOOR	22
2206.191590250927	2206.632	84	CHALLENGE	23
2206.632	2207.2701653056324	132	EACH	23
2207.2701653056324	2207.787091073937	175	GENERAL'S	23
2207.787091073937	2208.732	221	INTELLIGENCE	23
2215.587460524078	2216.3053514746434	17	AMBIDEXTROUS	24
2216.3053514746434	2216.862	326	PICKPOCKETS	24
2216.862	2217.322	6	ACCOMPLISH	24
2217.322	2217.622	266	MORE	24
2225.363458201674	2225.4432277468804	1	A	25
2225.4432277468804	2225.872	270	MUSCULAR	25
2225.872	2226.402	2	ABDOMEN	25
2226.402	2226.6112601719365	224	IS	25
2226.6112601719365	2226.742	189	GOOD	25
2226.742	2226.862	161	FOR	25
2226.862	2227.0052228244926	495	YOUR	25
2227.0052228244926	2227.352	43	BACK	25
2234.393663961424	2234.622	437	THEY	26
2234.622	2234.902	316	OWN	26
2234.902	2234.9952519991716	1	A	26
2234.9952519991716	2235.142	52	BIG	26
2235.142	2235.592	209	HOUSE	26
2235.592	2235.822	217	IN	26
2235.822	2235.882	433	THE	26
2235.882	2236.2828481580314	360	REMOTE	26
2236.2828481580314	2237.1292003050094	109	COUNTRYSIDE	26
2244.8732045999723	2244.942	433	THE	27
2244.942	2245.2577173068594	368	ROSE	27
2245.2577173068594	2245.7219999999998	106	CORSAGE	27
2245.7219999999998	2245.982	392	SMELLED	27
2245.982	2246.282	420	SWEET	27
2252.585877753291	2252.87757832846	99999	sp	28
2252.87757832846	2253.068063956336	432	THAT	28
2253.068063956336	2253.562	325	PICKPOCKET	28
2253.562	2253.7219999999998	471	WAS	28
2253.7219999999998	2253.9100267225626	80	CAUGHT	28
2253.9100267225626	2254.112	355	RED	28
2254.112	2254.577855263472	199	HANDED	28
2261.705164003915	2261.8577177198517	19	AN	29
2261.8577177198517	2262.244639837757	9	ADULT	29
2262.244639837757	2262.512754504279	254	MALE	29
2262.512754504279	2263.1365052683423	42	BABOON'S	29
2263.1365052683423	2263.392537698909	429	TEETH	29
2263.392537698909	2263.522	30	ARE	29
2263.522	2263.742	284	NOT	29
2263.742	2264.182	414	SUITABLE	29
2264.182	2264.292	161	FOR	29
2264.292	2264.5776855656677	135	EATING	29
2264.5776855656677	2265.352	375	SHELLFISH	29
2273.5957186302035	2273.762	204	HER	30
2273.762	2274.1684628283274	469	WARDROBE	30
2274.1684628283274	2274.622	102	CONSISTS	30
2274.622	2274.733649885059	293	OF	30
2274.733649885059	2275.0660647930554	297	ONLY	30
2275.0660647930554	2275.4003876119255	384	SKIRTS	30
2275.4003876119255	2275.548093180357	20	AND	30
2275.548093180357	2276.122	54	BLOUSES	30
2283.3646270076692	2283.5118263056856	433	THE	31
2283.5118263056856	2283.771832738613	452	TWO	31
2283.771832738613	2284.2147577710207	33	ARTISTS	31
2284.2147577710207	2284.8237542930074	147	EXCHANGED	31
2284.8237542930074	2285.512	39	AUTOGRAPHS	31
2292.647509666051	2293.142	71	BUTTERSCOTCH	32
2293.142	2293.418404589654	169	FUDGE	32
2293.418404589654	2293.622	186	GOES	32
2293.622	2293.822	480	WELL	32
2293.822	2294.012	486	WITH	32
2294.012	2294.3165446582075	462	VANILLA	32
2294.3165446582075	2294.572	212	ICE	32
2294.572	2294.819315894283	112	CREAM	32
2302.7439084162793	2303.0413395533774	365	RICH	33
2303.0413395533774	2303.392	348	PURCHASED	33
2303.392	2303.7622478402327	373	SEVERAL	33
2303.7622478402327	2304.132	381	SIGNED	33
2304.132	2304.962	244	LITHOGRAPHS	33
2312.8917221956967	2313.1217973990256	24	ANY	34
2313.1217973990256	2313.8334373879297	105	CONTRIBUTIONS	34
2313.8334373879297	2313.9612900573784	484	WILL	34
2313.9612900573784	2314.0839570980343	47	BE	34
2314.0839570980343	2314.4120000000003	195	GREATLY	34
2314.4120000000003	2315.182	28	APPRECIATED	34
2324.1208557367086	2324.2796789285703	433	THE	35
2324.2796789285703	2324.808267230501	111	CRANBERRY	35
2324.808267230501	2325.065992569633	57	BOG	35
2325.065992569633	2325.302	178	GETS	35
2325.302	2325.63349255357	464	VERY	35
2325.63349255357	2325.881224899464	339	PRETTY	35
2325.881224899464	2325.99154000125	217	IN	35
2325.99154000125	2326.3948831751704	40	AUTUMN	35
2335.0523996760508	2335.3219304841487	210	HOW	36
2335.3219304841487	2335.4823096586506	128	DO	36
2335.4823096586506	2335.9120000000003	317	OYSTERS	36
2335.9120000000003	2336.1462621165824	252	MAKE	36
2336.1462621165824	2336.652	319	PEARLS	36
2344.366627594989	2344.612	256	MAY	37
2344.612	2344.702	211	I	37
2344.702	2344.943720574959	303	ORDER	37
2344.943720574959	2345.0472518023	1	A	37
2345.0472518023	2345.492	318	PARFAIT	37
2345.492	2345.852	10	AFTER	37
2345.852	2345.9719999999998	211	I	37
2345.9719999999998	2346.1848059773642	134	EAT	37
2346.1848059773642	2346.562	124	DINNER	37
2354.5564739100028	2354.642	224	IS	38
2354.642	2354.782	374	SHE	38
2354.782	2355.019093859882	187	GOING	38
2355.019093859882	2355.1615593808688	305	OUT	38
2355.1615593808688	2355.3014315532073	486	WITH	38
2355.3014315532073	2355.5013178820545	494	YOU	38
2361.6759251681015	2361.8376306282953	76	CAN	39
2361.8376306282953	2361.907479382614	433	THE	39
2361.907479382614	2362.422	11	AGENCY	39
2362.422	2362.892	314	OVERTHROW	39
2362.892	2363.292	13	ALIEN	39
2363.292	2364.022	162	FORCES	39
2371.690880198926	2371.752	1	A	40
2371.752	2372.422	370	SCREWDRIVER	40
2372.422	2372.6480869941106	224	IS	40
2372.6480869941106	2372.882	251	MADE	40
2372.882	2373.09873786531	166	FROM	40
2373.09873786531	2373.5347019631213	468	VODKA	40
2373.5347019631213	2373.646851042956	20	AND	40
2373.646851042956	2374.042	302	ORANGE	40
2374.042	2374.432	230	JUICE	40
2381.3213725237847	2381.4719999999998	210	HOW	41
2381.4719999999998	2381.679219342186	268	MUCH	41
2381.679219342186	2382.112430233332	16	ALLOWANCE	41
2382.112430233332	2382.152	128	DO	41
2382.152	2382.282	494	YOU	41
2382.282	2382.572	177	GET	41
2388.372	2388.9067002232578	115	CYCLICAL	42
2388.9067002232578	2389.3545682764243	345	PROGRAMS	42
2389.3545682764243	2389.462	484	WILL	42
2389.462	2389.762470307468	280	NEVER	42
2389.762470307468	2390.272	100	COMPILE	42
2396.7682715363408	2396.832	433	THE	43
2396.832	2397.260185103988	61	BOSTON	43
2397.260185103988	2397.6620000000003	45	BALLET	43
2397.6620000000003	2398.1909906398137	311	OVERCAME	43
2398.1909906398137	2398.342	434	THEIR	43
2398.342	2398.732	170	FUNDING	43
2398.732	2400.0	379	SHORTAGE	43
2407.4035604010573	2407.6594805496684	145	EVERY	44
2407.6594805496684	2407.892	74	CAB	44
2407.892	2408.112	279	NEEDS	44
2408.112	2408.642	363	REPAINTING	44
2408.642	2409.202	295	OFTEN	44
2417.152388287175	2417.4876127891685	203	HELP	45
2417.4876127891685	2417.7439128342703	196	GREG	45
2417.7439128342703	2417.8981477594593	445	TO	45
2417.8981477594593	2418.0673503048524	324	PICK	45
2418.0673503048524	2418.1871515998605	1	A	45
2418.1871515998605	2418.402	320	PECK	45
2418.402	2418.528729419729	293	OF	45
2418.528729419729	2419.252	337	POTATOES	45
2426.8200092777643	2427.052	475	WE	46
2427.052	2427.312	240	LIKE	46
2427.312	2427.492030033488	55	BLUE	46
2427.492030033488	2427.830729924667	88	CHEESE	46
2427.830729924667	2427.972	70	BUT	46
2427.972	2428.282	465	VICTOR	46
2428.282	2428.569243818185	241	LIKES	46
2428.569243818185	2428.922	64	BRIE	46
2435.3893806041	2435.6204801477434	108	COUNT	47
2435.6204801477434	2435.6931880040074	433	THE	47
2435.6931880040074	2436.152	288	NUMBER	47
2436.152	2436.339170684281	293	OF	47
2436.339170684281	2436.789166941938	428	TEASPOONS	47
2436.789166941938	2436.872	293	OF	47
2436.872	2437.4075203112866	394	SOYSAUCE	47
2437.4075203112866	2437.572	432	THAT	47
2437.572	2437.692	494	YOU	47
2437.692	2438.012	7	ADD	47
2446.063538135951	2446.5662372306133	44	BAGPIPES	48
2446.5662372306133	2446.7024411803145	20	AND	48
2446.7024411803145	2447.072	59	BONGOS	48
2447.072	2447.132	30	ARE	48
2447.132	2447.552977758345	272	MUSICAL	48
2447.552977758345	2448.232	220	INSTRUMENTS	48
2454.7040553086827	2454.9179614508294	210	HOW	49
2454.9179614508294	2455.052	189	GOOD	49
2455.052	2455.172	224	IS	49
2455.172	2455.302	495	YOUR	49
2455.302	2456.012	138	ENDURANCE	49
