762.996125	763.366125	142	EVEN	3
763.366125	763.826125	211	I	3
763.826125	764.576125	293	OCCASIONALLY	3
764.576125	764.846125	177	GET	3
764.846125	764.866125	99999	sp	3
764.866125	764.977125	434	THE	3
764.977125	765.4071250000001	265	MONDAY	3
765.4071250000001	766.126125	56	BLUES	3
777.7154375	778.0954375	130	DRAW	20
778.0954375	778.6154375	145	EVERY	20
778.6154375	778.9654375	308	OUTER	20
778.9654375	779.3554375	244	LINE	20
779.3554375	779.4054375000001	99999	sp	20
779.4054375000001	779.9754375	156	FIRST	20
779.9754375	780.4444375	436	THEN	20
780.4444375	780.4654375	99999	sp	20
780.4654375	780.7354375	154	FILL	20
780.7354375	780.9254375	217	IN	20
780.9254375	781.0854375	434	THE	20
781.0854375	781.8144374999999	222	INTERIOR	20
793.0621875000002	793.6921875	183	GLUCOSE	11
793.6921875	793.8511875000002	20	AND	11
793.8511875000002	793.9221875000001	99999	sp	11
793.9221875000001	794.5221875000001	167	FRUCTOSE	11
794.5221875000001	794.6421875000001	30	ARE	11
794.6421875000001	795.1621875000001	276	NATURAL	11
795.1621875000001	795.7221875000001	414	SUGARS	11
795.7221875000001	796.1121875000001	163	FOUND	11
796.1121875000001	796.2721875000001	217	IN	11
796.2721875000001	796.7621875000001	168	FRUIT	11
808.62775	808.71775	1	A	25
808.71775	809.37775	271	MUSCULAR	25
809.37775	810.04775	2	ABDOMEN	25
810.04775	810.25775	224	IS	25
810.25775	810.53775	189	GOOD	25
810.53775	810.5677499999999	99999	sp	25
810.5677499999999	810.6777500000001	161	FOR	25
810.6777500000001	810.87775	496	YOUR	25
810.87775	811.4277500000001	43	BACK	25
822.4103124999999	822.9803125	46	BARB'S	19
822.9803125	823.3303125	188	GOLD	19
823.3303125	823.9103124999999	63	BRACELET	19
823.9103124999999	824.1603124999999	472	WAS	19
824.1603124999999	824.2203125	1	A	19
824.2203125	825.0103125	193	GRADUATION	19
825.0103125	825.5593125	339	PRESENT	19
837.6195	837.7595	1	A	10
837.7595	838.2895	110	CRAB	10
838.2895	838.9095	85	CHALLENGED	10
838.9095	839.3295	258	ME	10
839.3295	839.4095	99999	sp	10
839.4095	839.5695000000001	70	BUT	10
839.5695000000001	839.6595	1	A	10
839.6595	839.9594999999999	350	QUICK	10
839.9594999999999	840.3695	402	STAB	10
840.3695	841.0195	464	VANQUISHED	10
841.0195	841.2895	207	HIM	10
853.14825	853.46925	203	HELP	45
853.46925	853.87825	196	GREG	45
853.87825	854.0682499999999	446	TO	45
854.0682499999999	854.37825	325	PICK	45
854.37825	854.4882499999999	1	A	45
854.4882499999999	854.85925	321	PECK	45
854.85925	854.99925	294	OF	45
854.99925	855.8182499999999	338	POTATOES	45
868.9984375	869.1384375	434	THE	43
869.1384375	869.7994375	61	BOSTON	43
869.7994375	870.3884375	45	BALLET	43
870.3884375	871.1384375	312	OVERCAME	43
871.1384375	871.3484375	435	THEIR	43
871.3484375	871.8694375	170	FUNDING	43
871.8694375	872.5984375	380	SHORTAGE	43
885.58625	885.93625	210	HOW	36
885.93625	886.08625	128	DO	36
886.08625	886.70625	318	OYSTERS	36
886.70625	887.0962499999999	253	MAKE	36
887.0962499999999	887.77725	320	PEARLS	36
899.706875	899.826875	30	ARE	12
899.826875	900.106875	495	YOU	12
900.106875	900.476875	250	LOOKING	12
900.476875	900.7468749999999	161	FOR	12
900.7468749999999	901.446875	136	EMPLOYMENT	12
913.85925	914.50925	115	CYCLICAL	42
914.50925	915.1892499999999	346	PROGRAMS	42
915.1892499999999	915.3392499999999	485	WILL	42
915.3392499999999	915.7092499999999	281	NEVER	42
915.7092499999999	916.4392499999999	100	COMPILE	42
929.1086875	929.2796875	224	IS	38
929.2796875	929.4886875	375	SHE	38
929.4886875	929.8886875	187	GOING	38
929.8886875	930.0696875	487	WITH	38
930.0696875	930.2996875	495	YOU	38
941.2304375	941.6904374999999	366	RICH	33
941.6904374999999	942.2804375000001	349	PURCHASED	33
942.2804375000001	942.9404374999999	374	SEVERAL	33
942.9404374999999	943.7694375	382	SIGNED	33
943.7694375	944.6804374999999	245	LITHOGRAPHS	33
957.75175	958.14175	438	THEY	26
958.14175	958.38175	317	OWN	26
958.38175	958.42075	1	A	26
958.42075	958.77175	52	BIG	26
958.77175	959.3217500000001	209	HOUSE	26
959.3217500000001	959.49175	217	IN	26
959.49175	959.5517500000001	434	THE	26
959.5517500000001	959.9617499999999	361	REMOTE	26
959.9617499999999	960.97075	109	COUNTRYSIDE	26
972.02775	972.4477499999999	443	THOSE	7
972.4477499999999	972.5677499999999	484	WHO	7
972.5677499999999	972.96875	427	TEACH	7
972.96875	973.61775	462	VALUES	7
973.61775	973.64775	99999	sp	7
973.64775	974.17775	156	FIRST	7
974.17775	974.8287499999999	4	ABOLISH	7
974.8287499999999	975.46875	87	CHEATING	7
987.586375	987.826375	226	IT'S	5
987.826375	988.106375	285	NOT	5
988.106375	988.5263749999999	133	EASY	5
988.5263749999999	988.677375	446	TO	5
988.677375	989.2273749999999	113	CREATE	5
989.2273749999999	989.966375	215	ILLUMINATING	5
989.966375	990.9163749999999	146	EXAMPLES	5
1002.7498125	1003.1998125	229	JOHN'S	22
1003.1998125	1003.6088124999999	66	BROTHER	22
1003.6088124999999	1004.2388125	363	REPAINTED	22
1004.2388125	1004.3298124999999	434	THE	22
1004.3298124999999	1004.8398124999999	173	GARAGE	22
1004.8398124999999	1005.3398124999999	129	DOOR	22
1016.169875	1016.700875	405	STEVE	18
1016.700875	1016.739875	99999	sp	18
1016.739875	1017.1308750000001	490	WORE	18
1017.1308750000001	1017.179875	1	A	18
1017.179875	1017.660875	65	BRIGHT	18
1017.660875	1017.690875	99999	sp	18
1017.690875	1017.960875	356	RED	18
1017.960875	1018.609875	78	CASHMERE	18
1018.609875	1019.140875	420	SWEATER	18
1030.9905	1031.3805000000002	108	COUNT	47
1031.3805000000002	1031.4395	434	THE	47
1031.4395	1031.8595	289	NUMBER	47
1031.8595	1031.9495000000002	294	OF	47
1031.9495000000002	1031.9695000000002	99999	sp	47
1031.9695000000002	1032.7195000000002	429	TEASPOONS	47
1032.7195000000002	1032.7995	294	OF	47
1032.7995	1033.5705	395	SOYSAUCE	47
1033.5705	1033.7195000000002	433	THAT	47
1033.7195000000002	1033.8995	495	YOU	47
1033.8995	1034.1995000000002	7	ADD	47
1045.933125	1046.223125	433	THAT	28
1046.223125	1046.922125	326	PICKPOCKET	28
1046.922125	1047.162125	472	WAS	28
1047.162125	1047.513125	80	CAUGHT	28
1047.513125	1047.783125	356	RED	28
1047.783125	1048.433125	199	HANDED	28
1060.5055	1060.6954999999998	210	HOW	41
1060.6954999999998	1061.0155	269	MUCH	41
1061.0155	1061.6545	16	ALLOWANCE	41
1061.6545	1061.7755	128	DO	41
1061.7755	1061.9855	495	YOU	41
1061.9855	1062.4945	177	GET	41
1074.6503125	1074.8503125	204	HER	30
1074.8503125	1075.5693124999998	470	WARDROBE	30
1075.5693124999998	1076.2493124999999	102	CONSISTS	30
1076.2493124999999	1076.3893125	294	OF	30
1076.3893125	1076.8003125	298	ONLY	30
1076.8003125	1077.3303125	385	SKIRTS	30
1077.3303125	1077.4803124999999	20	AND	30
1077.4803124999999	1078.2903124999998	54	BLOUSES	30
1089.0733125	1089.8333125	44	BAGPIPES	48
1089.8333125	1089.9923125	20	AND	48
1089.9923125	1090.6833124999998	59	BONGOS	48
1090.6833124999998	1090.8733124999999	30	ARE	48
1090.8733124999999	1091.4333124999998	273	MUSICAL	48
1091.4333124999998	1092.2833125	220	INSTRUMENTS	48
1103.567625	1104.008625	270	MUM	6
1104.008625	1104.6186249999998	407	STRONGLY	6
1104.6186249999998	1105.288625	126	DISLIKES	6
1105.288625	1106.288625	27	APPETIZERS	6
1117.560625	1117.729625	434	THE	27
1117.729625	1118.229625	369	ROSE	27
1118.229625	1119.130625	106	CORSAGE	27
1119.130625	1119.640625	393	SMELLED	27
1119.640625	1120.270625	421	SWEET	27
1131.728125	1132.4381250000001	71	BUTTERSCOTCH	32
1132.4381250000001	1132.478125	99999	sp	32
1132.478125	1132.998125	169	FUDGE	32
1132.998125	1133.327125	186	GOES	32
1133.327125	1133.6681250000001	481	WELL	32
1133.6681250000001	1133.837125	487	WITH	32
1133.837125	1133.888125	99999	sp	32
1133.888125	1134.327125	463	VANILLA	32
1134.327125	1134.618125	212	ICE	32
1134.618125	1135.008125	112	CREAM	32
1146.710375	1147.081375	375	SHE	1
1147.081375	1147.501375	490	WORE	1
1147.501375	1147.980375	471	WARM	1
1147.980375	1148.641375	158	FLEECY	1
1148.641375	1149.2003750000001	489	WOOLEN	1
1149.2003750000001	1150.051375	311	OVERALLS	1
1160.56375	1160.7437499999999	476	WE	14
1160.7437499999999	1161.32375	480	WELCOME	14
1161.32375	1161.60375	256	MANY	14
1161.60375	1161.84275	282	NEW	14
1161.84275	1162.40375	408	STUDENTS	14
1162.40375	1162.7337499999999	132	EACH	14
1162.7337499999999	1163.03375	491	YEAR	14
1174.3661875	1174.4761875	434	THE	35
1174.4761875	1175.2061875	111	CRANBERRY	35
1175.2061875	1175.7261875	57	BOG	35
1175.7261875	1176.1061875	178	GETS	35
1176.1061875	1176.5761875	465	VERY	35
1176.5761875	1177.0561875	340	PRETTY	35
1177.0561875	1177.2061875	217	IN	35
1177.2061875	1177.7061875	40	AUTUMN	35
1190.8919375	1191.1309375	476	WE	46
1191.1309375	1191.3709375	241	LIKE	46
1191.3709375	1191.3809375	99999	sp	46
1191.3809375	1191.6909375	55	BLUE	46
1191.6909375	1192.2519375000002	88	CHEESE	46
1192.2519375000002	1192.4219375000002	70	BUT	46
1192.4219375000002	1192.8809375	466	VICTOR	46
1192.8809375	1193.2709375	242	LIKES	46
1193.2709375	1193.7609375000002	64	BRIE	46
1205.3045625	1205.7645625	286	NOTHING	17
1205.7645625	1206.0345625	224	IS	17
1206.0345625	1206.2035625	34	AS	17
1206.2035625	1206.9535625	295	OFFENSIVE	17
1206.9535625	1207.3545625000002	34	AS	17
1207.3545625000002	1208.2035625	219	INNOCENCE	17
1218.9289375000003	1219.2379375	24	ANY	34
1219.2379375	1220.2189375000003	105	CONTRIBUTIONS	34
1220.2189375000003	1220.3479375000002	485	WILL	34
1220.3479375000002	1220.4989375000005	47	BE	34
1220.4989375000005	1220.9589375000005	195	GREATLY	34
1220.9589375000005	1221.7189375000003	28	APPRECIATED	34
1233.6570625	1233.8570625	19	AN	29
1233.8570625	1234.2660624999999	9	ADULT	29
1234.2660624999999	1234.6670625	255	MALE	29
1234.6670625	1235.3470625	42	BABOON'S	29
1235.3470625	1235.8370625	430	TEETH	29
1235.8370625	1235.9570625	30	ARE	29
1235.9570625	1236.2270624999999	285	NOT	29
1236.2270624999999	1236.8160625	415	SUITABLE	29
1236.8160625	1237.0270624999998	161	FOR	29
1237.0270624999998	1237.3670625	135	EATING	29
1237.3670625	1238.2170624999999	376	SHELLFISH	29
1249.1895	1249.5304999999998	298	ONLY	15
1249.5304999999998	1249.6205	434	THE	15
1249.6205	1250.0104999999999	51	BEST	15
1250.0104999999999	1250.5704999999998	330	PLAYERS	15
1250.5704999999998	1251.0304999999998	139	ENJOY	15
1251.0304999999998	1251.9695	336	POPULARITY	15
1263.5536875	1264.5236875	17	AMBIDEXTROUS	24
1264.5236875	1265.2626875	327	PICKPOCKETS	24
1265.2626875	1265.8636875	6	ACCOMPLISH	24
1265.8636875	1266.2936875	267	MORE	24
1277.4636875	1277.7436875	257	MAY	37
1277.7436875	1277.8926875000002	211	I	37
1277.8926875000002	1278.3736875	304	ORDER	37
1278.3736875	1278.4436875000001	1	A	37
1278.4436875000001	1279.1626875000002	319	PARFAIT	37
1279.1626875000002	1279.6136875000002	10	AFTER	37
1279.6136875000002	1279.7036875000001	211	I	37
1279.7036875000001	1280.0036875	134	EAT	37
1280.0036875	1280.5136875	124	DINNER	37
1291.1540625	1291.5640625	145	EVERY	44
1291.5640625	1292.0530625000001	74	CAB	44
1292.0530625000001	1292.4840625	280	NEEDS	44
1292.4840625	1293.1930625	364	REPAINTING	44
1293.1930625	1293.7340625	296	OFTEN	44
1304.943875	1305.403875	354	READING	2
1305.403875	1305.713875	217	IN	2
1305.713875	1306.0638749999998	335	POOR	2
1306.0638749999998	1306.473875	240	LIGHT	2
1306.473875	1306.8138749999998	181	GIVES	2
1306.8138749999998	1307.0038749999999	495	YOU	2
1307.0038749999999	1307.8028749999999	150	EYESTRAIN	2
1317.4925625	1317.9625625	98	COFFEE	13
1317.9625625	1318.2625625	224	IS	13
1318.2625625	1318.7025625	198	GROWN	13
1318.7025625	1318.9725625	297	ON	13
1318.9725625	1319.6025625000002	404	STEEP	13
1319.6025625000002	1320.0925625000002	231	JUNGLE	13
1320.0925625000002	1320.3625625000002	241	LIKE	13
1320.3625625000002	1321.0125625	390	SLOPES	13
1321.0125625	1321.2225625	217	IN	13
1321.2225625	1321.7125625	431	TEMPERATE	13
1321.7125625	1322.4725625	497	ZONES	13
1333.9145	1334.5055000000002	84	CHALLENGE	23
1334.5055000000002	1334.8955	132	EACH	23
1334.8955	1335.5445000000002	175	GENERAL'S	23
1335.5445000000002	1336.5445000000002	221	INTELLIGENCE	23
1347.77225	1348.01325	76	CAN	39
1348.01325	1348.17225	434	THE	39
1348.17225	1348.79225	11	AGENCY	39
1348.79225	1349.50325	315	OVERTHROW	39
1349.50325	1350.06225	13	ALIEN	39
1350.06225	1350.84325	162	FORCES	39
1361.253	1361.3819999999998	434	THE	8
1361.3819999999998	1361.473	99999	sp	8
1361.473	1361.9229999999998	165	FRIGHTENED	8
1361.9229999999998	1361.9529999999997	99999	sp	8
1361.9529999999997	1362.4419999999998	89	CHILD	8
1362.4419999999998	1362.6819999999998	472	WAS	8
1362.6819999999998	1363.1519999999998	176	GENTLY	8
1363.1519999999998	1363.822	410	SUBDUED	8
1363.822	1364.072	73	BY	8
1364.072	1364.3419999999999	208	HIS	8
1364.3419999999999	1364.6219999999998	52	BIG	8
1364.6219999999998	1365.1919999999998	66	BROTHER	8
1376.504125	1376.754125	210	HOW	49
1376.754125	1377.1041249999998	189	GOOD	49
1377.1041249999998	1377.3241249999999	224	IS	49
1377.3241249999999	1377.6041249999998	496	YOUR	49
1377.6041249999998	1378.444125	138	ENDURANCE	49
1390.138125	1390.309125	434	THE	21
1390.309125	1390.698125	475	WATER	21
1390.698125	1391.379125	103	CONTAINED	21
1391.379125	1391.559125	448	TOO	21
1391.559125	1391.879125	269	MUCH	21
1391.879125	1391.898125	99999	sp	21
1391.898125	1392.578125	90	CHLORINE	21
1392.578125	1392.789125	20	AND	21
1392.789125	1393.1891249999999	409	STUNG	21
1393.1891249999999	1393.4091250000001	208	HIS	21
1393.4091250000001	1394.018125	149	EYES	21
1415.0903271501984	1415.1693271501986	1	A	40
1415.1693271501986	1416.0293271501987	371	SCREWDRIVER	40
1416.0293271501987	1416.2603271501985	224	IS	40
1416.2603271501985	1416.5793271501984	252	MADE	40
1416.5793271501984	1416.8893271501986	166	FROM	40
1416.8893271501986	1417.4693271501985	469	VODKA	40
1417.4693271501985	1417.7093271501985	20	AND	40
1417.7093271501985	1418.0903271501984	303	ORANGE	40
1418.0903271501984	1418.6893271501986	230	JUICE	40
1429.784125	1429.954125	476	WE	4
1429.954125	1430.114125	30	ARE	4
1430.114125	1430.515125	301	OPEN	4
1430.515125	1430.945125	145	EVERY	4
1430.945125	1431.344125	265	MONDAY	4
1431.344125	1432.064125	143	EVENING	4
1444.1699375	1444.5499375000002	142	EVEN	9
1444.5499375000002	1444.6499375	1	A	9
1444.6499375	1445.1399375	383	SIMPLE	9
1445.1399375	1446.0399375000002	468	VOCABULARY	9
1446.0399375000002	1446.7299375	104	CONTAINS	9
1446.7299375	1447.5199375000002	422	SYMBOLS	9
1459.5689375	1460.2589375	75	CALCIUM	16
1460.2589375	1460.5579375	254	MAKES	16
1460.5579375	1461.1489374999999	58	BONES	16
1461.1489374999999	1461.3689375	20	AND	16
1461.3689375	1461.6289375	430	TEETH	16
1461.6289375	1462.3189375	406	STRONG	16
1472.413625	1472.5526249999998	434	THE	31
1472.5526249999998	1472.872625	453	TWO	31
1472.872625	1473.563625	33	ARTISTS	31
1473.563625	1474.383625	147	EXCHANGED	31
1474.383625	1475.283625	39	AUTOGRAPHS	31
2218.44775	2218.8777499999997	142	EVEN	3
2218.8777499999997	2219.2777499999997	211	I	3
2219.2777499999997	2220.01775	293	OCCASIONALLY	3
2220.01775	2220.2577499999998	177	GET	3
2220.2577499999998	2220.38775	434	THE	3
2220.38775	2220.8277499999995	265	MONDAY	3
2220.8277499999995	2221.55775	56	BLUES	3
2232.3778125	2232.7878124999997	130	DRAW	20
2232.7878124999997	2233.2078125	145	EVERY	20
2233.2078125	2233.5278124999995	308	OUTER	20
2233.5278124999995	2233.8778125	244	LINE	20
2233.8778125	2234.5088124999997	156	FIRST	20
2234.5088124999997	2235.0288124999997	436	THEN	20
2235.0288124999997	2235.2478125	154	FILL	20
2235.2478125	2235.3988124999996	217	IN	20
2235.3988124999996	2235.5788125	434	THE	20
2235.5788125	2236.2888125	222	INTERIOR	20
2246.6431875	2247.3141875	183	GLUCOSE	11
2247.3141875	2247.4531875	20	AND	11
2247.4531875	2248.2631874999997	167	FRUCTOSE	11
2248.2631874999997	2248.4531875	30	ARE	11
2248.4531875	2249.0041874999997	276	NATURAL	11
2249.0041874999997	2249.5731875	414	SUGARS	11
2249.5731875	2249.8841875	163	FOUND	11
2249.8841875	2250.0231875	217	IN	11
2250.0231875	2250.5641875	168	FRUIT	11
2261.183875	2261.2448750000003	1	A	25
2261.2448750000003	2261.9148750000004	271	MUSCULAR	25
2261.9148750000004	2262.483875	2	ABDOMEN	25
2262.483875	2262.733875	224	IS	25
2262.733875	2263.024875	189	GOOD	25
2263.024875	2263.113875	161	FOR	25
2263.113875	2263.354875	496	YOUR	25
2263.354875	2263.893875	43	BACK	25
2274.252508672635	2274.769422649891	46	BARBS	19
2274.769422649891	2275.1188975724167	188	GOLD	19
2275.1188975724167	2275.665357728865	63	BRACELET	19
2275.665357728865	2275.895357728865	472	WAS	19
2275.895357728865	2275.935357728865	1	A	19
2275.935357728865	2276.744357728865	193	GRADUATION	19
2276.744357728865	2277.344357728865	339	PRESENT	19
2287.83675	2287.94675	1	A	10
2287.94675	2288.03575	99999	sp	10
2288.03575	2288.36675	110	CRAB	10
2288.36675	2288.96575	85	CHALLENGED	10
2288.96575	2289.34575	258	ME	10
2289.34575	2289.43675	99999	sp	10
2289.43675	2289.60675	70	BUT	10
2289.60675	2289.6367499999997	1	A	10
2289.6367499999997	2289.95675	350	QUICK	10
2289.95675	2290.43675	402	STAB	10
2290.43675	2291.03575	464	VANQUISHED	10
2291.03575	2291.0567499999997	99999	sp	10
2291.0567499999997	2291.29675	207	HIM	10
2301.163875	2301.493875	203	HELP	45
2301.493875	2301.8428750000003	196	GREG	45
2301.8428750000003	2301.962875	446	TO	45
2301.962875	2302.2538750000003	325	PICK	45
2302.2538750000003	2302.2938750000003	1	A	45
2302.2938750000003	2302.5928750000003	321	PECK	45
2302.5928750000003	2302.723875	294	OF	45
2302.723875	2303.5438750000003	338	POTATOES	45
2315.4589375	2315.5889375	434	THE	43
2315.5889375	2316.1899375000003	61	BOSTON	43
2316.1899375000003	2316.7299375000002	45	BALLET	43
2316.7299375000002	2317.3289375	312	OVERCAME	43
2317.3289375	2317.5289375	435	THEIR	43
2317.5289375	2318.0289375	170	FUNDING	43
2318.0289375	2318.7499375	380	SHORTAGE	43
2329.9730625	2330.2330625000004	210	HOW	36
2330.2330625000004	2330.4730625	128	DO	36
2330.4730625	2331.0630625000003	318	OYSTERS	36
2331.0630625000003	2331.3930625000003	253	MAKE	36
2331.3930625000003	2332.0020625	320	PEARLS	36
2342.5261875	2342.6771875	30	ARE	12
2342.6771875	2342.8961875	495	YOU	12
2342.8961875	2343.2661875000003	250	LOOKING	12
2343.2661875000003	2343.5261875	161	FOR	12
2343.5261875	2344.2871875	136	EMPLOYMENT	12
2356.1925625	2356.8315624999996	115	CYCLICAL	42
2356.8315624999996	2357.4825625	346	PROGRAMS	42
2357.4825625	2357.6415624999995	485	WILL	42
2357.6415624999995	2358.0725624999995	281	NEVER	42
2358.0725624999995	2358.8525624999997	100	COMPILE	42
2370.44325	2370.5832499999997	224	IS	38
2370.5832499999997	2370.82325	375	SHE	38
2370.82325	2371.14325	187	GOING	38
2371.14325	2371.38325	487	WITH	38
2371.38325	2371.59325	495	YOU	38
2381.5166875	2381.9766875	366	RICH	33
2381.9766875	2382.5066875	349	PURCHASED	33
2382.5066875	2383.1266875	374	SEVERAL	33
2383.1266875	2383.5766875	382	SIGNED	33
2383.5766875	2384.5166875	245	LITHOGRAPHS	33
2397.8193125	2398.2093124999997	438	THEY	26
2398.2093124999997	2398.4393124999997	317	OWN	26
2398.4393124999997	2398.4993124999996	1	A	26
2398.4993124999996	2398.8593124999998	52	BIG	26
2398.8593124999998	2398.8793124999997	99999	sp	26
2398.8793124999997	2399.4093125	209	HOUSE	26
2399.4093125	2399.5193124999996	217	IN	26
2399.5193124999996	2399.5793125	434	THE	26
2399.5793125	2400.0193124999996	361	REMOTE	26
2400.0193124999996	2400.9503124999997	109	COUNTRYSIDE	26
2411.2456875	2411.6656875	443	THOSE	7
2411.6656875	2411.7956875	484	WHO	7
2411.7956875	2412.1556874999997	427	TEACH	7
2412.1556874999997	2412.7356874999996	462	VALUES	7
2412.7356874999996	2412.8346874999997	99999	sp	7
2412.8346874999997	2413.2856874999998	156	FIRST	7
2413.2856874999998	2413.8946875	4	ABOLISH	7
2413.8946875	2414.4756875	87	CHEATING	7
2425.62175	2425.8817499999996	226	IT'S	5
2425.8817499999996	2426.1317499999996	285	NOT	5
2426.1317499999996	2426.52175	133	EASY	5
2426.52175	2426.6717499999995	446	TO	5
2426.6717499999995	2427.23175	113	CREATE	5
2427.23175	2428.0117499999997	215	ILLUMINATING	5
2428.0117499999997	2428.9217499999995	146	EXAMPLES	5
2439.838125	2440.248125	229	JOHN'S	22
2440.248125	2440.748125	66	BROTHER	22
2440.748125	2441.338125	363	REPAINTED	22
2441.338125	2441.408125	434	THE	22
2441.408125	2441.908125	173	GARAGE	22
2441.908125	2442.418125	129	DOOR	22
2453.313	2453.8720000000003	405	STEVE	18
2453.8720000000003	2453.9030000000002	99999	sp	18
2453.9030000000002	2454.222	490	WORE	18
2454.222	2454.2520000000004	1	A	18
2454.2520000000004	2454.742	65	BRIGHT	18
2454.742	2455.063	356	RED	18
2455.063	2455.6530000000002	78	CASHMERE	18
2455.6530000000002	2456.2030000000004	420	SWEATER	18
2466.6719375	2467.0529374999996	108	COUNT	47
2467.0529374999996	2467.1329374999996	434	THE	47
2467.1329374999996	2467.5729374999996	289	NUMBER	47
2467.5729374999996	2467.6719375	294	OF	47
2467.6719375	2468.4119374999996	429	TEASPOONS	47
2468.4119374999996	2468.4719374999995	294	OF	47
2468.4719374999995	2469.2529374999995	395	SOYSAUCE	47
2469.2529374999995	2469.3629374999996	433	THAT	47
2469.3629374999996	2469.5929374999996	495	YOU	47
2469.5929374999996	2469.9629374999995	7	ADD	47
2480.87825	2481.2092500000003	433	THAT	28
2481.2092500000003	2481.84925	326	PICKPOCKET	28
2481.84925	2482.09925	472	WAS	28
2482.09925	2482.44925	80	CAUGHT	28
2482.44925	2482.7892500000003	356	RED	28
2482.7892500000003	2483.3292500000002	199	HANDED	28
2483.3292500000002	2483.4792500000003	19	AN	28
2494.5334375	2494.7644375	210	HOW	41
2494.7644375	2495.0544375	269	MUCH	41
2495.0544375	2495.6044375	16	ALLOWANCE	41
2495.6044375	2495.7134375	128	DO	41
2495.7134375	2495.9134375000003	495	YOU	41
2495.9134375000003	2496.3744375	177	GET	41
2507.15975	2507.3997499999996	204	HER	30
2507.3997499999996	2508.0197499999995	470	WARDROBE	30
2508.0197499999995	2508.74975	102	CONSISTS	30
2508.74975	2508.9487499999996	294	OF	30
2508.9487499999996	2509.33975	298	ONLY	30
2509.33975	2509.8497499999994	385	SKIRTS	30
2509.8497499999994	2509.99975	20	AND	30
2509.99975	2510.74975	54	BLOUSES	30
2520.81325	2521.50325	44	BAGPIPES	48
2521.50325	2521.6532500000003	20	AND	48
2521.6532500000003	2522.35325	59	BONGOS	48
2522.35325	2522.52325	30	ARE	48
2522.52325	2523.10325	273	MUSICAL	48
2523.10325	2523.92225	220	INSTRUMENTS	48
2533.494375	2534.014375	270	MUM	6
2534.014375	2534.653375	407	STRONGLY	6
2534.653375	2535.324375	126	DISLIKES	6
2535.324375	2536.314375	27	APPETIZERS	6
2545.92825	2546.09825	434	THE	27
2546.09825	2546.5592500000002	369	ROSE	27
2546.5592500000002	2547.42825	106	CORSAGE	27
2547.42825	2547.86825	393	SMELLED	27
2547.86825	2548.51825	421	SWEET	27
2558.7326875	2559.6326875	71	BUTTERSCOTCH	32
2559.6326875	2560.1526875	169	FUDGE	32
2560.1526875	2560.5026875	186	GOES	32
2560.5026875	2560.8926874999997	481	WELL	32
2560.8926874999997	2561.0526875	487	WITH	32
2561.0526875	2561.5126875	463	VANILLA	32
2561.5126875	2561.8326875000002	212	ICE	32
2561.8326875000002	2562.1826874999997	112	CREAM	32
2572.47175	2572.83075	375	SHE	1
2572.83075	2573.2607500000004	490	WORE	1
2573.2607500000004	2573.78175	471	WARM	1
2573.78175	2574.3807500000003	158	FLEECY	1
2574.3807500000003	2574.90175	489	WOOLEN	1
2574.90175	2575.7607500000004	311	OVERALLS	1
2585.5634375	2585.8134375	476	WE	14
2585.8134375	2586.4334375	480	WELCOME	14
2586.4334375	2586.7834375	256	MANY	14
2586.7834375	2587.0944375	282	NEW	14
2587.0944375	2587.7044375	408	STUDENTS	14
2587.7044375	2588.0534374999997	132	EACH	14
2588.0534374999997	2588.4034375	491	YEAR	14
2599.2288125	2599.3888125000003	434	THE	35
2599.3888125000003	2600.1188125	111	CRANBERRY	35
2600.1188125	2600.6688125	57	BOG	35
2600.6688125	2600.9388125	178	GETS	35
2600.9388125	2601.4088125	465	VERY	35
2601.4088125	2601.8788125	340	PRETTY	35
2601.8788125	2602.0778125	217	IN	35
2602.0778125	2602.5888125	40	AUTUMN	35
2615.3378125	2615.6078125	476	WE	46
2615.6078125	2615.8678125	241	LIKE	46
2615.8678125	2615.8778125	99999	sp	46
2615.8778125	2616.1478125	55	BLUE	46
2616.1478125	2616.6778125	88	CHEESE	46
2616.6778125	2616.8468125	70	BUT	46
2616.8468125	2617.2768125	466	VICTOR	46
2617.2768125	2617.6378125	242	LIKES	46
2617.6378125	2618.1178125	64	BRIE	46
2629.1996875	2629.6796875	286	NOTHING	17
2629.6796875	2629.9396875	224	IS	17
2629.9396875	2630.0986875	34	AS	17
2630.0986875	2630.7486875	295	OFFENSIVE	17
2630.7486875	2631.0596875	34	AS	17
2631.0596875	2631.8296875	219	INNOCENCE	17
2642.7830625	2643.1420625	24	ANY	34
2643.1420625	2644.0830625000003	105	CONTRIBUTIONS	34
2644.0830625000003	2644.1930625000005	485	WILL	34
2644.1930625000005	2644.3430625	47	BE	34
2644.3430625	2644.8130625000003	195	GREATLY	34
2644.8130625000003	2645.6930625000005	28	APPRECIATED	34
2657.1219866941738	2657.7419866941736	9	ADULT	29
2657.7419866941736	2658.1309866941738	255	MALE	29
2658.1309866941738	2658.801986694174	42	BABOON'S	29
2658.801986694174	2659.2819866941736	430	TEETH	29
2659.2819866941736	2659.4319866941737	30	ARE	29
2659.4319866941737	2659.6919866941735	285	NOT	29
2659.6919866941735	2660.2319866941734	415	SUITABLE	29
2660.2319866941734	2660.4119866941737	161	FOR	29
2660.4119866941737	2660.791986694174	135	EATING	29
2660.791986694174	2661.600986694174	376	SHELLFISH	29
2672.1408125	2672.5108124999997	298	ONLY	15
2672.5108124999997	2672.6018125	434	THE	15
2672.6018125	2672.9818125	51	BEST	15
2672.9818125	2673.5108124999997	330	PLAYERS	15
2673.5108124999997	2673.9918124999995	139	ENJOY	15
2673.9918124999995	2674.8718124999996	336	POPULARITY	15
2685.736375	2686.725375	17	AMBIDEXTROUS	24
2686.725375	2687.4653749999998	327	PICKPOCKETS	24
2687.4653749999998	2688.015375	6	ACCOMPLISH	24
2688.015375	2688.405375	267	MORE	24
2699.577125	2699.8971249999995	257	MAY	37
2699.8971249999995	2700.037125	211	I	37
2700.037125	2700.577125	304	ORDER	37
2700.577125	2700.636125	1	A	37
2700.636125	2701.3661249999996	319	PARFAIT	37
2701.3661249999996	2701.847125	10	AFTER	37
2701.847125	2701.9471249999997	211	I	37
2701.9471249999997	2702.207125	134	EAT	37
2702.207125	2702.597125	124	DINNER	37
2712.307375	2712.6863749999998	145	EVERY	44
2712.6863749999998	2713.076375	74	CAB	44
2713.076375	2713.4273749999998	280	NEEDS	44
2713.4273749999998	2714.147375	364	REPAINTING	44
2714.147375	2714.6863749999998	296	OFTEN	44
2725.1403125	2725.6203125	354	READING	2
2725.6203125	2725.8903125	217	IN	2
2725.8903125	2726.2293125	335	POOR	2
2726.2293125	2726.7003125	240	LIGHT	2
2726.7003125	2727.0603125000002	181	GIVES	2
2727.0603125000002	2727.2703125000003	495	YOU	2
2727.2703125000003	2728.0803125	150	EYESTRAIN	2
2737.7965625	2738.1465625	98	COFFEE	13
2738.1465625	2738.5265625	224	IS	13
2738.5265625	2738.9665625000002	198	GROWN	13
2738.9665625000002	2739.2455625000002	297	ON	13
2739.2455625000002	2739.7265625	404	STEEP	13
2739.7265625	2740.0165625	99999	sp	13
2740.0165625	2740.4665625000002	231	JUNGLE	13
2740.4665625000002	2740.7065625000005	241	LIKE	13
2740.7065625000005	2741.3165625	390	SLOPES	13
2741.3165625	2741.5465625	217	IN	13
2741.5465625	2742.0765625000004	431	TEMPERATE	13
2742.0765625000004	2742.6855625000003	497	ZONES	13
2753.70575	2754.3367500000004	84	CHALLENGE	23
2754.3367500000004	2754.7557500000003	132	EACH	23
2754.7557500000003	2755.40675	175	GENERAL'S	23
2755.40675	2756.43575	221	INTELLIGENCE	23
2767.6255	2767.9445	76	CAN	39
2767.9445	2768.1345	434	THE	39
2768.1345	2768.7855	11	AGENCY	39
2768.7855	2769.5255	315	OVERTHROW	39
2769.5255	2770.0645	13	ALIEN	39
2770.0645	2770.7955	162	FORCES	39
2780.4990625	2780.6480625	434	THE	8
2780.6480625	2780.7590625000003	99999	sp	8
2780.7590625000003	2781.1390625	165	FRIGHTENED	8
2781.1390625	2781.6580624999997	89	CHILD	8
2781.6580624999997	2781.8790625	472	WAS	8
2781.8790625	2782.3290625	176	GENTLY	8
2782.3290625	2783.0280625	410	SUBDUED	8
2783.0280625	2783.2490625	73	BY	8
2783.2490625	2783.5180625000003	208	HIS	8
2783.5180625000003	2783.8690625	52	BIG	8
2783.8690625	2784.3490625	66	BROTHER	8
2794.5838125	2794.9228125	210	HOW	49
2794.9228125	2795.1538125	189	GOOD	49
2795.1538125	2795.2928125	224	IS	49
2795.2928125	2795.5428125	496	YOUR	49
2795.5428125	2796.3338125	138	ENDURANCE	49
2807.571375	2807.720375	434	THE	21
2807.720375	2808.181375	475	WATER	21
2808.181375	2808.931375	103	CONTAINED	21
2808.931375	2809.1213749999997	448	TOO	21
2809.1213749999997	2809.4113749999997	269	MUCH	21
2809.4113749999997	2810.220375	90	CHLORINE	21
2810.220375	2810.480375	20	AND	21
2810.480375	2810.8803749999997	409	STUNG	21
2810.8803749999997	2811.100375	208	HIS	21
2811.100375	2811.7103749999997	149	EYES	21
2822.26725	2822.4262499999995	30	ARE	0
2822.4262499999995	2822.6372499999998	496	YOUR	0
2822.6372499999998	2823.1272499999995	192	GRADES	0
2823.1272499999995	2823.64725	206	HIGHER	0
2823.64725	2823.78725	302	OR	0
2823.78725	2824.2072499999995	251	LOWER	0
2824.2072499999995	2824.4572499999995	432	THAN	0
2824.4572499999995	2825.23625	275	NANCY'S	0
2834.8569094102577	2834.926909410258	1	A	40
2834.926909410258	2835.7669094102575	371	SCREWDRIVER	40
2835.7669094102575	2836.035909410258	224	IS	40
2836.035909410258	2836.3669094102574	252	MADE	40
2836.3669094102574	2836.6269094102577	166	FROM	40
2836.6269094102577	2837.0259094102576	469	VODKA	40
2837.0259094102576	2837.4059094102577	20	AND	40
2837.4059094102577	2837.8569094102577	303	ORANGE	40
2837.8569094102577	2838.4569094102576	230	JUICE	40
2848.7348125	2849.0148125	476	WE	4
2849.0148125	2849.1838125	30	ARE	4
2849.1838125	2849.5538125	301	OPEN	4
2849.5538125	2849.9548125	145	EVERY	4
2849.9548125	2850.3738125	265	MONDAY	4
2850.3738125	2851.1748125	143	EVENING	4
2862.3635	2862.7325	142	EVEN	9
2862.7325	2862.8035	1	A	9
2862.8035	2863.2925	383	SIMPLE	9
2863.2925	2864.1835	468	VOCABULARY	9
2864.1835	2864.8424999999997	104	CONTAINS	9
2864.8424999999997	2865.5325	422	SYMBOLS	9
2876.8174375	2877.4474375	75	CALCIUM	16
2877.4474375	2877.8474374999996	254	MAKES	16
2877.8474374999996	2878.4374374999998	58	BONES	16
2878.4374374999998	2878.6064374999996	99999	sp	16
2878.6064374999996	2878.8864375	20	AND	16
2878.8864375	2879.1574375	430	TEETH	16
2879.1574375	2879.7564374999997	406	STRONG	16
2889.4386875	2889.5686875	434	THE	31
2889.5686875	2889.9486875000002	453	TWO	31
2889.9486875000002	2890.5986875	33	ARTISTS	31
2890.5986875	2891.3986875	147	EXCHANGED	31
2891.3986875	2892.2976875000004	39	AUTOGRAPHS	31
2924.966875	2925.147875	30	ARE	0
2925.147875	2925.3568750000004	496	YOUR	0
2925.3568750000004	2925.9278750000003	192	GRADES	0
2925.9278750000003	2926.486875	206	HIGHER	0
2926.486875	2926.667875	302	OR	0
2926.667875	2927.116875	251	LOWER	0
2927.116875	2927.346875	432	THAN	0
2927.346875	2928.147875	275	NANCY'S	0
2938.00725	2938.2962500000003	375	SHE	1
2938.2962500000003	2938.66625	490	WORE	1
2938.66625	2939.2072500000004	471	WARM	1
2939.2072500000004	2939.2962500000003	99999	sp	1
2939.2962500000003	2939.76625	158	FLEECY	1
2939.76625	2940.3672500000002	489	WOOLEN	1
2940.3672500000002	2941.27625	311	OVERALLS	1
3580.875625	3581.265625	142	EVEN	3
3581.265625	3581.645625	211	I	3
3581.645625	3582.3856250000003	293	OCCASIONALLY	3
3582.3856250000003	3582.596625	177	GET	3
3582.596625	3582.705625	434	THE	3
3582.705625	3583.1466250000003	265	MONDAY	3
3583.1466250000003	3583.7966250000004	56	BLUES	3
3593.20725	3593.59725	130	DRAW	20
3593.59725	3594.0672499999996	145	EVERY	20
3594.0672499999996	3594.36725	308	OUTER	20
3594.36725	3594.6972499999997	244	LINE	20
3594.6972499999997	3595.30725	156	FIRST	20
3595.30725	3595.6472499999995	436	THEN	20
3595.6472499999995	3595.9472499999997	154	FILL	20
3595.9472499999997	3596.11725	217	IN	20
3596.11725	3596.28725	434	THE	20
3596.28725	3597.0672499999996	222	INTERIOR	20
3607.2729375	3607.9829375	183	GLUCOSE	11
3607.9829375	3608.1529374999996	20	AND	11
3608.1529374999996	3608.8729375	167	FRUCTOSE	11
3608.8729375	3609.0229375	30	ARE	11
3609.0229375	3609.5929374999996	276	NATURAL	11
3609.5929374999996	3610.1439374999995	414	SUGARS	11
3610.1439374999995	3610.1939374999997	99999	sp	11
3610.1939374999997	3610.5229375	163	FOUND	11
3610.5229375	3610.6629374999998	217	IN	11
3610.6629374999998	3611.2329375	168	FRUIT	11
3620.871125	3620.991125	1	A	25
3620.991125	3621.671125	271	MUSCULAR	25
3621.671125	3622.221125	2	ABDOMEN	25
3622.221125	3622.431125	224	IS	25
3622.431125	3622.640125	189	GOOD	25
3622.640125	3622.791125	161	FOR	25
3622.791125	3623.0011250000002	496	YOUR	25
3623.0011250000002	3623.580125	43	BACK	25
3632.93275	3633.46275	46	BARB'S	19
3633.46275	3633.83275	188	GOLD	19
3633.83275	3634.47275	63	BRACELET	19
3634.47275	3634.62175	472	WAS	19
3634.62175	3634.70275	1	A	19
3634.70275	3635.48275	193	GRADUATION	19
3635.48275	3636.06275	339	PRESENT	19
3645.744125	3645.873125	1	A	10
3645.873125	3646.324125	110	CRAB	10
3646.324125	3646.8631250000003	85	CHALLENGED	10
3646.8631250000003	3646.9031250000003	99999	sp	10
3646.9031250000003	3647.203125	258	ME	10
3647.203125	3647.503125	70	BUT	10
3647.503125	3647.583125	1	A	10
3647.583125	3647.884125	350	QUICK	10
3647.884125	3648.333125	402	STAB	10
3648.333125	3648.3631250000003	99999	sp	10
3648.3631250000003	3648.9431250000002	464	VANQUISHED	10
3648.9431250000002	3649.1931250000002	207	HIM	10
3658.694125	3658.995125	203	HELP	45
3658.995125	3659.355125	196	GREG	45
3659.355125	3659.475125	446	TO	45
3659.475125	3659.794125	325	PICK	45
3659.794125	3659.845125	1	A	45
3659.845125	3660.135125	321	PECK	45
3660.135125	3660.285125	294	OF	45
3660.285125	3661.105125	338	POTATOES	45
3671.1691875	3671.3181875	434	THE	43
3671.3181875	3671.8691875000004	61	BOSTON	43
3671.8691875000004	3672.4381875000004	45	BALLET	43
3672.4381875000004	3673.0881875000005	312	OVERCAME	43
3673.0881875000005	3673.2991875000002	435	THEIR	43
3673.2991875000002	3673.7591875000003	170	FUNDING	43
3673.7591875000003	3674.4381875000004	380	SHORTAGE	43
3684.4055	3684.7054999999996	210	HOW	36
3684.7054999999996	3684.9554999999996	128	DO	36
3684.9554999999996	3685.4464999999996	318	OYSTERS	36
3685.4464999999996	3685.6665	253	MAKE	36
3685.6665	3686.3464999999997	320	PEARLS	36
3697.030375	3697.2103749999997	30	ARE	12
3697.2103749999997	3697.4803749999996	495	YOU	12
3697.4803749999996	3697.830375	250	LOOKING	12
3697.830375	3698.1103749999997	161	FOR	12
3698.1103749999997	3698.9003749999997	136	EMPLOYMENT	12
3708.8223125	3709.4323125	115	CYCLICAL	42
3709.4323125	3710.1113124999997	346	PROGRAMS	42
3710.1113124999997	3710.2723124999998	485	WILL	42
3710.2723124999998	3710.6113124999997	281	NEVER	42
3710.6113124999997	3711.3123124999997	100	COMPILE	42
3721.8733125	3722.0343125	224	IS	38
3722.0343125	3722.2533125	375	SHE	38
3722.2533125	3722.6233125	187	GOING	38
3722.6233125	3722.7743124999997	487	WITH	38
3722.7743124999997	3723.1143125	495	YOU	38
3732.2386875	3732.6786875000003	366	RICH	33
3732.6786875000003	3733.1996875	349	PURCHASED	33
3733.1996875	3733.7496875	374	SEVERAL	33
3733.7496875	3734.2096875	382	SIGNED	33
3734.2096875	3735.0796875	245	LITHOGRAPHS	33
3746.5385	3746.9375	438	THEY	26
3746.9375	3747.1275	317	OWN	26
3747.1275	3747.1875	1	A	26
3747.1875	3747.5285	52	BIG	26
3747.5285	3748.0485	209	HOUSE	26
3748.0485	3748.1585	217	IN	26
3748.1585	3748.2185	434	THE	26
3748.2185	3748.5885	361	REMOTE	26
3748.5885	3749.5985	109	COUNTRYSIDE	26
3759.041375	3759.521375	443	THOSE	7
3759.521375	3759.6713749999994	484	WHO	7
3759.6713749999994	3760.0713749999995	427	TEACH	7
3760.0713749999995	3760.6513749999995	462	VALUES	7
3760.6513749999995	3760.6813749999997	99999	sp	7
3760.6813749999997	3761.1713749999994	156	FIRST	7
3761.1713749999994	3761.8213749999995	4	ABOLISH	7
3761.8213749999995	3761.8813749999995	99999	sp	7
3761.8813749999995	3762.3713749999997	87	CHEATING	7
3772.1425625	3772.4115625	226	IT'S	5
3772.4115625	3772.7315625	285	NOT	5
3772.7315625	3773.1515625	133	EASY	5
3773.1515625	3773.3115625	446	TO	5
3773.3115625	3773.9415625	113	CREATE	5
3773.9415625	3774.6815625	215	ILLUMINATING	5
3774.6815625	3775.5815625	146	EXAMPLES	5
3785.2453125	3785.6563125000002	229	JOHN'S	22
3785.6563125000002	3786.0763125000003	66	BROTHER	22
3786.0763125000003	3786.6663125000005	363	REPAINTED	22
3786.6663125000005	3786.7453125	434	THE	22
3786.7453125	3787.2453125	173	GARAGE	22
3787.2453125	3787.7163125	129	DOOR	22
3797.2703125	3797.8903124999997	405	STEVE	18
3797.8903124999997	3797.9203125	99999	sp	18
3797.9203125	3798.2103125	490	WORE	18
3798.2103125	3798.2603124999996	1	A	18
3798.2603124999996	3798.8003124999996	65	BRIGHT	18
3798.8003124999996	3799.1093124999998	356	RED	18
3799.1093124999998	3799.7403124999996	78	CASHMERE	18
3799.7403124999996	3800.2903125	420	SWEATER	18
3809.6111875	3810.1011875000004	108	COUNT	47
3810.1011875000004	3810.1601875	434	THE	47
3810.1601875	3810.5811875000004	289	NUMBER	47
3810.5811875000004	3810.6601875	294	OF	47
3810.6601875	3810.6811875000003	99999	sp	47
3810.6811875000003	3811.3701875	429	TEASPOONS	47
3811.3701875	3811.4311875000003	294	OF	47
3811.4311875000003	3812.1811875000003	395	SOYSAUCE	47
3812.1811875000003	3812.3411875	433	THAT	47
3812.3411875	3812.5101875	495	YOU	47
3812.5101875	3812.8111875000004	7	ADD	47
3822.2684375	3822.6574374999996	433	THAT	28
3822.6574374999996	3823.3284375	326	PICKPOCKET	28
3823.3284375	3823.5474375	472	WAS	28
3823.5474375	3823.8884375	80	CAUGHT	28
3823.8884375	3824.1484374999995	356	RED	28
3824.1484374999995	3824.7084375	199	HANDED	28
3834.896375	3835.046375	210	HOW	41
3835.046375	3835.3063749999997	269	MUCH	41
3835.3063749999997	3835.8153749999997	16	ALLOWANCE	41
3835.8153749999997	3835.9263749999996	128	DO	41
3835.9263749999996	3836.0763749999996	495	YOU	41
3836.0763749999996	3836.5263749999995	177	GET	41
3846.4710625	3846.7420625	204	HER	30
3846.7420625	3847.4210625	470	WARDROBE	30
3847.4210625	3848.0410625	102	CONSISTS	30
3848.0410625	3848.2620625	294	OF	30
3848.2620625	3848.6420625	298	ONLY	30
3848.6420625	3849.1520625	385	SKIRTS	30
3849.1520625	3849.3020625	20	AND	30
3849.3020625	3850.0220624999997	54	BLOUSES	30
3858.87	3859.7	44	BAGPIPES	48
3859.7	3859.85	20	AND	48
3859.85	3860.54	59	BONGOS	48
3860.54	3860.68	30	ARE	48
3860.68	3861.25	273	MUSICAL	48
3861.25	3862.029	220	INSTRUMENTS	48
3870.8544375	3871.2944375	270	MUM	6
3871.2944375	3871.9054375	407	STRONGLY	6
3871.9054375	3872.5444375	126	DISLIKES	6
3872.5444375	3873.5244375	27	APPETIZERS	6
3882.931375	3883.090375	434	THE	27
3883.090375	3883.5303750000003	369	ROSE	27
3883.5303750000003	3884.3503750000004	106	CORSAGE	27
3884.3503750000004	3884.831375	393	SMELLED	27
3884.831375	3885.3613750000004	421	SWEET	27
3894.86475	3895.55475	71	BUTTERSCOTCH	32
3895.55475	3895.61475	99999	sp	32
3895.61475	3896.07375	169	FUDGE	32
3896.07375	3896.40475	186	GOES	32
3896.40475	3896.76375	481	WELL	32
3896.76375	3896.93475	487	WITH	32
3896.93475	3897.38375	463	VANILLA	32
3897.38375	3897.64475	212	ICE	32
3897.64475	3898.00375	112	CREAM	32
3907.301125	3907.590125	375	SHE	1
3907.590125	3907.960125	490	WORE	1
3907.960125	3908.5011250000002	471	WARM	1
3908.5011250000002	3908.590125	99999	sp	1
3908.590125	3909.060125	158	FLEECY	1
3909.060125	3909.661125	489	WOOLEN	1
3909.661125	3910.5701249999997	311	OVERALLS	1
3919.8635625	3920.0625625000002	476	WE	14
3920.0625625000002	3920.5835625000004	480	WELCOME	14
3920.5835625000004	3920.8535625000004	256	MANY	14
3920.8535625000004	3921.1535625	282	NEW	14
3921.1535625	3921.7235625000003	408	STUDENTS	14
3921.7235625000003	3922.0035625	132	EACH	14
3922.0035625	3922.3235625	491	YEAR	14
3932.0019375	3932.1319375	434	THE	35
3932.1319375	3932.7719375	111	CRANBERRY	35
3932.7719375	3933.2119375	57	BOG	35
3933.2119375	3933.5219375	178	GETS	35
3933.5219375	3933.9809375	465	VERY	35
3933.9809375	3934.3919375	340	PRETTY	35
3934.3919375	3934.5409375	217	IN	35
3934.5409375	3935.0019375	40	AUTUMN	35
3946.2769375	3946.4959375	476	WE	46
3946.4959375	3946.7969375	241	LIKE	46
3946.7969375	3946.9859374999996	55	BLUE	46
3946.9859374999996	3947.4659374999997	88	CHEESE	46
3947.4659374999997	3947.6969375	70	BUT	46
3947.6969375	3948.0169374999996	466	VICTOR	46
3948.0169374999996	3948.3459374999998	242	LIKES	46
3948.3459374999998	3948.7969375	64	BRIE	46
3958.8525	3959.3725	286	NOTHING	17
3959.3725	3959.5515	224	IS	17
3959.5515	3959.7325	34	AS	17
3959.7325	3960.3725	295	OFFENSIVE	17
3960.3725	3960.5725	34	AS	17
3960.5725	3961.3425	219	INNOCENCE	17
3971.6468125	3971.9558125000003	24	ANY	34
3971.9558125000003	3972.9668125000003	105	CONTRIBUTIONS	34
3972.9668125000003	3973.0658125	485	WILL	34
3973.0658125	3973.2168125000003	47	BE	34
3973.2168125000003	3973.6768125000003	195	GREATLY	34
3973.6768125000003	3974.4368125	28	APPRECIATED	34
3984.7191875	3984.8981875	19	AN	29
3984.8981875	3985.3881874999997	9	ADULT	29
3985.3881874999997	3985.7081875	255	MALE	29
3985.7081875	3986.3881874999997	42	BABOON'S	29
3986.3881874999997	3986.9391874999997	430	TEETH	29
3986.9391874999997	3987.0591875	30	ARE	29
3987.0591875	3987.3191874999998	285	NOT	29
3987.3191874999998	3987.8981875	415	SUITABLE	29
3987.8981875	3988.0391875	161	FOR	29
3988.0391875	3988.3881874999997	135	EATING	29
3988.3881874999997	3989.1791875	376	SHELLFISH	29
3998.7238125	3999.0738125	298	ONLY	15
3999.0738125	3999.1638125	434	THE	15
3999.1638125	3999.6038125	51	BEST	15
3999.6038125	4000.0938125	330	PLAYERS	15
4000.0938125	4000.5738125	139	ENJOY	15
4000.5738125	4001.4838125	336	POPULARITY	15
4012.0668125	4013.0368125000005	17	AMBIDEXTROUS	24
4013.0368125000005	4013.7168125000003	327	PICKPOCKETS	24
4013.7168125000003	4014.2868125000005	6	ACCOMPLISH	24
4014.2868125000005	4014.7058125000003	267	MORE	24
4024.8528125	4025.1738124999997	257	MAY	37
4025.1738124999997	4025.3038125	211	I	37
4025.3038125	4025.7738124999996	304	ORDER	37
4025.7738124999996	4025.8338124999996	1	A	37
4025.8338124999996	4026.5038124999996	319	PARFAIT	37
4026.5038124999996	4026.8938124999995	10	AFTER	37
4026.8938124999995	4026.9538124999995	211	I	37
4026.9538124999995	4027.2038124999995	134	EAT	37
4027.2038124999995	4027.6028125	124	DINNER	37
4037.0654375	4037.4064375	145	EVERY	44
4037.4064375	4037.7764375	74	CAB	44
4037.7764375	4038.1164375	280	NEEDS	44
4038.1164375	4038.7864375	364	REPAINTING	44
4038.7864375	4039.2864375	296	OFTEN	44
4048.59925694194	4049.177456329597	354	READING	2
4049.177456329597	4049.423011879919	217	IN	2
4049.423011879919	4049.71025694194	335	POOR	2
4049.71025694194	4050.17925694194	240	LIGHT	2
4050.17925694194	4050.51925694194	181	GIVES	2
4050.51925694194	4050.71925694194	495	YOU	2
4050.71925694194	4051.52925694194	150	EYESTRAIN	2
4060.2674375	4060.6074375	98	COFFEE	13
4060.6074375	4061.0074375	224	IS	13
4061.0074375	4061.3774375	198	GROWN	13
4061.3774375	4061.5774375	297	ON	13
4061.5774375	4062.0874375	404	STEEP	13
4062.0874375	4062.6274375	231	JUNGLE	13
4062.6274375	4062.8474375	241	LIKE	13
4062.8474375	4063.4164375	390	SLOPES	13
4063.4164375	4063.5874375	217	IN	13
4063.5874375	4064.0274375	431	TEMPERATE	13
4064.0274375	4064.7074375	497	ZONES	13
4075.409625	4075.979625	84	CHALLENGE	23
4075.979625	4076.4006249999998	132	EACH	23
4076.4006249999998	4077.039625	175	GENERAL'S	23
4077.039625	4078.010625	221	INTELLIGENCE	23
4088.527375	4088.7873750000003	76	CAN	39
4088.7873750000003	4088.946375	434	THE	39
4088.946375	4089.5373750000003	11	AGENCY	39
4089.5373750000003	4090.257375	315	OVERTHROW	39
4090.257375	4090.757375	13	ALIEN	39
4090.757375	4091.477375	162	FORCES	39
4100.174375	4100.375375	434	THE	8
4100.375375	4100.884375	165	FRIGHTENED	8
4100.884375	4101.424375	89	CHILD	8
4101.424375	4101.655374999999	472	WAS	8
4101.655374999999	4102.075374999999	176	GENTLY	8
4102.075374999999	4102.744374999999	410	SUBDUED	8
4102.744374999999	4102.954374999999	73	BY	8
4102.954374999999	4103.174375	208	HIS	8
4103.174375	4103.444374999999	52	BIG	8
4103.444374999999	4103.974375	66	BROTHER	8
4113.89625	4114.206249999999	210	HOW	49
4114.206249999999	4114.456249999999	189	GOOD	49
4114.456249999999	4114.616249999999	224	IS	49
4114.616249999999	4114.81625	496	YOUR	49
4114.81625	4115.65625	138	ENDURANCE	49
4125.4774375	4125.5984375	434	THE	21
4125.5984375	4126.0084375	475	WATER	21
4126.0084375	4126.6784375	103	CONTAINED	21
4126.6784375	4126.8484375	448	TOO	21
4126.8484375	4127.1684374999995	269	MUCH	21
4127.1684374999995	4127.8884375	90	CHLORINE	21
4127.8884375	4128.0584375	20	AND	21
4128.0584375	4128.368437499999	409	STUNG	21
4128.368437499999	4128.5784375	208	HIS	21
4128.5784375	4129.1484375	149	EYES	21
4139.065125	4139.246125	30	ARE	0
4139.246125	4139.455125	496	YOUR	0
4139.455125	4140.026125	192	GRADES	0
4140.026125	4140.585125	206	HIGHER	0
4140.585125	4140.766125	302	OR	0
4140.766125	4141.215125000001	251	LOWER	0
4141.215125000001	4141.445125	432	THAN	0
4141.445125	4142.246125	275	NANCY'S	0
4150.979393848848	4151.079393848848	1	A	40
4151.079393848848	4151.889393848848	371	SCREWDRIVER	40
4151.889393848848	4152.088393848848	224	IS	40
4152.088393848848	4152.369393848849	252	MADE	40
4152.369393848849	4152.419393848848	99999	sp	40
4152.419393848848	4152.629393848849	166	FROM	40
4152.629393848849	4153.049393848849	469	VODKA	40
4153.049393848849	4153.338393848848	20	AND	40
4153.338393848848	4153.7393938488485	303	ORANGE	40
4153.7393938488485	4154.229393848848	230	JUICE	40
4163.69225	4164.04125	476	WE	4
4164.04125	4164.23225	30	ARE	4
4164.23225	4164.63125	301	OPEN	4
4164.63125	4165.01225	145	EVERY	4
4165.01225	4165.44225	265	MONDAY	4
4165.44225	4166.16225	143	EVENING	4
4177.563625	4178.054625	142	EVEN	9
4178.054625	4178.123625	1	A	9
4178.123625	4178.563625	383	SIMPLE	9
4178.563625	4179.453625	468	VOCABULARY	9
4179.453625	4180.0936249999995	104	CONTAINS	9
4180.0936249999995	4180.8436249999995	422	SYMBOLS	9
4191.3544375	4192.0544375	75	CALCIUM	16
4192.0544375	4192.3734375	254	MAKES	16
4192.3734375	4192.8344375	58	BONES	16
4192.8344375	4193.0644375	20	AND	16
4193.0644375	4193.3244374999995	430	TEETH	16
4193.3244374999995	4193.9944375	406	STRONG	16
4203.2888125	4203.4988125	434	THE	31
4203.4988125	4203.8688125	453	TWO	31
4203.8688125	4204.4678125	33	ARTISTS	31
4204.4678125	4205.1888125000005	147	EXCHANGED	31
4205.1888125000005	4206.0388125	39	AUTOGRAPHS	31
