21.169812	21.540813	375	SHE	1
21.5408125	21.9608125	490	WORE	1
21.9608125	22.4398125	471	WARM	1
22.4398125	23.100812499999996	158	FLEECY	1
23.100812499999996	23.6598125	489	WOOLEN	1
23.6598125	24.5108125	311	OVERALLS	1
36.2158125	36.6758125	354	READING	2
36.6758125	36.985812499999994	217	IN	2
36.985812499999994	37.3358125	335	POOR	2
37.3358125	37.7458125	240	LIGHT	2
37.7458125	38.0858125	181	GIVES	2
38.0858125	38.2758125	495	YOU	2
38.2758125	39.07481249999999	150	EYESTRAIN	2
51.098	51.467999999999996	142	EVEN	3
51.467999999999996	51.928	211	I	3
51.928	52.678	293	OCCASIONALLY	3
52.678	52.948	177	GET	3
52.948	52.967999999999996	99999	sp	3
52.967999999999996	53.079	434	THE	3
53.079	53.509	265	MONDAY	3
53.509	54.227999999999994	56	BLUES	3
65.5060625	65.6760625	476	WE	4
65.6760625	65.8360625	30	ARE	4
65.8360625	66.23706250000001	301	OPEN	4
66.23706250000001	66.6670625	145	EVERY	4
66.6670625	67.0660625	265	MONDAY	4
67.0660625	67.7860625	143	EVENING	4
80.4133125	80.65331250000001	226	IT'S	5
80.65331250000001	80.9333125	285	NOT	5
80.9333125	81.3533125	133	EASY	5
81.3533125	81.50431250000001	446	TO	5
81.50431250000001	82.05431250000001	113	CREATE	5
82.05431250000001	82.79331250000001	215	ILLUMINATING	5
82.79331250000001	83.7433125	146	EXAMPLES	5
95.636375	96.077375	270	MUM	6
96.077375	96.687375	407	STRONGLY	6
96.687375	97.357375	126	DISLIKES	6
97.357375	98.357375	27	APPETIZERS	6
110.5800625	111.0000625	443	THOSE	7
111.0000625	111.12006249999999	484	WHO	7
111.12006249999999	111.5210625	427	TEACH	7
111.5210625	112.1700625	462	VALUES	7
112.1700625	112.20006249999999	99999	sp	7
112.20006249999999	112.73006249999999	156	FIRST	7
112.73006249999999	113.3810625	4	ABOLISH	7
113.3810625	114.0210625	87	CHEATING	7
127.643	127.77199999999999	434	THE	8
127.77199999999999	127.863	99999	sp	8
127.863	128.313	165	FRIGHTENED	8
128.313	128.34300000000002	99999	sp	8
128.34300000000002	128.832	89	CHILD	8
128.832	129.072	472	WAS	8
129.072	129.542	176	GENTLY	8
129.542	130.212	410	SUBDUED	8
130.212	130.462	73	BY	8
130.462	130.732	208	HIS	8
130.732	131.012	52	BIG	8
131.012	131.582	66	BROTHER	8
144.093125	144.473125	142	EVEN	9
144.473125	144.573125	1	A	9
144.573125	145.06312499999999	383	SIMPLE	9
145.06312499999999	145.963125	468	VOCABULARY	9
145.963125	146.653125	104	CONTAINS	9
146.653125	147.443125	422	SYMBOLS	9
160.212375	160.35237500000002	1	A	10
160.35237500000002	160.88237500000002	110	CRAB	10
160.88237500000002	161.502375	85	CHALLENGED	10
161.502375	161.92237500000002	258	ME	10
161.92237500000002	162.002375	99999	sp	10
162.002375	162.16237500000003	70	BUT	10
162.16237500000003	162.252375	1	A	10
162.252375	162.552375	350	QUICK	10
162.552375	162.962375	402	STAB	10
162.962375	163.61237500000001	464	VANQUISHED	10
163.61237500000001	163.88237500000002	207	HIM	10
175.8643125	176.4943125	183	GLUCOSE	11
176.4943125	176.65331250000003	20	AND	11
176.65331250000003	176.72431250000002	99999	sp	11
176.72431250000002	177.32431250000002	167	FRUCTOSE	11
177.32431250000002	177.44431250000002	30	ARE	11
177.44431250000002	177.9643125	276	NATURAL	11
177.9643125	178.5243125	414	SUGARS	11
178.5243125	178.91431250000002	163	FOUND	11
178.91431250000002	179.07431250000002	217	IN	11
179.07431250000002	179.56431250000003	168	FRUIT	11
189.80275	189.92275	30	ARE	12
189.92275	190.20275	495	YOU	12
190.20275	190.57275	250	LOOKING	12
190.57275	190.84275	161	FOR	12
190.84275	191.54275	136	EMPLOYMENT	12
205.1359375	205.6059375	98	COFFEE	13
205.6059375	205.90593750000002	224	IS	13
205.90593750000002	206.34593750000002	198	GROWN	13
206.34593750000002	206.61593750000003	297	ON	13
206.61593750000003	207.24593750000003	404	STEEP	13
207.24593750000003	207.73593750000003	231	JUNGLE	13
207.73593750000003	208.00593750000002	241	LIKE	13
208.00593750000002	208.65593750000002	390	SLOPES	13
208.65593750000002	208.86593750000003	217	IN	13
208.86593750000003	209.3559375	431	TEMPERATE	13
209.3559375	210.11593750000003	497	ZONES	13
220.9653125	221.1453125	476	WE	14
221.1453125	221.7253125	480	WELCOME	14
221.7253125	222.0053125	256	MANY	14
222.0053125	222.2443125	282	NEW	14
222.2443125	222.80531249999999	408	STUDENTS	14
222.80531249999999	223.1353125	132	EACH	14
223.1353125	223.4353125	491	YEAR	14
235.362875	235.70387499999998	298	ONLY	15
235.70387499999998	235.79387499999999	434	THE	15
235.79387499999999	236.183875	51	BEST	15
236.183875	236.743875	330	PLAYERS	15
236.743875	237.20387499999998	139	ENJOY	15
237.20387499999998	238.142875	336	POPULARITY	15
249.94475	250.63475	75	CALCIUM	16
250.63475	250.93375	254	MAKES	16
250.93375	251.52474999999998	58	BONES	16
251.52474999999998	251.74474999999998	20	AND	16
251.74474999999998	252.00475	430	TEETH	16
252.00475	252.69475	406	STRONG	16
264.7545	265.2145	286	NOTHING	17
265.2145	265.4845	224	IS	17
265.4845	265.6535	34	AS	17
265.6535	266.4035	295	OFFENSIVE	17
266.4035	266.8045	34	AS	17
266.8045	267.6535	219	INNOCENCE	17
278.946625	279.477625	405	STEVE	18
279.477625	279.516625	99999	sp	18
279.516625	279.907625	490	WORE	18
279.907625	279.956625	1	A	18
279.956625	280.43762499999997	65	BRIGHT	18
280.43762499999997	280.467625	99999	sp	18
280.467625	280.737625	356	RED	18
280.737625	281.386625	78	CASHMERE	18
281.386625	281.917625	420	SWEATER	18
293.9475	294.5175	46	BARB'S	19
294.5175	294.8675	188	GOLD	19
294.8675	295.4475	63	BRACELET	19
295.4475	295.6975	472	WAS	19
295.6975	295.7575	1	A	19
295.7575	296.5475	193	GRADUATION	19
296.5475	297.0965	339	PRESENT	19
309.60075	309.98075	130	DRAW	20
309.98075	310.50075	145	EVERY	20
310.50075	310.85075	308	OUTER	20
310.85075	311.24075	244	LINE	20
311.24075	311.29075	99999	sp	20
311.29075	311.86075	156	FIRST	20
311.86075	312.32975	436	THEN	20
312.32975	312.35075	99999	sp	20
312.35075	312.62075	154	FILL	20
312.62075	312.81075	217	IN	20
312.81075	312.97075	434	THE	20
312.97075	313.69975	222	INTERIOR	20
325.8280625	325.9990625	434	THE	21
325.9990625	326.3880625	475	WATER	21
326.3880625	327.0690625	103	CONTAINED	21
327.0690625	327.2490625	448	TOO	21
327.2490625	327.5690625	269	MUCH	21
327.5690625	327.5880625	99999	sp	21
327.5880625	328.2680625	90	CHLORINE	21
328.2680625	328.4790625	20	AND	21
328.4790625	328.8790625	409	STUNG	21
328.8790625	329.0990625	208	HIS	21
329.0990625	329.7080625	149	EYES	21
341.6116875	342.0616875	229	JOHN'S	22
342.0616875	342.4706875	66	BROTHER	22
342.4706875	343.1006875	363	REPAINTED	22
343.1006875	343.1916875	434	THE	22
343.1916875	343.7016875	173	GARAGE	22
343.7016875	344.2016875	129	DOOR	22
355.8094375	356.4004375	84	CHALLENGE	23
356.4004375	356.7904375	132	EACH	23
356.7904375	357.4394375	175	GENERAL'S	23
357.4394375	358.4394375	221	INTELLIGENCE	23
369.703875	370.673875	17	AMBIDEXTROUS	24
370.673875	371.412875	327	PICKPOCKETS	24
371.412875	372.013875	6	ACCOMPLISH	24
372.013875	372.443875	267	MORE	24
383.8709375	383.96093750000006	1	A	25
383.96093750000006	384.6209375	271	MUSCULAR	25
384.6209375	385.29093750000004	2	ABDOMEN	25
385.29093750000004	385.5009375	224	IS	25
385.5009375	385.78093750000005	189	GOOD	25
385.78093750000005	385.8109375	99999	sp	25
385.8109375	385.92093750000004	161	FOR	25
385.92093750000004	386.1209375	496	YOUR	25
386.1209375	386.67093750000004	43	BACK	25
399.2368125	399.62681249999997	438	THEY	26
399.62681249999997	399.8668125	317	OWN	26
399.8668125	399.90581249999997	1	A	26
399.90581249999997	400.25681249999997	52	BIG	26
400.25681249999997	400.8068125	209	HOUSE	26
400.8068125	400.9768125	217	IN	26
400.9768125	401.0368125	434	THE	26
401.0368125	401.44681249999996	361	REMOTE	26
401.44681249999996	402.4558125	109	COUNTRYSIDE	26
413.7226875	413.8916875	434	THE	27
413.8916875	414.3916875	369	ROSE	27
414.3916875	415.2926875	106	CORSAGE	27
415.2926875	415.8026875	393	SMELLED	27
415.8026875	416.4326875	421	SWEET	27
427.2325	427.5225	433	THAT	28
427.5225	428.2215	326	PICKPOCKET	28
428.2215	428.4615	472	WAS	28
428.4615	428.8125	80	CAUGHT	28
428.8125	429.0825	356	RED	28
429.0825	429.7325	199	HANDED	28
444.2408125	444.4408125	19	AN	29
444.4408125	444.8498125	9	ADULT	29
444.8498125	445.2508125	255	MALE	29
445.2508125	445.9308125	42	BABOON'S	29
445.9308125	446.4208125	430	TEETH	29
446.4208125	446.5408125	30	ARE	29
446.5408125	446.8108125	285	NOT	29
446.8108125	447.3998125	415	SUITABLE	29
447.3998125	447.6108125	161	FOR	29
447.6108125	447.9508125	135	EATING	29
447.9508125	448.8008125	376	SHELLFISH	29
460.4294375	460.6294375	204	HER	30
460.6294375	461.3484375	470	WARDROBE	30
461.3484375	462.0284375	102	CONSISTS	30
462.0284375	462.1684375	294	OF	30
462.1684375	462.5794375	298	ONLY	30
462.5794375	463.1094375	385	SKIRTS	30
463.1094375	463.2594375	20	AND	30
463.2594375	464.0694375	54	BLOUSES	30
475.1070625	475.2460625	434	THE	31
475.2460625	475.5660625	453	TWO	31
475.5660625	476.2570625	33	ARTISTS	31
476.2570625	477.0770625	147	EXCHANGED	31
477.0770625	477.9770625	39	AUTOGRAPHS	31
490.6416875	491.35168749999997	71	BUTTERSCOTCH	32
491.35168749999997	491.3916875	99999	sp	32
491.3916875	491.91168749999997	169	FUDGE	32
491.91168749999997	492.2406875	186	GOES	32
492.2406875	492.5816875	481	WELL	32
492.5816875	492.75068749999997	487	WITH	32
492.75068749999997	492.80168749999996	99999	sp	32
492.80168749999996	493.2406875	463	VANILLA	32
493.2406875	493.5316875	212	ICE	32
493.5316875	493.92168749999996	112	CREAM	32
506.093625	506.55362499999995	366	RICH	33
506.55362499999995	507.143625	349	PURCHASED	33
507.143625	507.80362499999995	374	SEVERAL	33
507.80362499999995	508.63262499999996	382	SIGNED	33
508.63262499999996	509.54362499999996	245	LITHOGRAPHS	33
520.9760000000001	521.285	24	ANY	34
521.285	522.2329675744336	105	CONTRIBUTIONS	34
522.2329675744336	522.4173552206615	485	WILL	34
522.4173552206615	522.5460000000003	47	BE	34
522.5460000000003	523.0060000000003	195	GREATLY	34
523.0060000000003	523.7660000000001	28	APPRECIATED	34
535.7633125	535.8733125	434	THE	35
535.8733125	536.6033125	111	CRANBERRY	35
536.6033125	537.1233125	57	BOG	35
537.1233125	537.5033125	178	GETS	35
537.5033125	537.9733125	465	VERY	35
537.9733125	538.4533125	340	PRETTY	35
538.4533125	538.6033125	217	IN	35
538.6033125	539.1033125	40	AUTUMN	35
550.1166875	550.4666875	210	HOW	36
550.4666875	550.6166875	128	DO	36
550.6166875	551.2366875	318	OYSTERS	36
551.2366875	551.6266875	253	MAKE	36
551.6266875	552.3076875	320	PEARLS	36
563.93625	564.21625	257	MAY	37
564.21625	564.36525	211	I	37
564.36525	564.8462499999999	304	ORDER	37
564.8462499999999	564.91625	1	A	37
564.91625	565.6352499999999	319	PARFAIT	37
565.6352499999999	566.08625	10	AFTER	37
566.08625	566.17625	211	I	37
566.17625	566.4762499999999	134	EAT	37
566.4762499999999	566.9862499999999	124	DINNER	37
577.809375	577.9803750000001	224	IS	38
577.9803750000001	578.189375	375	SHE	38
578.189375	578.589375	187	GOING	38
578.589375	578.7703750000001	487	WITH	38
578.7703750000001	579.0003750000001	495	YOU	38
591.2351875	591.4761875	76	CAN	39
591.4761875	591.6351875	434	THE	39
591.6351875	592.2551875	11	AGENCY	39
592.2551875	592.9661875	315	OVERTHROW	39
592.9661875	593.5251875	13	ALIEN	39
593.5251875	594.3061875000001	162	FORCES	39
605.8505146501984	605.9295146501985	1	A	40
605.9295146501985	606.7895146501985	371	SCREWDRIVER	40
606.7895146501985	607.0205146501985	224	IS	40
607.0205146501985	607.3395146501985	252	MADE	40
607.3395146501985	607.6495146501985	166	FROM	40
607.6495146501985	608.2295146501984	469	VODKA	40
608.2295146501984	608.4695146501984	20	AND	40
608.4695146501984	608.8505146501984	303	ORANGE	40
608.8505146501984	609.4495146501985	230	JUICE	40
620.2159375	620.4059374999999	210	HOW	41
620.4059374999999	620.7259375	269	MUCH	41
620.7259375	621.3649375	16	ALLOWANCE	41
621.3649375	621.4859375	128	DO	41
621.4859375	621.6959375	495	YOU	41
621.6959375	622.2049375	177	GET	41
634.026125	634.676125	115	CYCLICAL	42
634.676125	635.3561249999999	346	PROGRAMS	42
635.3561249999999	635.5061249999999	485	WILL	42
635.5061249999999	635.8761249999999	281	NEVER	42
635.8761249999999	636.6061249999999	100	COMPILE	42
649.2349375	649.3749375	434	THE	43
649.3749375	650.0359374999999	61	BOSTON	43
650.0359374999999	650.6249375	45	BALLET	43
650.6249375	651.3749375	312	OVERCAME	43
651.3749375	651.5849375	435	THEIR	43
651.5849375	652.1059375	170	FUNDING	43
652.1059375	652.8349375	380	SHORTAGE	43
664.853	665.2629999999999	145	EVERY	44
665.2629999999999	665.752	74	CAB	44
665.752	666.1829999999999	280	NEEDS	44
666.1829999999999	666.8919999999999	364	REPAINTING	44
666.8919999999999	667.4329999999999	296	OFTEN	44
678.9730625	679.2940625	203	HELP	45
679.2940625	679.7030625	196	GREG	45
679.7030625	679.8930624999999	446	TO	45
679.8930624999999	680.2030625	325	PICK	45
680.2030625	680.3130624999999	1	A	45
680.3130624999999	680.6840625	321	PECK	45
680.6840625	680.8240625	294	OF	45
680.8240625	681.6430624999999	338	POTATOES	45
692.993125	693.232125	476	WE	46
693.232125	693.472125	241	LIKE	46
693.472125	693.482125	99999	sp	46
693.482125	693.7921249999999	55	BLUE	46
693.7921249999999	694.353125	88	CHEESE	46
694.353125	694.523125	70	BUT	46
694.523125	694.982125	466	VICTOR	46
694.982125	695.372125	242	LIKES	46
695.372125	695.862125	64	BRIE	46
708.820875	709.210875	108	COUNT	47
709.210875	709.269875	434	THE	47
709.269875	709.6898749999999	289	NUMBER	47
709.6898749999999	709.779875	294	OF	47
709.779875	709.7998749999999	99999	sp	47
709.7998749999999	710.5498749999999	429	TEASPOONS	47
710.5498749999999	710.629875	294	OF	47
710.629875	711.4008749999999	395	SOYSAUCE	47
711.4008749999999	711.5498749999999	433	THAT	47
711.5498749999999	711.7298749999999	495	YOU	47
711.7298749999999	712.029875	7	ADD	47
724.265375	725.0253749999999	44	BAGPIPES	48
725.0253749999999	725.184375	20	AND	48
725.184375	725.875375	59	BONGOS	48
725.875375	726.065375	30	ARE	48
726.065375	726.625375	273	MUSICAL	48
726.625375	727.475375	220	INSTRUMENTS	48
738.017375	738.267375	210	HOW	49
738.267375	738.6173749999999	189	GOOD	49
738.6173749999999	738.837375	224	IS	49
738.837375	739.1173749999999	496	YOUR	49
739.1173749999999	739.957375	138	ENDURANCE	49
1502.9929375	1503.1519374999998	30	ARE	0
1503.1519374999998	1503.3629374999998	496	YOUR	0
1503.3629374999998	1503.8529374999998	192	GRADES	0
1503.8529374999998	1504.3729374999998	206	HIGHER	0
1504.3729374999998	1504.5129375	302	OR	0
1504.5129375	1504.9329374999998	251	LOWER	0
1504.9329374999998	1505.1829374999998	432	THAN	0
1505.1829374999998	1505.9619374999997	275	NANCY'S	0
1516.640125	1516.9991249999998	375	SHE	1
1516.9991249999998	1517.4291249999999	490	WORE	1
1517.4291249999999	1517.9501249999998	471	WARM	1
1517.9501249999998	1518.5491249999998	158	FLEECY	1
1518.5491249999998	1519.070125	489	WOOLEN	1
1519.070125	1519.9291249999999	311	OVERALLS	1
1530.41525	1530.89525	354	READING	2
1530.89525	1531.16525	217	IN	2
1531.16525	1531.50425	335	POOR	2
1531.50425	1531.97525	240	LIGHT	2
1531.97525	1532.33525	181	GIVES	2
1532.33525	1532.5452500000001	495	YOU	2
1532.5452500000001	1533.35525	150	EYESTRAIN	2
1544.161	1544.591	142	EVEN	3
1544.591	1544.991	211	I	3
1544.991	1545.731	293	OCCASIONALLY	3
1545.731	1545.971	177	GET	3
1545.971	1546.101	434	THE	3
1546.101	1546.541	265	MONDAY	3
1546.541	1547.271	56	BLUES	3
1557.800875	1558.080875	476	WE	4
1558.080875	1558.249875	30	ARE	4
1558.249875	1558.6198749999999	301	OPEN	4
1558.6198749999999	1559.020875	145	EVERY	4
1559.020875	1559.439875	265	MONDAY	4
1559.439875	1560.240875	143	EVENING	4
1571.19175	1571.45175	226	IT'S	5
1571.45175	1571.70175	285	NOT	5
1571.70175	1572.0917499999998	133	EASY	5
1572.0917499999998	1572.24175	446	TO	5
1572.24175	1572.8017499999999	113	CREATE	5
1572.8017499999999	1573.5817499999998	215	ILLUMINATING	5
1573.5817499999998	1574.49175	146	EXAMPLES	5
1585.599875	1586.119875	270	MUM	6
1586.119875	1586.758875	407	STRONGLY	6
1586.758875	1587.429875	126	DISLIKES	6
1587.429875	1588.419875	27	APPETIZERS	6
1600.133875	1600.553875	443	THOSE	7
1600.553875	1600.683875	484	WHO	7
1600.683875	1601.043875	427	TEACH	7
1601.043875	1601.623875	462	VALUES	7
1601.623875	1601.7228750000002	99999	sp	7
1601.7228750000002	1602.1738750000002	156	FIRST	7
1602.1738750000002	1602.782875	4	ABOLISH	7
1602.782875	1603.363875	87	CHEATING	7
1615.88525	1616.03425	434	THE	8
1616.03425	1616.14525	99999	sp	8
1616.14525	1616.52525	165	FRIGHTENED	8
1616.52525	1617.04425	89	CHILD	8
1617.04425	1617.26525	472	WAS	8
1617.26525	1617.71525	176	GENTLY	8
1617.71525	1618.41425	410	SUBDUED	8
1618.41425	1618.63525	73	BY	8
1618.63525	1618.90425	208	HIS	8
1618.90425	1619.25525	52	BIG	8
1619.25525	1619.73525	66	BROTHER	8
1631.1115	1631.4805	142	EVEN	9
1631.4805	1631.5515	1	A	9
1631.5515	1632.0405	383	SIMPLE	9
1632.0405	1632.9315	468	VOCABULARY	9
1632.9315	1633.5905	104	CONTAINS	9
1633.5905	1634.2804999999998	422	SYMBOLS	9
1645.936	1646.046	1	A	10
1646.046	1646.135	99999	sp	10
1646.135	1646.466	110	CRAB	10
1646.466	1647.0649999999998	85	CHALLENGED	10
1647.0649999999998	1647.445	258	ME	10
1647.445	1647.5359999999998	99999	sp	10
1647.5359999999998	1647.706	70	BUT	10
1647.706	1647.7359999999999	1	A	10
1647.7359999999999	1648.0559999999998	350	QUICK	10
1648.0559999999998	1648.5359999999998	402	STAB	10
1648.5359999999998	1649.135	464	VANQUISHED	10
1649.135	1649.156	99999	sp	10
1649.156	1649.396	207	HIM	10
1661.330375	1662.001375	183	GLUCOSE	11
1662.001375	1662.140375	20	AND	11
1662.140375	1662.950375	167	FRUCTOSE	11
1662.950375	1663.140375	30	ARE	11
1663.140375	1663.6913749999999	276	NATURAL	11
1663.6913749999999	1664.260375	414	SUGARS	11
1664.260375	1664.571375	163	FOUND	11
1664.571375	1664.710375	217	IN	11
1664.710375	1665.251375	168	FRUIT	11
1675.14	1675.291	30	ARE	12
1675.291	1675.51	495	YOU	12
1675.51	1675.88	250	LOOKING	12
1675.88	1676.14	161	FOR	12
1676.14	1676.901	136	EMPLOYMENT	12
1690.0724375	1690.4224375	98	COFFEE	13
1690.4224375	1690.8024375	224	IS	13
1690.8024375	1691.2424375	198	GROWN	13
1691.2424375	1691.5214375	297	ON	13
1691.5214375	1692.0024375	404	STEEP	13
1692.0024375	1692.2924375	99999	sp	13
1692.2924375	1692.7424375	231	JUNGLE	13
1692.7424375	1692.9824375	241	LIKE	13
1692.9824375	1693.5924375	390	SLOPES	13
1693.5924375	1693.8224375	217	IN	13
1693.8224375	1694.3524375	431	TEMPERATE	13
1694.3524375	1694.9614375	497	ZONES	13
1705.7695	1706.0195	476	WE	14
1706.0195	1706.6395	480	WELCOME	14
1706.6395	1706.9895000000001	256	MANY	14
1706.9895000000001	1707.3005	282	NEW	14
1707.3005	1707.9105000000002	408	STUDENTS	14
1707.9105000000002	1708.2595000000001	132	EACH	14
1708.2595000000001	1708.6095000000003	491	YEAR	14
1719.27925	1719.6492500000002	298	ONLY	15
1719.6492500000002	1719.74025	434	THE	15
1719.74025	1720.1202500000002	51	BEST	15
1720.1202500000002	1720.6492500000002	330	PLAYERS	15
1720.6492500000002	1721.13025	139	ENJOY	15
1721.13025	1722.01025	336	POPULARITY	15
1732.373875	1733.0038749999999	75	CALCIUM	16
1733.0038749999999	1733.4038749999997	254	MAKES	16
1733.4038749999997	1733.993875	58	BONES	16
1733.993875	1734.1628749999998	99999	sp	16
1734.1628749999998	1734.442875	20	AND	16
1734.442875	1734.713875	430	TEETH	16
1734.713875	1735.3128749999998	406	STRONG	16
1746.2955	1746.7755	286	NOTHING	17
1746.7755	1747.0355	224	IS	17
1747.0355	1747.1944999999998	34	AS	17
1747.1944999999998	1747.8445	295	OFFENSIVE	17
1747.8445	1748.1555	34	AS	17
1748.1555	1748.9255	219	INNOCENCE	17
1760.1571875	1760.7161875000002	405	STEVE	18
1760.7161875000002	1760.7471875	99999	sp	18
1760.7471875	1761.0661875	490	WORE	18
1761.0661875	1761.0961875	1	A	18
1761.0961875	1761.5861875	65	BRIGHT	18
1761.5861875	1761.9071875	356	RED	18
1761.9071875	1762.4971875	78	CASHMERE	18
1762.4971875	1763.0471875	420	SWEATER	18
1773.4399158363296	1773.9935611994233	46	BARBS	19
1773.9935611994233	1774.282107728865	188	GOLD	19
1774.282107728865	1774.8631077288649	63	BRACELET	19
1774.8631077288649	1775.0931077288649	472	WAS	19
1775.0931077288649	1775.1331077288648	1	A	19
1775.1331077288648	1775.9421077288648	193	GRADUATION	19
1775.9421077288648	1776.542107728865	339	PRESENT	19
1788.6278125	1789.0378124999997	130	DRAW	20
1789.0378124999997	1789.4578124999998	145	EVERY	20
1789.4578124999998	1789.7778124999998	308	OUTER	20
1789.7778124999998	1790.1278125	244	LINE	20
1790.1278125	1790.7588124999997	156	FIRST	20
1790.7588124999997	1791.2788124999997	436	THEN	20
1791.2788124999997	1791.4978124999998	154	FILL	20
1791.4978124999998	1791.6488124999998	217	IN	20
1791.6488124999998	1791.8288125	434	THE	20
1791.8288125	1792.5388124999997	222	INTERIOR	20
1804.4816875	1804.6306874999998	434	THE	21
1804.6306874999998	1805.0916874999998	475	WATER	21
1805.0916874999998	1805.8416874999998	103	CONTAINED	21
1805.8416874999998	1806.0316874999999	448	TOO	21
1806.0316874999999	1806.3216874999998	269	MUCH	21
1806.3216874999998	1807.1306874999998	90	CHLORINE	21
1807.1306874999998	1807.3906874999998	20	AND	21
1807.3906874999998	1807.7906874999999	409	STUNG	21
1807.7906874999999	1808.0106875	208	HIS	21
1808.0106875	1808.6206874999998	149	EYES	21
1819.309	1819.7189999999998	229	JOHN'S	22
1819.7189999999998	1820.2189999999998	66	BROTHER	22
1820.2189999999998	1820.809	363	REPAINTED	22
1820.809	1820.879	434	THE	22
1820.879	1821.379	173	GARAGE	22
1821.379	1821.889	129	DOOR	22
1833.0144375	1833.6454375	84	CHALLENGE	23
1833.6454375	1834.0644375	132	EACH	23
1834.0644375	1834.7154375	175	GENERAL'S	23
1834.7154375	1835.7444375	221	INTELLIGENCE	23
1847.304125	1848.2931250000001	17	AMBIDEXTROUS	24
1848.2931250000001	1849.0331250000002	327	PICKPOCKETS	24
1849.0331250000002	1849.583125	6	ACCOMPLISH	24
1849.583125	1849.973125	267	MORE	24
1860.4666875	1860.5276875000002	1	A	25
1860.5276875000002	1861.1976875	271	MUSCULAR	25
1861.1976875	1861.7666875	2	ABDOMEN	25
1861.7666875	1862.0166875	224	IS	25
1862.0166875	1862.3076875000002	189	GOOD	25
1862.3076875000002	1862.3966875	161	FOR	25
1862.3966875	1862.6376875	496	YOUR	25
1862.6376875	1863.1766875	43	BACK	25
1874.568125	1874.9581249999999	438	THEY	26
1874.9581249999999	1875.188125	317	OWN	26
1875.188125	1875.2481249999998	1	A	26
1875.2481249999998	1875.608125	52	BIG	26
1875.608125	1875.628125	99999	sp	26
1875.628125	1876.158125	209	HOUSE	26
1876.158125	1876.2681249999998	217	IN	26
1876.2681249999998	1876.328125	434	THE	26
1876.328125	1876.7681249999998	361	REMOTE	26
1876.7681249999998	1877.6991249999999	109	COUNTRYSIDE	26
1887.774375	1887.944375	434	THE	27
1887.944375	1888.405375	369	ROSE	27
1888.405375	1889.274375	106	CORSAGE	27
1889.274375	1889.714375	393	SMELLED	27
1889.714375	1890.364375	421	SWEET	27
1900.4109375	1900.7419375000002	433	THAT	28
1900.7419375000002	1901.3819375	326	PICKPOCKET	28
1901.3819375	1901.6319375	472	WAS	28
1901.6319375	1901.9819375	80	CAUGHT	28
1901.9819375	1902.3219375	356	RED	28
1902.3219375	1902.8619375	199	HANDED	28
1902.8619375	1903.0119375000002	19	AN	28
1915.2467366941737	1915.8667366941736	9	ADULT	29
1915.8667366941736	1916.2557366941737	255	MALE	29
1916.2557366941737	1916.9267366941738	42	BABOON'S	29
1916.9267366941738	1917.4067366941736	430	TEETH	29
1917.4067366941736	1917.5567366941737	30	ARE	29
1917.5567366941737	1917.8167366941736	285	NOT	29
1917.8167366941736	1918.3567366941736	415	SUITABLE	29
1918.3567366941736	1918.5367366941737	161	FOR	29
1918.5367366941737	1918.9167366941738	135	EATING	29
1918.9167366941738	1919.7257366941737	376	SHELLFISH	29
1930.6150625	1930.8550625	204	HER	30
1930.8550625	1931.4750625	470	WARDROBE	30
1931.4750625	1932.2050625	102	CONSISTS	30
1932.2050625	1932.4040625	294	OF	30
1932.4040625	1932.7950625	298	ONLY	30
1932.7950625	1933.3050624999998	385	SKIRTS	30
1933.3050624999998	1933.4550625	20	AND	30
1933.4550625	1934.2050625	54	BLOUSES	30
1944.1903125	1944.3203125	434	THE	31
1944.3203125	1944.7003124999999	453	TWO	31
1944.7003124999999	1945.3503125	33	ARTISTS	31
1945.3503125	1946.1503125	147	EXCHANGED	31
1946.1503125	1947.0493125	39	AUTOGRAPHS	31
1958.21125	1959.1112500000002	71	BUTTERSCOTCH	32
1959.1112500000002	1959.6312500000001	169	FUDGE	32
1959.6312500000001	1959.98125	186	GOES	32
1959.98125	1960.3712500000001	481	WELL	32
1960.3712500000001	1960.5312500000002	487	WITH	32
1960.5312500000002	1960.9912500000003	463	VANILLA	32
1960.9912500000003	1961.3112500000002	212	ICE	32
1961.3112500000002	1961.66125	112	CREAM	32
1972.745375	1973.205375	366	RICH	33
1973.205375	1973.7353750000002	349	PURCHASED	33
1973.7353750000002	1974.355375	374	SEVERAL	33
1974.355375	1974.8053750000001	382	SIGNED	33
1974.8053750000001	1975.745375	245	LITHOGRAPHS	33
1986.880625	1987.2396250000002	24	ANY	34
1987.2396250000002	1988.1806250000002	105	CONTRIBUTIONS	34
1988.1806250000002	1988.290625	485	WILL	34
1988.290625	1988.4406250000002	47	BE	34
1988.4406250000002	1988.9106250000002	195	GREATLY	34
1988.9106250000002	1989.790625	28	APPRECIATED	34
2001.399875	2001.5598750000001	434	THE	35
2001.5598750000001	2002.2898750000002	111	CRANBERRY	35
2002.2898750000002	2002.8398750000001	57	BOG	35
2002.8398750000001	2003.109875	178	GETS	35
2003.109875	2003.5798750000001	465	VERY	35
2003.5798750000001	2004.0498750000002	340	PRETTY	35
2004.0498750000002	2004.2488750000002	217	IN	35
2004.2488750000002	2004.7598750000002	40	AUTUMN	35
2014.7645	2015.0245	210	HOW	36
2015.0245	2015.2645	128	DO	36
2015.2645	2015.8545	318	OYSTERS	36
2015.8545	2016.1844999999998	253	MAKE	36
2016.1844999999998	2016.7935	320	PEARLS	36
2028.3788125	2028.6988125	257	MAY	37
2028.6988125	2028.8388125	211	I	37
2028.8388125	2029.3788125	304	ORDER	37
2029.3788125	2029.4378125	1	A	37
2029.4378125	2030.1678125	319	PARFAIT	37
2030.1678125	2030.6488125	10	AFTER	37
2030.6488125	2030.7488125	211	I	37
2030.7488125	2031.0088125	134	EAT	37
2031.0088125	2031.3988125	124	DINNER	37
2041.2154375	2041.3554375	224	IS	38
2041.3554375	2041.5954375000001	375	SHE	38
2041.5954375000001	2041.9154375	187	GOING	38
2041.9154375	2042.1554375	487	WITH	38
2042.1554375	2042.3654375	495	YOU	38
2053.567	2053.886	76	CAN	39
2053.886	2054.076	434	THE	39
2054.076	2054.727	11	AGENCY	39
2054.727	2055.467	315	OVERTHROW	39
2055.467	2056.006	13	ALIEN	39
2056.006	2056.737	162	FORCES	39
2068.7148703627686	2068.7731594102574	1	A	40
2068.7731594102574	2069.613159410257	371	SCREWDRIVER	40
2069.613159410257	2069.8821594102574	224	IS	40
2069.8821594102574	2070.213159410257	252	MADE	40
2070.213159410257	2070.4731594102573	166	FROM	40
2070.4731594102573	2070.872159410257	469	VODKA	40
2070.872159410257	2071.2521594102573	20	AND	40
2071.2521594102573	2071.7031594102573	303	ORANGE	40
2071.7031594102573	2072.303159410257	230	JUICE	40
2081.9964375	2082.2274374999997	210	HOW	41
2082.2274374999997	2082.5174374999997	269	MUCH	41
2082.5174374999997	2083.0674375	16	ALLOWANCE	41
2083.0674375	2083.1764375	128	DO	41
2083.1764375	2083.3764375	495	YOU	41
2083.3764375	2083.8374375	177	GET	41
2094.9955625	2095.6345624999994	115	CYCLICAL	42
2095.6345624999994	2096.2855624999997	346	PROGRAMS	42
2096.2855624999997	2096.4445624999994	485	WILL	42
2096.4445624999994	2096.8755624999994	281	NEVER	42
2096.8755624999994	2097.6555624999996	100	COMPILE	42
2108.6216875	2108.7516875	434	THE	43
2108.7516875	2109.3526875000002	61	BOSTON	43
2109.3526875000002	2109.8926875	45	BALLET	43
2109.8926875	2110.4916875	312	OVERCAME	43
2110.4916875	2110.6916875	435	THEIR	43
2110.6916875	2111.1916875	170	FUNDING	43
2111.1916875	2111.9126875	380	SHORTAGE	43
2122.0915625	2122.4705624999997	145	EVERY	44
2122.4705624999997	2122.8605625	74	CAB	44
2122.8605625	2123.2115624999997	280	NEEDS	44
2123.2115624999997	2123.9315625	364	REPAINTING	44
2123.9315625	2124.4705624999997	296	OFTEN	44
2134.5045625	2134.8345624999997	203	HELP	45
2134.8345624999997	2135.1835625	196	GREG	45
2135.1835625	2135.3035624999998	446	TO	45
2135.3035624999998	2135.5945625	325	PICK	45
2135.5945625	2135.6345625	1	A	45
2135.6345625	2135.9335625	321	PECK	45
2135.9335625	2136.0645624999997	294	OF	45
2136.0645624999997	2136.8845625	338	POTATOES	45
2147.1876875	2147.4576875	476	WE	46
2147.4576875	2147.7176875	241	LIKE	46
2147.7176875	2147.7276875	99999	sp	46
2147.7276875	2147.9976874999998	55	BLUE	46
2147.9976874999998	2148.5276875	88	CHEESE	46
2148.5276875	2148.6966875	70	BUT	46
2148.6966875	2149.1266874999997	466	VICTOR	46
2149.1266874999997	2149.4876875	242	LIKES	46
2149.4876875	2149.9676875	64	BRIE	46
2161.647375	2162.028375	108	COUNT	47
2162.028375	2162.108375	434	THE	47
2162.108375	2162.548375	289	NUMBER	47
2162.548375	2162.647375	294	OF	47
2162.647375	2163.387375	429	TEASPOONS	47
2163.387375	2163.4473749999997	294	OF	47
2163.4473749999997	2164.2283749999997	395	SOYSAUCE	47
2164.2283749999997	2164.338375	433	THAT	47
2164.338375	2164.568375	495	YOU	47
2164.568375	2164.9383749999997	7	ADD	47
2175.703625	2176.393625	44	BAGPIPES	48
2176.393625	2176.5436250000002	20	AND	48
2176.5436250000002	2177.243625	59	BONGOS	48
2177.243625	2177.413625	30	ARE	48
2177.413625	2177.993625	273	MUSICAL	48
2177.993625	2178.812625	220	INSTRUMENTS	48
2188.5846875	2188.9236875	210	HOW	49
2188.9236875	2189.1546875000004	189	GOOD	49
2189.1546875000004	2189.2936875	224	IS	49
2189.2936875	2189.5436875	496	YOUR	49
2189.5436875	2190.3346875	138	ENDURANCE	49
2951.7073101963597	2952.271642902378	354	READING	2
2952.271642902378	2952.5180416895128	217	IN	2
2952.5180416895128	2952.8033819419397	335	POOR	2
2952.8033819419397	2953.27238194194	240	LIGHT	2
2953.27238194194	2953.61238194194	181	GIVES	2
2953.61238194194	2953.8123819419397	495	YOU	2
2953.8123819419397	2954.6223819419397	150	EYESTRAIN	2
2964.873375	2965.263375	142	EVEN	3
2965.263375	2965.643375	211	I	3
2965.643375	2966.3833750000003	293	OCCASIONALLY	3
2966.3833750000003	2966.594375	177	GET	3
2966.594375	2966.703375	434	THE	3
2966.703375	2967.1443750000003	265	MONDAY	3
2967.1443750000003	2967.7943750000004	56	BLUES	3
2977.7719375	2978.1209375000003	476	WE	4
2978.1209375000003	2978.3119375	30	ARE	4
2978.3119375	2978.7109375000005	301	OPEN	4
2978.7109375000005	2979.0919375000003	145	EVERY	4
2979.0919375000003	2979.5219375	265	MONDAY	4
2979.5219375	2980.2419375000004	143	EVENING	4
2991.297125	2991.566125	226	IT'S	5
2991.566125	2991.886125	285	NOT	5
2991.886125	2992.306125	133	EASY	5
2992.306125	2992.466125	446	TO	5
2992.466125	2993.096125	113	CREATE	5
2993.096125	2993.836125	215	ILLUMINATING	5
2993.836125	2994.736125	146	EXAMPLES	5
3003.9665625	3004.4065625	270	MUM	6
3004.4065625	3005.0175624999997	407	STRONGLY	6
3005.0175624999997	3005.6565625	126	DISLIKES	6
3005.6565625	3006.6365625	27	APPETIZERS	6
3016.6563125	3017.1363125	443	THOSE	7
3017.1363125	3017.2863124999994	484	WHO	7
3017.2863124999994	3017.6863124999995	427	TEACH	7
3017.6863124999995	3018.2663124999995	462	VALUES	7
3018.2663124999995	3018.2963124999997	99999	sp	7
3018.2963124999997	3018.7863124999994	156	FIRST	7
3018.7863124999994	3019.4363124999995	4	ABOLISH	7
3019.4363124999995	3019.4963124999995	99999	sp	7
3019.4963124999995	3019.9863124999997	87	CHEATING	7
3030.49375	3030.69475	434	THE	8
3030.69475	3031.20375	165	FRIGHTENED	8
3031.20375	3031.74375	89	CHILD	8
3031.74375	3031.97475	472	WAS	8
3031.97475	3032.39475	176	GENTLY	8
3032.39475	3033.06375	410	SUBDUED	8
3033.06375	3033.27375	73	BY	8
3033.27375	3033.49375	208	HIS	8
3033.49375	3033.76375	52	BIG	8
3033.76375	3034.29375	66	BROTHER	8
3045.6316875	3046.1226875	142	EVEN	9
3046.1226875	3046.1916875	1	A	9
3046.1916875	3046.6316875	383	SIMPLE	9
3046.6316875	3047.5216875000006	468	VOCABULARY	9
3047.5216875000006	3048.1616875000004	104	CONTAINS	9
3048.1616875000004	3048.9116875000004	422	SYMBOLS	9
3059.8926875	3060.0216875	1	A	10
3060.0216875	3060.4726875	110	CRAB	10
3060.4726875	3061.0116875000003	85	CHALLENGED	10
3061.0116875000003	3061.0516875000003	99999	sp	10
3061.0516875000003	3061.3516875	258	ME	10
3061.3516875	3061.6516875	70	BUT	10
3061.6516875	3061.7316875	1	A	10
3061.7316875	3062.0326875	350	QUICK	10
3062.0326875	3062.4816875	402	STAB	10
3062.4816875	3062.5116875000003	99999	sp	10
3062.5116875000003	3063.0916875000003	464	VANQUISHED	10
3063.0916875000003	3063.3416875000003	207	HIM	10
3075.01525	3075.72525	183	GLUCOSE	11
3075.72525	3075.8952499999996	20	AND	11
3075.8952499999996	3076.61525	167	FRUCTOSE	11
3076.61525	3076.76525	30	ARE	11
3076.76525	3077.3352499999996	276	NATURAL	11
3077.3352499999996	3077.8862499999996	414	SUGARS	11
3077.8862499999996	3077.9362499999997	99999	sp	11
3077.9362499999997	3078.26525	163	FOUND	11
3078.26525	3078.40525	217	IN	11
3078.40525	3078.97525	168	FRUIT	11
3088.710875	3088.890875	30	ARE	12
3088.890875	3089.160875	495	YOU	12
3089.160875	3089.5108750000004	250	LOOKING	12
3089.5108750000004	3089.790875	161	FOR	12
3089.790875	3090.580875	136	EMPLOYMENT	12
3102.39325	3102.7332499999998	98	COFFEE	13
3102.7332499999998	3103.13325	224	IS	13
3103.13325	3103.5032499999998	198	GROWN	13
3103.5032499999998	3103.70325	297	ON	13
3103.70325	3104.21325	404	STEEP	13
3104.21325	3104.7532499999998	231	JUNGLE	13
3104.7532499999998	3104.97325	241	LIKE	13
3104.97325	3105.54225	390	SLOPES	13
3105.54225	3105.71325	217	IN	13
3105.71325	3106.15325	431	TEMPERATE	13
3106.15325	3106.83325	497	ZONES	13
3116.202	3116.4010000000003	476	WE	14
3116.4010000000003	3116.9220000000005	480	WELCOME	14
3116.9220000000005	3117.1920000000005	256	MANY	14
3117.1920000000005	3117.492	282	NEW	14
3117.492	3118.0620000000004	408	STUDENTS	14
3118.0620000000004	3118.342	132	EACH	14
3118.342	3118.6620000000003	491	YEAR	14
3127.750875	3128.100875	298	ONLY	15
3128.100875	3128.1908750000002	434	THE	15
3128.1908750000002	3128.6308750000003	51	BEST	15
3128.6308750000003	3129.120875	330	PLAYERS	15
3129.120875	3129.600875	139	ENJOY	15
3129.600875	3130.5108750000004	336	POPULARITY	15
3139.5925625	3140.2925625	75	CALCIUM	16
3140.2925625	3140.6115624999998	254	MAKES	16
3140.6115624999998	3141.0725625	58	BONES	16
3141.0725625	3141.3025625	20	AND	16
3141.3025625	3141.5625625	430	TEETH	16
3141.5625625	3142.2325625	406	STRONG	16
3150.780875	3151.300875	286	NOTHING	17
3151.300875	3151.479875	224	IS	17
3151.479875	3151.660875	34	AS	17
3151.660875	3152.300875	295	OFFENSIVE	17
3152.300875	3152.500875	34	AS	17
3152.500875	3153.270875	219	INNOCENCE	17
3163.001125	3163.6211249999997	405	STEVE	18
3163.6211249999997	3163.651125	99999	sp	18
3163.651125	3163.941125	490	WORE	18
3163.941125	3163.9911249999996	1	A	18
3163.9911249999996	3164.5311249999995	65	BRIGHT	18
3164.5311249999995	3164.8401249999997	356	RED	18
3164.8401249999997	3165.4711249999996	78	CASHMERE	18
3165.4711249999996	3166.0211249999998	420	SWEATER	18
3176.06375	3176.59375	46	BARB'S	19
3176.59375	3176.96375	188	GOLD	19
3176.96375	3177.6037499999998	63	BRACELET	19
3177.6037499999998	3177.7527499999997	472	WAS	19
3177.7527499999997	3177.83375	1	A	19
3177.83375	3178.61375	193	GRADUATION	19
3178.61375	3179.19375	339	PRESENT	19
3189.932	3190.3219999999997	130	DRAW	20
3190.3219999999997	3190.7919999999995	145	EVERY	20
3190.7919999999995	3191.0919999999996	308	OUTER	20
3191.0919999999996	3191.4219999999996	244	LINE	20
3191.4219999999996	3192.0319999999997	156	FIRST	20
3192.0319999999997	3192.3719999999994	436	THEN	20
3192.3719999999994	3192.6719999999996	154	FILL	20
3192.6719999999996	3192.8419999999996	217	IN	20
3192.8419999999996	3193.0119999999997	434	THE	20
3193.0119999999997	3193.7919999999995	222	INTERIOR	20
3203.7425	3203.8635	434	THE	21
3203.8635	3204.2735	475	WATER	21
3204.2735	3204.9435	103	CONTAINED	21
3204.9435	3205.1135	448	TOO	21
3205.1135	3205.4334999999996	269	MUCH	21
3205.4334999999996	3206.1535	90	CHLORINE	21
3206.1535	3206.3235	20	AND	21
3206.3235	3206.6335	409	STUNG	21
3206.6335	3206.8435	208	HIS	21
3206.8435	3207.4134999999997	149	EYES	21
3217.939375	3218.350375	229	JOHN'S	22
3218.350375	3218.770375	66	BROTHER	22
3218.770375	3219.360375	363	REPAINTED	22
3219.360375	3219.439375	434	THE	22
3219.439375	3219.939375	173	GARAGE	22
3219.939375	3220.410375	129	DOOR	22
3230.2471875	3230.8171875000003	84	CHALLENGE	23
3230.8171875000003	3231.2381875	132	EACH	23
3231.2381875	3231.8771875	175	GENERAL'S	23
3231.8771875	3232.8481875	221	INTELLIGENCE	23
3243.5231875	3244.4931875	17	AMBIDEXTROUS	24
3244.4931875	3245.1731875	327	PICKPOCKETS	24
3245.1731875	3245.7431875	6	ACCOMPLISH	24
3245.7431875	3246.1621875	267	MORE	24
3255.963375	3256.0833749999997	1	A	25
3256.0833749999997	3256.7633749999995	271	MUSCULAR	25
3256.7633749999995	3257.3133749999997	2	ABDOMEN	25
3257.3133749999997	3257.5233749999998	224	IS	25
3257.5233749999998	3257.8043749999997	189	GOOD	25
3257.8043749999997	3257.8933749999997	161	FOR	25
3257.8933749999997	3258.1343749999996	496	YOUR	25
3258.1343749999996	3258.673375	43	BACK	25
3269.10475	3269.50375	438	THEY	26
3269.50375	3269.69375	317	OWN	26
3269.69375	3269.75375	1	A	26
3269.75375	3270.0947499999997	52	BIG	26
3270.0947499999997	3270.6147499999997	209	HOUSE	26
3270.6147499999997	3270.72475	217	IN	26
3270.72475	3270.78475	434	THE	26
3270.78475	3271.1547499999997	361	REMOTE	26
3271.1547499999997	3272.16475	109	COUNTRYSIDE	26
3281.784125	3281.9431250000002	434	THE	27
3281.9431250000002	3282.3831250000003	369	ROSE	27
3282.3831250000003	3283.2031250000005	106	CORSAGE	27
3283.2031250000005	3283.684125	393	SMELLED	27
3283.684125	3284.2141250000004	421	SWEET	27
3293.051375	3293.4403749999997	433	THAT	28
3293.4403749999997	3294.111375	326	PICKPOCKET	28
3294.111375	3294.330375	472	WAS	28
3294.330375	3294.671375	80	CAUGHT	28
3294.671375	3294.9313749999997	356	RED	28
3294.9313749999997	3295.491375	199	HANDED	28
3307.6493125	3307.8283125000003	19	AN	29
3307.8283125000003	3308.3183125	9	ADULT	29
3308.3183125	3308.6383125	255	MALE	29
3308.6383125	3309.3183125	42	BABOON'S	29
3309.3183125	3309.8693125	430	TEETH	29
3309.8693125	3309.9893125000003	30	ARE	29
3309.9893125000003	3310.2493125	285	NOT	29
3310.2493125	3310.8283125000003	415	SUITABLE	29
3310.8283125000003	3310.9693125000003	161	FOR	29
3310.9693125000003	3311.3183125	135	EATING	29
3311.3183125	3312.1093125	376	SHELLFISH	29
3321.5246875	3321.7956875	204	HER	30
3321.7956875	3322.4746875	470	WARDROBE	30
3322.4746875	3323.0946875	102	CONSISTS	30
3323.0946875	3323.3156875	294	OF	30
3323.3156875	3323.6956875	298	ONLY	30
3323.6956875	3324.2056875	385	SKIRTS	30
3324.2056875	3324.3556875	20	AND	30
3324.3556875	3325.0756874999997	54	BLOUSES	30
3334.8226875	3335.0326875	434	THE	31
3335.0326875	3335.4026875	453	TWO	31
3335.4026875	3336.0016875	33	ARTISTS	31
3336.0016875	3336.7226875	147	EXCHANGED	31
3336.7226875	3337.5726875	39	AUTOGRAPHS	31
3347.70575	3348.3957499999997	71	BUTTERSCOTCH	32
3348.3957499999997	3348.45575	99999	sp	32
3348.45575	3348.91475	169	FUDGE	32
3348.91475	3349.24575	186	GOES	32
3349.24575	3349.60475	481	WELL	32
3349.60475	3349.77575	487	WITH	32
3349.77575	3350.22475	463	VANILLA	32
3350.22475	3350.48575	212	ICE	32
3350.48575	3350.8447499999997	112	CREAM	32
3359.949875	3360.389875	366	RICH	33
3360.389875	3360.9108749999996	349	PURCHASED	33
3360.9108749999996	3361.4608749999998	374	SEVERAL	33
3361.4608749999998	3361.920875	382	SIGNED	33
3361.920875	3362.7908749999997	245	LITHOGRAPHS	33
3374.05075	3374.35975	24	ANY	34
3374.35975	3375.37075	105	CONTRIBUTIONS	34
3375.37075	3375.4697499999997	485	WILL	34
3375.4697499999997	3375.62075	47	BE	34
3375.62075	3376.08075	195	GREATLY	34
3376.08075	3376.84075	28	APPRECIATED	34
3386.7694375	3386.8994374999997	434	THE	35
3386.8994374999997	3387.5394375	111	CRANBERRY	35
3387.5394375	3387.9794375	57	BOG	35
3387.9794375	3388.2894375	178	GETS	35
3388.2894375	3388.7484375	465	VERY	35
3388.7484375	3389.1594375	340	PRETTY	35
3389.1594375	3389.3084375	217	IN	35
3389.3084375	3389.7694375	40	AUTUMN	35
3398.460875	3398.760875	210	HOW	36
3398.760875	3399.010875	128	DO	36
3399.010875	3399.501875	318	OYSTERS	36
3399.501875	3399.721875	253	MAKE	36
3399.721875	3400.401875	320	PEARLS	36
3410.8235	3411.1445	257	MAY	37
3411.1445	3411.2745	211	I	37
3411.2745	3411.7445	304	ORDER	37
3411.7445	3411.8044999999997	1	A	37
3411.8044999999997	3412.4745	319	PARFAIT	37
3412.4745	3412.8644999999997	10	AFTER	37
3412.8644999999997	3412.9244999999996	211	I	37
3412.9244999999996	3413.1744999999996	134	EAT	37
3413.1744999999996	3413.5735	124	DINNER	37
3422.6520625	3422.8130625	224	IS	38
3422.8130625	3423.0320625	375	SHE	38
3423.0320625	3423.4020625	187	GOING	38
3423.4020625	3423.5530624999997	487	WITH	38
3423.5530624999997	3423.8930625	495	YOU	38
3434.413	3434.6730000000002	76	CAN	39
3434.6730000000002	3434.832	434	THE	39
3434.832	3435.4230000000002	11	AGENCY	39
3435.4230000000002	3436.143	315	OVERTHROW	39
3436.143	3436.643	13	ALIEN	39
3436.643	3437.363	162	FORCES	39
3446.7993938488485	3446.8993938488484	1	A	40
3446.8993938488484	3447.7093938488483	371	SCREWDRIVER	40
3447.7093938488483	3447.9083938488484	224	IS	40
3447.9083938488484	3448.1893938488483	252	MADE	40
3448.1893938488483	3448.2393938488485	99999	sp	40
3448.2393938488485	3448.4493938488486	166	FROM	40
3448.4493938488486	3448.8693938488486	469	VODKA	40
3448.8693938488486	3449.1583938488484	20	AND	40
3449.1583938488484	3449.5593938488487	303	ORANGE	40
3449.5593938488487	3450.0493938488485	230	JUICE	40
3458.4760625	3458.6260625	210	HOW	41
3458.6260625	3458.8860624999998	269	MUCH	41
3458.8860624999998	3459.3950624999998	16	ALLOWANCE	41
3459.3950624999998	3459.5060624999996	128	DO	41
3459.5060624999996	3459.6560624999997	495	YOU	41
3459.6560624999997	3460.1060624999996	177	GET	41
3469.7866875	3470.3966875	115	CYCLICAL	42
3470.3966875	3471.0756874999997	346	PROGRAMS	42
3471.0756874999997	3471.2366875	485	WILL	42
3471.2366875	3471.5756874999997	281	NEVER	42
3471.5756874999997	3472.2766874999998	100	COMPILE	42
3482.2225625	3482.3715625	434	THE	43
3482.3715625	3482.9225625000004	61	BOSTON	43
3482.9225625000004	3483.4915625000003	45	BALLET	43
3483.4915625000003	3484.1415625000004	312	OVERCAME	43
3484.1415625000004	3484.3525625	435	THEIR	43
3484.3525625	3484.8125625000002	170	FUNDING	43
3484.8125625000002	3485.4915625000003	380	SHORTAGE	43
3494.687875	3495.028875	145	EVERY	44
3495.028875	3495.3988750000003	74	CAB	44
3495.3988750000003	3495.738875	280	NEEDS	44
3495.738875	3496.408875	364	REPAINTING	44
3496.408875	3496.908875	296	OFTEN	44
3506.675875	3506.976875	203	HELP	45
3506.976875	3507.336875	196	GREG	45
3507.336875	3507.456875	446	TO	45
3507.456875	3507.775875	325	PICK	45
3507.775875	3507.8268749999997	1	A	45
3507.8268749999997	3508.1168749999997	321	PECK	45
3508.1168749999997	3508.266875	294	OF	45
3508.266875	3509.086875	338	POTATOES	45
3518.6768125	3518.8958125	476	WE	46
3518.8958125	3519.1968125	241	LIKE	46
3519.1968125	3519.3858124999997	55	BLUE	46
3519.3858124999997	3519.8658124999997	88	CHEESE	46
3519.8658124999997	3520.0968125	70	BUT	46
3520.0968125	3520.4168124999997	466	VICTOR	46
3520.4168124999997	3520.7458125	242	LIKES	46
3520.7458125	3521.1968125	64	BRIE	46
3531.55825	3532.0482500000003	108	COUNT	47
3532.0482500000003	3532.10725	434	THE	47
3532.10725	3532.5282500000003	289	NUMBER	47
3532.5282500000003	3532.60725	294	OF	47
3532.60725	3532.62825	99999	sp	47
3532.62825	3533.31725	429	TEASPOONS	47
3533.31725	3533.37825	294	OF	47
3533.37825	3534.12825	395	SOYSAUCE	47
3534.12825	3534.28825	433	THAT	47
3534.28825	3534.45725	495	YOU	47
3534.45725	3534.7582500000003	7	ADD	47
3544.8403125	3545.6703125	44	BAGPIPES	48
3545.6703125	3545.8203125	20	AND	48
3545.8203125	3546.5103125	59	BONGOS	48
3546.5103125	3546.6503125	30	ARE	48
3546.6503125	3547.2203125	273	MUSICAL	48
3547.2203125	3547.9993125	220	INSTRUMENTS	48
3556.82625	3557.13625	210	HOW	49
3557.13625	3557.38625	189	GOOD	49
3557.38625	3557.54625	224	IS	49
3557.54625	3557.74625	496	YOUR	49
3557.74625	3558.58625	138	ENDURANCE	49
