612.1138125	612.1988125	434	THE	8
612.1988125	612.6098125	165	FRIGHTENED	8
612.6098125	613.0188125	89	CHILD	8
613.0188125	613.3228124999999	472	WAS	8
613.3228124999999	613.6288125	176	GENTLY	8
613.6288125	614.1738124999999	410	SUBDUED	8
614.1738124999999	614.3598125	73	BY	8
614.3598125	614.6238125	208	HIS	8
614.6238125	615.0558125	52	BIG	8
615.0558125	615.4398125	66	BROTHER	8
624.5959375	624.7739375	438	THEY	26
624.7739375	625.0139375	317	OWN	26
625.0139375	625.1409375000001	1	A	26
625.1409375000001	625.3339375	52	BIG	26
625.3339375	625.7249375	209	HOUSE	26
625.7249375	625.9679375000001	217	IN	26
625.9679375000001	626.0739375	434	THE	26
626.0739375	626.4849375	361	REMOTE	26
626.4849375	627.2429374999999	109	COUNTRYSIDE	26
635.080875	635.215875	210	HOW	41
635.215875	635.486875	269	MUCH	41
635.486875	635.947875	16	ALLOWANCE	41
635.947875	636.035875	128	DO	41
636.035875	636.226875	495	YOU	41
636.226875	636.456875	177	GET	41
645.0114375	645.1314375000001	476	WE	46
645.1314375000001	645.3964375	241	LIKE	46
645.3964375	645.6054375000001	55	BLUE	46
645.6054375000001	646.0214375	88	CHEESE	46
646.0214375	646.1614375	70	BUT	46
646.1614375	646.5314375	466	VICTOR	46
646.5314375	646.8724375	242	LIKES	46
646.8724375	647.2024375000001	64	BRIE	46
655.34075	655.6027499999999	226	IT'S	5
655.6027499999999	655.82475	285	NOT	5
655.82475	656.2027499999999	133	EASY	5
656.2027499999999	656.3417499999999	446	TO	5
656.3417499999999	656.6027499999999	113	CREATE	5
656.6027499999999	657.3427499999999	215	ILLUMINATING	5
657.3427499999999	658.15275	146	EXAMPLES	5
666.8285625	667.1395624999999	145	EVERY	44
667.1395624999999	667.4405624999999	74	CAB	44
667.4405624999999	667.7665625	280	NEEDS	44
667.7665625	668.2715625	364	REPAINTING	44
668.2715625	668.8405624999999	296	OFTEN	44
676.277375	676.470375	434	THE	43
676.470375	677.097375	61	BOSTON	43
677.097375	677.709375	45	BALLET	43
677.709375	678.263375	312	OVERCAME	43
678.263375	678.447375	435	THEIR	43
678.447375	678.843375	170	FUNDING	43
678.843375	679.463375	380	SHORTAGE	43
687.59575	687.9767499999999	366	RICH	33
687.9767499999999	688.7827499999999	349	PURCHASED	33
688.7827499999999	689.4457499999999	374	SEVERAL	33
689.4457499999999	690.0297499999999	382	SIGNED	33
690.0297499999999	690.29275	99999	sp	33
690.29275	691.18975	245	LITHOGRAPHS	33
699.956625	700.178625	434	THE	31
700.178625	700.4016250000001	453	TWO	31
700.4016250000001	700.9236250000001	33	ARTISTS	31
700.9236250000001	701.670625	147	EXCHANGED	31
701.670625	702.4406250000001	39	AUTOGRAPHS	31
711.756	712.204	183	GLUCOSE	11
712.204	712.4399999999999	20	AND	11
712.4399999999999	713.1099999999999	167	FRUCTOSE	11
713.1099999999999	713.353	30	ARE	11
713.353	713.81	276	NATURAL	11
713.81	714.3599999999999	414	SUGARS	11
714.3599999999999	714.611	99999	sp	11
714.611	714.92	163	FOUND	11
714.92	715.04	217	IN	11
715.04	715.3599999999999	168	FRUIT	11
723.2853125	723.6303125000001	203	HELP	45
723.6303125000001	724.1573125	196	GREG	45
724.1573125	724.3423125	446	TO	45
724.3423125	724.7263125000001	325	PICK	45
724.7263125000001	724.8843125000001	99999	sp	45
724.8843125000001	725.0413125	1	A	45
725.0413125	725.3363125000001	321	PECK	45
725.3363125000001	725.5493125	294	OF	45
725.5493125	726.2163125000001	338	POTATOES	45
734.7273125	735.1183125	270	MUM	6
735.1183125	735.6713125000001	407	STRONGLY	6
735.6713125000001	736.0793125	126	DISLIKES	6
736.0793125	736.9583125	27	APPETIZERS	6
743.2499375	743.5089375	257	MAY	37
743.5089375	743.6889375000001	211	I	37
743.6889375000001	744.0599374999999	304	ORDER	37
744.0599374999999	744.1419375	1	A	37
744.1419375	744.5199375	319	PARFAIT	37
744.5199375	744.8189375	10	AFTER	37
744.8189375	744.9199375000001	211	I	37
744.9199375000001	745.1799375	134	EAT	37
745.1799375	745.5399375	124	DINNER	37
754.253125	754.497125	108	COUNT	47
754.497125	754.578125	434	THE	47
754.578125	754.987125	289	NUMBER	47
754.987125	755.132125	294	OF	47
755.132125	755.737125	429	TEASPOONS	47
755.737125	755.828125	294	OF	47
755.828125	756.428125	395	SOYSAUCE	47
756.428125	756.558125	433	THAT	47
756.558125	756.717125	495	YOU	47
756.717125	757.122125	7	ADD	47
764.491964542391	764.9309645423909	229	JOHN'S	22
764.9309645423909	765.2139645423911	66	BROTHER	22
765.2139645423911	765.7809645423911	363	REPAINTED	22
765.7809645423911	765.8769645423911	434	THE	22
765.8769645423911	766.5279645423909	173	GARAGE	22
774.2576875	774.5936875	354	READING	2
774.5936875	774.8486875	217	IN	2
774.8486875	775.1456875	335	POOR	2
775.1456875	775.4896875	240	LIGHT	2
775.4896875	775.7616875	181	GIVES	2
775.7616875	775.8936874999999	495	YOU	2
775.8936874999999	776.4836875	150	EYESTRAIN	2
784.4713125	784.9513125	84	CHALLENGE	23
784.9513125	785.3203125	132	EACH	23
785.3203125	786.3443124999999	175	GENERAL'S	23
786.3443124999999	787.1613124999999	221	INTELLIGENCE	23
794.7194375	795.3964375	71	BUTTERSCOTCH	32
795.3964375	795.8374375000001	169	FUDGE	32
795.8374375000001	796.1364375	186	GOES	32
796.1364375	796.4364375	481	WELL	32
796.4364375	796.6464375	487	WITH	32
796.6464375	796.9964375	463	VANILLA	32
796.9964375	797.3484375	212	ICE	32
797.3484375	797.6264375000001	112	CREAM	32
804.8440625	805.0410625	76	CAN	39
805.0410625	805.1110624999999	434	THE	39
805.1110624999999	805.7600625	11	AGENCY	39
805.7600625	806.4210625	315	OVERTHROW	39
806.4210625	806.7910625	13	ALIEN	39
806.7910625	807.4210625	162	FORCES	39
816.1880788502654	817.2170788502654	88888	CYCLE	42
817.2170788502654	818.2320788502655	99999	sp	42
818.2320788502655	818.6480788502654	88888	CYCLE	42
818.6480788502654	820.0180788502654	346	PROGRAMS	42
820.0180788502654	820.1980788502653	485	WILL	42
820.1980788502653	820.5450788502653	281	NEVER	42
820.5450788502653	821.0370788502654	100	COMPILE	42
830.215625	830.3316250000001	1	A	10
830.3316250000001	830.6636250000001	110	CRAB	10
830.6636250000001	831.1886250000001	85	CHALLENGED	10
831.1886250000001	831.5086250000002	258	ME	10
831.5086250000002	831.7486250000002	99999	sp	10
831.7486250000002	831.7756250000001	70	BUT	10
831.7756250000001	831.9306250000001	211	I	10
831.9306250000001	832.4886250000001	88888	QUICKLY	10
832.4886250000001	832.7866250000001	99999	sp	10
832.7866250000001	832.8456250000002	70	BUT	10
832.8456250000002	833.0066250000001	1	A	10
833.0066250000001	833.2286250000001	350	QUICK	10
833.2286250000001	833.648625	402	STAB	10
833.648625	834.1936250000001	464	VANQUISHED	10
834.1936250000001	834.3286250000001	207	HIM	10
843.523375	844.490375	17	AMBIDEXTROUS	24
844.490375	845.917375	327	PICKPOCKETS	24
845.917375	846.562375	6	ACCOMPLISH	24
846.562375	846.8643749999999	267	MORE	24
854.2244375	854.6304375	443	THOSE	7
854.6304375	854.8854375000001	484	WHO	7
854.8854375000001	855.2004375	427	TEACH	7
855.2004375	855.8464375000001	462	VALUES	7
855.8464375000001	856.2514375000001	156	FIRST	7
856.2514375000001	856.7664375	4	ABOLISH	7
856.7664375	857.1704375	87	CHEATING	7
864.44225	864.51225	434	THE	27
864.51225	865.06225	369	ROSE	27
865.06225	865.5822499999999	106	CORSAGE	27
865.5822499999999	865.9622499999999	393	SMELLED	27
865.9622499999999	866.3322499999999	421	SWEET	27
873.8345625	874.3605625	44	BAGPIPES	48
874.3605625	874.5865625	20	AND	48
874.5865625	875.0305625	59	BONGOS	48
875.0305625	875.1305625	30	ARE	48
875.1305625	875.5695625	273	MUSICAL	48
875.5695625	876.2605625	220	INSTRUMENTS	48
883.8824375	883.9554375	30	ARE	12
883.9554375	884.1754375	495	YOU	12
884.1754375	884.4854375	250	LOOKING	12
884.4854375	884.7454375	161	FOR	12
884.7454375	885.2854375	136	EMPLOYMENT	12
893.5044375	893.5824375	19	AN	29
893.5824375	894.0144375	9	ADULT	29
894.0144375	894.3664375	255	MALE	29
894.3664375	894.8844375	42	BABOON'S	29
894.8844375	895.2004374999999	430	TEETH	29
895.2004374999999	895.2894375	30	ARE	29
895.2894375	895.5304375000001	285	NOT	29
895.5304375000001	895.9724375	415	SUITABLE	29
895.9724375	896.2314375	161	FOR	29
896.2314375	896.5464374999999	135	EATING	29
896.5464374999999	897.1944375	376	SHELLFISH	29
904.250625	904.468625	375	SHE	1
904.468625	904.818625	490	WORE	1
904.818625	905.375625	471	WARM	1
905.375625	906.082625	158	FLEECY	1
906.082625	906.448625	489	WOOLEN	1
906.448625	907.228625	311	OVERALLS	1
913.84175	914.28675	405	STEVE	18
914.28675	914.48275	490	WORE	18
914.48275	914.63275	1	A	18
914.63275	914.94075	65	BRIGHT	18
914.94075	915.26275	356	RED	18
915.26275	915.51575	99999	sp	18
915.51575	916.01275	78	CASHMERE	18
916.01275	916.50275	420	SWEATER	18
924.853375	925.0953750000001	1	A	25
925.0953750000001	925.965375	271	MUSCULAR	25
925.965375	926.525375	2	ABDOMEN	25
926.525375	926.7693750000001	224	IS	25
926.7693750000001	926.905375	189	GOOD	25
926.905375	927.035375	161	FOR	25
927.035375	927.2103750000001	496	YOUR	25
927.2103750000001	927.6053750000001	43	BACK	25
935.854875	936.288875	286	NOTHING	17
936.288875	936.468875	224	IS	17
936.468875	936.758875	34	AS	17
936.758875	937.248875	295	OFFENSIVE	17
937.248875	937.476875	34	AS	17
937.476875	938.178875	219	INNOCENCE	17
946.4713125	946.7213125	210	HOW	49
946.7213125	946.9223125	189	GOOD	49
946.9223125	947.0913125	224	IS	49
947.0913125	947.2823125	496	YOUR	49
947.2823125	947.9513125	138	ENDURANCE	49
955.258875	955.5218749999999	142	EVEN	3
955.5218749999999	955.7718749999999	211	I	3
955.7718749999999	956.3158749999999	293	OCCASIONALLY	3
956.3158749999999	956.527875	177	GET	3
956.527875	956.571875	434	THE	3
956.571875	956.928875	265	MONDAY	3
956.928875	957.441875	56	BLUES	3
965.1703125	965.5283125000001	98	COFFEE	13
965.5283125000001	965.7423125	224	IS	13
965.7423125	965.9483125	198	GROWN	13
965.9483125	966.1083125	297	ON	13
966.1083125	966.5973125	404	STEEP	13
966.5973125	966.9583125	231	JUNGLE	13
966.9583125	967.1583125000001	241	LIKE	13
967.1583125000001	967.5783125	390	SLOPES	13
967.5783125	967.7973125000001	217	IN	13
967.7973125000001	968.2973125000001	431	TEMPERATE	13
968.2973125000001	968.8783125	497	ZONES	13
976.4466875	976.8336875000001	142	EVEN	9
976.8336875000001	976.9716875	1	A	9
976.9716875	977.4736875000001	383	SIMPLE	9
977.4736875000001	978.2286875000001	468	VOCABULARY	9
978.2286875000001	978.6776875	104	CONTAINS	9
978.6776875	979.4136875	88888	SYLLABLES	9
979.4136875	979.7026875000001	99999	sp	9
979.7026875000001	979.9396875000001	88888	ER	9
979.9396875000001	980.5836875000001	422	SYMBOLS	9
987.9320625	988.0030625	434	THE	21
988.0030625	988.4930625000001	475	WATER	21
988.4930625000001	989.0030625	103	CONTAINED	21
989.0030625	989.1620625	448	TOO	21
989.1620625	989.3940625	269	MUCH	21
989.3940625	989.9020625	90	CHLORINE	21
989.9020625	990.0630625000001	20	AND	21
990.0630625000001	990.4330625	409	STUNG	21
990.4330625	990.6620625	208	HIS	21
990.6620625	991.1620625	149	EYES	21
998.1309375	998.3879374999999	130	DRAW	20
998.3879374999999	998.7879375	145	EVERY	20
998.7879375	999.1279374999999	308	OUTER	20
999.1279374999999	999.4169374999999	244	LINE	20
999.4169374999999	999.9979374999999	156	FIRST	20
999.9979374999999	1000.1579374999999	436	THEN	20
1000.1579374999999	1000.4279375	154	FILL	20
1000.4279375	1000.5789374999999	217	IN	20
1000.5789374999999	1000.6669374999999	434	THE	20
1000.6669374999999	1001.2979375	222	INTERIOR	20
1008.275	1008.505	204	HER	30
1008.505	1009.117	470	WARDROBE	30
1009.117	1009.656	102	CONSISTS	30
1009.656	1009.989	294	OF	30
1009.989	1010.315	298	ONLY	30
1010.315	1010.755	385	SKIRTS	30
1010.755	1011.0129999999999	20	AND	30
1011.0129999999999	1011.726	54	BLOUSES	30
1018.0400965882748	1018.0970965882748	1	A	40
1018.0970965882748	1018.8160965882747	371	SCREWDRIVER	40
1018.8160965882747	1019.0270965882747	224	IS	40
1019.0270965882747	1019.2560965882747	252	MADE	40
1019.2560965882747	1019.4870965882747	166	FROM	40
1019.4870965882747	1020.1070965882748	469	VODKA	40
1020.1070965882748	1020.3850965882748	99999	sp	40
1020.3850965882748	1020.5370965882747	20	AND	40
1020.5370965882747	1020.8060965882747	303	ORANGE	40
1020.8060965882747	1021.3270965882748	230	JUICE	40
1029.11225	1029.3452499999999	433	THAT	28
1029.3452499999999	1029.8942499999998	326	PICKPOCKET	28
1029.8942499999998	1030.38625	472	WAS	28
1030.38625	1030.68025	80	CAUGHT	28
1030.68025	1030.86625	356	RED	28
1030.86625	1031.53325	199	HANDED	28
1039.503625	1039.859625	46	BARB'S	19
1039.859625	1040.1246250000002	188	GOLD	19
1040.1246250000002	1040.570625	63	BRACELET	19
1040.570625	1040.7666250000002	472	WAS	19
1040.7666250000002	1040.850625	1	A	19
1040.850625	1041.840625	193	GRADUATION	19
1041.840625	1042.4016250000002	339	PRESENT	19
1057.4481875	1057.6301875	24	ANY	34
1057.6301875	1058.5501875	105	CONTRIBUTIONS	34
1058.5501875	1058.7111874999998	485	WILL	34
1058.7111874999998	1058.8751874999998	47	BE	34
1058.8751874999998	1059.2401874999998	195	GREATLY	34
1059.2401874999998	1060.0631875	28	APPRECIATED	34
1068.5050625	1068.6640624999998	476	WE	4
1068.6640624999998	1068.8340624999998	30	ARE	4
1068.8340624999998	1069.3340624999998	301	OPEN	4
1069.3340624999998	1069.8040624999999	145	EVERY	4
1069.8040624999999	1070.2540625	265	MONDAY	4
1070.2540625	1070.8440624999998	143	EVENING	4
1078.373	1078.531	434	THE	35
1078.531	1079.093	111	CRANBERRY	35
1079.093	1079.518	57	BOG	35
1079.518	1079.783	178	GETS	35
1079.783	1080.106	465	VERY	35
1080.106	1080.362	340	PRETTY	35
1080.362	1080.493	217	IN	35
1080.493	1080.862	40	AUTUMN	35
1088.7718125	1088.9028125	476	WE	14
1088.9028125	1089.3728124999998	480	WELCOME	14
1089.3728124999998	1089.6528125	256	MANY	14
1089.6528125	1089.8028124999998	282	NEW	14
1089.8028124999998	1090.2088124999998	408	STUDENTS	14
1090.2088124999998	1090.4378124999998	132	EACH	14
1090.4378124999998	1090.7528125	491	YEAR	14
1098.0565	1098.2815	210	HOW	36
1098.2815	1098.4325	128	DO	36
1098.4325	1098.9425	318	OYSTERS	36
1098.9425	1099.1475	253	MAKE	36
1099.1475	1099.6925	320	PEARLS	36
1108.0221875	1108.5271875	75	CALCIUM	16
1108.5271875	1108.8431875	254	MAKES	16
1108.8431875	1109.1571875	58	BONES	16
1109.1571875	1109.2881875	20	AND	16
1109.2881875	1109.4981875	430	TEETH	16
1109.4981875	1109.9781875	406	STRONG	16
1117.62075	1117.72575	224	IS	38
1117.72575	1117.95775	375	SHE	38
1117.95775	1118.26475	187	GOING	38
1118.26475	1118.4927500000001	487	WITH	38
1118.4927500000001	1118.6557500000001	495	YOU	38
1126.3356875	1126.6786875	298	ONLY	15
1126.6786875	1126.8706875	434	THE	15
1126.8706875	1127.2216875	51	BEST	15
1127.2216875	1127.6486875	330	PLAYERS	15
1127.6486875	1128.0356875	139	ENJOY	15
1128.0356875	1128.8086875	336	POPULARITY	15
1647.935875	1648.0068749999998	434	THE	8
1648.0068749999998	1648.3838749999998	165	FRIGHTENED	8
1648.3838749999998	1648.6768749999999	89	CHILD	8
1648.6768749999999	1648.9298749999998	472	WAS	8
1648.9298749999998	1649.1968749999999	176	GENTLY	8
1649.1968749999999	1649.7248749999999	410	SUBDUED	8
1649.7248749999999	1649.876875	73	BY	8
1649.876875	1650.0768749999997	208	HIS	8
1650.0768749999997	1650.3438749999998	52	BIG	8
1650.3438749999998	1650.7368749999998	66	BROTHER	8
1658.400375	1658.5663749999999	438	THEY	26
1658.5663749999999	1658.776375	317	OWN	26
1658.776375	1658.919375	1	A	26
1658.919375	1659.1263749999998	52	BIG	26
1659.1263749999998	1659.440375	209	HOUSE	26
1659.440375	1659.5403749999998	217	IN	26
1659.5403749999998	1659.700375	434	THE	26
1659.700375	1660.1343749999999	361	REMOTE	26
1660.1343749999999	1660.888375	109	COUNTRYSIDE	26
1668.255	1668.3660000000002	210	HOW	41
1668.3660000000002	1668.6070000000002	269	MUCH	41
1668.6070000000002	1669.025	16	ALLOWANCE	41
1669.025	1669.1070000000002	128	DO	41
1669.1070000000002	1669.246	495	YOU	41
1669.246	1669.487	177	GET	41
1676.678875	1676.808875	476	WE	46
1676.808875	1677.095875	241	LIKE	46
1677.095875	1677.238875	55	BLUE	46
1677.238875	1677.5688750000002	88	CHEESE	46
1677.5688750000002	1677.734875	70	BUT	46
1677.734875	1677.994875	466	VICTOR	46
1677.994875	1678.373875	242	LIKES	46
1678.373875	1678.665875	64	BRIE	46
1685.3201875	1685.5161875000001	226	IT'S	5
1685.5161875000001	1685.6951875	285	NOT	5
1685.6951875	1686.0331875000002	133	EASY	5
1686.0331875000002	1686.2071875000001	446	TO	5
1686.2071875000001	1686.3961875	113	CREATE	5
1686.3961875	1686.9451875	215	ILLUMINATING	5
1686.9451875	1687.8351875	146	EXAMPLES	5
1695.3878125	1695.6368125000001	145	EVERY	44
1695.6368125000001	1695.8818125	74	CAB	44
1695.8818125	1696.1888125000003	280	NEEDS	44
1696.1888125000003	1696.6608125	364	REPAINTING	44
1696.6608125	1697.1008125	296	OFTEN	44
1704.025375	1704.159375	434	THE	43
1704.159375	1704.663375	61	BOSTON	43
1704.663375	1704.995375	45	BALLET	43
1704.995375	1705.480375	312	OVERCAME	43
1705.480375	1705.6153749999999	435	THEIR	43
1705.6153749999999	1705.956375	170	FUNDING	43
1705.956375	1706.596375	380	SHORTAGE	43
1713.7021875	1713.9861875	366	RICH	33
1713.9861875	1714.3651875	349	PURCHASED	33
1714.3651875	1714.8251874999999	374	SEVERAL	33
1714.8251874999999	1715.2051875	382	SIGNED	33
1715.2051875	1716.0341875	245	LITHOGRAPHS	33
1723.78325	1723.96625	434	THE	31
1723.96625	1724.1732499999998	453	TWO	31
1724.1732499999998	1724.6542499999998	33	ARTISTS	31
1724.6542499999998	1725.36225	147	EXCHANGED	31
1725.36225	1726.06325	39	AUTOGRAPHS	31
1733.50425	1733.89025	183	GLUCOSE	11
1733.89025	1734.03025	20	AND	11
1734.03025	1734.53025	167	FRUCTOSE	11
1734.53025	1734.65325	30	ARE	11
1734.65325	1735.06025	276	NATURAL	11
1735.06025	1735.45025	414	SUGARS	11
1735.45025	1735.6602500000001	163	FOUND	11
1735.6602500000001	1735.78025	217	IN	11
1735.78025	1736.09025	168	FRUIT	11
1743.6631875	1743.9431875	203	HELP	45
1743.9431875	1744.2131875	196	GREG	45
1744.2131875	1744.3021875000002	446	TO	45
1744.3021875000002	1744.6831875	325	PICK	45
1744.6831875	1744.7921875	1	A	45
1744.7921875	1745.1121875000001	321	PECK	45
1745.1121875000001	1745.1931875	294	OF	45
1745.1931875	1745.9331875	338	POTATOES	45
1753.2098125	1753.4658124999999	270	MUM	6
1753.4658124999999	1753.9388125	407	STRONGLY	6
1753.9388125	1754.3158125	126	DISLIKES	6
1754.3158125	1755.0968125	27	APPETIZERS	6
1760.82275	1761.03175	257	MAY	37
1761.03175	1761.06275	211	I	37
1761.06275	1761.38275	304	ORDER	37
1761.38275	1761.46975	1	A	37
1761.46975	1761.84175	319	PARFAIT	37
1761.84175	1762.09175	10	AFTER	37
1762.09175	1762.12275	211	I	37
1762.12275	1762.33075	134	EAT	37
1762.33075	1762.65175	124	DINNER	37
1772.0840625	1772.3270625000002	108	COUNT	47
1772.3270625000002	1772.3970625000002	434	THE	47
1772.3970625000002	1772.7570625000003	289	NUMBER	47
1772.7570625000003	1772.8710625	294	OF	47
1772.8710625	1773.4370625000001	429	TEASPOONS	47
1773.4370625000001	1773.5560625000003	294	OF	47
1773.5560625000003	1774.0770625000002	395	SOYSAUCE	47
1774.0770625000002	1774.2460625	433	THAT	47
1774.2460625	1774.3770625000002	495	YOU	47
1774.3770625000002	1774.7760625	7	ADD	47
1781.949475941477	1782.3694759414768	229	JOHN'S	22
1782.3694759414768	1782.622475941477	66	BROTHER	22
1782.622475941477	1783.125475941477	363	REPAINTED	22
1783.125475941477	1783.240475941477	434	THE	22
1783.240475941477	1783.813475941477	173	GARAGE	22
1790.7994375	1791.0944375	354	READING	2
1791.0944375	1791.2614375	217	IN	2
1791.2614375	1791.5234375	335	POOR	2
1791.5234375	1791.7874375000001	240	LIGHT	2
1791.7874375000001	1791.9994375	181	GIVES	2
1791.9994375	1792.1334375000001	495	YOU	2
1792.1334375000001	1792.7534375	150	EYESTRAIN	2
1799.5133125	1799.9203125000001	84	CHALLENGE	23
1799.9203125000001	1800.0873125	132	EACH	23
1800.0873125	1800.6283125	175	GENERAL'S	23
1800.6283125	1801.4583125	221	INTELLIGENCE	23
1809.2425	1809.7565	71	BUTTERSCOTCH	32
1809.7565	1810.1205	169	FUDGE	32
1810.1205	1810.3565	186	GOES	32
1810.3565	1810.5765000000001	481	WELL	32
1810.5765000000001	1810.7855	487	WITH	32
1810.7855	1811.1055000000001	463	VANILLA	32
1811.1055000000001	1811.4905	212	ICE	32
1811.4905	1811.7565	112	CREAM	32
1818.8105	1818.9845000000003	76	CAN	39
1818.9845000000003	1819.0445000000002	434	THE	39
1819.0445000000002	1819.6535000000001	11	AGENCY	39
1819.6535000000001	1820.1535000000001	315	OVERTHROW	39
1820.1535000000001	1820.5145	13	ALIEN	39
1820.5145	1821.1245000000001	162	FORCES	39
1828.775625	1829.514625	88888	CYNICAL	42
1829.514625	1829.978625	346	PROGRAMS	42
1829.978625	1830.0686249999999	485	WILL	42
1830.0686249999999	1830.337625	281	NEVER	42
1830.337625	1830.9076249999998	100	COMPILE	42
1839.3153125	1839.4523125	1	A	10
1839.4523125	1839.8143125	110	CRAB	10
1839.8143125	1840.2723125	85	CHALLENGED	10
1840.2723125	1840.4683125	258	ME	10
1840.4683125	1840.7613125	70	BUT	10
1840.7613125	1841.1713124999999	99999	sp	10
1841.1713124999999	1841.3563125	1	A	10
1841.3563125	1841.5613125	350	QUICK	10
1841.5613125	1841.9453125	402	STAB	10
1841.9453125	1842.4613124999998	464	VANQUISHED	10
1842.4613124999998	1842.6323125	207	HIM	10
1850.498875	1851.303875	17	AMBIDEXTROUS	24
1851.303875	1851.8458750000002	327	PICKPOCKETS	24
1851.8458750000002	1852.282875	6	ACCOMPLISH	24
1852.282875	1852.6078750000001	267	MORE	24
1859.4701875	1859.6881875000001	443	THOSE	7
1859.6881875000001	1859.8511875000002	484	WHO	7
1859.8511875000002	1860.1271875000002	427	TEACH	7
1860.1271875000002	1860.5371875	462	VALUES	7
1860.5371875	1860.7971875	156	FIRST	7
1860.7971875	1861.3161875	88888	ABOLISHED	7
1861.3161875	1861.7371875000001	87	CHEATING	7
1868.814375	1869.267375	434	THE	27
1869.267375	1869.8093749999998	369	ROSE	27
1869.8093749999998	1870.2573749999997	106	CORSAGE	27
1870.2573749999997	1870.6373749999998	393	SMELLED	27
1870.6373749999998	1871.017375	421	SWEET	27
1878.018	1878.601	88888	BAGPIKES	48
1878.601	1878.8020000000001	20	AND	48
1878.8020000000001	1879.2310000000002	59	BONGOS	48
1879.2310000000002	1879.2910000000002	30	ARE	48
1879.2910000000002	1879.7120000000002	273	MUSICAL	48
1879.7120000000002	1880.4520000000002	220	INSTRUMENTS	48
1887.434875	1887.5538749999998	30	ARE	12
1887.5538749999998	1887.703875	495	YOU	12
1887.703875	1888.0038749999999	250	LOOKING	12
1888.0038749999999	1888.203875	161	FOR	12
1888.203875	1888.713875	136	EMPLOYMENT	12
1895.98125	1896.03825	19	AN	29
1896.03825	1896.44125	9	ADULT	29
1896.44125	1896.69225	255	MALE	29
1896.69225	1897.24825	42	BABOON'S	29
1897.24825	1897.4842500000002	430	TEETH	29
1897.4842500000002	1897.5612500000002	30	ARE	29
1897.5612500000002	1897.75125	285	NOT	29
1897.75125	1898.1312500000001	415	SUITABLE	29
1898.1312500000001	1898.26125	161	FOR	29
1898.26125	1898.53725	135	EATING	29
1898.53725	1899.21125	376	SHELLFISH	29
1905.531875	1905.7388749999998	375	SHE	1
1905.7388749999998	1906.0598749999997	490	WORE	1
1906.0598749999997	1906.634875	471	WARM	1
1906.634875	1906.9998749999997	158	FLEECY	1
1906.9998749999997	1907.424875	489	WOOLEN	1
1907.424875	1908.1898749999998	311	OVERALLS	1
1914.48725	1914.85725	405	STEVE	18
1914.85725	1915.18325	490	WORE	18
1915.18325	1915.42325	65	BRIGHT	18
1915.42325	1915.7292499999999	356	RED	18
1915.7292499999999	1916.20325	78	CASHMERE	18
1916.20325	1916.80325	88888	SWEATHER	18
1925.243	1925.2859999999998	1	A	25
1925.2859999999998	1925.8329999999999	271	MUSCULAR	25
1925.8329999999999	1926.203	2	ABDOMEN	25
1926.203	1926.473	224	IS	25
1926.473	1926.6129999999998	189	GOOD	25
1926.6129999999998	1926.773	161	FOR	25
1926.773	1926.9009999999998	496	YOUR	25
1926.9009999999998	1927.3149999999998	43	BACK	25
1934.3686875	1934.6706875000002	286	NOTHING	17
1934.6706875000002	1934.8716875000002	224	IS	17
1934.8716875000002	1935.0626875	34	AS	17
1935.0626875	1935.5906875	295	OFFENSIVE	17
1935.5906875	1935.8106875	34	AS	17
1935.8106875	1936.5416875	219	INNOCENCE	17
1943.1929375	1943.4189374999999	210	HOW	49
1943.4189374999999	1943.5439374999999	189	GOOD	49
1943.5439374999999	1943.7199374999998	224	IS	49
1943.7199374999998	1943.8249374999998	496	YOUR	49
1943.8249374999998	1944.5349374999998	138	ENDURANCE	49
1951.739	1951.949	142	EVEN	3
1951.949	1952.219	211	I	3
1952.219	1952.692	293	OCCASIONALLY	3
1952.692	1952.8629999999998	177	GET	3
1952.8629999999998	1952.918	434	THE	3
1952.918	1953.2359999999999	265	MONDAY	3
1953.2359999999999	1953.7579999999998	56	BLUES	3
1960.4643125	1960.7813125	98	COFFEE	13
1960.7813125	1960.9563125	224	IS	13
1960.9563125	1961.2123125	198	GROWN	13
1961.2123125	1961.3713125	297	ON	13
1961.3713125	1961.7883124999998	404	STEEP	13
1961.7883124999998	1962.0723125	231	JUNGLE	13
1962.0723125	1962.2503125	241	LIKE	13
1962.2503125	1962.6213125	390	SLOPES	13
1962.6213125	1962.7863125	217	IN	13
1962.7863125	1963.1623124999999	431	TEMPERATE	13
1963.1623124999999	1963.7423125	497	ZONES	13
1971.2495	1971.5524999999998	142	EVEN	9
1971.5524999999998	1971.7124999999999	1	A	9
1971.7124999999999	1972.1415	383	SIMPLE	9
1972.1415	1972.8284999999998	468	VOCABULARY	9
1972.8284999999998	1973.2614999999998	104	CONTAINS	9
1973.2614999999998	1973.9115	422	SYMBOLS	9
1980.48725	1980.5492499999998	434	THE	21
1980.5492499999998	1980.94525	475	WATER	21
1980.94525	1981.3662499999998	103	CONTAINED	21
1981.3662499999998	1981.48525	448	TOO	21
1981.48525	1981.73425	269	MUCH	21
1981.73425	1982.23525	90	CHLORINE	21
1982.23525	1982.42525	20	AND	21
1982.42525	1982.74525	409	STUNG	21
1982.74525	1982.9352499999998	208	HIS	21
1982.9352499999998	1983.4052499999998	149	EYES	21
1989.5139375	1989.7629375000001	130	DRAW	20
1989.7629375000001	1990.0729375	145	EVERY	20
1990.0729375	1990.4429375000002	308	OUTER	20
1990.4429375000002	1990.7329375000002	244	LINE	20
1990.7329375000002	1991.2249375000001	156	FIRST	20
1991.2249375000001	1991.3729375	436	THEN	20
1991.3729375	1991.5729375	154	FILL	20
1991.5729375	1991.7419375000002	217	IN	20
1991.7419375000002	1991.8129375	434	THE	20
1991.8129375	1992.4029375	222	INTERIOR	20
1999.4919375	1999.6089375	204	HER	30
1999.6089375	2000.1229374999998	470	WARDROBE	30
2000.1229374999998	2000.5879375	102	CONSISTS	30
2000.5879375	2000.7579374999998	294	OF	30
2000.7579374999998	2001.0479375	298	ONLY	30
2001.0479375	2001.4979374999998	385	SKIRTS	30
2001.4979374999998	2001.6339375	20	AND	30
2001.6339375	2002.3079375	54	BLOUSES	30
2007.9447385761414	2008.0027385761414	1	A	40
2008.0027385761414	2008.6447385761412	371	SCREWDRIVER	40
2008.6447385761412	2008.8057385761413	224	IS	40
2008.8057385761413	2009.0247385761413	252	MADE	40
2009.0247385761413	2009.3227385761413	166	FROM	40
2009.3227385761413	2009.6657385761414	469	VODKA	40
2009.6657385761414	2009.9157385761414	20	AND	40
2009.9157385761414	2010.3057385761413	303	ORANGE	40
2010.3057385761413	2010.7457385761413	230	JUICE	40
2017.498875	2017.712875	433	THAT	28
2017.712875	2018.326875	326	PICKPOCKET	28
2018.326875	2018.559875	472	WAS	28
2018.559875	2018.6968749999999	80	CAUGHT	28
2018.6968749999999	2018.906875	356	RED	28
2018.906875	2019.306875	199	HANDED	28
2026.509625	2026.819625	46	BARB'S	19
2026.819625	2027.047625	188	GOLD	19
2027.047625	2027.426625	63	BRACELET	19
2027.426625	2027.626625	472	WAS	19
2027.626625	2027.698625	1	A	19
2027.698625	2028.376625	193	GRADUATION	19
2028.376625	2028.726625	339	PRESENT	19
2034.8110625	2034.9200624999999	30	ARE	0
2034.9200624999999	2035.0760624999998	496	YOUR	0
2035.0760624999998	2035.3660624999998	192	GRADES	0
2035.3660624999998	2035.7600625	206	HIGHER	0
2035.7600625	2035.8810624999999	302	OR	0
2035.8810624999999	2036.1700624999999	251	LOWER	0
2036.1700624999999	2036.3210625	432	THAN	0
2036.3210625	2037.0010625	275	NANCY'S	0
2045.1405	2045.2515	24	ANY	34
2045.2515	2046.0545000000002	105	CONTRIBUTIONS	34
2046.0545000000002	2046.1275	485	WILL	34
2046.1275	2046.2375000000002	47	BE	34
2046.2375000000002	2046.6075	195	GREATLY	34
2046.6075	2047.3175	28	APPRECIATED	34
2054.8191875	2054.8921875	476	WE	4
2054.8921875	2055.0711875	30	ARE	4
2055.0711875	2055.4521875	301	OPEN	4
2055.4521875	2055.7321875000002	145	EVERY	4
2055.7321875000002	2056.0511875	265	MONDAY	4
2056.0511875	2056.5311875	143	EVENING	4
2063.0998125	2063.2348125	434	THE	35
2063.2348125	2063.7988125	111	CRANBERRY	35
2063.7988125	2064.1038125	57	BOG	35
2064.1038125	2064.3688125	178	GETS	35
2064.3688125	2064.6718124999998	465	VERY	35
2064.6718124999998	2064.8998125	340	PRETTY	35
2064.8998125	2065.0398125	217	IN	35
2065.0398125	2065.3788125	40	AUTUMN	35
2071.8356875	2071.9526875	476	WE	14
2071.9526875	2072.3516875	480	WELCOME	14
2072.3516875	2072.6116875	256	MANY	14
2072.6116875	2072.7626874999996	282	NEW	14
2072.7626874999996	2073.2326875	408	STUDENTS	14
2073.2326875	2073.4746875	132	EACH	14
2073.4746875	2073.6816875	491	YEAR	14
2080.3945	2080.5615	210	HOW	36
2080.5615	2080.6805	128	DO	36
2080.6805	2081.1594999999998	318	OYSTERS	36
2081.1594999999998	2081.3575	253	MAKE	36
2081.3575	2081.8395	320	PEARLS	36
2088.6715	2089.1155	75	CALCIUM	16
2089.1155	2089.4275	254	MAKES	16
2089.4275	2090.0095	58	BONES	16
2090.0095	2090.1985	20	AND	16
2090.1985	2090.3954999999996	430	TEETH	16
2090.3954999999996	2090.8265	406	STRONG	16
2097.935	2098.031	224	IS	38
2098.031	2098.243	375	SHE	38
2098.243	2098.5609999999997	187	GOING	38
2098.5609999999997	2098.792	487	WITH	38
2098.792	2099.0099999999998	495	YOU	38
2104.850875	2105.0888750000004	298	ONLY	15
2105.0888750000004	2105.2668750000003	434	THE	15
2105.2668750000003	2105.594875	51	BEST	15
2105.594875	2106.028875	330	PLAYERS	15
2106.028875	2106.3788750000003	139	ENJOY	15
2106.3788750000003	2107.149875	336	POPULARITY	15
2624.1281875	2624.2101875	434	THE	8
2624.2101875	2624.5741875	165	FRIGHTENED	8
2624.5741875	2624.8241875	89	CHILD	8
2624.8241875	2625.0641875	472	WAS	8
2625.0641875	2625.3841875	176	GENTLY	8
2625.3841875	2625.8771874999998	410	SUBDUED	8
2625.8771874999998	2626.0441875	73	BY	8
2626.0441875	2626.3061875	208	HIS	8
2626.3061875	2626.5231875	52	BIG	8
2626.5231875	2626.9441874999998	66	BROTHER	8
2633.9235625	2634.0465625	438	THEY	26
2634.0465625	2634.2355625	317	OWN	26
2634.2355625	2634.3605625	1	A	26
2634.3605625	2634.5355625	52	BIG	26
2634.5355625	2634.8655625	209	HOUSE	26
2634.8655625	2634.9465625000003	217	IN	26
2634.9465625000003	2635.0155625	434	THE	26
2635.0155625	2635.3455625	361	REMOTE	26
2635.3455625	2636.0055625000005	109	COUNTRYSIDE	26
2642.272375	2642.3943750000003	210	HOW	41
2642.3943750000003	2642.6443750000003	269	MUCH	41
2642.6443750000003	2643.0553750000004	16	ALLOWANCE	41
2643.0553750000004	2643.1353750000003	128	DO	41
2643.1353750000003	2643.279375	495	YOU	41
2643.279375	2643.514375	177	GET	41
2650.2240625	2650.3510625	476	WE	46
2650.3510625	2650.6340625	241	LIKE	46
2650.6340625	2650.8310625	55	BLUE	46
2650.8310625	2651.1540625	88	CHEESE	46
2651.1540625	2651.3310625	70	BUT	46
2651.3310625	2651.6010625	466	VICTOR	46
2651.6010625	2651.9050625	242	LIKES	46
2651.9050625	2652.2210625	64	BRIE	46
2658.2826875	2658.4716875000004	226	IT'S	5
2658.4716875000004	2658.6636875000004	285	NOT	5
2658.6636875000004	2659.1156875	133	EASY	5
2659.1156875	2659.3466875000004	446	TO	5
2659.3466875000004	2659.6726875000004	113	CREATE	5
2659.6726875000004	2660.3726875	215	ILLUMINATING	5
2660.3726875	2661.1326875000004	146	EXAMPLES	5
2668.32825	2668.59925	145	EVERY	44
2668.59925	2668.9192500000004	74	CAB	44
2668.9192500000004	2669.1892500000004	280	NEEDS	44
2669.1892500000004	2669.62525	364	REPAINTING	44
2669.62525	2670.1152500000003	296	OFTEN	44
2677.0550769905094	2677.4620769905096	61	BOSTON	43
2677.4620769905096	2677.7930769905097	45	BALLET	43
2677.7930769905097	2678.3030769905095	312	OVERCAME	43
2678.3030769905095	2678.4630769905098	435	THEIR	43
2678.4630769905098	2679.17307699051	170	FUNDING	43
2679.17307699051	2679.7830769905095	380	SHORTAGE	43
2686.90975	2687.15975	366	RICH	33
2687.15975	2687.5207499999997	349	PURCHASED	33
2687.5207499999997	2688.0047499999996	374	SEVERAL	33
2688.0047499999996	2688.4307499999995	382	SIGNED	33
2688.4307499999995	2689.2007499999995	245	LITHOGRAPHS	33
2697.0234375	2697.1604374999997	434	THE	31
2697.1604374999997	2697.3384375	453	TWO	31
2697.3384375	2697.8774375	33	ARTISTS	31
2697.8774375	2698.0054375	99999	sp	31
2698.0054375	2698.6184375	147	EXCHANGED	31
2698.6184375	2699.2584375	39	AUTOGRAPHS	31
2706.1335	2706.5565	183	GLUCOSE	11
2706.5565	2706.7185	20	AND	11
2706.7185	2707.1545	167	FRUCTOSE	11
2707.1545	2707.3795	30	ARE	11
2707.3795	2707.7405	276	NATURAL	11
2707.7405	2708.1495	414	SUGARS	11
2708.1495	2708.3795	163	FOUND	11
2708.3795	2708.4674999999997	217	IN	11
2708.4674999999997	2708.7885	168	FRUIT	11
2715.8438125	2716.1808125	203	HELP	45
2716.1808125	2716.2438125	99999	sp	45
2716.2438125	2716.5598124999997	196	GREG	45
2716.5598124999997	2716.7908125	321	PECK	45
2716.7908125	2716.9918125	1	A	45
2716.9918125	2717.1708125	321	PECK	45
2717.1708125	2717.2818125	294	OF	45
2717.2818125	2717.9708124999997	338	POTATOES	45
2725.066875	2725.2858749999996	270	MUM	6
2725.2858749999996	2725.766875	407	STRONGLY	6
2725.766875	2726.1658749999997	126	DISLIKES	6
2726.1658749999997	2727.0048749999996	27	APPETIZERS	6
2732.5758125	2732.7048125	257	MAY	37
2732.7048125	2732.7748125000003	211	I	37
2732.7748125000003	2733.0548125000005	134	EAT	37
2733.0548125000005	2733.2688125000004	1	A	37
2733.2688125000004	2733.6248125	319	PARFAIT	37
2733.6248125	2733.9548125	10	AFTER	37
2733.9548125	2734.0948125000004	211	I	37
2734.0948125000004	2734.3568125	134	EAT	37
2734.3568125	2734.6648125	124	DINNER	37
2742.4598125	2742.6678125000003	108	COUNT	47
2742.6678125000003	2742.7378125000005	434	THE	47
2742.7378125000005	2743.1178125000006	289	NUMBER	47
2743.1178125000006	2743.2588125000007	294	OF	47
2743.2588125000007	2743.8478125000006	429	TEASPOONS	47
2743.8478125000006	2743.9278125000005	294	OF	47
2743.9278125000005	2744.4518125000004	395	SOYSAUCE	47
2744.4518125000004	2744.5778125000006	433	THAT	47
2744.5778125000006	2744.6878125000003	495	YOU	47
2744.6878125000003	2744.9578125000003	7	ADD	47
2751.3021875	2751.6941875	229	JOHN'S	22
2751.6941875	2751.9351875	66	BROTHER	22
2751.9351875	2752.4251875	363	REPAINTED	22
2752.4251875	2752.4861875	434	THE	22
2752.4861875	2752.8561875	173	GARAGE	22
2752.8561875	2753.1361875000002	129	DOOR	22
2759.584125	2759.866125	354	READING	2
2759.866125	2760.056125	217	IN	2
2760.056125	2760.306125	335	POOR	2
2760.306125	2760.553125	240	LIGHT	2
2760.553125	2760.756125	181	GIVES	2
2760.756125	2760.886125	495	YOU	2
2760.886125	2761.516125	150	EYESTRAIN	2
2767.44525	2767.8652500000003	84	CHALLENGE	23
2767.8652500000003	2768.1562500000005	132	EACH	23
2768.1562500000005	2768.5952500000003	175	GENERAL'S	23
2768.5952500000003	2769.3862500000005	221	INTELLIGENCE	23
2775.9140625	2776.4200625000003	71	BUTTERSCOTCH	32
2776.4200625000003	2776.8290625000004	169	FUDGE	32
2776.8290625000004	2777.0600625	186	GOES	32
2777.0600625	2777.2110625	481	WELL	32
2777.2110625	2777.4100625	487	WITH	32
2777.4100625	2777.6700625000003	463	VANILLA	32
2777.6700625000003	2778.0250625000003	212	ICE	32
2778.0250625000003	2778.2810625	112	CREAM	32
2785.68775	2785.82975	76	CAN	39
2785.82975	2785.8897500000003	434	THE	39
2785.8897500000003	2786.43975	11	AGENCY	39
2786.43975	2786.9297500000002	315	OVERTHROW	39
2786.9297500000002	2787.2937500000003	13	ALIEN	39
2787.2937500000003	2787.87975	162	FORCES	39
2794.8778125	2795.6038124999995	88888	CYNICAL	42
2795.6038124999995	2796.0498124999995	346	PROGRAMS	42
2796.0498124999995	2796.1408125	485	WILL	42
2796.1408125	2796.3798125	281	NEVER	42
2796.3798125	2796.9298124999996	100	COMPILE	42
2804.8610625	2804.9650625000004	1	A	10
2804.9650625000004	2805.2730625000004	110	CRAB	10
2805.2730625000004	2805.7010625000003	85	CHALLENGED	10
2805.7010625000003	2805.9430625000005	258	ME	10
2805.9430625000005	2806.0610625000004	70	BUT	10
2806.0610625000004	2806.1630625000003	1	A	10
2806.1630625000003	2806.3410625000006	350	QUICK	10
2806.3410625000006	2806.6620625000005	402	STAB	10
2806.6620625000005	2806.7400625000005	99999	sp	10
2806.7400625000005	2807.1910625000005	464	VANQUISHED	10
2807.1910625000005	2807.3810625000006	207	HIM	10
2815.306875	2816.056875	17	AMBIDEXTROUS	24
2816.056875	2816.636875	327	PICKPOCKETS	24
2816.636875	2817.105875	6	ACCOMPLISH	24
2817.105875	2817.3658750000004	267	MORE	24
2823.9725625	2824.2215625000003	443	THOSE	7
2824.2215625000003	2824.5125625000005	484	WHO	7
2824.5125625000005	2824.9045625000003	427	TEACH	7
2824.9045625000003	2825.3305625000003	462	VALUES	7
2825.3305625000003	2825.5805625000003	156	FIRST	7
2825.5805625000003	2826.0435625000005	4	ABOLISH	7
2826.0435625000005	2826.4215625	87	CHEATING	7
2832.7830625	2832.8610624999997	434	THE	27
2832.8610624999997	2833.1970625	369	ROSE	27
2833.1970625	2833.5820625	106	CORSAGE	27
2833.5820625	2833.9020625	393	SMELLED	27
2833.9020625	2834.2120625	421	SWEET	27
2841.5299375	2842.0459375	44	BAGPIPES	48
2842.0459375	2842.2079375000003	20	AND	48
2842.2079375000003	2842.6199375	59	BONGOS	48
2842.6199375	2842.7409375	30	ARE	48
2842.7409375	2843.1309375	273	MUSICAL	48
2843.1309375	2843.8309375	220	INSTRUMENTS	48
2850.706625	2850.773625	30	ARE	12
2850.773625	2850.854625	495	YOU	12
2850.854625	2851.176625	250	LOOKING	12
2851.176625	2851.345625	161	FOR	12
2851.345625	2851.876625	136	EMPLOYMENT	12
2858.8265	2858.8895	19	AN	29
2858.8895	2859.2265	9	ADULT	29
2859.2265	2859.4655000000002	255	MALE	29
2859.4655000000002	2859.9585	42	BABOON'S	29
2859.9585	2860.1875	430	TEETH	29
2860.1875	2860.2765	30	ARE	29
2860.2765	2860.4565000000002	285	NOT	29
2860.4565000000002	2860.8565	415	SUITABLE	29
2860.8565	2861.0075	161	FOR	29
2861.0075	2861.3155	135	EATING	29
2861.3155	2861.9675	376	SHELLFISH	29
2868.0209375	2868.1869375	375	SHE	1
2868.1869375	2868.8229375	490	WORE	1
2868.8229375	2869.3279375	471	WARM	1
2869.3279375	2869.8669375	158	FLEECY	1
2869.8669375	2870.1679375	489	WOOLEN	1
2870.1679375	2870.9269375	311	OVERALLS	1
2877.086	2877.27	375	SHE	18
2877.27	2877.579	490	WORE	18
2877.579	2877.67	1	A	18
2877.67	2877.98	65	BRIGHT	18
2877.98	2878.307	356	RED	18
2878.307	2878.7309999999998	78	CASHMERE	18
2878.7309999999998	2879.241	420	SWEATER	18
2886.7035	2886.7925	1	A	25
2886.7925	2887.2825	271	MUSCULAR	25
2887.2825	2887.7135000000003	2	ABDOMEN	25
2887.7135000000003	2887.9225	224	IS	25
2887.9225	2888.0735	189	GOOD	25
2888.0735	2888.2035	161	FOR	25
2888.2035	2888.3025000000002	496	YOUR	25
2888.3025000000002	2888.6935	43	BACK	25
2895.6994375	2896.0744375	286	NOTHING	17
2896.0744375	2896.2934375	224	IS	17
2896.2934375	2896.4934375000003	34	AS	17
2896.4934375000003	2897.0044375	295	OFFENSIVE	17
2897.0044375	2897.2244375	34	AS	17
2897.2244375	2897.9144375	219	INNOCENCE	17
2904.361625	2904.583625	210	HOW	49
2904.583625	2904.723625	189	GOOD	49
2904.723625	2904.9096250000002	224	IS	49
2904.9096250000002	2905.013625	496	YOUR	49
2905.013625	2905.7136250000003	138	ENDURANCE	49
2912.899625	2913.185625	142	EVEN	3
2913.185625	2913.429625	211	I	3
2913.429625	2913.967625	293	OCCASIONALLY	3
2913.967625	2914.114625	177	GET	3
2914.114625	2914.179625	434	THE	3
2914.179625	2914.537625	265	MONDAY	3
2914.537625	2914.989625	56	BLUES	3
2922.399125	2922.6901249999996	98	COFFEE	13
2922.6901249999996	2922.879125	224	IS	13
2922.879125	2923.1901249999996	198	GROWN	13
2923.1901249999996	2923.399125	297	ON	13
2923.399125	2923.816125	404	STEEP	13
2923.816125	2924.149125	231	JUNGLE	13
2924.149125	2924.350125	241	LIKE	13
2924.350125	2924.7391249999996	390	SLOPES	13
2924.7391249999996	2924.9051249999998	217	IN	13
2924.9051249999998	2925.323125	431	TEMPERATE	13
2925.323125	2925.8801249999997	497	ZONES	13
2933.057625	2933.292625	142	EVEN	9
2933.292625	2933.361625	1	A	9
2933.361625	2933.821625	383	SIMPLE	9
2933.821625	2934.430625	468	VOCABULARY	9
2934.430625	2934.8516250000002	104	CONTAINS	9
2934.8516250000002	2935.500625	422	SYMBOLS	9
2942.3623125	2942.4053125	434	THE	21
2942.4053125	2942.8183125	475	WATER	21
2942.8183125	2943.2333125	103	CONTAINED	21
2943.2333125	2943.3653125	448	TOO	21
2943.3653125	2943.6083125	269	MUCH	21
2943.6083125	2944.0763125	90	CHLORINE	21
2944.0763125	2944.2743125	20	AND	21
2944.2743125	2944.6093125	409	STUNG	21
2944.6093125	2944.7933125	208	HIS	21
2944.7933125	2945.2843125	149	EYES	21
2952.0048125	2952.2458125	130	DRAW	20
2952.2458125	2952.5858125	145	EVERY	20
2952.5858125	2952.8558125	308	OUTER	20
2952.8558125	2953.0768125	244	LINE	20
2953.0768125	2953.4788125	156	FIRST	20
2953.4788125	2953.6238125	436	THEN	20
2953.6238125	2953.8558125	154	FILL	20
2953.8558125	2953.9898125	217	IN	20
2953.9898125	2954.0468124999998	434	THE	20
2954.0468124999998	2954.6768125	222	INTERIOR	20
2961.9699375	2962.1219374999996	204	HER	30
2962.1219374999996	2962.5809375	470	WARDROBE	30
2962.5809375	2962.9819374999997	102	CONSISTS	30
2962.9819374999997	2963.0929374999996	294	OF	30
2963.0929374999996	2963.2629374999997	298	ONLY	30
2963.2629374999997	2963.6729375	385	SKIRTS	30
2963.6729375	2963.7999375	20	AND	30
2963.7999375	2964.4229375	54	BLOUSES	30
2970.3305094405237	2970.3595094405237	1	A	40
2970.3595094405237	2970.9305094405236	371	SCREWDRIVER	40
2970.9305094405236	2971.110509440524	224	IS	40
2971.110509440524	2971.2995094405237	252	MADE	40
2971.2995094405237	2971.4995094405235	166	FROM	40
2971.4995094405235	2971.8595094405237	469	VODKA	40
2971.8595094405237	2972.099509440524	20	AND	40
2972.099509440524	2972.5445094405236	303	ORANGE	40
2972.5445094405236	2972.949509440524	230	JUICE	40
2980.2690625	2980.4450625000004	433	THAT	28
2980.4450625000004	2980.8700625	326	PICKPOCKET	28
2980.8700625	2981.0570625	472	WAS	28
2981.0570625	2981.2400625	80	CAUGHT	28
2981.2400625	2981.4130625000003	356	RED	28
2981.4130625000003	2981.8510625000004	199	HANDED	28
2989.51025	2989.83725	46	BARB'S	19
2989.83725	2990.05325	188	GOLD	19
2990.05325	2990.47525	63	BRACELET	19
2990.47525	2990.73425	472	WAS	19
2990.73425	2991.33325	193	GRADUATION	19
2991.33325	2991.7552499999997	339	PRESENT	19
2997.307	2997.379	30	ARE	0
2997.379	2997.583	496	YOUR	0
2997.583	2997.87	192	GRADES	0
2997.87	2998.189	206	HIGHER	0
2998.189	2998.37	302	OR	0
2998.37	2998.689	251	LOWER	0
2998.689	2998.84	432	THAN	0
2998.84	2999.569	275	NANCY'S	0
3009.5654375	3009.7564375	24	ANY	34
3009.7564375	3010.4764375	105	CONTRIBUTIONS	34
3010.4764375	3010.6104375	485	WILL	34
3010.6104375	3010.7434375	47	BE	34
3010.7434375	3011.0964375	195	GREATLY	34
3011.0964375	3011.6974375	28	APPRECIATED	34
3018.772875	3018.881875	476	WE	4
3018.881875	3019.031875	30	ARE	4
3019.031875	3019.317875	301	OPEN	4
3019.317875	3019.580875	145	EVERY	4
3019.580875	3019.8518750000003	265	MONDAY	4
3019.8518750000003	3020.330875	143	EVENING	4
3027.0681875	3027.2001875	434	THE	35
3027.2001875	3027.7091875	111	CRANBERRY	35
3027.7091875	3027.9671875000004	57	BOG	35
3027.9671875000004	3028.1991875000003	178	GETS	35
3028.1991875000003	3028.4891875000003	465	VERY	35
3028.4891875000003	3028.7901875000002	340	PRETTY	35
3028.7901875000002	3028.8691875000004	217	IN	35
3028.8691875000004	3029.2201875	40	AUTUMN	35
3035.6293125	3035.7343125000007	476	WE	14
3035.7343125000007	3036.0883125000005	480	WELCOME	14
3036.0883125000005	3036.3573125000003	256	MANY	14
3036.3573125000003	3036.5083125000006	282	NEW	14
3036.5083125000006	3036.8783125000004	408	STUDENTS	14
3036.8783125000004	3037.1033125000004	132	EACH	14
3037.1033125000004	3037.3573125000003	491	YEAR	14
3043.740125	3043.923125	210	HOW	36
3043.923125	3044.0591249999998	128	DO	36
3044.0591249999998	3044.4921249999998	318	OYSTERS	36
3044.4921249999998	3044.671125	253	MAKE	36
3044.671125	3045.1591249999997	320	PEARLS	36
3052.4441875	3052.8521875	75	CALCIUM	16
3052.8521875	3053.1521875000003	254	MAKES	16
3053.1521875000003	3053.4021875000003	58	BONES	16
3053.4021875000003	3053.5721875000004	20	AND	16
3053.5721875000004	3053.7621875000004	430	TEETH	16
3053.7621875000004	3054.2021875	406	STRONG	16
3061.74425	3061.84525	224	IS	38
3061.84525	3062.00625	375	SHE	38
3062.00625	3062.22525	187	GOING	38
3062.22525	3062.45625	487	WITH	38
3062.45625	3062.64525	495	YOU	38
3068.86625	3069.04825	298	ONLY	15
3069.04825	3069.24125	434	THE	15
3069.24125	3069.50525	51	BEST	15
3069.50525	3069.78825	330	PLAYERS	15
3069.78825	3070.18925	139	ENJOY	15
3070.18925	3070.92825	336	POPULARITY	15
