18.563	18.652	30	ARE	0
18.652	18.944	495	YOUR	0
18.944	19.352	192	GRADES	0
19.352	19.782	206	HIGHER	0
19.782	19.872	301	OR	0
19.872	20.172	250	LOWER	0
20.172	20.332	431	THAN	0
20.332	21.042	274	NANCY'S	0
26.431	26.744	99999	sp	1
26.744	26.962	374	SHE	1
26.962	27.312	489	WORE	1
27.312	27.869	470	WARM	1
27.869	28.576	158	FLEECY	1
28.576	28.942	488	WOOLEN	1
28.942	29.722	310	OVERALLS	1
38.105	38.441	353	READING	2
38.441	38.696	217	IN	2
38.696	38.993	334	POOR	2
38.993	39.337	239	LIGHT	2
39.337	39.609	181	GIVES	2
39.609	39.741	494	YOU	2
39.741	40.331	150	EYESTRAIN	2
47.868	48.131	142	EVEN	3
48.131	48.381	211	I	3
48.381	48.925	292	OCCASIONALLY	3
48.925	49.137	177	GET	3
49.137	49.181	433	THE	3
49.181	49.538	264	MONDAY	3
49.538	50.051	56	BLUES	3
57.652	57.811	475	WE	4
57.811	57.981	30	ARE	4
57.981	58.481	300	OPEN	4
58.481	58.951	145	EVERY	4
58.951	59.401	264	MONDAY	4
59.401	59.991	143	EVENING	4
68.249	68.511	226	IT'S	5
68.511	68.733	284	NOT	5
68.733	69.111	133	EASY	5
69.111	69.25	445	TO	5
69.25	69.511	113	CREATE	5
69.511	70.251	215	ILLUMINATING	5
70.251	71.061	146	EXAMPLES	5
80.64	81.031	269	MUM	6
81.031	81.584	406	STRONGLY	6
81.584	81.992	126	DISLIKES	6
81.992	82.871	27	APPETIZERS	6
91.385	91.791	442	THOSE	7
91.791	92.046	483	WHO	7
92.046	92.361	426	TEACH	7
92.361	93.007	461	VALUES	7
93.007	93.412	156	FIRST	7
93.412	93.927	4	ABOLISH	7
93.927	94.331	87	CHEATING	7
104.026	104.111	433	THE	8
104.111	104.522	165	FRIGHTENED	8
104.522	104.931	89	CHILD	8
104.931	105.235	471	WAS	8
105.235	105.541	176	GENTLY	8
105.541	106.086	409	SUBDUED	8
106.086	106.272	73	BY	8
106.272	106.536	208	HIS	8
106.536	106.968	52	BIG	8
106.968	107.352	66	BROTHER	8
117.525	117.912	142	EVEN	9
117.912	118.05	1	A	9
118.05	118.552	382	SIMPLE	9
118.552	119.307	467	VOCABULARY	9
119.307	119.756	104	CONTAINS	9
119.756	120.492	88888	SYLLABLES	9
120.492	120.781	99999	sp	9
120.781	121.018	88888	ER	9
121.018	121.662	421	SYMBOLS	9
133.089	133.205	1	A	10
133.205	133.537	110	CRAB	10
133.537	134.062	85	CHALLENGED	10
134.062	134.382	257	ME	10
134.382	134.622	99999	sp	10
134.622	134.649	70	BUT	10
134.649	134.804	211	I	10
134.804	135.362	88888	QUICKLY	10
135.362	135.66	99999	sp	10
135.66	135.719	70	BUT	10
135.719	135.88	1	A	10
135.88	136.102	349	QUICK	10
136.102	136.522	401	STAB	10
136.522	137.067	463	VANQUISHED	10
137.067	137.202	207	HIM	10
147.908	148.356	183	GLUCOSE	11
148.356	148.592	20	AND	11
148.592	149.262	167	FRUCTOSE	11
149.262	149.505	30	ARE	11
149.505	149.962	275	NATURAL	11
149.962	150.512	413	SUGARS	11
150.512	150.763	99999	sp	11
150.763	151.072	163	FOUND	11
151.072	151.192	217	IN	11
151.192	151.512	168	FRUIT	11
162.119	162.192	30	ARE	12
162.192	162.412	494	YOU	12
162.412	162.722	249	LOOKING	12
162.722	162.982	161	FOR	12
162.982	163.522	136	EMPLOYMENT	12
171.054	171.412	98	COFFEE	13
171.412	171.626	224	IS	13
171.626	171.832	198	GROWN	13
171.832	171.992	296	ON	13
171.992	172.481	403	STEEP	13
172.481	172.842	88888	JUNGLE	13
172.842	173.042	240	LIKE	13
173.042	173.462	389	SLOPES	13
173.462	173.681	217	IN	13
173.681	174.181	430	TEMPERATE	13
174.181	174.762	496	ZONES	13
184.221	184.352	475	WE	14
184.352	184.822	479	WELCOME	14
184.822	185.102	255	MANY	14
185.102	185.252	281	NEW	14
185.252	185.658	407	STUDENTS	14
185.658	185.887	132	EACH	14
185.887	186.202	490	YEAR	14
194.669	195.012	297	ONLY	15
195.012	195.204	433	THE	15
195.204	195.555	51	BEST	15
195.555	195.982	329	PLAYERS	15
195.982	196.369	139	ENJOY	15
196.369	197.142	335	POPULARITY	15
205.646	206.151	75	CALCIUM	16
206.151	206.467	253	MAKES	16
206.467	206.781	58	BONES	16
206.781	206.912	20	AND	16
206.912	207.122	429	TEETH	16
207.122	207.602	405	STRONG	16
215.398	215.832	285	NOTHING	17
215.832	216.012	224	IS	17
216.012	216.302	34	AS	17
216.302	216.792	294	OFFENSIVE	17
216.792	217.02	34	AS	17
217.02	217.722	219	INNOCENCE	17
225.931	226.376	404	STEVE	18
226.376	226.572	489	WORE	18
226.572	226.722	1	A	18
226.722	227.03	65	BRIGHT	18
227.03	227.352	355	RED	18
227.352	227.605	99999	sp	18
227.605	228.102	78	CASHMERE	18
228.102	228.592	419	SWEATER	18
236.954	237.31	46	BARB'S	19
237.31	237.575	188	GOLD	19
237.575	238.021	63	BRACELET	19
238.021	238.217	471	WAS	19
238.217	238.301	1	A	19
238.301	239.291	193	GRADUATION	19
239.291	239.852	338	PRESENT	19
248.615	248.872	130	DRAW	20
248.872	249.272	145	EVERY	20
249.272	249.612	307	OUTER	20
249.612	249.901	243	LINE	20
249.901	250.482	156	FIRST	20
250.482	250.642	435	THEN	20
250.642	250.912	154	FILL	20
250.912	251.063	217	IN	20
251.063	251.151	433	THE	20
251.151	251.782	222	INTERIOR	20
260.621	260.692	433	THE	21
260.692	261.182	474	WATER	21
261.182	261.692	103	CONTAINED	21
261.692	261.851	447	TOO	21
261.851	262.083	268	MUCH	21
262.083	262.591	90	CHLORINE	21
262.591	262.752	20	AND	21
262.752	263.122	408	STUNG	21
263.122	263.351	208	HIS	21
263.351	263.851	149	EYES	21
273.46	273.899	229	JOHN'S	22
273.899	274.182	66	BROTHER	22
274.182	274.749	362	REPAINTED	22
274.749	274.845	433	THE	22
274.845	275.496	173	GARAGE	22
284.002	284.482	84	CHALLENGE	23
284.482	284.851	132	EACH	23
284.851	285.875	175	GENERAL'S	23
285.875	286.692	221	INTELLIGENCE	23
296.172	297.139	17	AMBIDEXTROUS	24
297.139	298.566	326	PICKPOCKETS	24
298.566	299.211	6	ACCOMPLISH	24
299.211	299.513	266	MORE	24
309.63	309.872	1	A	25
309.872	310.742	270	MUSCULAR	25
310.742	311.302	2	ABDOMEN	25
311.302	311.546	224	IS	25
311.546	311.682	189	GOOD	25
311.682	311.812	161	FOR	25
311.812	311.987	495	YOUR	25
311.987	312.382	43	BACK	25
320.954	321.132	437	THEY	26
321.132	321.372	316	OWN	26
321.372	321.499	1	A	26
321.499	321.692	52	BIG	26
321.692	322.083	209	HOUSE	26
322.083	322.326	217	IN	26
322.326	322.432	433	THE	26
322.432	322.843	360	REMOTE	26
322.843	323.601	109	COUNTRYSIDE	26
331.812	331.882	433	THE	27
331.882	332.432	368	ROSE	27
332.432	332.952	106	CORSAGE	27
332.952	333.332	392	SMELLED	27
333.332	333.702	420	SWEET	27
341.147	341.38	432	THAT	28
341.38	341.929	325	PICKPOCKET	28
341.929	342.421	471	WAS	28
342.421	342.715	80	CAUGHT	28
342.715	342.901	355	RED	28
342.901	343.568	199	HANDED	28
351.432	351.51	19	AN	29
351.51	351.942	9	ADULT	29
351.942	352.294	254	MALE	29
352.294	352.812	42	BABOON'S	29
352.812	353.128	429	TEETH	29
353.128	353.217	30	ARE	29
353.217	353.458	284	NOT	29
353.458	353.9	414	SUITABLE	29
353.9	354.159	161	FOR	29
354.159	354.474	135	EATING	29
354.474	355.122	375	SHELLFISH	29
364.871	365.101	204	HER	30
365.101	365.713	469	WARDROBE	30
365.713	366.252	102	CONSISTS	30
366.252	366.585	293	OF	30
366.585	366.911	297	ONLY	30
366.911	367.351	384	SKIRTS	30
367.351	367.609	20	AND	30
367.609	368.322	54	BLOUSES	30
377.167	377.389	433	THE	31
377.389	377.612	452	TWO	31
377.612	378.134	33	ARTISTS	31
378.134	378.881	147	EXCHANGED	31
378.881	379.651	39	AUTOGRAPHS	31
388.595	389.272	71	BUTTERSCOTCH	32
389.272	389.713	169	FUDGE	32
389.713	390.012	186	GOES	32
390.012	390.312	480	WELL	32
390.312	390.522	486	WITH	32
390.522	390.872	462	VANILLA	32
390.872	391.224	212	ICE	32
391.224	391.502	112	CREAM	32
400.528	400.909	365	RICH	33
400.909	401.715	348	PURCHASED	33
401.715	402.378	373	SEVERAL	33
402.378	402.962	381	SIGNED	33
402.962	403.225	99999	sp	33
403.225	404.122	244	LITHOGRAPHS	33
413.95	414.132	24	ANY	34
414.132	415.052	105	CONTRIBUTIONS	34
415.052	415.213	484	WILL	34
415.213	415.377	47	BE	34
415.377	415.742	195	GREATLY	34
415.742	416.565	28	APPRECIATED	34
424.302	424.46	433	THE	35
424.46	425.022	111	CRANBERRY	35
425.022	425.447	57	BOG	35
425.447	425.712	178	GETS	35
425.712	426.035	464	VERY	35
426.035	426.291	339	PRETTY	35
426.291	426.422	217	IN	35
426.422	426.791	40	AUTUMN	35
436.215	436.44	210	HOW	36
436.44	436.591	128	DO	36
436.591	437.101	317	OYSTERS	36
437.101	437.306	252	MAKE	36
437.306	437.851	319	PEARLS	36
444.712	444.971	256	MAY	37
444.971	445.151	211	I	37
445.151	445.522	303	ORDER	37
445.522	445.604	1	A	37
445.604	445.982	318	PARFAIT	37
445.982	446.281	10	AFTER	37
446.281	446.382	211	I	37
446.382	446.642	134	EAT	37
446.642	447.002	124	DINNER	37
455.077	455.182	224	IS	38
455.182	455.414	374	SHE	38
455.414	455.721	187	GOING	38
455.721	455.949	486	WITH	38
455.949	456.112	494	YOU	38
463.185	463.382	76	CAN	39
463.382	463.452	433	THE	39
463.452	464.101	11	AGENCY	39
464.101	464.762	314	OVERTHROW	39
464.762	465.132	13	ALIEN	39
465.132	465.762	162	FORCES	39
473.325	473.382	1	A	40
473.382	474.101	370	SCREWDRIVER	40
474.101	474.312	224	IS	40
474.312	474.541	251	MADE	40
474.541	474.772	166	FROM	40
474.772	475.392	468	VODKA	40
475.392	475.67	99999	sp	40
475.67	475.822	20	AND	40
475.822	476.091	302	ORANGE	40
476.091	476.612	230	JUICE	40
485.956	486.091	210	HOW	41
486.091	486.362	268	MUCH	41
486.362	486.823	16	ALLOWANCE	41
486.823	486.911	128	DO	41
486.911	487.102	494	YOU	41
487.102	487.332	177	GET	41
495.062	496.091	88888	CYCLE	42
496.091	497.106	99999	sp	42
497.106	497.522	88888	CYCLE	42
497.522	498.892	345	PROGRAMS	42
498.892	499.072	484	WILL	42
499.072	499.419	280	NEVER	42
499.419	499.911	100	COMPILE	42
511.846	512.039	433	THE	43
512.039	512.666	61	BOSTON	43
512.666	513.278	45	BALLET	43
513.278	513.832	311	OVERCAME	43
513.832	514.016	434	THEIR	43
514.016	514.412	170	FUNDING	43
514.412	515.032	379	SHORTAGE	43
524.869	525.18	145	EVERY	44
525.18	525.481	74	CAB	44
525.481	525.807	279	NEEDS	44
525.807	526.312	363	REPAINTING	44
526.312	526.881	295	OFTEN	44
534.601	534.946	203	HELP	45
534.946	535.473	196	GREG	45
535.473	535.658	445	TO	45
535.658	536.042	324	PICK	45
536.042	536.2	99999	sp	45
536.2	536.357	1	A	45
536.357	536.652	320	PECK	45
536.652	536.865	293	OF	45
536.865	537.532	337	POTATOES	45
546.111	546.231	475	WE	46
546.231	546.496	240	LIKE	46
546.496	546.705	55	BLUE	46
546.705	547.121	88	CHEESE	46
547.121	547.261	70	BUT	46
547.261	547.631	465	VICTOR	46
547.631	547.972	241	LIKES	46
547.972	548.302	64	BRIE	46
556.507	556.751	108	COUNT	47
556.751	556.832	433	THE	47
556.832	557.241	288	NUMBER	47
557.241	557.386	293	OF	47
557.386	557.991	428	TEASPOONS	47
557.991	558.082	293	OF	47
558.082	558.682	394	SOYSAUCE	47
558.682	558.812	432	THAT	47
558.812	558.971	494	YOU	47
558.971	559.376	7	ADD	47
568.126	568.652	44	BAGPIPES	48
568.652	568.878	20	AND	48
568.878	569.322	59	BONGOS	48
569.322	569.422	30	ARE	48
569.422	569.861	272	MUSICAL	48
569.861	570.552	220	INSTRUMENTS	48
578.241	578.491	210	HOW	49
578.491	578.692	189	GOOD	49
578.692	578.861	224	IS	49
578.861	579.052	495	YOUR	49
579.052	579.721	138	ENDURANCE	49
607.13	607.252	30	ARE	0
607.252	607.482	495	YOUR	0
607.482	607.862	192	GRADES	0
607.862	608.242	206	HIGHER	0
608.242	608.374	301	OR	0
608.374	608.66	250	LOWER	0
608.66	608.832	431	THAN	0
608.832	609.511	274	NANCY'S	0
618.802	619.062	374	SHE	1
619.062	619.68	489	WORE	1
619.68	619.881	99999	sp	1
619.881	620.352	470	WARM	1
620.352	620.425	99999	sp	1
620.425	620.922	158	FLEECY	1
620.922	621.512	488	WOOLEN	1
621.512	622.236	310	OVERALLS	1
630.543	630.841	353	READING	2
630.841	631.031	217	IN	2
631.031	631.262	334	POOR	2
631.262	631.55	239	LIGHT	2
631.55	631.784	181	GIVES	2
631.784	631.912	494	YOU	2
631.912	632.531	150	EYESTRAIN	2
640.4110000000001	640.651	142	EVEN	3
640.651	640.901	211	I	3
640.901	641.402	292	OCCASIONALLY	3
641.402	641.576	177	GET	3
641.576	641.642	433	THE	3
641.642	641.997	264	MONDAY	3
641.997	642.531	56	BLUES	3
650.792	650.881	475	WE	4
650.881	651.031	30	ARE	4
651.031	651.401	300	OPEN	4
651.401	651.701	145	EVERY	4
651.701	652.081	264	MONDAY	4
652.081	652.5409999999999	143	EVENING	4
661.206	661.371	226	IT'S	5
661.371	661.606	284	NOT	5
661.606	662.002	133	EASY	5
662.002	662.156	445	TO	5
662.156	662.462	113	CREATE	5
662.462	663.1610000000001	215	ILLUMINATING	5
663.1610000000001	663.98	146	EXAMPLES	5
671.619	671.865	269	MUM	6
671.865	672.463	406	STRONGLY	6
672.463	672.891	126	DISLIKES	6
672.891	673.701	27	APPETIZERS	6
682.317	682.572	442	THOSE	7
682.572	682.74	483	WHO	7
682.74	683.058	426	TEACH	7
683.058	683.471	461	VALUES	7
683.471	683.781	156	FIRST	7
683.781	684.292	4	ABOLISH	7
684.292	684.811	87	CHEATING	7
694.384	694.485	433	THE	8
694.485	694.8389999999999	165	FRIGHTENED	8
694.8389999999999	695.212	89	CHILD	8
695.212	695.52	471	WAS	8
695.52	695.822	176	GENTLY	8
695.822	696.321	409	SUBDUED	8
696.321	696.501	73	BY	8
696.501	696.746	208	HIS	8
696.746	696.958	52	BIG	8
696.958	697.391	66	BROTHER	8
705.561	705.922	142	EVEN	9
705.922	706.015	1	A	9
706.015	706.641	382	SIMPLE	9
706.641	707.523	467	VOCABULARY	9
707.523	708.281	104	CONTAINS	9
708.281	708.401	99999	sp	9
708.401	709.1320000000001	421	SYMBOLS	9
718.328	718.434	1	A	10
718.434	718.74	110	CRAB	10
718.74	719.181	85	CHALLENGED	10
719.181	719.452	257	ME	10
719.452	719.611	70	BUT	10
719.611	719.74	1	A	10
719.74	719.941	349	QUICK	10
719.941	720.261	401	STAB	10
720.261	720.7909999999999	463	VANQUISHED	10
720.7909999999999	720.992	207	HIM	10
728.989	729.442	183	GLUCOSE	11
729.442	729.582	20	AND	11
729.582	730.162	167	FRUCTOSE	11
730.162	730.332	30	ARE	11
730.332	730.792	275	NATURAL	11
730.792	731.232	413	SUGARS	11
731.232	731.428	163	FOUND	11
731.428	731.572	217	IN	11
731.572	731.922	168	FRUIT	11
739.532	739.6510000000001	30	ARE	12
739.6510000000001	739.742	494	YOU	12
739.742	740.072	249	LOOKING	12
740.072	740.232	161	FOR	12
740.232	740.862	136	EMPLOYMENT	12
748.5	748.842	98	COFFEE	13
748.842	749.05	224	IS	13
749.05	749.242	198	GROWN	13
749.242	749.3820000000001	296	ON	13
749.3820000000001	749.794	403	STEEP	13
749.794	750.102	88888	JUNGLE	13
750.102	750.292	240	LIKE	13
750.292	750.7719999999999	389	SLOPES	13
750.7719999999999	750.991	217	IN	13
750.991	751.392	430	TEMPERATE	13
751.392	751.992	496	ZONES	13
759.84	759.972	475	WE	14
759.972	760.362	479	WELCOME	14
760.362	760.888	255	MANY	14
760.888	761.052	281	NEW	14
761.052	761.509	407	STUDENTS	14
761.509	761.712	132	EACH	14
761.712	761.982	490	YEAR	14
769.726	769.952	297	ONLY	15
769.952	770.152	433	THE	15
770.152	770.419	51	BEST	15
770.419	770.785	329	PLAYERS	15
770.785	771.157	139	ENJOY	15
771.157	771.922	335	POPULARITY	15
779.486	779.942	75	CALCIUM	16
779.942	780.283	253	MAKES	16
780.283	780.592	58	BONES	16
780.592	780.7139999999999	20	AND	16
780.7139999999999	780.942	429	TEETH	16
780.942	781.452	405	STRONG	16
789.8969999999999	790.252	285	NOTHING	17
790.252	790.452	224	IS	17
790.452	790.662	34	AS	17
790.662	791.172	294	OFFENSIVE	17
791.172	791.422	34	AS	17
791.422	792.162	219	INNOCENCE	17
800.3489999999999	800.722	404	STEVE	18
800.722	800.939	489	WORE	18
800.939	801.1	1	A	18
801.1	801.3820000000001	65	BRIGHT	18
801.3820000000001	801.645	355	RED	18
801.645	802.1320000000001	78	CASHMERE	18
802.1320000000001	802.642	419	SWEATER	18
810.648	811.095	46	BARB'S	19
811.095	811.347	188	GOLD	19
811.347	811.742	63	BRACELET	19
811.742	811.992	471	WAS	19
811.992	812.078	1	A	19
812.078	812.721	193	GRADUATION	19
812.721	813.142	338	PRESENT	19
824.508	824.832	130	DRAW	20
824.832	825.242	145	EVERY	20
825.242	825.607	307	OUTER	20
825.607	825.931	243	LINE	20
825.931	826.365	156	FIRST	20
826.365	826.532	435	THEN	20
826.532	826.732	154	FILL	20
826.732	826.887	217	IN	20
826.887	826.962	433	THE	20
826.962	827.572	222	INTERIOR	20
837.727	837.806	433	THE	21
837.806	838.065	474	WATER	21
838.065	838.517	103	CONTAINED	21
838.517	838.662	447	TOO	21
838.662	838.975	268	MUCH	21
838.975	839.327	90	CHLORINE	21
839.327	839.475	20	AND	21
839.475	839.792	408	STUNG	21
839.792	839.982	208	HIS	21
839.982	840.446	149	EYES	21
849.677	850.061	229	JOHN'S	22
850.061	850.322	66	BROTHER	22
850.322	850.871	362	REPAINTED	22
850.871	850.984	433	THE	22
850.984	851.452	173	GARAGE	22
860.259	860.6510000000001	84	CHALLENGE	23
860.6510000000001	860.954	132	EACH	23
860.954	861.422	175	GENERAL'S	23
861.422	862.202	221	INTELLIGENCE	23
869.077	869.9010000000001	17	AMBIDEXTROUS	24
869.9010000000001	870.492	326	PICKPOCKETS	24
870.492	871.014	6	ACCOMPLISH	24
871.014	871.252	266	MORE	24
879.009	879.172	1	A	25
879.172	879.832	270	MUSCULAR	25
879.832	880.3199999999999	2	ABDOMEN	25
880.3199999999999	880.5419999999999	224	IS	25
880.5419999999999	880.6610000000001	189	GOOD	25
880.6610000000001	880.781	161	FOR	25
880.781	880.9680000000001	495	YOUR	25
880.9680000000001	881.332	43	BACK	25
888.1990000000001	888.425	437	THEY	26
888.425	888.613	316	OWN	26
888.613	888.775	1	A	26
888.775	888.992	52	BIG	26
888.992	889.4110000000001	209	HOUSE	26
889.4110000000001	889.797	217	IN	26
889.797	889.922	433	THE	26
889.922	890.346	360	REMOTE	26
890.346	891.0409999999999	109	COUNTRYSIDE	26
900.352	900.432	433	THE	27
900.432	900.885	368	ROSE	27
900.885	901.3430000000001	106	CORSAGE	27
901.3430000000001	901.717	392	SMELLED	27
901.717	902.062	420	SWEET	27
909.9100000000001	910.102	432	THAT	28
910.102	910.6669999999999	325	PICKPOCKET	28
910.6669999999999	910.865	471	WAS	28
910.865	911.075	80	CAUGHT	28
911.075	911.232	355	RED	28
911.232	911.6320000000001	199	HANDED	28
919.177	919.38	19	AN	29
919.38	919.6700000000001	9	ADULT	29
919.6700000000001	919.923	254	MALE	29
919.923	920.4580000000001	42	BABOON'S	29
920.4580000000001	920.677	429	TEETH	29
920.677	920.752	30	ARE	29
920.752	920.943	284	NOT	29
920.943	921.409	414	SUITABLE	29
921.409	921.582	161	FOR	29
921.582	921.899	135	EATING	29
921.899	922.591	375	SHELLFISH	29
930.376	930.5319999999999	204	HER	30
930.5319999999999	931.0319999999999	469	WARDROBE	30
931.0319999999999	931.4870000000001	102	CONSISTS	30
931.4870000000001	931.736	293	OF	30
931.736	932.0799999999999	297	ONLY	30
932.0799999999999	932.572	384	SKIRTS	30
932.572	932.744	20	AND	30
932.744	933.4110000000001	54	BLOUSES	30
941.127	941.29	433	THE	31
941.29	941.531	452	TWO	31
941.531	942.223	33	ARTISTS	31
942.223	942.356	99999	sp	31
942.356	942.672	30	ARE	31
942.672	943.017	99999	sp	31
943.017	943.6220000000001	147	EXCHANGED	31
943.6220000000001	944.312	39	AUTOGRAPHS	31
950.6279999999999	951.101	71	BUTTERSCOTCH	32
951.101	951.454	169	FUDGE	32
951.454	951.688	186	GOES	32
951.688	951.851	480	WELL	32
951.851	952.0930000000001	486	WITH	32
952.0930000000001	952.341	462	VANILLA	32
952.341	952.697	212	ICE	32
952.697	952.942	112	CREAM	32
960.223	960.518	365	RICH	33
960.518	960.941	348	PURCHASED	33
960.941	961.472	373	SEVERAL	33
961.472	961.989	381	SIGNED	33
961.989	962.832	244	LITHOGRAPHS	33
971.379	971.54	19	AN	34
971.54	972.412	105	CONTRIBUTIONS	34
972.412	972.521	484	WILL	34
972.521	972.648	47	BE	34
972.648	972.977	195	GREATLY	34
972.977	973.672	28	APPRECIATED	34
983.404	983.508	433	THE	35
983.508	984.1089999999999	111	CRANBERRY	35
984.1089999999999	984.3720000000001	57	BOG	35
984.3720000000001	984.6610000000001	178	GETS	35
984.6610000000001	984.96	464	VERY	35
984.96	985.262	339	PRETTY	35
985.262	985.3720000000001	217	IN	35
985.3720000000001	985.721	40	AUTUMN	35
994.03	994.25	210	HOW	36
994.25	994.432	128	DO	36
994.432	994.85	317	OYSTERS	36
994.85	995.0350000000001	252	MAKE	36
995.0350000000001	995.531	319	PEARLS	36
1004.126	1004.245	256	MAY	37
1004.245	1004.332	211	I	37
1004.332	1004.594	303	ORDER	37
1004.594	1004.71	1	A	37
1004.71	1005.072	318	PARFAIT	37
1005.072	1005.332	10	AFTER	37
1005.332	1005.4010000000001	211	I	37
1005.4010000000001	1005.595	134	EAT	37
1005.595	1005.971	124	DINNER	37
1014.2660000000001	1014.373	224	IS	38
1014.373	1014.5609999999999	374	SHE	38
1014.5609999999999	1015.219	187	GOING	38
1015.219	1015.46	486	WITH	38
1015.46	1015.6510000000001	494	YOU	38
1024.219	1024.372	76	CAN	39
1024.372	1024.519	433	THE	39
1024.519	1024.992	11	AGENCY	39
1024.992	1025.522	314	OVERTHROW	39
1025.522	1025.8319999999999	13	ALIEN	39
1025.8319999999999	1026.462	162	FORCES	39
1034.176	1034.344	1	A	40
1034.344	1034.791	370	SCREWDRIVER	40
1034.791	1034.969	224	IS	40
1034.969	1035.312	251	MADE	40
1035.312	1035.6689999999999	166	FROM	40
1035.6689999999999	1035.971	468	VODKA	40
1035.971	1036.252	20	AND	40
1036.252	1036.632	302	ORANGE	40
1036.632	1037.0819999999999	230	JUICE	40
1045.135	1045.262	210	HOW	41
1045.262	1045.512	268	MUCH	41
1045.512	1045.9189999999999	16	ALLOWANCE	41
1045.9189999999999	1046.012	128	DO	41
1046.012	1046.153	494	YOU	41
1046.153	1046.401	177	GET	41
1052.855	1053.422	88888	CYNICAL	42
1053.422	1053.911	345	PROGRAMS	42
1053.911	1054.002	484	WILL	42
1054.002	1054.252	280	NEVER	42
1054.252	1054.892	100	COMPILE	42
1062.8899999999999	1063.51	61	BOSTON	43
1063.51	1063.872	45	BALLET	43
1063.872	1063.961	99999	sp	43
1063.961	1064.471	311	OVERCAME	43
1064.471	1064.609	434	THEIR	43
1064.609	1064.959	161	FOR	43
1064.959	1065.308	99999	sp	43
1065.308	1065.728	170	FUNDING	43
1065.728	1066.312	379	SHORTAGE	43
1073.817	1074.0439999999999	145	EVERY	44
1074.0439999999999	1074.341	74	CAB	44
1074.341	1074.612	279	NEEDS	44
1074.612	1075.091	363	REPAINTING	44
1075.091	1075.591	295	OFTEN	44
1083.815	1084.112	203	HELP	45
1084.112	1084.443	196	GREG	45
1084.443	1084.509	99999	sp	45
1084.509	1084.69	445	TO	45
1084.69	1084.922	324	PICK	45
1084.922	1085.076	1	A	45
1085.076	1085.335	320	PECK	45
1085.335	1085.461	293	OF	45
1085.461	1086.182	337	POTATOES	45
1093.3890000000001	1093.535	475	WE	46
1093.535	1093.762	240	LIKE	46
1093.762	1093.847	99999	sp	46
1093.847	1094.057	55	BLUE	46
1094.057	1094.422	88	CHEESE	46
1094.422	1094.599	70	BUT	46
1094.599	1094.882	465	VICTOR	46
1094.882	1095.213	241	LIKES	46
1095.213	1095.541	64	BRIE	46
1102.723	1102.932	108	COUNT	47
1102.932	1103.002	433	THE	47
1103.002	1103.406	288	NUMBER	47
1103.406	1103.574	293	OF	47
1103.574	1104.192	428	TEASPOONS	47
1104.192	1104.281	293	OF	47
1104.281	1104.8220000000001	394	SOYSAUCE	47
1104.8220000000001	1105.022	432	THAT	47
1105.022	1105.212	494	YOU	47
1105.212	1105.471	7	ADD	47
1112.8029999999999	1113.261	44	BAGPIPES	48
1113.261	1113.414	20	AND	48
1113.414	1113.8319999999999	59	BONGOS	48
1113.8319999999999	1113.942	30	ARE	48
1113.942	1114.3319999999999	272	MUSICAL	48
1114.3319999999999	1115.062	220	INSTRUMENTS	48
1122.105	1122.345	210	HOW	49
1122.345	1122.511	189	GOOD	49
1122.511	1122.692	224	IS	49
1122.692	1122.8020000000001	495	YOUR	49
1122.8020000000001	1123.481	138	ENDURANCE	49
1147.632	1147.741	30	ARE	0
1147.741	1147.897	495	YOUR	0
1147.897	1148.187	192	GRADES	0
1148.187	1148.5810000000001	206	HIGHER	0
1148.5810000000001	1148.702	301	OR	0
1148.702	1148.991	250	LOWER	0
1148.991	1149.142	431	THAN	0
1149.142	1149.8220000000001	274	NANCY'S	0
1156.804	1157.011	374	SHE	1
1157.011	1157.3319999999999	489	WORE	1
1157.3319999999999	1157.9070000000002	470	WARM	1
1157.9070000000002	1158.272	158	FLEECY	1
1158.272	1158.6970000000001	488	WOOLEN	1
1158.6970000000001	1159.462	310	OVERALLS	1
1166.767	1167.062	353	READING	2
1167.062	1167.229	217	IN	2
1167.229	1167.491	334	POOR	2
1167.491	1167.755	239	LIGHT	2
1167.755	1167.967	181	GIVES	2
1167.967	1168.101	494	YOU	2
1168.101	1168.721	150	EYESTRAIN	2
1175.5720000000001	1175.7820000000002	142	EVEN	3
1175.7820000000002	1176.0520000000001	211	I	3
1176.0520000000001	1176.525	292	OCCASIONALLY	3
1176.525	1176.696	177	GET	3
1176.696	1176.751	433	THE	3
1176.751	1177.069	264	MONDAY	3
1177.069	1177.591	56	BLUES	3
1184.509	1184.5819999999999	475	WE	4
1184.5819999999999	1184.761	30	ARE	4
1184.761	1185.142	300	OPEN	4
1185.142	1185.422	145	EVERY	4
1185.422	1185.741	264	MONDAY	4
1185.741	1186.221	143	EVENING	4
1192.9859999999999	1193.182	226	IT'S	5
1193.182	1193.3609999999999	284	NOT	5
1193.3609999999999	1193.699	133	EASY	5
1193.699	1193.873	445	TO	5
1193.873	1194.062	113	CREATE	5
1194.062	1194.6109999999999	215	ILLUMINATING	5
1194.6109999999999	1195.501	146	EXAMPLES	5
1202.815	1203.071	269	MUM	6
1203.071	1203.544	406	STRONGLY	6
1203.544	1203.921	126	DISLIKES	6
1203.921	1204.702	27	APPETIZERS	6
1211.194	1211.412	442	THOSE	7
1211.412	1211.575	483	WHO	7
1211.575	1211.851	426	TEACH	7
1211.851	1212.261	461	VALUES	7
1212.261	1212.521	156	FIRST	7
1212.521	1213.04	88888	ABOLISHED	7
1213.04	1213.461	87	CHEATING	7
1220.891	1220.962	433	THE	8
1220.962	1221.339	165	FRIGHTENED	8
1221.339	1221.632	89	CHILD	8
1221.632	1221.885	471	WAS	8
1221.885	1222.152	176	GENTLY	8
1222.152	1222.68	409	SUBDUED	8
1222.68	1222.832	73	BY	8
1222.832	1223.032	208	HIS	8
1223.032	1223.299	52	BIG	8
1223.299	1223.692	66	BROTHER	8
1231.459	1231.762	142	EVEN	9
1231.762	1231.922	1	A	9
1231.922	1232.351	382	SIMPLE	9
1232.351	1233.038	467	VOCABULARY	9
1233.038	1233.471	104	CONTAINS	9
1233.471	1234.121	421	SYMBOLS	9
1241.435	1241.5720000000001	1	A	10
1241.5720000000001	1241.934	110	CRAB	10
1241.934	1242.392	85	CHALLENGED	10
1242.392	1242.588	257	ME	10
1242.588	1242.881	70	BUT	10
1242.881	1243.291	99999	sp	10
1243.291	1243.476	1	A	10
1243.476	1243.681	349	QUICK	10
1243.681	1244.065	401	STAB	10
1244.065	1244.581	463	VANQUISHED	10
1244.581	1244.752	207	HIM	10
1253.205	1253.591	183	GLUCOSE	11
1253.591	1253.731	20	AND	11
1253.731	1254.231	167	FRUCTOSE	11
1254.231	1254.354	30	ARE	11
1254.354	1254.761	275	NATURAL	11
1254.761	1255.151	413	SUGARS	11
1255.151	1255.361	163	FOUND	11
1255.361	1255.481	217	IN	11
1255.481	1255.791	168	FRUIT	11
1263.652	1263.771	30	ARE	12
1263.771	1263.921	494	YOU	12
1263.921	1264.221	249	LOOKING	12
1264.221	1264.421	161	FOR	12
1264.421	1264.931	136	EMPLOYMENT	12
1272.104	1272.421	98	COFFEE	13
1272.421	1272.596	224	IS	13
1272.596	1272.852	198	GROWN	13
1272.852	1273.011	296	ON	13
1273.011	1273.4279999999999	403	STEEP	13
1273.4279999999999	1273.712	88888	JUNGLE	13
1273.712	1273.89	240	LIKE	13
1273.89	1274.261	389	SLOPES	13
1274.261	1274.426	217	IN	13
1274.426	1274.802	430	TEMPERATE	13
1274.802	1275.382	496	ZONES	13
1283.375	1283.492	475	WE	14
1283.492	1283.891	479	WELCOME	14
1283.891	1284.151	255	MANY	14
1284.151	1284.302	281	NEW	14
1284.302	1284.772	407	STUDENTS	14
1284.772	1285.014	132	EACH	14
1285.014	1285.221	490	YEAR	14
1291.913	1292.151	297	ONLY	15
1292.151	1292.329	433	THE	15
1292.329	1292.657	51	BEST	15
1292.657	1293.091	329	PLAYERS	15
1293.091	1293.441	139	ENJOY	15
1293.441	1294.212	335	POPULARITY	15
1301.557	1302.001	75	CALCIUM	16
1302.001	1302.313	253	MAKES	16
1302.313	1302.895	58	BONES	16
1302.895	1303.084	20	AND	16
1303.084	1303.281	429	TEETH	16
1303.281	1303.712	405	STRONG	16
1310.819	1311.121	285	NOTHING	17
1311.121	1311.3220000000001	224	IS	17
1311.3220000000001	1311.513	34	AS	17
1311.513	1312.041	294	OFFENSIVE	17
1312.041	1312.261	34	AS	17
1312.261	1312.992	219	INNOCENCE	17
1319.685	1320.055	404	STEVE	18
1320.055	1320.381	489	WORE	18
1320.381	1320.621	65	BRIGHT	18
1320.621	1320.927	355	RED	18
1320.927	1321.401	78	CASHMERE	18
1321.401	1322.001	88888	SWEATHER	18
1329.495	1329.805	46	BARB'S	19
1329.805	1330.033	188	GOLD	19
1330.033	1330.412	63	BRACELET	19
1330.412	1330.612	471	WAS	19
1330.612	1330.684	1	A	19
1330.684	1331.362	193	GRADUATION	19
1331.362	1331.712	338	PRESENT	19
1339.143	1339.392	130	DRAW	20
1339.392	1339.702	145	EVERY	20
1339.702	1340.0720000000001	307	OUTER	20
1340.0720000000001	1340.362	243	LINE	20
1340.362	1340.854	156	FIRST	20
1340.854	1341.002	435	THEN	20
1341.002	1341.202	154	FILL	20
1341.202	1341.371	217	IN	20
1341.371	1341.442	433	THE	20
1341.442	1342.032	222	INTERIOR	20
1349.884	1349.946	433	THE	21
1349.946	1350.342	474	WATER	21
1350.342	1350.763	103	CONTAINED	21
1350.763	1350.882	447	TOO	21
1350.882	1351.131	268	MUCH	21
1351.131	1351.632	90	CHLORINE	21
1351.632	1351.8220000000001	20	AND	21
1351.8220000000001	1352.142	408	STUNG	21
1352.142	1352.3319999999999	208	HIS	21
1352.3319999999999	1352.802	149	EYES	21
1360.508	1360.9279999999999	229	JOHN'S	22
1360.9279999999999	1361.181	66	BROTHER	22
1361.181	1361.684	362	REPAINTED	22
1361.684	1361.799	433	THE	22
1361.799	1362.372	173	GARAGE	22
1369.607	1370.0140000000001	84	CHALLENGE	23
1370.0140000000001	1370.181	132	EACH	23
1370.181	1370.722	175	GENERAL'S	23
1370.722	1371.552	221	INTELLIGENCE	23
1379.995	1380.8	17	AMBIDEXTROUS	24
1380.8	1381.342	326	PICKPOCKETS	24
1381.342	1381.779	6	ACCOMPLISH	24
1381.779	1382.104	266	MORE	24
1389.172	1389.215	1	A	25
1389.215	1389.762	270	MUSCULAR	25
1389.762	1390.132	2	ABDOMEN	25
1390.132	1390.402	224	IS	25
1390.402	1390.542	189	GOOD	25
1390.542	1390.702	161	FOR	25
1390.702	1390.83	495	YOUR	25
1390.83	1391.244	43	BACK	25
1398.566	1398.732	437	THEY	26
1398.732	1398.942	316	OWN	26
1398.942	1399.085	1	A	26
1399.085	1399.292	52	BIG	26
1399.292	1399.606	209	HOUSE	26
1399.606	1399.706	217	IN	26
1399.706	1399.866	433	THE	26
1399.866	1400.3	360	REMOTE	26
1400.3	1401.054	109	COUNTRYSIDE	26
1408.6390000000001	1409.092	433	THE	27
1409.092	1409.634	368	ROSE	27
1409.634	1410.0819999999999	106	CORSAGE	27
1410.0819999999999	1410.462	392	SMELLED	27
1410.462	1410.842	420	SWEET	27
1417.834	1418.048	432	THAT	28
1418.048	1418.662	325	PICKPOCKET	28
1418.662	1418.895	471	WAS	28
1418.895	1419.032	80	CAUGHT	28
1419.032	1419.242	355	RED	28
1419.242	1419.642	199	HANDED	28
1426.022	1426.079	19	AN	29
1426.079	1426.482	9	ADULT	29
1426.482	1426.733	254	MALE	29
1426.733	1427.289	42	BABOON'S	29
1427.289	1427.525	429	TEETH	29
1427.525	1427.602	30	ARE	29
1427.602	1427.792	284	NOT	29
1427.792	1428.172	414	SUITABLE	29
1428.172	1428.302	161	FOR	29
1428.302	1428.578	135	EATING	29
1428.578	1429.252	375	SHELLFISH	29
1437.796	1437.913	204	HER	30
1437.913	1438.427	469	WARDROBE	30
1438.427	1438.892	102	CONSISTS	30
1438.892	1439.062	293	OF	30
1439.062	1439.352	297	ONLY	30
1439.352	1439.802	384	SKIRTS	30
1439.802	1439.938	20	AND	30
1439.938	1440.612	54	BLOUSES	30
1448.3220000000001	1448.505	433	THE	31
1448.505	1448.712	452	TWO	31
1448.712	1449.193	33	ARTISTS	31
1449.193	1449.901	147	EXCHANGED	31
1449.901	1450.602	39	AUTOGRAPHS	31
1457.798	1458.312	71	BUTTERSCOTCH	32
1458.312	1458.676	169	FUDGE	32
1458.676	1458.912	186	GOES	32
1458.912	1459.132	480	WELL	32
1459.132	1459.341	486	WITH	32
1459.341	1459.661	462	VANILLA	32
1459.661	1460.046	212	ICE	32
1460.046	1460.312	112	CREAM	32
1467.8890000000001	1468.173	365	RICH	33
1468.173	1468.5520000000001	348	PURCHASED	33
1468.5520000000001	1469.012	373	SEVERAL	33
1469.012	1469.392	381	SIGNED	33
1469.392	1470.221	244	LITHOGRAPHS	33
1477.495	1477.606	24	ANY	34
1477.606	1478.409	105	CONTRIBUTIONS	34
1478.409	1478.482	484	WILL	34
1478.482	1478.592	47	BE	34
1478.592	1478.962	195	GREATLY	34
1478.962	1479.672	28	APPRECIATED	34
1486.8220000000001	1486.9569999999999	433	THE	35
1486.9569999999999	1487.521	111	CRANBERRY	35
1487.521	1487.826	57	BOG	35
1487.826	1488.091	178	GETS	35
1488.091	1488.394	464	VERY	35
1488.394	1488.622	339	PRETTY	35
1488.622	1488.762	217	IN	35
1488.762	1489.101	40	AUTUMN	35
1496.396	1496.563	210	HOW	36
1496.563	1496.682	128	DO	36
1496.682	1497.161	317	OYSTERS	36
1497.161	1497.359	252	MAKE	36
1497.359	1497.841	319	PEARLS	36
1503.952	1504.161	256	MAY	37
1504.161	1504.192	211	I	37
1504.192	1504.512	303	ORDER	37
1504.512	1504.599	1	A	37
1504.599	1504.971	318	PARFAIT	37
1504.971	1505.221	10	AFTER	37
1505.221	1505.252	211	I	37
1505.252	1505.46	134	EAT	37
1505.46	1505.781	124	DINNER	37
1512.7060000000001	1512.8020000000001	224	IS	38
1512.8020000000001	1513.0140000000001	374	SHE	38
1513.0140000000001	1513.3319999999999	187	GOING	38
1513.3319999999999	1513.563	486	WITH	38
1513.563	1513.781	494	YOU	38
1519.878	1520.0520000000001	76	CAN	39
1520.0520000000001	1520.112	433	THE	39
1520.112	1520.721	11	AGENCY	39
1520.721	1521.221	314	OVERTHROW	39
1521.221	1521.5819999999999	13	ALIEN	39
1521.5819999999999	1522.192	162	FORCES	39
1529.641	1529.699	1	A	40
1529.699	1530.341	370	SCREWDRIVER	40
1530.341	1530.502	224	IS	40
1530.502	1530.721	251	MADE	40
1530.721	1531.019	166	FROM	40
1531.019	1531.362	468	VODKA	40
1531.362	1531.612	20	AND	40
1531.612	1532.002	302	ORANGE	40
1532.002	1532.442	230	JUICE	40
1540.04	1540.151	210	HOW	41
1540.151	1540.392	268	MUCH	41
1540.392	1540.81	16	ALLOWANCE	41
1540.81	1540.892	128	DO	41
1540.892	1541.031	494	YOU	41
1541.031	1541.272	177	GET	41
1547.659	1548.3980000000001	88888	CYNICAL	42
1548.3980000000001	1548.862	345	PROGRAMS	42
1548.862	1548.952	484	WILL	42
1548.952	1549.221	280	NEVER	42
1549.221	1549.791	100	COMPILE	42
1557.751	1557.885	433	THE	43
1557.885	1558.3890000000001	61	BOSTON	43
1558.3890000000001	1558.721	45	BALLET	43
1558.721	1559.2060000000001	311	OVERCAME	43
1559.2060000000001	1559.341	434	THEIR	43
1559.341	1559.682	170	FUNDING	43
1559.682	1560.3220000000001	379	SHORTAGE	43
1567.318	1567.567	145	EVERY	44
1567.567	1567.812	74	CAB	44
1567.812	1568.1190000000001	279	NEEDS	44
1568.1190000000001	1568.591	363	REPAINTING	44
1568.591	1569.031	295	OFTEN	44
1576.492	1576.712	99999	sp	45
1576.712	1576.992	203	HELP	45
1576.992	1577.262	196	GREG	45
1577.262	1577.351	445	TO	45
1577.351	1577.732	324	PICK	45
1577.732	1577.841	1	A	45
1577.841	1578.161	320	PECK	45
1578.161	1578.242	293	OF	45
1578.242	1578.982	337	POTATOES	45
1586.095	1586.225	475	WE	46
1586.225	1586.512	240	LIKE	46
1586.512	1586.655	55	BLUE	46
1586.655	1586.9850000000001	88	CHEESE	46
1586.9850000000001	1587.151	70	BUT	46
1587.151	1587.411	465	VICTOR	46
1587.411	1587.79	241	LIKES	46
1587.79	1588.0819999999999	64	BRIE	46
1595.629	1595.872	108	COUNT	47
1595.872	1595.942	433	THE	47
1595.942	1596.3020000000001	288	NUMBER	47
1596.3020000000001	1596.416	293	OF	47
1596.416	1596.982	428	TEASPOONS	47
1596.982	1597.101	293	OF	47
1597.101	1597.622	394	SOYSAUCE	47
1597.622	1597.791	432	THAT	47
1597.791	1597.922	494	YOU	47
1597.922	1598.321	7	ADD	47
1605.6979999999999	1606.281	88888	BAGPIKES	48
1606.281	1606.482	20	AND	48
1606.482	1606.911	59	BONGOS	48
1606.911	1606.971	30	ARE	48
1606.971	1607.392	272	MUSICAL	48
1607.392	1608.132	220	INSTRUMENTS	48
1615.18	1615.406	210	HOW	49
1615.406	1615.531	189	GOOD	49
1615.531	1615.7069999999999	224	IS	49
1615.7069999999999	1615.812	495	YOUR	49
1615.812	1616.522	138	ENDURANCE	49
1643.007	1643.0819999999999	30	ARE	0
1643.0819999999999	1643.311	495	YOUR	0
1643.311	1643.772	192	GRADES	0
1643.772	1644.202	206	HIGHER	0
1644.202	1644.3020000000001	301	OR	0
1644.3020000000001	1644.6770000000001	250	LOWER	0
1644.6770000000001	1644.791	431	THAN	0
1644.791	1645.502	274	NANCY'S	0
1653.319	1653.522	374	SHE	1
1653.522	1653.851	489	WORE	1
1653.851	1654.3319999999999	470	WARM	1
1654.3319999999999	1654.862	158	FLEECY	1
1654.862	1655.262	488	WOOLEN	1
1655.262	1656.062	310	OVERALLS	1
1663.76	1664.041	353	READING	2
1664.041	1664.21	217	IN	2
1664.21	1664.492	334	POOR	2
1664.492	1664.729	239	LIGHT	2
1664.729	1664.9850000000001	181	GIVES	2
1664.9850000000001	1665.291	494	YOU	2
1665.291	1666.041	150	EYESTRAIN	2
1672.315	1672.492	142	EVEN	3
1672.492	1672.702	211	I	3
1672.702	1673.19	292	OCCASIONALLY	3
1673.19	1673.362	177	GET	3
1673.362	1673.422	433	THE	3
1673.422	1673.798	264	MONDAY	3
1673.798	1674.312	56	BLUES	3
1681.283	1681.362	475	WE	4
1681.362	1681.492	30	ARE	4
1681.492	1681.8220000000001	300	OPEN	4
1681.8220000000001	1682.091	145	EVERY	4
1682.091	1682.372	264	MONDAY	4
1682.372	1682.932	143	EVENING	4
1690.341	1690.502	226	IT'S	5
1690.502	1690.682	284	NOT	5
1690.682	1691.036	133	EASY	5
1691.036	1691.1779999999999	445	TO	5
1691.1779999999999	1691.422	113	CREATE	5
1691.422	1692.031	215	ILLUMINATING	5
1692.031	1692.8319999999999	146	EXAMPLES	5
1699.884	1700.112	269	MUM	6
1700.112	1700.608	406	STRONGLY	6
1700.608	1701.031	126	DISLIKES	6
1701.031	1701.901	27	APPETIZERS	6
1708.848	1709.092	442	THOSE	7
1709.092	1709.262	483	WHO	7
1709.262	1709.5520000000001	426	TEACH	7
1709.5520000000001	1710.041	461	VALUES	7
1710.041	1710.29	156	FIRST	7
1710.29	1710.752	4	ABOLISH	7
1710.752	1711.223	87	CHEATING	7
1718.499	1718.5520000000001	433	THE	8
1718.5520000000001	1718.942	165	FRIGHTENED	8
1718.942	1719.292	89	CHILD	8
1719.292	1719.516	471	WAS	8
1719.516	1719.812	176	GENTLY	8
1719.812	1720.312	409	SUBDUED	8
1720.312	1720.481	73	BY	8
1720.481	1720.743	208	HIS	8
1720.743	1720.962	52	BIG	8
1720.962	1721.3319999999999	66	BROTHER	8
1721.3319999999999	1721.652	99999	sp	8
1728.3609999999999	1728.663	99999	sp	9
1728.663	1728.9560000000001	142	EVEN	9
1728.9560000000001	1729.011	1	A	9
1729.011	1729.422	382	SIMPLE	9
1729.422	1730.0549999999998	467	VOCABULARY	9
1730.0549999999998	1730.501	104	CONTAINS	9
1730.501	1731.162	421	SYMBOLS	9
1738.752	1738.865	1	A	10
1738.865	1739.1309999999999	110	CRAB	10
1739.1309999999999	1739.5720000000001	85	CHALLENGED	10
1739.5720000000001	1739.799	257	ME	10
1739.799	1739.922	70	BUT	10
1739.922	1740.045	1	A	10
1740.045	1740.272	349	QUICK	10
1740.272	1740.621	401	STAB	10
1740.621	1741.0720000000001	463	VANQUISHED	10
1741.0720000000001	1741.221	207	HIM	10
1748.2559999999999	1748.682	183	GLUCOSE	11
1748.682	1748.772	20	AND	11
1748.772	1749.341	167	FRUCTOSE	11
1749.341	1749.422	30	ARE	11
1749.422	1749.851	275	NATURAL	11
1749.851	1750.251	413	SUGARS	11
1750.251	1750.462	163	FOUND	11
1750.462	1750.5720000000001	217	IN	11
1750.5720000000001	1750.8609999999999	168	FRUIT	11
1757.414	1757.491	30	ARE	12
1757.491	1757.5520000000001	494	YOU	12
1757.5520000000001	1757.8809999999999	249	LOOKING	12
1757.8809999999999	1758.0520000000001	161	FOR	12
1758.0520000000001	1758.5720000000001	136	EMPLOYMENT	12
1765.3429999999998	1765.662	98	COFFEE	13
1765.662	1766.156	224	IS	13
1766.156	1766.432	198	GROWN	13
1766.432	1766.963	296	ON	13
1766.963	1767.1770000000001	0	 	13
1767.1770000000001	1767.745	403	STEEP	13
1767.745	1768.101	88888	JUNGLE	13
1768.101	1768.3020000000001	240	LIKE	13
1768.3020000000001	1768.702	389	SLOPES	13
1768.702	1768.827	217	IN	13
1768.827	1769.162	430	TEMPERATE	13
1769.162	1769.731	496	ZONES	13
1777.498	1777.6309999999999	475	WE	14
1777.6309999999999	1778.279	479	WELCOME	14
1778.279	1778.591	255	MANY	14
1778.591	1778.761	281	NEW	14
1778.761	1779.1799999999998	407	STUDENTS	14
1779.1799999999998	1779.374	132	EACH	14
1779.374	1779.5720000000001	490	YEAR	14
1786.317	1786.601	297	ONLY	15
1786.601	1786.8110000000001	433	THE	15
1786.8110000000001	1787.086	51	BEST	15
1787.086	1787.449	329	PLAYERS	15
1787.449	1787.7930000000001	139	ENJOY	15
1787.7930000000001	1788.5320000000002	335	POPULARITY	15
1795.342	1795.812	75	CALCIUM	16
1795.812	1796.12	253	MAKES	16
1796.12	1796.371	58	BONES	16
1796.371	1796.5520000000001	20	AND	16
1796.5520000000001	1796.741	429	TEETH	16
1796.741	1797.221	405	STRONG	16
1804.691	1805.015	285	NOTHING	17
1805.015	1805.212	224	IS	17
1805.212	1805.381	34	AS	17
1805.381	1805.894	294	OFFENSIVE	17
1805.894	1806.131	34	AS	17
1806.131	1806.862	219	INNOCENCE	17
1814.387	1814.721	404	STEVE	18
1814.721	1814.961	489	WORE	18
1814.961	1815.051	1	A	18
1815.051	1815.342	65	BRIGHT	18
1815.342	1815.579	355	RED	18
1815.579	1816.082	78	CASHMERE	18
1816.082	1816.582	419	SWEATER	18
1823.861	1824.234	46	BARB'S	19
1824.234	1824.473	188	GOLD	19
1824.473	1824.916	63	BRACELET	19
1824.916	1825.082	471	WAS	19
1825.082	1825.162	1	A	19
1825.162	1825.807	193	GRADUATION	19
1825.807	1826.162	338	PRESENT	19
1833.706	1833.962	130	DRAW	20
1833.962	1834.341	145	EVERY	20
1834.341	1834.701	307	OUTER	20
1834.701	1835.04	243	LINE	20
1835.04	1835.486	156	FIRST	20
1835.486	1835.651	435	THEN	20
1835.651	1835.892	154	FILL	20
1835.892	1836.027	217	IN	20
1836.027	1836.111	433	THE	20
1836.111	1836.801	222	INTERIOR	20
1845.3220000000001	1845.432	433	THE	21
1845.432	1845.681	474	WATER	21
1845.681	1846.121	103	CONTAINED	21
1846.121	1846.271	447	TOO	21
1846.271	1846.536	268	MUCH	21
1846.536	1846.962	90	CHLORINE	21
1846.962	1847.093	20	AND	21
1847.093	1847.4279999999999	408	STUNG	21
1847.4279999999999	1847.601	208	HIS	21
1847.601	1848.081	149	EYES	21
1855.051	1855.486	229	JOHN'S	22
1855.486	1855.721	66	BROTHER	22
1855.721	1856.227	362	REPAINTED	22
1856.227	1856.308	433	THE	22
1856.308	1856.857	173	GARAGE	22
1856.857	1857.181	129	DOOR	22
1864.369	1864.753	84	CHALLENGE	23
1864.753	1865.232	132	EACH	23
1865.232	1865.722	175	GENERAL'S	23
1865.722	1866.511	221	INTELLIGENCE	23
1873.525	1874.342	17	AMBIDEXTROUS	24
1874.342	1874.941	326	PICKPOCKETS	24
1874.941	1875.422	6	ACCOMPLISH	24
1875.422	1875.681	266	MORE	24
1882.694	1882.772	1	A	25
1882.772	1883.412	270	MUSCULAR	25
1883.412	1883.891	2	ABDOMEN	25
1883.891	1884.113	224	IS	25
1884.113	1884.242	189	GOOD	25
1884.242	1884.401	161	FOR	25
1884.401	1884.53	495	YOUR	25
1884.53	1884.951	43	BACK	25
1891.508	1891.671	437	THEY	26
1891.671	1891.864	316	OWN	26
1891.864	1892.06	1	A	26
1892.06	1892.272	52	BIG	26
1892.272	1892.561	209	HOUSE	26
1892.561	1892.621	217	IN	26
1892.621	1892.681	433	THE	26
1892.681	1893.004	360	REMOTE	26
1893.004	1893.651	109	COUNTRYSIDE	26
1901.7930000000001	1901.861	433	THE	27
1901.861	1902.174	368	ROSE	27
1902.174	1902.623	106	CORSAGE	27
1902.623	1902.971	392	SMELLED	27
1902.971	1903.311	420	SWEET	27
1910.585	1910.811	432	THAT	28
1910.811	1911.291	325	PICKPOCKET	28
1911.291	1911.497	471	WAS	28
1911.497	1911.632	80	CAUGHT	28
1911.632	1911.861	355	RED	28
1911.861	1912.291	199	HANDED	28
1919.539	1919.666	19	AN	29
1919.666	1920.012	9	ADULT	29
1920.012	1920.284	254	MALE	29
1920.284	1920.79	42	BABOON'S	29
1920.79	1920.992	429	TEETH	29
1920.992	1921.081	30	ARE	29
1921.081	1921.271	284	NOT	29
1921.271	1921.659	414	SUITABLE	29
1921.659	1921.8220000000001	161	FOR	29
1921.8220000000001	1922.144	135	EATING	29
1922.144	1922.811	375	SHELLFISH	29
1929.675	1929.792	204	HER	30
1929.792	1930.266	469	WARDROBE	30
1930.266	1930.672	102	CONSISTS	30
1930.672	1930.782	293	OF	30
1930.782	1930.996	297	ONLY	30
1930.996	1931.412	384	SKIRTS	30
1931.412	1931.522	20	AND	30
1931.522	1932.181	54	BLOUSES	30
1938.79	1938.923	433	THE	31
1938.923	1939.102	452	TWO	31
1939.102	1939.587	33	ARTISTS	31
1939.587	1940.252	147	EXCHANGED	31
1940.252	1941.012	39	AUTOGRAPHS	31
1946.951	1947.452	71	BUTTERSCOTCH	32
1947.452	1947.79	88888	FUDGEsp	32
1947.79	1948.008	186	GOES	32
1948.008	1948.212	480	WELL	32
1948.212	1948.431	486	WITH	32
1948.431	1948.692	462	VANILLA	32
1948.692	1949.04	212	ICE	32
1949.04	1949.312	112	CREAM	32
1955.989	1956.258	365	RICH	33
1956.258	1956.622	348	PURCHASED	33
1956.622	1956.997	373	SEVERAL	33
1956.997	1957.472	381	SIGNED	33
1957.472	1958.262	244	LITHOGRAPHS	33
1966.133	1966.28	24	ANY	34
1966.28	1967.055	105	CONTRIBUTIONS	34
1967.055	1967.253	484	WILL	34
1967.253	1967.727	88888	GREE	34
1967.727	1967.927	99999	sp	34
1967.927	1968.114	47	BE	34
1968.114	1968.512	195	GREATLY	34
1968.512	1969.142	28	APPRECIATED	34
1976.081	1976.2	433	THE	35
1976.2	1976.701	111	CRANBERRY	35
1976.701	1976.9569999999999	57	BOG	35
1976.9569999999999	1977.244	178	GETS	35
1977.244	1977.484	464	VERY	35
1977.484	1977.782	339	PRETTY	35
1977.782	1977.872	217	IN	35
1977.872	1978.232	40	AUTUMN	35
1985.681	1985.845	210	HOW	36
1985.845	1986.002	128	DO	36
1986.002	1986.434	317	OYSTERS	36
1986.434	1986.631	252	MAKE	36
1986.631	1987.142	319	PEARLS	36
1994.925	1995.0720000000001	256	MAY	37
1995.0720000000001	1995.102	211	I	37
1995.102	1995.392	303	ORDER	37
1995.392	1995.492	1	A	37
1995.492	1995.862	318	PARFAIT	37
1995.862	1996.3220000000001	10	AFTER	37
1996.3220000000001	1996.47	99999	sp	37
1996.47	1996.642	211	I	37
1996.642	1996.865	134	EAT	37
1996.865	1997.172	124	DINNER	37
2004.587	2004.672	224	IS	38
2004.672	2004.874	374	SHE	38
2004.874	2005.102	88888	GOIN	38
2005.102	2005.337	486	WITH	38
2005.337	2005.472	494	YOU	38
2013.164	2013.302	76	CAN	39
2013.302	2013.362	433	THE	39
2013.362	2013.942	11	AGENCY	39
2013.942	2014.422	314	OVERTHROW	39
2014.422	2014.812	13	ALIEN	39
2014.812	2015.442	162	FORCES	39
2021.564	2021.631	1	A	40
2021.631	2022.172	370	SCREWDRIVER	40
2022.172	2022.3220000000001	224	IS	40
2022.3220000000001	2022.542	251	MADE	40
2022.542	2022.782	166	FROM	40
2022.782	2023.132	468	VODKA	40
2023.132	2023.401	20	AND	40
2023.401	2023.702	302	ORANGE	40
2023.702	2024.242	230	JUICE	40
2031.2359999999999	2031.352	210	HOW	41
2031.352	2031.602	268	MUCH	41
2031.602	2031.959	16	ALLOWANCE	41
2031.959	2032.042	128	DO	41
2032.042	2032.192	494	YOU	41
2032.192	2032.412	177	GET	41
2039.897	2040.994	88888	CYNICAL	42
2040.994	2041.472	345	PROGRAMS	42
2041.472	2041.562	484	WILL	42
2041.562	2041.925	280	NEVER	42
2041.925	2042.512	100	COMPILE	42
2049.878	2050.006	433	THE	43
2050.006	2050.436	61	BOSTON	43
2050.436	2050.772	45	BALLET	43
2050.772	2051.26	311	OVERCAME	43
2051.26	2051.396	434	THEIR	43
2051.396	2052.046	170	FUNDING	43
2052.046	2052.692	379	SHORTAGE	43
2059.022	2059.248	145	EVERY	44
2059.248	2059.502	74	CAB	44
2059.502	2059.798	279	NEEDS	44
2059.798	2060.272	363	REPAINTING	44
2060.272	2060.762	295	OFTEN	44
2067.643	2067.913	203	HELP	45
2067.913	2068.182	196	GREG	45
2068.182	2068.313	445	TO	45
2068.313	2068.482	324	PICK	45
2068.482	2068.596	1	A	45
2068.596	2068.781	320	PECK	45
2068.781	2068.872	293	OF	45
2068.872	2069.541	337	POTATOES	45
2076.258	2076.351	475	WE	46
2076.351	2076.618	240	LIKE	46
2076.618	2076.7889999999998	55	BLUE	46
2076.7889999999998	2077.109	88	CHEESE	46
2077.109	2077.276	70	BUT	46
2077.276	2077.552	465	VICTOR	46
2077.552	2077.877	241	LIKES	46
2077.877	2078.172	64	BRIE	46
2084.033	2084.252	108	COUNT	47
2084.252	2084.302	433	THE	47
2084.302	2084.672	288	NUMBER	47
2084.672	2084.796	293	OF	47
2084.796	2085.302	428	TEASPOONS	47
2085.302	2085.382	293	OF	47
2085.382	2085.975	394	SOYSAUCE	47
2085.975	2086.053	432	THAT	47
2086.053	2086.221	494	YOU	47
2086.221	2086.482	7	ADD	47
2093.426	2093.882	44	BAGPIPES	48
2093.882	2094.064	20	AND	48
2094.064	2094.452	59	BONGOS	48
2094.452	2094.531	30	ARE	48
2094.531	2094.971	272	MUSICAL	48
2094.971	2095.692	220	INSTRUMENTS	48
2101.267	2101.483	210	HOW	49
2101.483	2101.642	189	GOOD	49
2101.642	2101.802	224	IS	49
2101.802	2101.901	495	YOUR	49
2101.901	2102.531	138	ENDURANCE	49
2137.959	2138.031	30	ARE	0
2138.031	2138.235	495	YOUR	0
2138.235	2138.522	192	GRADES	0
2138.522	2138.841	206	HIGHER	0
2138.841	2139.022	301	OR	0
2139.022	2139.341	250	LOWER	0
2139.341	2139.492	431	THAN	0
2139.492	2140.221	274	NANCY'S	0
2147.185	2147.351	374	SHE	1
2147.351	2147.987	489	WORE	1
2147.987	2148.492	470	WARM	1
2148.492	2149.031	158	FLEECY	1
2149.031	2149.332	488	WOOLEN	1
2149.332	2150.091	310	OVERALLS	1
2157.45	2157.732	353	READING	2
2157.732	2157.922	217	IN	2
2157.922	2158.172	334	POOR	2
2158.172	2158.419	239	LIGHT	2
2158.419	2158.622	181	GIVES	2
2158.622	2158.752	494	YOU	2
2158.752	2159.382	150	EYESTRAIN	2
2165.613	2165.732	211	I	3
2165.732	2166.018	142	EVEN	3
2166.018	2166.262	211	I	3
2166.262	2166.8	292	OCCASIONALLY	3
2166.8	2166.947	177	GET	3
2166.947	2167.012	433	THE	3
2167.012	2167.37	264	MONDAY	3
2167.37	2167.822	56	BLUES	3
2175.973	2176.082	475	WE	4
2176.082	2176.232	30	ARE	4
2176.232	2176.518	300	OPEN	4
2176.518	2176.781	145	EVERY	4
2176.781	2177.052	264	MONDAY	4
2177.052	2177.531	143	EVENING	4
2183.912	2184.101	226	IT'S	5
2184.101	2184.293	284	NOT	5
2184.293	2184.745	133	EASY	5
2184.745	2184.976	445	TO	5
2184.976	2185.302	113	CREATE	5
2185.302	2186.002	215	ILLUMINATING	5
2186.002	2186.762	146	EXAMPLES	5
2194.463	2194.682	269	MUM	6
2194.682	2195.163	406	STRONGLY	6
2195.163	2195.562	126	DISLIKES	6
2195.562	2196.401	27	APPETIZERS	6
2202.613	2202.862	442	THOSE	7
2202.862	2203.1530000000002	483	WHO	7
2203.1530000000002	2203.545	426	TEACH	7
2203.545	2203.971	461	VALUES	7
2203.971	2204.221	156	FIRST	7
2204.221	2204.684	4	ABOLISH	7
2204.684	2205.062	87	CHEATING	7
2212.326	2212.408	433	THE	8
2212.408	2212.772	165	FRIGHTENED	8
2212.772	2213.022	89	CHILD	8
2213.022	2213.262	471	WAS	8
2213.262	2213.582	176	GENTLY	8
2213.582	2214.075	409	SUBDUED	8
2214.075	2214.242	73	BY	8
2214.242	2214.504	208	HIS	8
2214.504	2214.721	52	BIG	8
2214.721	2215.142	66	BROTHER	8
2222.908	2223.143	142	EVEN	9
2223.143	2223.212	1	A	9
2223.212	2223.672	382	SIMPLE	9
2223.672	2224.281	467	VOCABULARY	9
2224.281	2224.702	104	CONTAINS	9
2224.702	2225.351	421	SYMBOLS	9
2232.4719999999998	2232.576	1	A	10
2232.576	2232.884	110	CRAB	10
2232.884	2233.312	85	CHALLENGED	10
2233.312	2233.554	257	ME	10
2233.554	2233.672	70	BUT	10
2233.672	2233.774	1	A	10
2233.774	2233.952	349	QUICK	10
2233.952	2234.273	401	STAB	10
2234.273	2234.351	99999	sp	10
2234.351	2234.802	463	VANQUISHED	10
2234.802	2234.992	207	HIM	10
2242.446	2242.869	183	GLUCOSE	11
2242.869	2243.031	20	AND	11
2243.031	2243.467	167	FRUCTOSE	11
2243.467	2243.692	30	ARE	11
2243.692	2244.053	275	NATURAL	11
2244.053	2244.462	413	SUGARS	11
2244.462	2244.692	163	FOUND	11
2244.692	2244.7799999999997	217	IN	11
2244.7799999999997	2245.101	168	FRUIT	11
2252.272	2252.339	30	ARE	12
2252.339	2252.42	494	YOU	12
2252.42	2252.742	249	LOOKING	12
2252.742	2252.911	161	FOR	12
2252.911	2253.442	136	EMPLOYMENT	12
2259.291	2259.582	98	COFFEE	13
2259.582	2259.771	224	IS	13
2259.771	2260.082	198	GROWN	13
2260.082	2260.291	296	ON	13
2260.291	2260.708	403	STEEP	13
2260.708	2261.041	88888	JUNGLE	13
2261.041	2261.242	240	LIKE	13
2261.242	2261.631	389	SLOPES	13
2261.631	2261.797	217	IN	13
2261.797	2262.215	430	TEMPERATE	13
2262.215	2262.772	496	ZONES	13
2271.173	2271.2780000000002	475	WE	14
2271.2780000000002	2271.632	479	WELCOME	14
2271.632	2271.901	255	MANY	14
2271.901	2272.052	281	NEW	14
2272.052	2272.422	407	STUDENTS	14
2272.422	2272.647	132	EACH	14
2272.647	2272.901	490	YEAR	14
2279.21	2279.392	297	ONLY	15
2279.392	2279.585	433	THE	15
2279.585	2279.849	51	BEST	15
2279.849	2280.132	329	PLAYERS	15
2280.132	2280.533	139	ENJOY	15
2280.533	2281.272	335	POPULARITY	15
2287.924	2288.332	75	CALCIUM	16
2288.332	2288.632	253	MAKES	16
2288.632	2288.882	58	BONES	16
2288.882	2289.052	20	AND	16
2289.052	2289.242	429	TEETH	16
2289.242	2289.682	405	STRONG	16
2295.997	2296.372	285	NOTHING	17
2296.372	2296.591	224	IS	17
2296.591	2296.791	34	AS	17
2296.791	2297.302	294	OFFENSIVE	17
2297.302	2297.522	34	AS	17
2297.522	2298.212	219	INNOCENCE	17
2304.727	2304.911	374	SHE	18
2304.911	2305.2200000000003	489	WORE	18
2305.2200000000003	2305.311	1	A	18
2305.311	2305.621	65	BRIGHT	18
2305.621	2305.948	355	RED	18
2305.948	2306.372	78	CASHMERE	18
2306.372	2306.882	419	SWEATER	18
2313.687	2314.014	46	BARB'S	19
2314.014	2314.23	188	GOLD	19
2314.23	2314.652	63	BRACELET	19
2314.652	2314.911	471	WAS	19
2314.911	2315.51	193	GRADUATION	19
2315.51	2315.932	338	PRESENT	19
2322.89	2323.131	130	DRAW	20
2323.131	2323.471	145	EVERY	20
2323.471	2323.741	307	OUTER	20
2323.741	2323.962	243	LINE	20
2323.962	2324.364	156	FIRST	20
2324.364	2324.509	435	THEN	20
2324.509	2324.741	154	FILL	20
2324.741	2324.875	217	IN	20
2324.875	2324.932	433	THE	20
2324.932	2325.562	222	INTERIOR	20
2333.669	2333.712	433	THE	21
2333.712	2334.125	474	WATER	21
2334.125	2334.54	103	CONTAINED	21
2334.54	2334.672	447	TOO	21
2334.672	2334.915	268	MUCH	21
2334.915	2335.383	90	CHLORINE	21
2335.383	2335.581	20	AND	21
2335.581	2335.916	408	STUNG	21
2335.916	2336.1	208	HIS	21
2336.1	2336.591	149	EYES	21
2344.218	2344.61	229	JOHN'S	22
2344.61	2344.851	66	BROTHER	22
2344.851	2345.341	362	REPAINTED	22
2345.341	2345.402	433	THE	22
2345.402	2345.772	173	GARAGE	22
2345.772	2346.052	129	DOOR	22
2352.591	2353.011	84	CHALLENGE	23
2353.011	2353.302	132	EACH	23
2353.302	2353.741	175	GENERAL'S	23
2353.741	2354.532	221	INTELLIGENCE	23
2360.942	2361.692	17	AMBIDEXTROUS	24
2361.692	2362.272	326	PICKPOCKETS	24
2362.272	2362.741	6	ACCOMPLISH	24
2362.741	2363.001	266	MORE	24
2369.402	2369.491	1	A	25
2369.491	2369.9809999999998	270	MUSCULAR	25
2369.9809999999998	2370.4120000000003	2	ABDOMEN	25
2370.4120000000003	2370.621	224	IS	25
2370.621	2370.772	189	GOOD	25
2370.772	2370.902	161	FOR	25
2370.902	2371.001	495	YOUR	25
2371.001	2371.392	43	BACK	25
2378.169	2378.292	437	THEY	26
2378.292	2378.4809999999998	316	OWN	26
2378.4809999999998	2378.6059999999998	1	A	26
2378.6059999999998	2378.781	52	BIG	26
2378.781	2379.111	209	HOUSE	26
2379.111	2379.192	217	IN	26
2379.192	2379.261	433	THE	26
2379.261	2379.591	360	REMOTE	26
2379.591	2380.251	109	COUNTRYSIDE	26
2386.9030000000002	2386.9809999999998	433	THE	27
2386.9809999999998	2387.317	368	ROSE	27
2387.317	2387.702	106	CORSAGE	27
2387.702	2388.022	392	SMELLED	27
2388.022	2388.332	420	SWEET	27
2394.12	2394.2960000000003	432	THAT	28
2394.2960000000003	2394.721	325	PICKPOCKET	28
2394.721	2394.908	471	WAS	28
2394.908	2395.091	80	CAUGHT	28
2395.091	2395.264	355	RED	28
2395.264	2395.702	199	HANDED	28
2401.891	2401.954	19	AN	29
2401.954	2402.291	9	ADULT	29
2402.291	2402.53	254	MALE	29
2402.53	2403.023	42	BABOON'S	29
2403.023	2403.252	429	TEETH	29
2403.252	2403.341	30	ARE	29
2403.341	2403.521	284	NOT	29
2403.521	2403.921	414	SUITABLE	29
2403.921	2404.072	161	FOR	29
2404.072	2404.38	135	EATING	29
2404.38	2405.032	375	SHELLFISH	29
2412.789	2412.941	204	HER	30
2412.941	2413.4	469	WARDROBE	30
2413.4	2413.801	102	CONSISTS	30
2413.801	2413.912	293	OF	30
2413.912	2414.082	297	ONLY	30
2414.082	2414.492	384	SKIRTS	30
2414.492	2414.619	20	AND	30
2414.619	2415.242	54	BLOUSES	30
2422.356	2422.757	99999	sp	31
2422.757	2422.894	433	THE	31
2422.894	2423.072	452	TWO	31
2423.072	2423.611	33	ARTISTS	31
2423.611	2423.739	99999	sp	31
2423.739	2424.352	147	EXCHANGED	31
2424.352	2424.992	39	AUTOGRAPHS	31
2432.595	2433.101	71	BUTTERSCOTCH	32
2433.101	2433.51	169	FUDGE	32
2433.51	2433.741	186	GOES	32
2433.741	2433.892	480	WELL	32
2433.892	2434.091	486	WITH	32
2434.091	2434.351	462	VANILLA	32
2434.351	2434.706	212	ICE	32
2434.706	2434.962	112	CREAM	32
2442.34	2442.59	365	RICH	33
2442.59	2442.951	348	PURCHASED	33
2442.951	2443.435	373	SEVERAL	33
2443.435	2443.861	381	SIGNED	33
2443.861	2444.631	244	LITHOGRAPHS	33
2451.62	2451.811	24	ANY	34
2451.811	2452.531	105	CONTRIBUTIONS	34
2452.531	2452.665	484	WILL	34
2452.665	2452.798	47	BE	34
2452.798	2453.151	195	GREATLY	34
2453.151	2453.752	28	APPRECIATED	34
2460.99	2461.122	433	THE	35
2461.122	2461.631	111	CRANBERRY	35
2461.631	2461.889	57	BOG	35
2461.889	2462.121	178	GETS	35
2462.121	2462.411	464	VERY	35
2462.411	2462.712	339	PRETTY	35
2462.712	2462.791	217	IN	35
2462.791	2463.142	40	AUTUMN	35
2470.012	2470.195	210	HOW	36
2470.195	2470.331	128	DO	36
2470.331	2470.764	317	OYSTERS	36
2470.764	2470.943	252	MAKE	36
2470.943	2471.431	319	PEARLS	36
2477.312	2477.441	256	MAY	37
2477.441	2477.511	211	I	37
2477.511	2477.791	134	EAT	37
2477.791	2478.005	1	A	37
2478.005	2478.361	318	PARFAIT	37
2478.361	2478.691	10	AFTER	37
2478.691	2478.831	211	I	37
2478.831	2479.093	134	EAT	37
2479.093	2479.401	124	DINNER	37
2486.13	2486.2309999999998	224	IS	38
2486.2309999999998	2486.392	374	SHE	38
2486.392	2486.611	187	GOING	38
2486.611	2486.842	486	WITH	38
2486.842	2487.031	494	YOU	38
2492.589	2492.7309999999998	76	CAN	39
2492.7309999999998	2492.791	433	THE	39
2492.791	2493.341	11	AGENCY	39
2493.341	2493.831	314	OVERTHROW	39
2493.831	2494.195	13	ALIEN	39
2494.195	2494.781	162	FORCES	39
2501.062	2501.091	1	A	40
2501.091	2501.662	370	SCREWDRIVER	40
2501.662	2501.842	224	IS	40
2501.842	2502.031	251	MADE	40
2502.031	2502.2309999999998	166	FROM	40
2502.2309999999998	2502.591	468	VODKA	40
2502.591	2502.831	20	AND	40
2502.831	2503.276	302	ORANGE	40
2503.276	2503.681	230	JUICE	40
2510.959	2511.081	210	HOW	41
2511.081	2511.331	268	MUCH	41
2511.331	2511.742	16	ALLOWANCE	41
2511.742	2511.822	128	DO	41
2511.822	2511.966	494	YOU	41
2511.966	2512.201	177	GET	41
2518.309	2519.035	88888	CYNICAL	42
2519.035	2519.4809999999998	345	PROGRAMS	42
2519.4809999999998	2519.572	484	WILL	42
2519.572	2519.811	280	NEVER	42
2519.811	2520.361	100	COMPILE	42
2528.334	2528.741	61	BOSTON	43
2528.741	2529.072	45	BALLET	43
2529.072	2529.582	311	OVERCAME	43
2529.582	2529.742	434	THEIR	43
2529.742	2530.452	170	FUNDING	43
2530.452	2531.062	379	SHORTAGE	43
2538.785	2539.056	145	EVERY	44
2539.056	2539.376	74	CAB	44
2539.376	2539.646	279	NEEDS	44
2539.646	2540.082	363	REPAINTING	44
2540.082	2540.572	295	OFTEN	44
2546.975	2547.312	203	HELP	45
2547.312	2547.375	99999	sp	45
2547.375	2547.691	196	GREG	45
2547.691	2547.922	320	PECK	45
2547.922	2548.123	1	A	45
2548.123	2548.302	320	PECK	45
2548.302	2548.413	293	OF	45
2548.413	2549.102	337	POTATOES	45
2555.855	2555.982	475	WE	46
2555.982	2556.265	240	LIKE	46
2556.265	2556.462	55	BLUE	46
2556.462	2556.785	88	CHEESE	46
2556.785	2556.962	70	BUT	46
2556.962	2557.232	465	VICTOR	46
2557.232	2557.536	241	LIKES	46
2557.536	2557.852	64	BRIE	46
2564.4139999999998	2564.622	108	COUNT	47
2564.622	2564.692	433	THE	47
2564.692	2565.072	288	NUMBER	47
2565.072	2565.213	293	OF	47
2565.213	2565.802	428	TEASPOONS	47
2565.802	2565.882	293	OF	47
2565.882	2566.406	394	SOYSAUCE	47
2566.406	2566.532	432	THAT	47
2566.532	2566.642	494	YOU	47
2566.642	2566.912	7	ADD	47
2574.091	2574.607	44	BAGPIPES	48
2574.607	2574.7690000000002	20	AND	48
2574.7690000000002	2575.181	59	BONGOS	48
2575.181	2575.302	30	ARE	48
2575.302	2575.692	272	MUSICAL	48
2575.692	2576.392	220	INSTRUMENTS	48
2583.72	2583.942	210	HOW	49
2583.942	2584.082	189	GOOD	49
2584.082	2584.268	224	IS	49
2584.268	2584.372	495	YOUR	49
2584.372	2585.072	138	ENDURANCE	49
2619.431	2619.532	88888	OKAY	0
2619.532	2619.779	99999	sp	0
2619.779	2619.893	30	ARE	0
2619.893	2620.052	495	YOUR	0
2620.052	2620.342	192	GRADES	0
2620.342	2620.651	206	HIGHER	0
2620.651	2620.832	301	OR	0
2620.832	2621.075	250	LOWER	0
2621.075	2621.312	431	THAN	0
2621.312	2621.992	274	NANCY'S	0
2629.384	2629.542	374	SHE	1
2629.542	2629.822	489	WORE	1
2629.822	2630.232	470	WARM	1
2630.232	2630.681	158	FLEECY	1
2630.681	2631.022	488	WOOLEN	1
2631.022	2631.822	310	OVERALLS	1
2638.3	2638.592	353	READING	2
2638.592	2638.764	217	IN	2
2638.764	2639.002	334	POOR	2
2639.002	2639.244	239	LIGHT	2
2639.244	2639.452	181	GIVES	2
2639.452	2639.572	494	YOU	2
2639.572	2640.151	150	EYESTRAIN	2
2645.886	2646.071	142	EVEN	3
2646.071	2646.262	211	I	3
2646.262	2646.716	292	OCCASIONALLY	3
2646.716	2646.874	177	GET	3
2646.874	2646.922	433	THE	3
2646.922	2647.262	264	MONDAY	3
2647.262	2647.772	56	BLUES	3
2654.428	2654.542	475	WE	4
2654.542	2654.681	30	ARE	4
2654.681	2655.002	300	OPEN	4
2655.002	2655.232	145	EVERY	4
2655.232	2655.542	264	MONDAY	4
2655.542	2656.031	143	EVENING	4
2663.526	2663.632	226	IT'S	5
2663.632	2663.791	284	NOT	5
2663.791	2664.142	133	EASY	5
2664.142	2664.312	445	TO	5
2664.312	2664.651	113	CREATE	5
2664.651	2665.242	215	ILLUMINATING	5
2665.242	2666.112	146	EXAMPLES	5
2672.761	2673.002	269	MUM	6
2673.002	2673.51	406	STRONGLY	6
2673.51	2673.932	126	DISLIKES	6
2673.932	2674.732	27	APPETIZERS	6
2681.651	2682.134	99999	sp	7
2682.134	2682.332	442	THOSE	7
2682.332	2682.533	483	WHO	7
2682.533	2682.851	426	TEACH	7
2682.851	2683.291	461	VALUES	7
2683.291	2683.562	156	FIRST	7
2683.562	2684.031	4	ABOLISH	7
2684.031	2684.471	87	CHEATING	7
2691.536	2691.582	433	THE	8
2691.582	2691.911	165	FRIGHTENED	8
2691.911	2692.142	89	CHILD	8
2692.142	2692.372	471	WAS	8
2692.372	2692.672	176	GENTLY	8
2692.672	2693.166	409	SUBDUED	8
2693.166	2693.312	73	BY	8
2693.312	2693.512	208	HIS	8
2693.512	2693.749	52	BIG	8
2693.749	2694.082	66	BROTHER	8
2701.496	2701.672	142	EVEN	9
2701.672	2701.752	1	A	9
2701.752	2702.182	382	SIMPLE	9
2702.182	2702.838	467	VOCABULARY	9
2702.838	2703.281	104	CONTAINS	9
2703.281	2703.982	421	SYMBOLS	9
2711.027	2711.146	1	A	10
2711.146	2711.432	110	CRAB	10
2711.432	2711.812	85	CHALLENGED	10
2711.812	2712.046	257	ME	10
2712.046	2712.151	70	BUT	10
2712.151	2712.349	1	A	10
2712.349	2712.552	349	QUICK	10
2712.552	2712.931	401	STAB	10
2712.931	2713.422	463	VANQUISHED	10
2713.422	2713.601	207	HIM	10
2720.343	2720.743	183	GLUCOSE	11
2720.743	2720.892	20	AND	11
2720.892	2721.341	167	FRUCTOSE	11
2721.341	2721.411	30	ARE	11
2721.411	2721.781	275	NATURAL	11
2721.781	2722.161	413	SUGARS	11
2722.161	2722.401	163	FOUND	11
2722.401	2722.522	217	IN	11
2722.522	2722.872	168	FRUIT	11
2729.313	2729.3559999999998	30	ARE	12
2729.3559999999998	2729.422	494	YOU	12
2729.422	2729.752	249	LOOKING	12
2729.752	2729.932	161	FOR	12
2729.932	2730.467	136	EMPLOYMENT	12
2736.923	2737.262	98	COFFEE	13
2737.262	2737.457	224	IS	13
2737.457	2737.672	198	GROWN	13
2737.672	2737.822	296	ON	13
2737.822	2738.205	403	STEEP	13
2738.205	2738.512	88888	JUNGLE	13
2738.512	2738.702	240	LIKE	13
2738.702	2739.101	389	SLOPES	13
2739.101	2739.237	217	IN	13
2739.237	2739.612	430	TEMPERATE	13
2739.612	2740.252	496	ZONES	13
2747.215	2747.322	475	WE	14
2747.322	2747.672	479	WELCOME	14
2747.672	2748.072	255	MANY	14
2748.072	2748.132	281	NEW	14
2748.132	2748.582	407	STUDENTS	14
2748.582	2748.805	132	EACH	14
2748.805	2749.022	490	YEAR	14
2755.334	2755.547	297	ONLY	15
2755.547	2755.68	433	THE	15
2755.68	2755.942	51	BEST	15
2755.942	2756.291	329	PLAYERS	15
2756.291	2756.668	139	ENJOY	15
2756.668	2757.432	335	POPULARITY	15
2763.504	2763.942	75	CALCIUM	16
2763.942	2764.236	253	MAKES	16
2764.236	2764.512	58	BONES	16
2764.512	2764.702	20	AND	16
2764.702	2764.911	429	TEETH	16
2764.911	2765.362	405	STRONG	16
2771.646	2771.992	285	NOTHING	17
2771.992	2772.172	224	IS	17
2772.172	2772.351	34	AS	17
2772.351	2772.872	294	OFFENSIVE	17
2772.872	2773.055	34	AS	17
2773.055	2773.762	219	INNOCENCE	17
2781.312	2781.531	99999	sp	18
2781.531	2781.952	404	STEVE	18
2781.952	2782.232	489	WORE	18
2782.232	2782.293	1	A	18
2782.293	2782.607	65	BRIGHT	18
2782.607	2782.843	355	RED	18
2782.843	2783.226	78	CASHMERE	18
2783.226	2783.632	419	SWEATER	18
2790.282	2790.5860000000002	46	BARB'S	19
2790.5860000000002	2790.804	188	GOLD	19
2790.804	2791.192	63	BRACELET	19
2791.192	2791.382	471	WAS	19
2791.382	2791.471	1	A	19
2791.471	2792.073	193	GRADUATION	19
2792.073	2792.422	338	PRESENT	19
2799.791	2800.082	130	DRAW	20
2800.082	2800.362	145	EVERY	20
2800.362	2800.661	307	OUTER	20
2800.661	2800.901	243	LINE	20
2800.901	2801.341	156	FIRST	20
2801.341	2801.477	435	THEN	20
2801.477	2801.732	154	FILL	20
2801.732	2801.862	217	IN	20
2801.862	2801.922	433	THE	20
2801.922	2802.482	222	INTERIOR	20
2810.282	2810.369	433	THE	21
2810.369	2810.698	474	WATER	21
2810.698	2811.131	103	CONTAINED	21
2811.131	2811.272	447	TOO	21
2811.272	2811.526	268	MUCH	21
2811.526	2811.992	90	CHLORINE	21
2811.992	2812.192	20	AND	21
2812.192	2812.512	408	STUNG	21
2812.512	2812.672	208	HIS	21
2812.672	2813.142	149	EYES	21
2819.877	2820.265	229	JOHN'S	22
2820.265	2820.522	66	BROTHER	22
2820.522	2821.031	362	REPAINTED	22
2821.031	2821.132	433	THE	22
2821.132	2821.5	173	GARAGE	22
2821.5	2821.802	129	DOOR	22
2828.841	2829.281	84	CHALLENGE	23
2829.281	2829.598	132	EACH	23
2829.598	2830.031	175	GENERAL'S	23
2830.031	2830.802	221	INTELLIGENCE	23
2836.749	2837.551	17	AMBIDEXTROUS	24
2837.551	2838.101	326	PICKPOCKETS	24
2838.101	2838.561	6	ACCOMPLISH	24
2838.561	2838.862	266	MORE	24
2846.601	2846.692	1	A	25
2846.692	2847.262	270	MUSCULAR	25
2847.262	2847.712	2	ABDOMEN	25
2847.712	2847.92	224	IS	25
2847.92	2848.052	189	GOOD	25
2848.052	2848.202	161	FOR	25
2848.202	2848.334	495	YOUR	25
2848.334	2848.692	43	BACK	25
2854.624	2854.772	437	THEY	26
2854.772	2854.962	316	OWN	26
2854.962	2855.1059999999998	1	A	26
2855.1059999999998	2855.312	52	BIG	26
2855.312	2855.632	209	HOUSE	26
2855.632	2855.702	217	IN	26
2855.702	2855.762	433	THE	26
2855.762	2856.0860000000002	360	REMOTE	26
2856.0860000000002	2856.781	109	COUNTRYSIDE	26
2864.397	2864.471	433	THE	27
2864.471	2864.805	368	ROSE	27
2864.805	2865.192	106	CORSAGE	27
2865.192	2865.562	392	SMELLED	27
2865.562	2865.901	420	SWEET	27
2873.471	2873.698	432	THAT	28
2873.698	2874.172	325	PICKPOCKET	28
2874.172	2874.348	471	WAS	28
2874.348	2874.522	80	CAUGHT	28
2874.522	2874.701	355	RED	28
2874.701	2875.172	199	HANDED	28
2881.492	2881.612	19	AN	29
2881.612	2881.942	9	ADULT	29
2881.942	2882.189	254	MALE	29
2882.189	2882.712	42	BABOON'S	29
2882.712	2882.947	429	TEETH	29
2882.947	2883.031	30	ARE	29
2883.031	2883.212	284	NOT	29
2883.212	2883.601	414	SUITABLE	29
2883.601	2883.732	161	FOR	29
2883.732	2883.988	135	EATING	29
2883.988	2884.622	375	SHELLFISH	29
2891.185	2891.288	204	HER	30
2891.288	2891.757	469	WARDROBE	30
2891.757	2892.192	102	CONSISTS	30
2892.192	2892.322	293	OF	30
2892.322	2892.502	297	ONLY	30
2892.502	2892.932	384	SKIRTS	30
2892.932	2893.068	20	AND	30
2893.068	2893.772	54	BLOUSES	30
2900.297	2900.423	433	THE	31
2900.423	2900.612	452	TWO	31
2900.612	2901.022	33	ARTISTS	31
2901.022	2901.541	147	EXCHANGED	31
2901.541	2902.272	39	AUTOGRAPHS	31
2908.108	2908.601	71	BUTTERSCOTCH	32
2908.601	2908.935	169	FUDGE	32
2908.935	2909.192	186	GOES	32
2909.192	2909.392	480	WELL	32
2909.392	2909.601	486	WITH	32
2909.601	2909.932	462	VANILLA	32
2909.932	2910.204	212	ICE	32
2910.204	2910.482	112	CREAM	32
2918.196	2918.471	365	RICH	33
2918.471	2918.902	348	PURCHASED	33
2918.902	2919.212	373	SEVERAL	33
2919.212	2919.582	381	SIGNED	33
2919.582	2920.361	244	LITHOGRAPHS	33
2928.3869999999997	2928.601	24	ANY	34
2928.601	2929.292	105	CONTRIBUTIONS	34
2929.292	2929.432	484	WILL	34
2929.432	2929.565	47	BE	34
2929.565	2929.9809999999998	195	GREATLY	34
2929.9809999999998	2930.692	28	APPRECIATED	34
2937.76	2937.891	433	THE	35
2937.891	2938.367	111	CRANBERRY	35
2938.367	2938.661	57	BOG	35
2938.661	2938.932	178	GETS	35
2938.932	2939.189	464	VERY	35
2939.189	2939.452	339	PRETTY	35
2939.452	2939.542	217	IN	35
2939.542	2939.881	40	AUTUMN	35
2947.351	2947.642	210	HOW	36
2947.642	2947.749	1	A	36
2947.749	2948.011	128	DO	36
2948.011	2948.553	317	OYSTERS	36
2948.553	2948.8	252	MAKE	36
2948.8	2949.4120000000003	319	PEARLS	36
2957.052	2957.518	99999	sp	37
2957.518	2957.692	256	MAY	37
2957.692	2957.721	211	I	37
2957.721	2958.032	303	ORDER	37
2958.032	2958.11	1	A	37
2958.11	2958.522	318	PARFAIT	37
2958.522	2958.942	10	AFTER	37
2958.942	2959.062	211	I	37
2959.062	2959.318	134	EAT	37
2959.318	2959.692	124	DINNER	37
2966.87	2966.971	224	IS	38
2966.971	2967.186	374	SHE	38
2967.186	2967.522	187	GOING	38
2967.522	2967.761	486	WITH	38
2967.761	2967.942	494	YOU	38
2975.556	2975.712	76	CAN	39
2975.712	2975.782	433	THE	39
2975.782	2976.361	11	AGENCY	39
2976.361	2976.881	314	OVERTHROW	39
2976.881	2977.261	13	ALIEN	39
2977.261	2977.932	162	FORCES	39
2984.44	2984.4809999999998	1	A	40
2984.4809999999998	2985.082	370	SCREWDRIVER	40
2985.082	2985.2709999999997	224	IS	40
2985.2709999999997	2985.452	251	MADE	40
2985.452	2985.682	166	FROM	40
2985.682	2986.052	468	VODKA	40
2986.052	2986.2309999999998	20	AND	40
2986.2309999999998	2986.6620000000003	302	ORANGE	40
2986.6620000000003	2987.121	230	JUICE	40
2994.073	2994.172	210	HOW	41
2994.172	2994.4120000000003	268	MUCH	41
2994.4120000000003	2994.761	16	ALLOWANCE	41
2994.761	2994.841	128	DO	41
2994.841	2994.947	494	YOU	41
2994.947	2995.172	177	GET	41
3004.822	3005.199	99999	sp	42
3005.199	3006.042	88888	CYCLINICAL	42
3006.042	3006.482	345	PROGRAMS	42
3006.482	3006.572	484	WILL	42
3006.572	3006.872	280	NEVER	42
3006.872	3007.341	100	COMPILE	42
3014.294	3014.408	433	THE	43
3014.408	3014.846	0	' 	43
3014.846	3015.194	45	BALLET	43
3015.194	3015.601	311	OVERCAME	43
3015.601	3015.731	434	THEIR	43
3015.731	3016.05	170	FUNDING	43
3016.05	3016.681	379	SHORTAGE	43
3022.906	3023.148	145	EVERY	44
3023.148	3023.422	74	CAB	44
3023.422	3023.692	279	NEEDS	44
3023.692	3024.152	363	REPAINTING	44
3024.152	3024.662	295	OFTEN	44
3031.555	3031.815	203	HELP	45
3031.815	3032.061	196	GREG	45
3032.061	3032.185	445	TO	45
3032.185	3032.351	324	PICK	45
3032.351	3032.485	1	A	45
3032.485	3032.651	320	PECK	45
3032.651	3032.774	293	OF	45
3032.774	3033.431	337	POTATOES	45
3039.647	3039.761	475	WE	46
3039.761	3040.02	240	LIKE	46
3040.02	3040.217	55	BLUE	46
3040.217	3040.528	88	CHEESE	46
3040.528	3040.678	70	BUT	46
3040.678	3040.981	465	VICTOR	46
3040.981	3041.293	241	LIKES	46
3041.293	3041.621	64	BRIE	46
3047.693	3047.917	108	COUNT	47
3047.917	3047.981	433	THE	47
3047.981	3048.363	288	NUMBER	47
3048.363	3048.457	293	OF	47
3048.457	3049.002	428	TEASPOONS	47
3049.002	3049.105	293	OF	47
3049.105	3049.607	394	SOYSAUCE	47
3049.607	3049.731	432	THAT	47
3049.731	3049.861	494	YOU	47
3049.861	3050.252	7	ADD	47
3057.016	3057.616	88888	BAGPIKES	48
3057.616	3057.833	20	AND	48
3057.833	3058.303	59	BONGOS	48
3058.303	3058.371	30	ARE	48
3058.371	3058.831	272	MUSICAL	48
3058.831	3059.611	220	INSTRUMENTS	48
3065.222	3065.438	210	HOW	49
3065.438	3065.611	189	GOOD	49
3065.611	3065.824	224	IS	49
3065.824	3065.931	495	YOUR	49
3065.931	3066.681	138	ENDURANCE	49
