32.069125	32.287125	375	SHE	1
32.287125	32.637125	490	WORE	1
32.637125	33.194125	471	WARM	1
33.194125	33.901125	158	FLEECY	1
33.901125	34.267125	489	WOOLEN	1
34.267125	35.047125	311	OVERALLS	1
42.8035	43.139500000000005	354	READING	2
43.139500000000005	43.3945	217	IN	2
43.3945	43.691500000000005	335	POOR	2
43.691500000000005	44.035500000000006	240	LIGHT	2
44.035500000000006	44.307500000000005	181	GIVES	2
44.307500000000005	44.4395	495	YOU	2
44.4395	45.029500000000006	150	EYESTRAIN	2
52.555125	52.818124999999995	142	EVEN	3
52.818124999999995	53.068124999999995	211	I	3
53.068124999999995	53.61212499999999	293	OCCASIONALLY	3
53.61212499999999	53.824124999999995	177	GET	3
53.824124999999995	53.86812499999999	434	THE	3
53.86812499999999	54.22512499999999	265	MONDAY	3
54.22512499999999	54.738125	56	BLUES	3
62.557125	62.716125	476	WE	4
62.716125	62.886125	30	ARE	4
62.886125	63.386125	301	OPEN	4
63.386125	63.856125	145	EVERY	4
63.856125	64.30612500000001	265	MONDAY	4
64.30612500000001	64.896125	143	EVENING	4
73.89825	74.16025	226	IT'S	5
74.16025	74.38225000000001	285	NOT	5
74.38225000000001	74.76025000000001	133	EASY	5
74.76025000000001	74.89925000000001	446	TO	5
74.89925000000001	75.16025	113	CREATE	5
75.16025	75.90025000000001	215	ILLUMINATING	5
75.90025000000001	76.71025000000002	146	EXAMPLES	5
85.7180625	86.10906250000001	270	MUM	6
86.10906250000001	86.6620625	407	STRONGLY	6
86.6620625	87.0700625	126	DISLIKES	6
87.0700625	87.9490625	27	APPETIZERS	6
97.516875	97.92287499999999	443	THOSE	7
97.92287499999999	98.177875	484	WHO	7
98.177875	98.492875	427	TEACH	7
98.492875	99.138875	462	VALUES	7
99.138875	99.543875	156	FIRST	7
99.543875	100.058875	4	ABOLISH	7
100.058875	100.462875	87	CHEATING	7
110.4701875	110.5551875	434	THE	8
110.5551875	110.9661875	165	FRIGHTENED	8
110.9661875	111.3751875	89	CHILD	8
111.3751875	111.6791875	472	WAS	8
111.6791875	111.9851875	176	GENTLY	8
111.9851875	112.5301875	410	SUBDUED	8
112.5301875	112.7161875	73	BY	8
112.7161875	112.9801875	208	HIS	8
112.9801875	113.4121875	52	BIG	8
113.4121875	113.7961875	66	BROTHER	8
124.73725	125.12425	142	EVEN	9
125.12425	125.26225	1	A	9
125.26225	125.76425	383	SIMPLE	9
125.76425	126.51925	468	VOCABULARY	9
126.51925	126.96825	104	CONTAINS	9
126.96825	127.70425	88888	SYLLABLES	9
127.70425	127.99325	99999	sp	9
127.99325	128.23025	88888	ER	9
128.23025	128.87425000000002	422	SYMBOLS	9
140.0768125	140.1928125	1	A	10
140.1928125	140.5248125	110	CRAB	10
140.5248125	141.0498125	85	CHALLENGED	10
141.0498125	141.3698125	258	ME	10
141.3698125	141.6098125	99999	sp	10
141.6098125	141.6368125	70	BUT	10
141.6368125	141.7918125	211	I	10
141.7918125	142.34981249999998	88888	QUICKLY	10
142.34981249999998	142.6478125	99999	sp	10
142.6478125	142.70681249999998	70	BUT	10
142.70681249999998	142.86781249999999	1	A	10
142.86781249999999	143.0898125	350	QUICK	10
143.0898125	143.50981249999998	402	STAB	10
143.50981249999998	144.0548125	464	VANQUISHED	10
144.0548125	144.1898125	207	HIM	10
154.36	154.80800000000002	183	GLUCOSE	11
154.80800000000002	155.04400000000004	20	AND	11
155.04400000000004	155.71400000000003	167	FRUCTOSE	11
155.71400000000003	155.95700000000002	30	ARE	11
155.95700000000002	156.41400000000002	276	NATURAL	11
156.41400000000002	156.96400000000003	414	SUGARS	11
156.96400000000003	157.21500000000003	99999	sp	11
157.21500000000003	157.52400000000003	163	FOUND	11
157.52400000000003	157.64400000000003	217	IN	11
157.64400000000003	157.96400000000003	168	FRUIT	11
166.494125	166.567125	30	ARE	12
166.567125	166.787125	495	YOU	12
166.787125	167.097125	250	LOOKING	12
167.097125	167.357125	161	FOR	12
167.357125	167.897125	136	EMPLOYMENT	12
177.2210625	177.5790625	98	COFFEE	13
177.5790625	177.7930625	224	IS	13
177.7930625	177.99906249999998	198	GROWN	13
177.99906249999998	178.15906249999998	297	ON	13
178.15906249999998	178.64806249999998	404	STEEP	13
178.64806249999998	179.0090625	231	JUNGLE	13
179.0090625	179.2090625	241	LIKE	13
179.2090625	179.62906249999997	390	SLOPES	13
179.62906249999997	179.8480625	217	IN	13
179.8480625	180.3480625	431	TEMPERATE	13
180.3480625	180.9290625	497	ZONES	13
188.8278125	188.9588125	476	WE	14
188.9588125	189.4288125	480	WELCOME	14
189.4288125	189.7088125	256	MANY	14
189.7088125	189.8588125	282	NEW	14
189.8588125	190.26481249999998	408	STUDENTS	14
190.26481249999998	190.4938125	132	EACH	14
190.4938125	190.8088125	491	YEAR	14
200.070625	200.413625	298	ONLY	15
200.413625	200.605625	434	THE	15
200.605625	200.956625	51	BEST	15
200.956625	201.383625	330	PLAYERS	15
201.383625	201.770625	139	ENJOY	15
201.770625	202.543625	336	POPULARITY	15
210.3065	210.81150000000002	75	CALCIUM	16
210.81150000000002	211.12750000000003	254	MAKES	16
211.12750000000003	211.44150000000002	58	BONES	16
211.44150000000002	211.57250000000002	20	AND	16
211.57250000000002	211.78250000000003	430	TEETH	16
211.78250000000003	212.26250000000002	406	STRONG	16
220.6484375	221.0824375	286	NOTHING	17
221.0824375	221.2624375	224	IS	17
221.2624375	221.5524375	34	AS	17
221.5524375	222.0424375	295	OFFENSIVE	17
222.0424375	222.2704375	34	AS	17
222.2704375	222.9724375	219	INNOCENCE	17
231.0376875	231.4826875	405	STEVE	18
231.4826875	231.6786875	490	WORE	18
231.6786875	231.8286875	1	A	18
231.8286875	232.1366875	65	BRIGHT	18
232.1366875	232.4586875	356	RED	18
232.4586875	232.71168749999998	99999	sp	18
232.71168749999998	233.2086875	78	CASHMERE	18
233.2086875	233.6986875	420	SWEATER	18
242.525375	242.881375	46	BARB'S	19
242.881375	243.14637499999998	188	GOLD	19
243.14637499999998	243.59237499999998	63	BRACELET	19
243.59237499999998	243.788375	472	WAS	19
243.788375	243.87237499999998	1	A	19
243.87237499999998	244.862375	193	GRADUATION	19
244.862375	245.423375	339	PRESENT	19
254.6305625	254.8875625	130	DRAW	20
254.8875625	255.28756249999998	145	EVERY	20
255.28756249999998	255.62756249999998	308	OUTER	20
255.62756249999998	255.9165625	244	LINE	20
255.9165625	256.49756249999996	156	FIRST	20
256.49756249999996	256.6575625	436	THEN	20
256.6575625	256.9275625	154	FILL	20
256.9275625	257.0785625	217	IN	20
257.0785625	257.1665625	434	THE	20
257.1665625	257.7975625	222	INTERIOR	20
266.505125	266.57612500000005	434	THE	21
266.57612500000005	267.06612500000006	475	WATER	21
267.06612500000006	267.57612500000005	103	CONTAINED	21
267.57612500000005	267.73512500000004	448	TOO	21
267.73512500000004	267.96712500000007	269	MUCH	21
267.96712500000007	268.47512500000005	90	CHLORINE	21
268.47512500000005	268.63612500000005	20	AND	21
268.63612500000005	269.00612500000005	409	STUNG	21
269.00612500000005	269.23512500000004	208	HIS	21
269.23512500000004	269.73512500000004	149	EYES	21
278.399714542391	278.838714542391	229	JOHN'S	22
278.838714542391	279.12171454239103	66	BROTHER	22
279.12171454239103	279.68871454239104	363	REPAINTED	22
279.68871454239104	279.78471454239104	434	THE	22
279.78471454239104	280.435714542391	173	GARAGE	22
289.744625	290.224625	84	CHALLENGE	23
290.224625	290.593625	132	EACH	23
290.593625	291.617625	175	GENERAL'S	23
291.617625	292.434625	221	INTELLIGENCE	23
302.932125	303.89912499999997	17	AMBIDEXTROUS	24
303.89912499999997	305.32612499999993	327	PICKPOCKETS	24
305.32612499999993	305.971125	6	ACCOMPLISH	24
305.971125	306.27312499999994	267	MORE	24
315.0241875	315.2661875	1	A	25
315.2661875	316.1361875	271	MUSCULAR	25
316.1361875	316.6961875	2	ABDOMEN	25
316.6961875	316.9401875	224	IS	25
316.9401875	317.0761875	189	GOOD	25
317.0761875	317.2061875	161	FOR	25
317.2061875	317.3811875	496	YOUR	25
317.3811875	317.7761875	43	BACK	25
326.302625	326.480625	438	THEY	26
326.480625	326.720625	317	OWN	26
326.720625	326.847625	1	A	26
326.847625	327.040625	52	BIG	26
327.040625	327.431625	209	HOUSE	26
327.431625	327.674625	217	IN	26
327.674625	327.780625	434	THE	26
327.780625	328.191625	361	REMOTE	26
328.191625	328.94962499999997	109	COUNTRYSIDE	26
335.99025	336.06025	434	THE	27
336.06025	336.61025	369	ROSE	27
336.61025	337.13025	106	CORSAGE	27
337.13025	337.51025	393	SMELLED	27
337.51025	337.88025	421	SWEET	27
346.2385625	346.4715625	433	THAT	28
346.4715625	347.0205625	326	PICKPOCKET	28
347.0205625	347.5125625	472	WAS	28
347.5125625	347.8065625	80	CAUGHT	28
347.8065625	347.9925625	356	RED	28
347.9925625	348.6595625	199	HANDED	28
358.066	358.14399999999995	19	AN	29
358.14399999999995	358.57599999999996	9	ADULT	29
358.57599999999996	358.92799999999994	255	MALE	29
358.92799999999994	359.44599999999997	42	BABOON'S	29
359.44599999999997	359.76199999999994	430	TEETH	29
359.76199999999994	359.85099999999994	30	ARE	29
359.85099999999994	360.092	285	NOT	29
360.092	360.53399999999993	415	SUITABLE	29
360.53399999999993	360.79299999999995	161	FOR	29
360.79299999999995	361.10799999999995	135	EATING	29
361.10799999999995	361.756	376	SHELLFISH	29
370.6856875	370.9156875	204	HER	30
370.9156875	371.5276875	470	WARDROBE	30
371.5276875	372.0666875	102	CONSISTS	30
372.0666875	372.39968749999997	294	OF	30
372.39968749999997	372.7256875	298	ONLY	30
372.7256875	373.1656875	385	SKIRTS	30
373.1656875	373.42368749999997	20	AND	30
373.42368749999997	374.1366875	54	BLOUSES	30
382.7696875	382.9916875	434	THE	31
382.9916875	383.2146875	453	TWO	31
383.2146875	383.7366875	33	ARTISTS	31
383.7366875	384.4836875	147	EXCHANGED	31
384.4836875	385.2536875	39	AUTOGRAPHS	31
394.368125	395.045125	71	BUTTERSCOTCH	32
395.045125	395.486125	169	FUDGE	32
395.486125	395.785125	186	GOES	32
395.785125	396.085125	481	WELL	32
396.085125	396.295125	487	WITH	32
396.295125	396.645125	463	VANILLA	32
396.645125	396.997125	212	ICE	32
396.997125	397.275125	112	CREAM	32
407.290875	407.671875	366	RICH	33
407.671875	408.477875	349	PURCHASED	33
408.477875	409.140875	374	SEVERAL	33
409.140875	409.724875	382	SIGNED	33
409.724875	409.98787500000003	99999	sp	33
409.98787500000003	410.884875	245	LITHOGRAPHS	33
418.7655625	418.9475625	24	ANY	34
418.9475625	419.8675625	105	CONTRIBUTIONS	34
419.8675625	420.0285625	485	WILL	34
420.0285625	420.1925625	47	BE	34
420.1925625	420.5575625	195	GREATLY	34
420.5575625	421.3805625	28	APPRECIATED	34
429.8025625	429.9605625	434	THE	35
429.9605625	430.5225625	111	CRANBERRY	35
430.5225625	430.9475625	57	BOG	35
430.9475625	431.2125625	178	GETS	35
431.2125625	431.5355625	465	VERY	35
431.5355625	431.7915625	340	PRETTY	35
431.7915625	431.9225625	217	IN	35
431.9225625	432.2915625	40	AUTUMN	35
440.3641875	440.58918750000004	210	HOW	36
440.58918750000004	440.74018750000005	128	DO	36
440.74018750000005	441.25018750000004	318	OYSTERS	36
441.25018750000004	441.4551875	253	MAKE	36
441.4551875	442.00018750000004	320	PEARLS	36
449.738125	449.99712500000004	257	MAY	37
449.99712500000004	450.17712500000005	211	I	37
450.17712500000005	450.548125	304	ORDER	37
450.548125	450.630125	1	A	37
450.630125	451.00812500000006	319	PARFAIT	37
451.00812500000006	451.30712500000004	10	AFTER	37
451.30712500000004	451.40812500000004	211	I	37
451.40812500000004	451.66812500000003	134	EAT	37
451.66812500000003	452.02812500000005	124	DINNER	37
459.0464375	459.15143750000004	224	IS	38
459.15143750000004	459.3834375	375	SHE	38
459.3834375	459.69043750000003	187	GOING	38
459.69043750000003	459.91843750000004	487	WITH	38
459.91843750000004	460.08143750000005	495	YOU	38
468.06725	468.26425	76	CAN	39
468.26425	468.33425	434	THE	39
468.33425	468.98325	11	AGENCY	39
468.98325	469.64425	315	OVERTHROW	39
469.64425	470.01425	13	ALIEN	39
470.01425	470.64425	162	FORCES	39
479.3057840882747	479.36278408827474	1	A	40
479.36278408827474	480.08178408827473	371	SCREWDRIVER	40
480.08178408827473	480.29278408827474	224	IS	40
480.29278408827474	480.5217840882747	252	MADE	40
480.5217840882747	480.7527840882747	166	FROM	40
480.7527840882747	481.3727840882747	469	VODKA	40
481.3727840882747	481.65078408827475	99999	sp	40
481.65078408827475	481.80278408827473	20	AND	40
481.80278408827473	482.07178408827474	303	ORANGE	40
482.07178408827474	482.59278408827475	230	JUICE	40
489.956	490.091	210	HOW	41
490.091	490.362	269	MUCH	41
490.362	490.823	16	ALLOWANCE	41
490.823	490.911	128	DO	41
490.911	491.102	495	YOU	41
491.102	491.332	177	GET	41
503.45764135026536	504.48664135026536	88888	CYCLE	42
504.48664135026536	505.50164135026534	99999	sp	42
505.50164135026534	505.91764135026534	88888	CYCLE	42
505.91764135026534	507.28764135026535	346	PROGRAMS	42
507.28764135026535	507.46764135026535	485	WILL	42
507.46764135026535	507.81464135026533	281	NEVER	42
507.81464135026533	508.30664135026535	100	COMPILE	42
517.875875	518.0688749999999	434	THE	43
518.0688749999999	518.695875	61	BOSTON	43
518.695875	519.307875	45	BALLET	43
519.307875	519.8618749999999	312	OVERCAME	43
519.8618749999999	520.0458749999999	435	THEIR	43
520.0458749999999	520.441875	170	FUNDING	43
520.441875	521.061875	380	SHORTAGE	43
529.8506875	530.1616875	145	EVERY	44
530.1616875	530.4626875	74	CAB	44
530.4626875	530.7886875	280	NEEDS	44
530.7886875	531.2936875	364	REPAINTING	44
531.2936875	531.8626875	296	OFTEN	44
540.00175	540.34675	203	HELP	45
540.34675	540.87375	196	GREG	45
540.87375	541.05875	446	TO	45
541.05875	541.44275	325	PICK	45
541.44275	541.6007500000001	99999	sp	45
541.6007500000001	541.75775	1	A	45
541.75775	542.0527500000001	321	PECK	45
542.0527500000001	542.26575	294	OF	45
542.26575	542.93275	338	POTATOES	45
550.9735625	551.0935625	476	WE	46
551.0935625	551.3585625	241	LIKE	46
551.3585625	551.5675625	55	BLUE	46
551.5675625	551.9835625	88	CHEESE	46
551.9835625	552.1235624999999	70	BUT	46
552.1235624999999	552.4935624999999	466	VICTOR	46
552.4935624999999	552.8345625	242	LIKES	46
552.8345625	553.1645625	64	BRIE	46
561.8245625	562.0685625	108	COUNT	47
562.0685625	562.1495625	434	THE	47
562.1495625	562.5585625	289	NUMBER	47
562.5585625	562.7035625	294	OF	47
562.7035625	563.3085625	429	TEASPOONS	47
563.3085625	563.3995625	294	OF	47
563.3995625	563.9995625	395	SOYSAUCE	47
563.9995625	564.1295625	433	THAT	47
564.1295625	564.2885625	495	YOU	47
564.2885625	564.6935625	7	ADD	47
572.988125	573.514125	44	BAGPIPES	48
573.514125	573.740125	20	AND	48
573.740125	574.184125	59	BONGOS	48
574.184125	574.284125	30	ARE	48
574.284125	574.723125	273	MUSICAL	48
574.723125	575.414125	220	INSTRUMENTS	48
582.1664375	582.4164375	210	HOW	49
582.4164375	582.6174375	189	GOOD	49
582.6174375	582.7864375	224	IS	49
582.7864375	582.9774375000001	496	YOUR	49
582.9774375000001	583.6464375	138	ENDURANCE	49
1152.1925625	1152.3015624999998	30	ARE	0
1152.3015624999998	1152.4575624999998	496	YOUR	0
1152.4575624999998	1152.7475624999997	192	GRADES	0
1152.7475624999997	1153.1415625	206	HIGHER	0
1153.1415625	1153.2625624999998	302	OR	0
1153.2625624999998	1153.5515624999998	251	LOWER	0
1153.5515624999998	1153.7025624999999	432	THAN	0
1153.7025624999999	1154.3825625	275	NANCY'S	0
1161.5980625	1161.8050624999998	375	SHE	1
1161.8050624999998	1162.1260624999998	490	WORE	1
1162.1260624999998	1162.7010625	471	WARM	1
1162.7010625	1163.0660624999998	158	FLEECY	1
1163.0660624999998	1163.4910625	489	WOOLEN	1
1163.4910625	1164.2560624999999	311	OVERALLS	1
1171.0435625	1171.3385624999999	354	READING	2
1171.3385624999999	1171.5055625	217	IN	2
1171.5055625	1171.7675625	335	POOR	2
1171.7675625	1172.0315625	240	LIGHT	2
1172.0315625	1172.2435625	181	GIVES	2
1172.2435625	1172.3775625	495	YOU	2
1172.3775625	1172.9975625	150	EYESTRAIN	2
1179.9058125	1180.1158125	142	EVEN	3
1180.1158125	1180.3858125	211	I	3
1180.3858125	1180.8588124999999	293	OCCASIONALLY	3
1180.8588124999999	1181.0298124999997	177	GET	3
1181.0298124999997	1181.0848124999998	434	THE	3
1181.0848124999998	1181.4028124999998	265	MONDAY	3
1181.4028124999998	1181.9248124999997	56	BLUES	3
1188.6571875	1188.7301874999998	476	WE	4
1188.7301874999998	1188.9091875	30	ARE	4
1188.9091875	1189.2901875	301	OPEN	4
1189.2901875	1189.5701875	145	EVERY	4
1189.5701875	1189.8891875	265	MONDAY	4
1189.8891875	1190.3691875	143	EVENING	4
1197.796375	1197.992375	226	IT'S	5
1197.992375	1198.171375	285	NOT	5
1198.171375	1198.509375	133	EASY	5
1198.509375	1198.683375	446	TO	5
1198.683375	1198.872375	113	CREATE	5
1198.872375	1199.421375	215	ILLUMINATING	5
1199.421375	1200.311375	146	EXAMPLES	5
1206.8465	1207.1025	270	MUM	6
1207.1025	1207.5755000000001	407	STRONGLY	6
1207.5755000000001	1207.9525	126	DISLIKES	6
1207.9525	1208.7335	27	APPETIZERS	6
1215.87675	1216.09475	443	THOSE	7
1216.09475	1216.25775	484	WHO	7
1216.25775	1216.53375	427	TEACH	7
1216.53375	1216.94375	462	VALUES	7
1216.94375	1217.20375	156	FIRST	7
1217.20375	1217.72275	88888	ABOLISHED	7
1217.72275	1218.14375	87	CHEATING	7
1226.1450625	1226.2160625	434	THE	8
1226.2160625	1226.5930624999999	165	FRIGHTENED	8
1226.5930624999999	1226.8860625	89	CHILD	8
1226.8860625	1227.1390625	472	WAS	8
1227.1390625	1227.4060625	176	GENTLY	8
1227.4060625	1227.9340625	410	SUBDUED	8
1227.9340625	1228.0860625	73	BY	8
1228.0860625	1228.2860624999998	208	HIS	8
1228.2860624999998	1228.5530625	52	BIG	8
1228.5530625	1228.9460625	66	BROTHER	8
1236.251875	1236.5548749999998	142	EVEN	9
1236.5548749999998	1236.714875	1	A	9
1236.714875	1237.143875	383	SIMPLE	9
1237.143875	1237.8308749999999	468	VOCABULARY	9
1237.8308749999999	1238.2638749999999	104	CONTAINS	9
1238.2638749999999	1238.913875	422	SYMBOLS	9
1247.2266875	1247.3636875000002	1	A	10
1247.3636875000002	1247.7256875	110	CRAB	10
1247.7256875	1248.1836875000001	85	CHALLENGED	10
1248.1836875000001	1248.3796875	258	ME	10
1248.3796875	1248.6726875000002	70	BUT	10
1248.6726875000002	1249.0826875	99999	sp	10
1249.0826875	1249.2676875000002	1	A	10
1249.2676875000002	1249.4726875000001	350	QUICK	10
1249.4726875000001	1249.8566875000001	402	STAB	10
1249.8566875000001	1250.3726875	464	VANQUISHED	10
1250.3726875	1250.5436875	207	HIM	10
1258.18925	1258.5752499999999	183	GLUCOSE	11
1258.5752499999999	1258.71525	20	AND	11
1258.71525	1259.21525	167	FRUCTOSE	11
1259.21525	1259.33825	30	ARE	11
1259.33825	1259.74525	276	NATURAL	11
1259.74525	1260.13525	414	SUGARS	11
1260.13525	1260.34525	163	FOUND	11
1260.34525	1260.46525	217	IN	11
1260.46525	1260.77525	168	FRUIT	11
1267.8415	1267.9605	30	ARE	12
1267.9605	1268.1105	495	YOU	12
1268.1105	1268.4105	250	LOOKING	12
1268.4105	1268.6105	161	FOR	12
1268.6105	1269.1205	136	EMPLOYMENT	12
1277.6678125	1277.9848125	98	COFFEE	13
1277.9848125	1278.1598125	224	IS	13
1278.1598125	1278.4158125000001	198	GROWN	13
1278.4158125000001	1278.5748125	297	ON	13
1278.5748125	1278.9918125	404	STEEP	13
1278.9918125	1279.2758125	231	JUNGLE	13
1279.2758125	1279.4538125000001	241	LIKE	13
1279.4538125000001	1279.8248125	390	SLOPES	13
1279.8248125	1279.9898125	217	IN	13
1279.9898125	1280.3658125	431	TEMPERATE	13
1280.3658125	1280.9458125	497	ZONES	13
1287.5615	1287.6785	476	WE	14
1287.6785	1288.0775	480	WELCOME	14
1288.0775	1288.3375	256	MANY	14
1288.3375	1288.4885	282	NEW	14
1288.4885	1288.9585	408	STUDENTS	14
1288.9585	1289.2005	132	EACH	14
1289.2005	1289.4075	491	YEAR	14
1296.5766875	1296.8146875	298	ONLY	15
1296.8146875	1296.9926874999999	434	THE	15
1296.9926874999999	1297.3206874999998	51	BEST	15
1297.3206874999998	1297.7546874999998	330	PLAYERS	15
1297.7546874999998	1298.1046875	139	ENJOY	15
1298.1046875	1298.8756875	336	POPULARITY	15
1306.09175	1306.53575	75	CALCIUM	16
1306.53575	1306.8477500000001	254	MAKES	16
1306.8477500000001	1307.42975	58	BONES	16
1307.42975	1307.61875	20	AND	16
1307.61875	1307.81575	430	TEETH	16
1307.81575	1308.24675	406	STRONG	16
1315.1930625	1315.4950625000001	286	NOTHING	17
1315.4950625000001	1315.6960625000002	224	IS	17
1315.6960625000002	1315.8870625	34	AS	17
1315.8870625	1316.4150625	295	OFFENSIVE	17
1316.4150625	1316.6350625	34	AS	17
1316.6350625	1317.3660625	219	INNOCENCE	17
1324.302	1324.672	405	STEVE	18
1324.672	1324.998	490	WORE	18
1324.998	1325.238	65	BRIGHT	18
1325.238	1325.5439999999999	356	RED	18
1325.5439999999999	1326.018	78	CASHMERE	18
1326.018	1326.618	88888	SWEATHER	18
1334.103875	1334.4138750000002	46	BARB'S	19
1334.4138750000002	1334.641875	188	GOLD	19
1334.641875	1335.0208750000002	63	BRACELET	19
1335.0208750000002	1335.2208750000002	472	WAS	19
1335.2208750000002	1335.292875	1	A	19
1335.292875	1335.9708750000002	193	GRADUATION	19
1335.9708750000002	1336.3208750000001	339	PRESENT	19
1344.4583125	1344.7073125	130	DRAW	20
1344.7073125	1345.0173125	145	EVERY	20
1345.0173125	1345.3873125	308	OUTER	20
1345.3873125	1345.6773125	244	LINE	20
1345.6773125	1346.1693125	156	FIRST	20
1346.1693125	1346.3173124999998	436	THEN	20
1346.3173124999998	1346.5173125	154	FILL	20
1346.5173125	1346.6863125	217	IN	20
1346.6863125	1346.7573125	434	THE	20
1346.7573125	1347.3473124999998	222	INTERIOR	20
1355.068	1355.1299999999999	434	THE	21
1355.1299999999999	1355.526	475	WATER	21
1355.526	1355.947	103	CONTAINED	21
1355.947	1356.066	448	TOO	21
1356.066	1356.315	269	MUCH	21
1356.315	1356.816	90	CHLORINE	21
1356.816	1357.006	20	AND	21
1357.006	1357.326	409	STUNG	21
1357.326	1357.5159999999998	208	HIS	21
1357.5159999999998	1357.9859999999999	149	EYES	21
1364.6384134414768	1365.0584134414767	229	JOHN'S	22
1365.0584134414767	1365.3114134414768	66	BROTHER	22
1365.3114134414768	1365.8144134414767	363	REPAINTED	22
1365.8144134414767	1365.9294134414768	434	THE	22
1365.9294134414768	1366.5024134414768	173	GARAGE	22
1374.4961875	1374.9031875	84	CHALLENGE	23
1374.9031875	1375.0701875	132	EACH	23
1375.0701875	1375.6111875	175	GENERAL'S	23
1375.6111875	1376.4411874999998	221	INTELLIGENCE	23
1384.51475	1385.31975	17	AMBIDEXTROUS	24
1385.31975	1385.8617500000003	327	PICKPOCKETS	24
1385.8617500000003	1386.2987500000002	6	ACCOMPLISH	24
1386.2987500000002	1386.6237500000002	267	MORE	24
1393.757875	1393.800875	1	A	25
1393.800875	1394.347875	271	MUSCULAR	25
1394.347875	1394.717875	2	ABDOMEN	25
1394.717875	1394.987875	224	IS	25
1394.987875	1395.127875	189	GOOD	25
1395.127875	1395.287875	161	FOR	25
1395.287875	1395.415875	496	YOUR	25
1395.415875	1395.829875	43	BACK	25
1403.449	1403.615	438	THEY	26
1403.615	1403.825	317	OWN	26
1403.825	1403.968	1	A	26
1403.968	1404.175	52	BIG	26
1404.175	1404.489	209	HOUSE	26
1404.489	1404.589	217	IN	26
1404.589	1404.749	434	THE	26
1404.749	1405.183	361	REMOTE	26
1405.183	1405.9370000000001	109	COUNTRYSIDE	26
1413.18225	1413.63525	434	THE	27
1413.63525	1414.17725	369	ROSE	27
1414.17725	1414.6252499999998	106	CORSAGE	27
1414.6252499999998	1415.00525	393	SMELLED	27
1415.00525	1415.38525	421	SWEET	27
1421.696625	1421.910625	433	THAT	28
1421.910625	1422.524625	326	PICKPOCKET	28
1422.524625	1422.757625	472	WAS	28
1422.757625	1422.894625	80	CAUGHT	28
1422.894625	1423.104625	356	RED	28
1423.104625	1423.504625	199	HANDED	28
1431.6683125	1431.7253125	19	AN	29
1431.7253125	1432.1283125	9	ADULT	29
1432.1283125	1432.3793125	255	MALE	29
1432.3793125	1432.9353125	42	BABOON'S	29
1432.9353125	1433.1713125	430	TEETH	29
1433.1713125	1433.2483125	30	ARE	29
1433.2483125	1433.4383125	285	NOT	29
1433.4383125	1433.8183125	415	SUITABLE	29
1433.8183125	1433.9483125	161	FOR	29
1433.9483125	1434.2243125	135	EATING	29
1434.2243125	1434.8983125	376	SHELLFISH	29
1443.0088125	1443.1258125	204	HER	30
1443.1258125	1443.6398124999998	470	WARDROBE	30
1443.6398124999998	1444.1048125	102	CONSISTS	30
1444.1048125	1444.2748124999998	294	OF	30
1444.2748124999998	1444.5648125	298	ONLY	30
1444.5648125	1445.0148124999998	385	SKIRTS	30
1445.0148124999998	1445.1508125	20	AND	30
1445.1508125	1445.8248125	54	BLOUSES	30
1453.002125	1453.185125	434	THE	31
1453.185125	1453.3921249999999	453	TWO	31
1453.3921249999999	1453.8731249999998	33	ARTISTS	31
1453.8731249999998	1454.581125	147	EXCHANGED	31
1454.581125	1455.282125	39	AUTOGRAPHS	31
1462.7244375	1463.2384375	71	BUTTERSCOTCH	32
1463.2384375	1463.6024375	169	FUDGE	32
1463.6024375	1463.8384375	186	GOES	32
1463.8384375	1464.0584375	481	WELL	32
1464.0584375	1464.2674375	487	WITH	32
1464.2674375	1464.5874375	463	VANILLA	32
1464.5874375	1464.9724375	212	ICE	32
1464.9724375	1465.2384375	112	CREAM	32
1472.4220625	1472.7060625	366	RICH	33
1472.7060625	1473.0850625	349	PURCHASED	33
1473.0850625	1473.5450624999999	374	SEVERAL	33
1473.5450624999999	1473.9250625	382	SIGNED	33
1473.9250625	1474.7540625	245	LITHOGRAPHS	33
1482.158375	1482.269375	24	ANY	34
1482.269375	1483.0723750000002	105	CONTRIBUTIONS	34
1483.0723750000002	1483.145375	485	WILL	34
1483.145375	1483.2553750000002	47	BE	34
1483.2553750000002	1483.625375	195	GREATLY	34
1483.625375	1484.335375	28	APPRECIATED	34
1491.5064375	1491.6414374999997	434	THE	35
1491.6414374999997	1492.2054374999998	111	CRANBERRY	35
1492.2054374999998	1492.5104374999999	57	BOG	35
1492.5104374999999	1492.7754374999997	178	GETS	35
1492.7754374999997	1493.0784374999998	465	VERY	35
1493.0784374999998	1493.3064375	340	PRETTY	35
1493.3064375	1493.4464374999998	217	IN	35
1493.4464374999998	1493.7854375	40	AUTUMN	35
1500.073875	1500.2408750000002	210	HOW	36
1500.2408750000002	1500.359875	128	DO	36
1500.359875	1500.8388750000001	318	OYSTERS	36
1500.8388750000001	1501.036875	253	MAKE	36
1501.036875	1501.518875	320	PEARLS	36
1508.21575	1508.4247500000001	257	MAY	37
1508.4247500000001	1508.45575	211	I	37
1508.45575	1508.77575	304	ORDER	37
1508.77575	1508.86275	1	A	37
1508.86275	1509.23475	319	PARFAIT	37
1509.23475	1509.48475	10	AFTER	37
1509.48475	1509.51575	211	I	37
1509.51575	1509.72375	134	EAT	37
1509.72375	1510.04475	124	DINNER	37
1516.1056875	1516.2016875	224	IS	38
1516.2016875	1516.4136875	375	SHE	38
1516.4136875	1516.7316874999997	187	GOING	38
1516.7316874999997	1516.9626875	487	WITH	38
1516.9626875	1517.1806874999997	495	YOU	38
1524.5865	1524.7605	76	CAN	39
1524.7605	1524.8205	434	THE	39
1524.8205	1525.4295	11	AGENCY	39
1525.4295	1525.9295	315	OVERTHROW	39
1525.9295	1526.2904999999998	13	ALIEN	39
1526.2904999999998	1526.9005	162	FORCES	39
1534.8348635761413	1534.8928635761413	1	A	40
1534.8928635761413	1535.534863576141	371	SCREWDRIVER	40
1535.534863576141	1535.6958635761412	224	IS	40
1535.6958635761412	1535.9148635761412	252	MADE	40
1535.9148635761412	1536.2128635761412	166	FROM	40
1536.2128635761412	1536.5558635761413	469	VODKA	40
1536.5558635761413	1536.8058635761413	20	AND	40
1536.8058635761413	1537.1958635761412	303	ORANGE	40
1537.1958635761412	1537.6358635761412	230	JUICE	40
1543.493125	1543.604125	210	HOW	41
1543.604125	1543.845125	269	MUCH	41
1543.845125	1544.263125	16	ALLOWANCE	41
1544.263125	1544.345125	128	DO	41
1544.345125	1544.484125	495	YOU	41
1544.484125	1544.725125	177	GET	41
1552.7256875	1553.4646875	88888	CYNICAL	42
1553.4646875	1553.9286875	346	PROGRAMS	42
1553.9286875	1554.0186875	485	WILL	42
1554.0186875	1554.2876875	281	NEVER	42
1554.2876875	1554.8576874999999	100	COMPILE	42
1562.2964375	1562.4304375	434	THE	43
1562.4304375	1562.9344375	61	BOSTON	43
1562.9344375	1563.2664375	45	BALLET	43
1563.2664375	1563.7514375	312	OVERCAME	43
1563.7514375	1563.8864374999998	435	THEIR	43
1563.8864374999998	1564.2274375	170	FUNDING	43
1564.2274375	1564.8674375	380	SHORTAGE	43
1571.716875	1571.965875	145	EVERY	44
1571.965875	1572.210875	74	CAB	44
1572.210875	1572.5178750000002	280	NEEDS	44
1572.5178750000002	1572.989875	364	REPAINTING	44
1572.989875	1573.429875	296	OFTEN	44
1581.276625	1581.556625	203	HELP	45
1581.556625	1581.826625	196	GREG	45
1581.826625	1581.915625	446	TO	45
1581.915625	1582.296625	325	PICK	45
1582.296625	1582.4056249999999	1	A	45
1582.4056249999999	1582.725625	321	PECK	45
1582.725625	1582.806625	294	OF	45
1582.806625	1583.546625	338	POTATOES	45
1590.4238125	1590.5538124999998	476	WE	46
1590.5538124999998	1590.8408124999999	241	LIKE	46
1590.8408124999999	1590.9838124999999	55	BLUE	46
1590.9838124999999	1591.3138125	88	CHEESE	46
1591.3138125	1591.4798125	70	BUT	46
1591.4798125	1591.7398125	466	VICTOR	46
1591.7398125	1592.1188124999999	242	LIKES	46
1592.1188124999999	1592.4108124999998	64	BRIE	46
1600.5524375	1600.7954375000002	108	COUNT	47
1600.7954375000002	1600.8654375	434	THE	47
1600.8654375	1601.2254375000002	289	NUMBER	47
1601.2254375000002	1601.3394375	294	OF	47
1601.3394375	1601.9054375	429	TEASPOONS	47
1601.9054375	1602.0244375000002	294	OF	47
1602.0244375000002	1602.5454375000002	395	SOYSAUCE	47
1602.5454375000002	1602.7144375	433	THAT	47
1602.7144375	1602.8454375000001	495	YOU	47
1602.8454375000001	1603.2444375	7	ADD	47
1610.323875	1610.9068750000001	88888	BAGPIKES	48
1610.9068750000001	1611.1078750000001	20	AND	48
1611.1078750000001	1611.5368750000002	59	BONGOS	48
1611.5368750000002	1611.5968750000002	30	ARE	48
1611.5968750000002	1612.0178750000002	273	MUSICAL	48
1612.0178750000002	1612.7578750000002	220	INSTRUMENTS	48
1618.7484375	1618.9744374999998	210	HOW	49
1618.9744374999998	1619.0994374999998	189	GOOD	49
1619.0994374999998	1619.2754374999997	224	IS	49
1619.2754374999997	1619.3804374999997	496	YOUR	49
1619.3804374999997	1620.0904374999998	138	ENDURANCE	49
2142.4084375	2142.4804375000003	30	ARE	0
2142.4804375000003	2142.6844375000005	496	YOUR	0
2142.6844375000005	2142.9714375000003	192	GRADES	0
2142.9714375000003	2143.2904375000003	206	HIGHER	0
2143.2904375000003	2143.4714375000003	302	OR	0
2143.4714375000003	2143.7904375000003	251	LOWER	0
2143.7904375000003	2143.9414375000006	432	THAN	0
2143.9414375000006	2144.6704375000004	275	NANCY'S	0
2152.248	2152.414	375	SHE	1
2152.414	2153.05	490	WORE	1
2153.05	2153.5550000000003	471	WARM	1
2153.5550000000003	2154.094	158	FLEECY	1
2154.094	2154.395	489	WOOLEN	1
2154.395	2155.154	311	OVERALLS	1
2161.420375	2161.7023750000003	354	READING	2
2161.7023750000003	2161.8923750000004	217	IN	2
2161.8923750000004	2162.1423750000004	335	POOR	2
2162.1423750000004	2162.389375	240	LIGHT	2
2162.389375	2162.592375	181	GIVES	2
2162.592375	2162.7223750000003	495	YOU	2
2162.7223750000003	2163.3523750000004	150	EYESTRAIN	2
2170.8288125	2171.1148125	142	EVEN	3
2171.1148125	2171.3588125	211	I	3
2171.3588125	2171.8968125	293	OCCASIONALLY	3
2171.8968125	2172.0438125	177	GET	3
2172.0438125	2172.1088125	434	THE	3
2172.1088125	2172.4668125	265	MONDAY	3
2172.4668125	2172.9188125	56	BLUES	3
2179.61125	2179.72025	476	WE	4
2179.72025	2179.87025	30	ARE	4
2179.87025	2180.15625	301	OPEN	4
2180.15625	2180.41925	145	EVERY	4
2180.41925	2180.69025	265	MONDAY	4
2180.69025	2181.16925	143	EVENING	4
2188.939	2189.128	226	IT'S	5
2189.128	2189.32	285	NOT	5
2189.32	2189.772	133	EASY	5
2189.772	2190.003	446	TO	5
2190.003	2190.329	113	CREATE	5
2190.329	2191.029	215	ILLUMINATING	5
2191.029	2191.789	146	EXAMPLES	5
2198.4388125	2198.6578124999996	270	MUM	6
2198.6578124999996	2199.1388125	407	STRONGLY	6
2199.1388125	2199.5378124999997	126	DISLIKES	6
2199.5378124999997	2200.3768124999997	27	APPETIZERS	6
2207.2865625	2207.5355625	443	THOSE	7
2207.5355625	2207.8265625000004	484	WHO	7
2207.8265625000004	2208.2185625	427	TEACH	7
2208.2185625	2208.6445625	462	VALUES	7
2208.6445625	2208.8945625	156	FIRST	7
2208.8945625	2209.3575625000003	4	ABOLISH	7
2209.3575625000003	2209.7355625	87	CHEATING	7
2217.4769375	2217.5589375	434	THE	8
2217.5589375	2217.9229375	165	FRIGHTENED	8
2217.9229375	2218.1729375	89	CHILD	8
2218.1729375	2218.4129375	472	WAS	8
2218.4129375	2218.7329375	176	GENTLY	8
2218.7329375	2219.2259375	410	SUBDUED	8
2219.2259375	2219.3929375000002	73	BY	8
2219.3929375000002	2219.6549375	208	HIS	8
2219.6549375	2219.8719375	52	BIG	8
2219.8719375	2220.2929375	66	BROTHER	8
2227.5670625	2227.8020625	142	EVEN	9
2227.8020625	2227.8710625	1	A	9
2227.8710625	2228.3310625	383	SIMPLE	9
2228.3310625	2228.9400625	468	VOCABULARY	9
2228.9400625	2229.3610625	104	CONTAINS	9
2229.3610625	2230.0100625	422	SYMBOLS	9
2237.2891875	2237.3931875000003	1	A	10
2237.3931875000003	2237.7011875000003	110	CRAB	10
2237.7011875000003	2238.1291875	85	CHALLENGED	10
2238.1291875	2238.3711875000004	258	ME	10
2238.3711875000004	2238.4891875000003	70	BUT	10
2238.4891875000003	2238.5911875	1	A	10
2238.5911875	2238.7691875000005	350	QUICK	10
2238.7691875000005	2239.0901875000004	402	STAB	10
2239.0901875000004	2239.1681875000004	99999	sp	10
2239.1681875000004	2239.6191875000004	464	VANQUISHED	10
2239.6191875000004	2239.8091875000005	207	HIM	10
2247.3506875	2247.7736875	183	GLUCOSE	11
2247.7736875	2247.9356875	20	AND	11
2247.9356875	2248.3716875	167	FRUCTOSE	11
2248.3716875	2248.5966875	30	ARE	11
2248.5966875	2248.9576875	276	NATURAL	11
2248.9576875	2249.3666875	414	SUGARS	11
2249.3666875	2249.5966875	163	FOUND	11
2249.5966875	2249.6846874999997	217	IN	11
2249.6846874999997	2250.0056875	168	FRUIT	11
2255.6763125	2255.7433125000002	30	ARE	12
2255.7433125000002	2255.8243125000004	495	YOU	12
2255.8243125000004	2256.1463125000005	250	LOOKING	12
2256.1463125000005	2256.3153125000003	161	FOR	12
2256.3153125000003	2256.8463125000003	136	EMPLOYMENT	12
2265.001375	2265.2923749999995	98	COFFEE	13
2265.2923749999995	2265.481375	224	IS	13
2265.481375	2265.7923749999995	198	GROWN	13
2265.7923749999995	2266.001375	297	ON	13
2266.001375	2266.4183749999997	404	STEEP	13
2266.4183749999997	2266.751375	231	JUNGLE	13
2266.751375	2266.952375	241	LIKE	13
2266.952375	2267.3413749999995	390	SLOPES	13
2267.3413749999995	2267.5073749999997	217	IN	13
2267.5073749999997	2267.925375	431	TEMPERATE	13
2267.925375	2268.4823749999996	497	ZONES	13
2275.0130625	2275.1180625000006	476	WE	14
2275.1180625000006	2275.4720625000004	480	WELCOME	14
2275.4720625000004	2275.7410625	256	MANY	14
2275.7410625	2275.8920625000005	282	NEW	14
2275.8920625000005	2276.2620625000004	408	STUDENTS	14
2276.2620625000004	2276.4870625000003	132	EACH	14
2276.4870625000003	2276.7410625	491	YEAR	14
2283.5769375	2283.7589375	298	ONLY	15
2283.7589375	2283.9519375	434	THE	15
2283.9519375	2284.2159375	51	BEST	15
2284.2159375	2284.4989375	330	PLAYERS	15
2284.4989375	2284.8999375	139	ENJOY	15
2284.8999375	2285.6389375	336	POPULARITY	15
2291.9208125	2292.3288125	75	CALCIUM	16
2292.3288125	2292.6288125	254	MAKES	16
2292.6288125	2292.8788125	58	BONES	16
2292.8788125	2293.0488125	20	AND	16
2293.0488125	2293.2388125	430	TEETH	16
2293.2388125	2293.6788125	406	STRONG	16
2300.2281875	2300.6031875	286	NOTHING	17
2300.6031875	2300.8221875	224	IS	17
2300.8221875	2301.0221875	34	AS	17
2301.0221875	2301.5331875	295	OFFENSIVE	17
2301.5331875	2301.7531875	34	AS	17
2301.7531875	2302.4431875	219	INNOCENCE	17
2308.98025	2309.1642500000003	375	SHE	18
2309.1642500000003	2309.4732500000005	490	WORE	18
2309.4732500000005	2309.5642500000004	1	A	18
2309.5642500000004	2309.8742500000003	65	BRIGHT	18
2309.8742500000003	2310.20125	356	RED	18
2310.20125	2310.62525	78	CASHMERE	18
2310.62525	2311.1352500000003	420	SWEATER	18
2318.20925	2318.53625	46	BARB'S	19
2318.53625	2318.75225	188	GOLD	19
2318.75225	2319.17425	63	BRACELET	19
2319.17425	2319.43325	472	WAS	19
2319.43325	2320.03225	193	GRADUATION	19
2320.03225	2320.45425	339	PRESENT	19
2328.1235	2328.3645	130	DRAW	20
2328.3645	2328.7045000000003	145	EVERY	20
2328.7045000000003	2328.9745000000003	308	OUTER	20
2328.9745000000003	2329.1955000000003	244	LINE	20
2329.1955000000003	2329.5975000000003	156	FIRST	20
2329.5975000000003	2329.7425000000003	436	THEN	20
2329.7425000000003	2329.9745000000003	154	FILL	20
2329.9745000000003	2330.1085000000003	217	IN	20
2330.1085000000003	2330.1655	434	THE	20
2330.1655	2330.7955	222	INTERIOR	20
2338.8833125	2338.9263125	434	THE	21
2338.9263125	2339.3393125000002	475	WATER	21
2339.3393125000002	2339.7543125	103	CONTAINED	21
2339.7543125	2339.8863125000003	448	TOO	21
2339.8863125000003	2340.1293125	269	MUCH	21
2340.1293125	2340.5973125	90	CHLORINE	21
2340.5973125	2340.7953125000004	20	AND	21
2340.7953125000004	2341.1303125000004	409	STUNG	21
2341.1303125000004	2341.3143125	208	HIS	21
2341.3143125	2341.8053125	149	EYES	21
2348.3181875	2348.7101875000003	229	JOHN'S	22
2348.7101875000003	2348.9511875000003	66	BROTHER	22
2348.9511875000003	2349.4411875	363	REPAINTED	22
2349.4411875	2349.5021875	434	THE	22
2349.5021875	2349.8721875	173	GARAGE	22
2349.8721875	2350.1521875000003	129	DOOR	22
2356.5928125	2357.0128125	84	CHALLENGE	23
2357.0128125	2357.3038125000003	132	EACH	23
2357.3038125000003	2357.7428125	175	GENERAL'S	23
2357.7428125	2358.5338125000003	221	INTELLIGENCE	23
2365.2049375	2365.9549375	17	AMBIDEXTROUS	24
2365.9549375	2366.5349375	327	PICKPOCKETS	24
2366.5349375	2367.0039375	6	ACCOMPLISH	24
2367.0039375	2367.2639375000003	267	MORE	24
2373.514625	2373.6036249999997	1	A	25
2373.6036249999997	2374.0936249999995	271	MUSCULAR	25
2374.0936249999995	2374.524625	2	ABDOMEN	25
2374.524625	2374.733625	224	IS	25
2374.733625	2374.8846249999997	189	GOOD	25
2374.8846249999997	2375.014625	161	FOR	25
2375.014625	2375.113625	496	YOUR	25
2375.113625	2375.5046249999996	43	BACK	25
2382.552625	2382.675625	438	THEY	26
2382.675625	2382.8646249999997	317	OWN	26
2382.8646249999997	2382.9896249999997	1	A	26
2382.9896249999997	2383.164625	52	BIG	26
2383.164625	2383.494625	209	HOUSE	26
2383.494625	2383.575625	217	IN	26
2383.575625	2383.644625	434	THE	26
2383.644625	2383.974625	361	REMOTE	26
2383.974625	2384.634625	109	COUNTRYSIDE	26
2390.4335	2390.5114999999996	434	THE	27
2390.5114999999996	2390.8475	369	ROSE	27
2390.8475	2391.2325	106	CORSAGE	27
2391.2325	2391.5525	393	SMELLED	27
2391.5525	2391.8624999999997	421	SWEET	27
2397.935125	2398.1111250000004	433	THAT	28
2398.1111250000004	2398.536125	326	PICKPOCKET	28
2398.536125	2398.723125	472	WAS	28
2398.723125	2398.906125	80	CAUGHT	28
2398.906125	2399.079125	356	RED	28
2399.079125	2399.5171250000003	199	HANDED	28
2407.1694375	2407.2324375000003	19	AN	29
2407.2324375000003	2407.5694375000003	9	ADULT	29
2407.5694375000003	2407.8084375000003	255	MALE	29
2407.8084375000003	2408.3014375000002	42	BABOON'S	29
2408.3014375000002	2408.5304375	430	TEETH	29
2408.5304375	2408.6194375	30	ARE	29
2408.6194375	2408.7994375000003	285	NOT	29
2408.7994375000003	2409.1994375	415	SUITABLE	29
2409.1994375	2409.3504375	161	FOR	29
2409.3504375	2409.6584375	135	EATING	29
2409.6584375	2410.3104375000003	376	SHELLFISH	29
2417.330375	2417.4823749999996	204	HER	30
2417.4823749999996	2417.941375	470	WARDROBE	30
2417.941375	2418.3423749999997	102	CONSISTS	30
2418.3423749999997	2418.4533749999996	294	OF	30
2418.4533749999996	2418.6233749999997	298	ONLY	30
2418.6233749999997	2419.033375	385	SKIRTS	30
2419.033375	2419.160375	20	AND	30
2419.160375	2419.783375	54	BLOUSES	30
2427.9426875	2428.0796874999996	434	THE	31
2428.0796874999996	2428.2576875	453	TWO	31
2428.2576875	2428.7966874999997	33	ARTISTS	31
2428.7966874999997	2428.9246875	99999	sp	31
2428.9246875	2429.5376874999997	147	EXCHANGED	31
2429.5376874999997	2430.1776875	39	AUTOGRAPHS	31
2437.3633125	2437.8693125000004	71	BUTTERSCOTCH	32
2437.8693125000004	2438.2783125000005	169	FUDGE	32
2438.2783125000005	2438.5093125000003	186	GOES	32
2438.5093125000003	2438.6603125	481	WELL	32
2438.6603125	2438.8593125	487	WITH	32
2438.8593125	2439.1193125000004	463	VANILLA	32
2439.1193125000004	2439.4743125000005	212	ICE	32
2439.4743125000005	2439.7303125000003	112	CREAM	32
2447.005	2447.255	366	RICH	33
2447.255	2447.616	349	PURCHASED	33
2447.616	2448.1	374	SEVERAL	33
2448.1	2448.526	382	SIGNED	33
2448.526	2449.296	245	LITHOGRAPHS	33
2456.10575	2456.2967500000004	24	ANY	34
2456.2967500000004	2457.0167500000002	105	CONTRIBUTIONS	34
2457.0167500000002	2457.1507500000002	485	WILL	34
2457.1507500000002	2457.28375	47	BE	34
2457.28375	2457.63675	195	GREATLY	34
2457.63675	2458.2377500000002	28	APPRECIATED	34
2465.4615	2465.5935	434	THE	35
2465.5935	2466.1025	111	CRANBERRY	35
2466.1025	2466.3605000000002	57	BOG	35
2466.3605000000002	2466.5925	178	GETS	35
2466.5925	2466.8825	465	VERY	35
2466.8825	2467.1835	340	PRETTY	35
2467.1835	2467.2625000000003	217	IN	35
2467.2625000000003	2467.6135	40	AUTUMN	35
2473.5455	2473.7285	210	HOW	36
2473.7285	2473.8645	128	DO	36
2473.8645	2474.2975	318	OYSTERS	36
2474.2975	2474.4765	253	MAKE	36
2474.4765	2474.9645	320	PEARLS	36
2481.6226875	2481.7516875	257	MAY	37
2481.7516875	2481.8216875000003	211	I	37
2481.8216875000003	2482.1016875000005	134	EAT	37
2482.1016875000005	2482.3156875000004	1	A	37
2482.3156875000004	2482.6716875	319	PARFAIT	37
2482.6716875	2483.0016875	10	AFTER	37
2483.0016875	2483.1416875000004	211	I	37
2483.1416875000004	2483.4036875	134	EAT	37
2483.4036875	2483.7116875	124	DINNER	37
2489.2981875	2489.3991874999997	224	IS	38
2489.3991874999997	2489.5601874999998	375	SHE	38
2489.5601874999998	2489.7791875	187	GOING	38
2489.7791875	2490.0101875	487	WITH	38
2490.0101875	2490.1991875	495	YOU	38
2496.784875	2496.9268749999997	76	CAN	39
2496.9268749999997	2496.986875	434	THE	39
2496.986875	2497.536875	11	AGENCY	39
2497.536875	2498.026875	315	OVERTHROW	39
2498.026875	2498.390875	13	ALIEN	39
2498.390875	2498.976875	162	FORCES	39
2505.9307594405236	2505.9597594405236	1	A	40
2505.9597594405236	2506.5307594405235	371	SCREWDRIVER	40
2506.5307594405235	2506.710759440524	224	IS	40
2506.710759440524	2506.8997594405237	252	MADE	40
2506.8997594405237	2507.0997594405235	166	FROM	40
2507.0997594405235	2507.4597594405236	469	VODKA	40
2507.4597594405236	2507.699759440524	20	AND	40
2507.699759440524	2508.1447594405236	303	ORANGE	40
2508.1447594405236	2508.5497594405238	230	JUICE	40
2514.3598125	2514.4818125	210	HOW	41
2514.4818125	2514.7318125	269	MUCH	41
2514.7318125	2515.1428125	16	ALLOWANCE	41
2515.1428125	2515.2228125	128	DO	41
2515.2228125	2515.3668125	495	YOU	41
2515.3668125	2515.6018125	177	GET	41
2523.0116875	2523.7376874999995	88888	CYNICAL	42
2523.7376874999995	2524.1836874999995	346	PROGRAMS	42
2524.1836874999995	2524.2746875	485	WILL	42
2524.2746875	2524.5136875	281	NEVER	42
2524.5136875	2525.0636874999996	100	COMPILE	42
2533.3359519905093	2533.7429519905095	61	BOSTON	43
2533.7429519905095	2534.0739519905096	45	BALLET	43
2534.0739519905096	2534.5839519905094	312	OVERCAME	43
2534.5839519905094	2534.7439519905097	435	THEIR	43
2534.7439519905097	2535.4539519905097	170	FUNDING	43
2535.4539519905097	2536.0639519905094	380	SHORTAGE	43
2542.8528125	2543.1238125	145	EVERY	44
2543.1238125	2543.4438125	74	CAB	44
2543.4438125	2543.7138125	280	NEEDS	44
2543.7138125	2544.1498125	364	REPAINTING	44
2544.1498125	2544.6398125	296	OFTEN	44
2551.3045625	2551.6415625	203	HELP	45
2551.6415625	2551.7045625	99999	sp	45
2551.7045625	2552.0205625	196	GREG	45
2552.0205625	2552.2515625	321	PECK	45
2552.2515625	2552.4525625	1	A	45
2552.4525625	2552.6315625	321	PECK	45
2552.6315625	2552.7425625	294	OF	45
2552.7425625	2553.4315625	338	POTATOES	45
2560.0754375	2560.2024375	476	WE	46
2560.2024375	2560.4854375	241	LIKE	46
2560.4854375	2560.6824375	55	BLUE	46
2560.6824375	2561.0054375	88	CHEESE	46
2561.0054375	2561.1824375	70	BUT	46
2561.1824375	2561.4524375	466	VICTOR	46
2561.4524375	2561.7564375	242	LIKES	46
2561.7564375	2562.0724375	64	BRIE	46
2569.123625	2569.3316250000003	108	COUNT	47
2569.3316250000003	2569.4016250000004	434	THE	47
2569.4016250000004	2569.7816250000005	289	NUMBER	47
2569.7816250000005	2569.9226250000006	294	OF	47
2569.9226250000006	2570.5116250000005	429	TEASPOONS	47
2570.5116250000005	2570.5916250000005	294	OF	47
2570.5916250000005	2571.1156250000004	395	SOYSAUCE	47
2571.1156250000004	2571.2416250000006	433	THAT	47
2571.2416250000006	2571.3516250000002	495	YOU	47
2571.3516250000002	2571.621625	7	ADD	47
2578.7625	2579.2785	44	BAGPIPES	48
2579.2785	2579.4405	20	AND	48
2579.4405	2579.8525	59	BONGOS	48
2579.8525	2579.9735	30	ARE	48
2579.9735	2580.3635	273	MUSICAL	48
2580.3635	2581.0634999999997	220	INSTRUMENTS	48
2587.1880625	2587.4100625	210	HOW	49
2587.4100625	2587.5500625	189	GOOD	49
2587.5500625	2587.7360625	224	IS	49
2587.7360625	2587.8400625	496	YOUR	49
2587.8400625	2588.5400625	138	ENDURANCE	49
