21.17880156268178	21.282	30	ARE	0
21.282	21.704042978770286	496	YOUR	0
21.704042978770286	22.115272953068054	192	GRADES	0
22.115272953068054	22.546004197701393	206	HIGHER	0
22.546004197701393	22.802	302	OR	0
22.802	23.182	251	LOWER	0
23.182	23.372	432	THAN	0
23.372	24.332	275	NANCY'S	0
30.86841698229862	31.152	375	SHE	1
31.152	31.690232641903886	490	WORE	1
31.690232641903886	31.80870653101694	99999	sp	1
31.80870653101694	32.37778118855808	471	WARM	1
32.37778118855808	33.082	158	FLEECY	1
33.082	33.52216005440468	489	WOOLEN	1
33.52216005440468	34.50304439408991	311	OVERALLS	1
45.67438083129098	46.09848574913214	354	READING	2
46.09848574913214	46.321043561377465	217	IN	2
46.321043561377465	46.371582363386516	99999	sp	2
46.371582363386516	46.68201539671266	335	POOR	2
46.68201539671266	47.1101396296971	240	LIGHT	2
47.1101396296971	47.462	181	GIVES	2
47.462	47.632	495	YOU	2
47.632	48.572	150	EYESTRAIN	2
58.6540410607462	58.93277835987241	142	EVEN	3
58.93277835987241	59.222	211	I	3
59.222	60.093838075659036	293	OCCASIONALLY	3
60.093838075659036	60.34681525478655	177	GET	3
60.34681525478655	60.422	434	THE	3
60.422	60.962499682309875	265	MONDAY	3
60.962499682309875	61.692	56	BLUES	3
72.5662979895216	72.702	476	WE	4
72.702	72.86441297157097	30	ARE	4
72.86441297157097	73.33613029523175	301	OPEN	4
73.33613029523175	73.66774920721231	145	EVERY	4
73.66774920721231	74.20281721822325	265	MONDAY	4
74.20281721822325	74.832	143	EVENING	4
85.31344406124985	85.59288443927818	226	IT'S	5
85.59288443927818	85.94950161680727	285	NOT	5
85.94950161680727	86.42007927394629	133	EASY	5
86.42007927394629	86.5939262984769	446	TO	5
86.5939262984769	87.042	113	CREATE	5
87.042	87.892	215	ILLUMINATING	5
87.892	88.972	146	EXAMPLES	5
100.02121400680132	100.522	270	MUM	6
100.522	101.3141409473647	407	STRONGLY	6
101.3141409473647	102.122	126	DISLIKES	6
102.122	102.22400743807347	99999	sp	6
102.22400743807347	103.47504089532477	27	APPETIZERS	6
114.68681658411771	115.032	443	THOSE	7
115.032	115.21465335415367	484	WHO	7
115.21465335415367	115.54220742205702	427	TEACH	7
115.54220742205702	116.27984679899447	462	VALUES	7
116.27984679899447	116.75898954452472	156	FIRST	7
116.75898954452472	117.422	4	ABOLISH	7
117.422	118.15788850067129	87	CHEATING	7
129.63141048065143	129.742	434	THE	8
129.742	130.22939074090422	165	FRIGHTENED	8
130.22939074090422	130.652	89	CHILD	8
130.652	130.90308049627689	472	WAS	8
130.90308049627689	131.242	176	GENTLY	8
131.242	131.9291082955425	410	SUBDUED	8
131.9291082955425	132.112	73	BY	8
132.112	132.41660852939404	208	HIS	8
132.41660852939404	132.6672397863192	52	BIG	8
132.6672397863192	133.152	66	BROTHER	8
144.9616705483213	145.3080692614487	142	EVEN	9
145.3080692614487	145.472	1	A	9
145.472	145.932	383	SIMPLE	9
145.932	146.8778314991154	468	VOCABULARY	9
146.8778314991154	147.462	104	CONTAINS	9
147.462	148.29352250568238	422	SYMBOLS	9
158.48301238702456	158.67714174307375	1	A	10
158.67714174307375	159.09682688589763	110	CRAB	10
159.09682688589763	159.772	85	CHALLENGED	10
159.772	160.2156865663681	258	ME	10
160.2156865663681	160.432	70	BUT	10
160.432	160.6492994641512	1	A	10
160.6492994641512	160.902	350	QUICK	10
160.902	161.4252492163379	402	STAB	10
161.4252492163379	162.162	464	VANQUISHED	10
162.162	162.522	207	HIM	10
174.552	175.32998642833738	183	GLUCOSE	11
175.32998642833738	175.582	20	AND	11
175.582	176.52358053550705	167	FRUCTOSE	11
176.52358053550705	176.70282009544934	30	ARE	11
176.70282009544934	177.19928222988662	276	NATURAL	11
177.19928222988662	177.86668329455622	414	SUGARS	11
177.86668329455622	178.232	163	FOUND	11
178.232	178.412	217	IN	11
178.412	178.89676547517445	168	FRUIT	11
192.13962422243702	192.29069957228037	30	ARE	12
192.29069957228037	192.47971312656867	495	YOU	12
192.47971312656867	192.912	250	LOOKING	12
192.912	193.232	161	FOR	12
193.232	193.91130807037175	136	EMPLOYMENT	12
203.30402849066732	203.8150879238263	98	COFFEE	13
203.8150879238263	204.09655922404386	224	IS	13
204.09655922404386	204.43645542913893	198	GROWN	13
204.43645542913893	204.70829663313347	297	ON	13
204.70829663313347	205.20509968284208	404	STEEP	13
205.20509968284208	205.70305927674588	99999	sp	13
205.70305927674588	206.062	231	JUNGLE	13
206.062	206.344757972966	241	LIKE	13
206.344757972966	207.00037573309447	390	SLOPES	13
207.00037573309447	207.23644389607702	217	IN	13
207.23644389607702	207.67704958356506	431	TEMPERATE	13
207.67704958356506	208.482	497	ZONES	13
220.85751026847822	220.9932697384084	476	WE	14
220.9932697384084	221.42267231066836	480	WELCOME	14
221.42267231066836	221.71426831099728	256	MANY	14
221.71426831099728	221.91316906957658	282	NEW	14
221.91316906957658	222.63369413168027	408	STUDENTS	14
222.63369413168027	222.95661059645417	132	EACH	14
222.95661059645417	223.352	491	YEAR	14
233.3268728191797	233.602	298	ONLY	15
233.602	233.7766815206312	434	THE	15
233.7766815206312	234.06779702321353	51	BEST	15
234.06779702321353	234.1235635910395	99999	sp	15
234.1235635910395	234.612	330	PLAYERS	15
234.612	235.25433173282272	139	ENJOY	15
235.25433173282272	236.21702322360386	336	POPULARITY	15
246.23237262993274	246.76135759314008	75	CALCIUM	16
246.76135759314008	247.08139251307526	254	MAKES	16
247.08139251307526	247.63803158771813	58	BONES	16
247.63803158771813	248.00181175759016	20	AND	16
248.00181175759016	248.282	430	TEETH	16
248.282	249.0639800625024	406	STRONG	16
258.8764470959348	259.5010970486826	286	NOTHING	17
259.5010970486826	259.842	224	IS	17
259.842	260.144376447626	34	AS	17
260.144376447626	260.9301073136728	295	OFFENSIVE	17
260.9301073136728	261.33763297315704	34	AS	17
261.33763297315704	262.222	219	INNOCENCE	17
273.0782237418377	273.772	405	STEVE	18
273.772	274.232	490	WORE	18
274.232	274.5255894677881	1	A	18
274.5255894677881	274.9449901478117	65	BRIGHT	18
274.9449901478117	275.3896074839502	356	RED	18
275.3896074839502	276.002	78	CASHMERE	18
276.002	276.652	420	SWEATER	18
287.49512360079063	288.07107198745666	46	BARB'S	19
288.07107198745666	288.44884112823155	188	GOLD	19
288.44884112823155	288.97789839171406	63	BRACELET	19
288.97789839171406	289.16789475337794	472	WAS	19
289.16789475337794	289.2878709321941	1	A	19
289.2878709321941	290.1268198214331	193	GRADUATION	19
290.1268198214331	290.70437298763585	339	PRESENT	19
302.0040679685301	302.3711357692956	130	DRAW	20
302.3711357692956	302.812	145	EVERY	20
302.812	303.192	308	OUTER	20
303.192	303.552	244	LINE	20
303.552	304.162	156	FIRST	20
304.162	304.512	436	THEN	20
304.512	304.9371143716452	154	FILL	20
304.9371143716452	305.112	217	IN	20
305.112	305.252	434	THE	20
305.252	306.102	222	INTERIOR	20
317.289274303783	317.352	434	THE	21
317.352	317.783544263427	475	WATER	21
317.783544263427	318.3600603105399	103	CONTAINED	21
318.3600603105399	318.5477019630394	448	TOO	21
318.5477019630394	318.887216848705	269	MUCH	21
318.887216848705	319.46952816113	90	CHLORINE	21
319.46952816113	319.73459476733075	20	AND	21
319.73459476733075	320.1319970726813	409	STUNG	21
320.1319970726813	320.452025734265	208	HIS	21
320.452025734265	321.162	149	EYES	21
331.4943546010293	331.9467328852668	229	JOHN'S	22
331.9467328852668	332.352	66	BROTHER	22
332.352	333.07880779383225	363	REPAINTED	22
333.07880779383225	333.21088565602855	434	THE	22
333.21088565602855	333.6976403242389	173	GARAGE	22
333.6976403242389	334.082	129	DOOR	22
343.6243174190839	344.2303907001041	84	CHALLENGE	23
344.2303907001041	344.5785744379022	132	EACH	23
344.5785744379022	345.2657711956004	175	GENERAL'S	23
345.2657711956004	346.302	221	INTELLIGENCE	23
357.16429099277866	358.1127767921208	17	AMBIDEXTROUS	24
358.1127767921208	358.894846199272	327	PICKPOCKETS	24
358.894846199272	359.5636912834811	6	ACCOMPLISH	24
359.5636912834811	360.012	267	MORE	24
370.2197850172689	370.342	1	A	25
370.342	370.99259817957545	271	MUSCULAR	25
370.99259817957545	371.58294244104366	2	ABDOMEN	25
371.58294244104366	371.8507416926692	224	IS	25
371.8507416926692	371.992	189	GOOD	25
371.992	372.242	161	FOR	25
372.242	372.43815737157416	496	YOUR	25
372.43815737157416	372.932	43	BACK	25
382.9178635236573	383.1510492665693	438	THEY	26
383.1510492665693	383.41702675457833	317	OWN	26
383.41702675457833	383.7211031953736	1	A	26
383.7211031953736	383.982	52	BIG	26
383.982	384.522387066149	209	HOUSE	26
384.522387066149	384.762	217	IN	26
384.762	384.832	434	THE	26
384.832	385.3592193732827	361	REMOTE	26
385.3592193732827	386.2926980018138	109	COUNTRYSIDE	26
395.66748111809846	395.7875749800521	434	THE	27
395.7875749800521	396.2177420844875	369	ROSE	27
396.2177420844875	396.26892793684164	99999	sp	27
396.26892793684164	396.9755514969815	106	CORSAGE	27
396.9755514969815	397.4953744818506	393	SMELLED	27
397.4953744818506	398.192	421	SWEET	27
407.98515600284924	408.2679415290021	433	THAT	28
408.2679415290021	409.04248122156173	326	PICKPOCKET	28
409.04248122156173	409.3123147388831	472	WAS	28
409.3123147388831	409.5864716390311	80	CAUGHT	28
409.5864716390311	409.912	356	RED	28
409.912	410.592	199	HANDED	28
420.94235178994586	421.0438091924587	19	AN	29
421.0438091924587	421.45417931647944	9	ADULT	29
421.45417931647944	421.8486570914156	255	MALE	29
421.8486570914156	422.4735851958868	42	BABOON'S	29
422.4735851958868	422.76673584699586	430	TEETH	29
422.76673584699586	422.9408684101739	30	ARE	29
422.9408684101739	423.2425668813802	285	NOT	29
423.2425668813802	423.9166292848448	415	SUITABLE	29
423.9166292848448	424.1778281296119	161	FOR	29
424.1778281296119	424.4998418284767	135	EATING	29
424.4998418284767	425.3705849000831	376	SHELLFISH	29
437.1714854540787	437.332	204	HER	30
437.332	437.9192652476944	470	WARDROBE	30
437.9192652476944	438.6779499708492	88888	CONSISTED	30
438.6779499708492	438.8941702410844	294	OF	30
438.8941702410844	439.20681102150877	298	ONLY	30
439.20681102150877	439.70998518564807	385	SKIRTS	30
439.70998518564807	439.96830580623043	20	AND	30
439.96830580623043	440.8035487640416	54	BLOUSES	30
451.6946952048627	451.8466765456835	434	THE	31
451.8466765456835	452.122	453	TWO	31
452.122	452.60301020594534	33	ARTISTS	31
452.60301020594534	453.4082242045706	147	EXCHANGED	31
453.4082242045706	454.332	39	AUTOGRAPHS	31
464.82914969340135	465.452	71	BUTTERSCOTCH	32
465.452	465.8773130782673	169	FUDGE	32
465.8773130782673	466.182	186	GOES	32
466.182	466.582	481	WELL	32
466.582	466.752	487	WITH	32
466.752	467.15735930801924	463	VANILLA	32
467.15735930801924	467.50875057264125	212	ICE	32
467.50875057264125	467.972	112	CREAM	32
478.6286537200821	479.02875161815285	366	RICH	33
479.02875161815285	479.642	349	PURCHASED	33
479.642	480.03590635493526	374	SEVERAL	33
480.03590635493526	480.57004011890086	382	SIGNED	33
480.57004011890086	481.58971260222853	245	LITHOGRAPHS	33
492.4034322838209	492.7164391639137	24	ANY	34
492.7164391639137	493.7300512152721	105	CONTRIBUTIONS	34
493.7300512152721	493.9660655984226	485	WILL	34
493.9660655984226	494.13911250588603	47	BE	34
494.13911250588603	494.56450645441936	195	GREATLY	34
494.56450645441936	495.582	28	APPRECIATED	34
505.67415475506004	505.81240372562553	434	THE	35
505.81240372562553	506.4743826448302	111	CRANBERRY	35
506.4743826448302	506.8611190081725	57	BOG	35
506.8611190081725	507.0681340183325	178	GETS	35
507.0681340183325	507.5012941148487	465	VERY	35
507.5012941148487	507.83373505473793	340	PRETTY	35
507.83373505473793	508.0468165624345	217	IN	35
508.0468165624345	508.57203034106726	40	AUTUMN	35
517.6055830537726	517.9316520356377	210	HOW	36
517.9316520356377	518.1679824954864	128	DO	36
518.1679824954864	518.7612501339252	318	OYSTERS	36
518.7612501339252	519.1036966958435	253	MAKE	36
519.1036966958435	519.812	320	PEARLS	36
529.7875054530643	530.162	257	MAY	37
530.162	530.2091652961319	211	I	37
530.2091652961319	530.5543845399378	304	ORDER	37
530.5543845399378	530.8058630564362	1	A	37
530.8058630564362	531.382	319	PARFAIT	37
531.382	531.8517435410272	10	AFTER	37
531.8517435410272	532.0608116770287	211	I	37
532.0608116770287	532.3090585129644	134	EAT	37
532.3090585129644	532.752	124	DINNER	37
543.745026516146	543.8849056828674	224	IS	38
543.8849056828674	544.2776156257223	375	SHE	38
544.2776156257223	544.666225363443	187	GOING	38
544.666225363443	544.9072766389168	487	WITH	38
544.9072766389168	545.272	495	YOU	38
554.9827257705689	555.2316921625508	76	CAN	39
555.2316921625508	555.3669686992346	434	THE	39
555.3669686992346	555.982	11	AGENCY	39
555.982	556.6552774553238	315	OVERTHROW	39
556.6552774553238	557.092	13	ALIEN	39
557.092	557.882	162	FORCES	39
567.6560364800415	567.702	1	A	40
567.702	568.492	371	SCREWDRIVER	40
568.492	568.752	224	IS	40
568.752	569.072	252	MADE	40
569.072	569.292	166	FROM	40
569.292	569.8648450198772	469	VODKA	40
569.8648450198772	570.082	20	AND	40
570.082	570.4509418342432	303	ORANGE	40
570.4509418342432	571.092	230	JUICE	40
581.1168241311673	581.3119406019667	210	HOW	41
581.3119406019667	581.5806859296717	269	MUCH	41
581.5806859296717	582.2977610095905	16	ALLOWANCE	41
582.2977610095905	582.472	128	DO	41
582.472	582.7045684212429	495	YOU	41
582.7045684212429	583.112	177	GET	41
593.0981932406897	593.8476059711362	115	CYCLICAL	42
593.8476059711362	594.462	346	PROGRAMS	42
594.462	594.582	485	WILL	42
594.582	595.0335744492186	281	NEVER	42
595.0335744492186	595.692	100	COMPILE	42
605.9067762414567	605.952	434	THE	43
605.952	606.5655634104336	61	BOSTON	43
606.5655634104336	607.0629519944216	45	BALLET	43
607.0629519944216	608.0317815353029	312	OVERCAME	43
608.0317815353029	608.2603702223521	435	THEIR	43
608.2603702223521	608.8408479055262	170	FUNDING	43
608.8408479055262	609.8007442049786	380	SHORTAGE	43
619.5634765393013	619.9313465057619	145	EVERY	44
619.9313465057619	620.332740991703	74	CAB	44
620.332740991703	620.6554962180321	280	NEEDS	44
620.6554962180321	621.4736332107298	364	REPAINTING	44
621.4736332107298	622.162	296	OFTEN	44
630.7940389722489	631.0856831388691	203	HELP	45
631.0856831388691	631.5341643631848	196	GREG	45
631.5341643631848	631.6834988708894	446	TO	45
631.6834988708894	631.8617368316981	99999	sp	45
631.8617368316981	632.2085272111083	325	PICK	45
632.2085272111083	632.4216708698334	1	A	45
632.4216708698334	632.7528755779023	321	PECK	45
632.7528755779023	632.8973928434228	294	OF	45
632.8973928434228	632.9915038493891	99999	sp	45
632.9915038493891	633.992	338	POTATOES	45
642.462	642.6110315007897	99999	sp	46
642.6110315007897	642.7844522194143	476	WE	46
642.7844522194143	643.0998023236149	241	LIKE	46
643.0998023236149	643.420148928852	55	BLUE	46
643.420148928852	644.0535652182114	88	CHEESE	46
644.0535652182114	644.2326745007801	70	BUT	46
644.2326745007801	644.8395959581273	466	VICTOR	46
644.8395959581273	645.182	242	LIKES	46
645.182	645.662	64	BRIE	46
655.1028869431913	655.3827226507444	108	COUNT	47
655.3827226507444	655.4597985256887	434	THE	47
655.4597985256887	655.922	289	NUMBER	47
655.922	656.1409515760081	294	OF	47
656.1409515760081	656.682404602991	429	TEASPOONS	47
656.682404602991	656.792	294	OF	47
656.792	657.5860221155355	395	SOYSAUCE	47
657.5860221155355	657.8774652676684	433	THAT	47
657.8774652676684	657.9930790800848	495	YOU	47
657.9930790800848	658.362	7	ADD	47
667.4285475302443	668.072	44	BAGPIPES	48
668.072	668.3221459553795	20	AND	48
668.3221459553795	668.8491472558103	59	BONGOS	48
668.8491472558103	669.012	30	ARE	48
669.012	669.5781652681036	273	MUSICAL	48
669.5781652681036	670.492	220	INSTRUMENTS	48
680.7796657827602	681.1000123879974	210	HOW	49
681.1000123879974	681.3119710440941	189	GOOD	49
681.3119710440941	681.5057113120677	224	IS	49
681.5057113120677	681.762	496	YOUR	49
681.762	682.602	138	ENDURANCE	49
710.9240793431322	711.0661879875607	30	ARE	0
711.0661879875607	711.2998242334857	496	YOUR	0
711.2998242334857	711.672	192	GRADES	0
711.672	712.0804738693239	206	HIGHER	0
712.0804738693239	712.3026195108242	302	OR	0
712.3026195108242	712.6789362031784	251	LOWER	0
712.6789362031784	712.8656843453186	432	THAN	0
712.8656843453186	713.752	275	NANCY'S	0
728.3194527808159	728.6882282099207	375	SHE	1
728.6882282099207	729.030252404986	490	WORE	1
729.030252404986	729.4084059164313	471	WARM	1
729.4084059164313	729.982	158	FLEECY	1
729.982	730.352	489	WOOLEN	1
730.352	731.252	311	OVERALLS	1
744.4935156421332	744.9585191956086	354	READING	2
744.9585191956086	745.2186502735456	217	IN	2
745.2186502735456	745.4418578565169	335	POOR	2
745.4418578565169	745.8392803366984	240	LIGHT	2
745.8392803366984	746.1220000000001	181	GIVES	2
746.1220000000001	746.282466617628	495	YOU	2
746.282466617628	747.1433155237995	150	EYESTRAIN	2
757.2780044999978	757.5887958042728	142	EVEN	3
757.5887958042728	757.902	211	I	3
757.902	758.6687783928608	293	OCCASIONALLY	3
758.6687783928608	758.9005698795872	177	GET	3
758.9005698795872	758.972	434	THE	3
758.972	759.4858648049453	265	MONDAY	3
759.4858648049453	760.162	56	BLUES	3
770.8855643120539	771.0373074408504	476	WE	4
771.0373074408504	771.2179540227511	30	ARE	4
771.2179540227511	771.5985161552885	301	OPEN	4
771.5985161552885	771.9814869089179	145	EVERY	4
771.9814869089179	772.5349830413608	265	MONDAY	4
772.5349830413608	773.1220000000001	143	EVENING	4
785.2743886796809	785.492	226	IT'S	5
785.492	785.7494508967004	285	NOT	5
785.7494508967004	786.195045798722	133	EASY	5
786.195045798722	786.3631625564437	446	TO	5
786.3631625564437	786.6546057085767	113	CREATE	5
786.6546057085767	787.3754443620355	215	ILLUMINATING	5
787.3754443620355	788.392	146	EXAMPLES	5
797.170483991939	797.502	270	MUM	6
797.502	798.1759714548891	407	STRONGLY	6
798.1759714548891	798.6578325964352	126	DISLIKES	6
798.6578325964352	799.822	27	APPETIZERS	6
810.480777816042	810.812	443	THOSE	7
810.812	810.9820439325656	484	WHO	7
810.9820439325656	811.2665525720148	427	TEACH	7
811.2665525720148	811.912	462	VALUES	7
811.912	812.2108252925312	156	FIRST	7
812.2108252925312	812.8094703059896	4	ABOLISH	7
812.8094703059896	813.422	87	CHEATING	7
823.1885996513826	823.292	434	THE	8
823.292	823.738847695088	165	FRIGHTENED	8
823.738847695088	824.112	89	CHILD	8
824.112	824.3830772504418	472	WAS	8
824.3830772504418	824.712	176	GENTLY	8
824.712	825.3288711610157	410	SUBDUED	8
825.3288711610157	825.4991659309387	73	BY	8
825.4991659309387	825.7918511550793	208	HIS	8
825.7918511550793	826.0228136448771	52	BIG	8
826.0228136448771	826.532	66	BROTHER	8
836.2673925087026	836.5534735166166	142	EVEN	9
836.5534735166166	836.6470531461036	1	A	9
836.6470531461036	837.0611508138306	383	SIMPLE	9
837.0611508138306	838.0163074427401	468	VOCABULARY	9
838.0163074427401	838.542	104	CONTAINS	9
838.542	839.352	422	SYMBOLS	9
849.9360114214123	850.0818814314607	434	THE	10
850.0818814314607	850.3841404841814	110	CRAB	10
850.3841404841814	851.012	85	CHALLENGED	10
851.012	851.292677747127	258	ME	10
851.292677747127	851.3902394885072	70	BUT	10
851.3902394885072	851.5554971320694	1	A	10
851.5554971320694	851.800397013493	350	QUICK	10
851.800397013493	852.2947512548486	402	STAB	10
852.2947512548486	852.8562290317711	464	VANQUISHED	10
852.8562290317711	853.152	207	HIM	10
863.371714964891	863.822061691897	183	GLUCOSE	11
863.822061691897	863.9634266641009	20	AND	11
863.9634266641009	864.7198379059871	167	FRUCTOSE	11
864.7198379059871	864.8930597733355	30	ARE	11
864.8930597733355	864.9906215147156	434	THE	11
864.9906215147156	865.2819999999999	88888	N	11
865.2819999999999	865.615646121822	99999	sp	11
865.615646121822	866.0319659159412	276	NATURAL	11
866.0319659159412	866.642	414	SUGARS	11
866.642	866.9630818248477	163	FOUND	11
866.9630818248477	867.1220000000001	217	IN	11
867.1220000000001	867.5743360004335	168	FRUIT	11
877.4181876501116	877.5396420628501	30	ARE	12
877.5396420628501	877.7262224277699	495	YOU	12
877.7262224277699	878.1290473445407	250	LOOKING	12
878.1290473445407	878.4068320224823	161	FOR	12
878.4068320224823	879.142	136	EMPLOYMENT	12
889.8747663907404	890.2973411365522	98	COFFEE	13
890.2973411365522	890.5727853032815	224	IS	13
890.5727853032815	890.831622576331	198	GROWN	13
890.831622576331	891.0419999999999	297	ON	13
891.0419999999999	891.5209942209541	404	STEEP	13
891.5209942209541	891.892	231	JUNGLE	13
891.892	892.152	241	LIKE	13
892.152	892.7277023452347	390	SLOPES	13
892.7277023452347	892.9427363874603	217	IN	13
892.9427363874603	893.392	431	TEMPERATE	13
893.392	894.0419999999999	497	ZONES	13
905.652	905.710160067418	99999	sp	14
905.710160067418	905.852	476	WE	14
905.852	906.1664066629917	480	WELCOME	14
906.1664066629917	906.432	256	MANY	14
906.432	906.5962847296462	282	NEW	14
906.5962847296462	907.207538905232	408	STUDENTS	14
907.207538905232	907.4663761782814	132	EACH	14
907.4663761782814	907.842	491	YEAR	14
918.7392784767475	919.0220917960443	298	ONLY	15
919.0220917960443	919.1674388801412	434	THE	15
919.1674388801412	919.5079094469985	51	BEST	15
919.5079094469985	919.5477305659292	99999	sp	15
919.5477305659292	919.9630569051907	330	PLAYERS	15
919.9630569051907	920.4681123524647	139	ENJOY	15
920.4681123524647	921.3720000000001	336	POPULARITY	15
932.2746151595852	932.7819999999999	75	CALCIUM	16
932.7819999999999	933.1397042224171	254	MAKES	16
933.1397042224171	933.2762626388579	99999	sp	16
933.2762626388579	933.732	58	BONES	16
933.732	934.0134397165039	20	AND	16
934.0134397165039	934.3041338846979	430	TEETH	16
934.3041338846979	935.092	406	STRONG	16
945.4484633059399	945.9382630687871	286	NOTHING	17
945.9382630687871	946.3933044474868	224	IS	17
946.3933044474868	946.755676629756	34	AS	17
946.755676629756	947.4106258270133	295	OFFENSIVE	17
947.4106258270133	947.7719999999999	34	AS	17
947.7719999999999	948.642	219	INNOCENCE	17
956.4194006700004	956.8972540971685	405	STEVE	18
956.8972540971685	957.1564096086959	490	WORE	18
957.1564096086959	957.4052916020125	1	A	18
957.4052916020125	957.6800573226342	65	BRIGHT	18
957.6800573226342	958.0557105916098	356	RED	18
958.0557105916098	958.6279701430174	78	CASHMERE	18
958.6279701430174	959.232	420	SWEATER	18
969.470782106051	969.8672686864804	46	BARB'S	19
969.8672686864804	970.1685616667719	188	GOLD	19
970.1685616667719	970.712	63	BRACELET	19
970.712	970.8962296615018	472	WAS	19
970.8962296615018	970.9878182350424	1	A	19
970.9878182350424	971.6893714100117	193	GRADUATION	19
971.6893714100117	972.2592986313133	339	PRESENT	19
985.49336474761	985.7479495375666	130	DRAW	20
985.7479495375666	986.092	145	EVERY	20
986.092	986.4413032940828	308	OUTER	20
986.4413032940828	986.7797408358414	244	LINE	20
986.7797408358414	987.3628241308863	156	FIRST	20
987.3628241308863	987.6044540635646	436	THEN	20
987.6044540635646	987.8775971879818	154	FILL	20
987.8775971879818	988.0528101112768	217	IN	20
988.0528101112768	988.182	434	THE	20
988.182	988.982	222	INTERIOR	20
999.5180104472333	999.6170169943189	434	THE	21
999.6170169943189	999.974041860605	475	WATER	21
999.974041860605	1000.452	103	CONTAINED	21
1000.452	1000.6145520378841	448	TOO	21
1000.6145520378841	1000.8846612359195	269	MUCH	21
1000.8846612359195	1001.4563770887125	90	CHLORINE	21
1001.4563770887125	1001.6363434417037	20	AND	21
1001.6363434417037	1001.9766904156538	409	STUNG	21
1001.9766904156538	1002.1879402615539	208	HIS	21
1002.1879402615539	1002.812	149	EYES	21
1013.166238773026	1013.6457423914976	229	JOHN'S	22
1013.6457423914976	1014.0387597205879	66	BROTHER	22
1014.0387597205879	1014.6825336503316	363	REPAINTED	22
1014.6825336503316	1014.794864917596	434	THE	22
1014.794864917596	1015.2475080343825	173	GARAGE	22
1015.2475080343825	1015.642	129	DOOR	22
1026.741732006	1027.2966819980072	84	CHALLENGE	23
1027.2966819980072	1027.6691523665281	132	EACH	23
1027.6691523665281	1028.2522658139371	175	GENERAL'S	23
1028.2522658139371	1029.312	221	INTELLIGENCE	23
1040.5820364196957	1041.4299259233983	17	AMBIDEXTROUS	24
1041.4299259233983	1042.068117623159	327	PICKPOCKETS	24
1042.068117623159	1042.7353988824307	6	ACCOMPLISH	24
1042.7353988824307	1043.152	267	MORE	24
1056.0222294053783	1056.0868363478878	1	A	25
1056.0868363478878	1056.692	271	MUSCULAR	25
1056.692	1057.3217681474996	2	ABDOMEN	25
1057.3217681474996	1057.6017580226212	224	IS	25
1057.6017580226212	1057.742	189	GOOD	25
1057.742	1057.922	161	FOR	25
1057.922	1058.1416187399213	496	YOUR	25
1058.1416187399213	1058.6141605239866	43	BACK	25
1068.8759151535007	1069.003501500839	438	THEY	26
1069.003501500839	1069.2533128265463	317	OWN	26
1069.2533128265463	1069.4679158446036	1	A	26
1069.4679158446036	1069.6707827601108	52	BIG	26
1069.6707827601108	1070.1941107512755	209	HOUSE	26
1070.1941107512755	1070.4405689048256	217	IN	26
1070.4405689048256	1070.5344577252256	434	THE	26
1070.5344577252256	1070.933753471004	361	REMOTE	26
1070.933753471004	1071.8525226420613	109	COUNTRYSIDE	26
1082.3193356943175	1082.4632208746993	434	THE	27
1082.4632208746993	1082.868830161593	369	ROSE	27
1082.868830161593	1083.5520000000001	106	CORSAGE	27
1083.5520000000001	1084.032	393	SMELLED	27
1084.032	1084.732	421	SWEET	27
1095.276455038098	1095.5280318888608	433	THAT	28
1095.5280318888608	1096.1195287473786	326	PICKPOCKET	28
1096.1195287473786	1096.320719076807	472	WAS	28
1096.320719076807	1096.5606497254284	80	CAUGHT	28
1096.5606497254284	1096.7886654321142	356	RED	28
1096.7886654321142	1097.362	199	HANDED	28
1113.0546474612447	1113.1076788478176	19	AN	29
1113.1076788478176	1113.4437816699292	9	ADULT	29
1113.4437816699292	1113.7606564387793	255	MALE	29
1113.7606564387793	1114.3816000548627	42	BABOON'S	29
1114.3816000548627	1114.6412218088	430	TEETH	29
1114.6412218088	1114.8189399331286	30	ARE	29
1114.8189399331286	1115.0939000500146	285	NOT	29
1115.0939000500146	1115.657376687372	415	SUITABLE	29
1115.657376687372	1115.8575866174267	161	FOR	29
1115.8575866174267	1116.1962570052983	135	EATING	29
1116.1962570052983	1117.092	376	SHELLFISH	29
1129.8483207261384	1130.0377749530169	204	HER	30
1130.0377749530169	1130.6219999999998	470	WARDROBE	30
1130.6219999999998	1131.6291776959242	88888	CONSISTED	30
1131.6291776959242	1132.1690384132244	99999	sp	30
1132.1690384132244	1132.4120731457615	294	OF	30
1132.4120731457615	1132.742	298	ONLY	30
1132.742	1133.232070567154	385	SKIRTS	30
1133.232070567154	1133.4815753953417	20	AND	30
1133.4815753953417	1134.272	54	BLOUSES	30
1145.464498478158	1145.5972954547892	434	THE	31
1145.5972954547892	1145.872862338687	453	TWO	31
1145.872862338687	1146.402	33	ARTISTS	31
1146.402	1147.1219999999998	147	EXCHANGED	31
1147.1219999999998	1148.0320000000002	39	AUTOGRAPHS	31
1160.1700731918434	1160.752	71	BUTTERSCOTCH	32
1160.752	1161.2576793803541	169	FUDGE	32
1161.2576793803541	1161.5802800941444	186	GOES	32
1161.5802800941444	1161.9239802402517	481	WELL	32
1161.9239802402517	1162.152	487	WITH	32
1162.152	1162.5452272398416	463	VANILLA	32
1162.5452272398416	1162.8986483944861	212	ICE	32
1162.8986483944861	1163.272	112	CREAM	32
1173.8980112138456	1174.2350050156383	366	RICH	33
1174.2350050156383	1174.769497466769	349	PURCHASED	33
1174.769497466769	1175.277557343841	374	SEVERAL	33
1175.277557343841	1175.842	382	SIGNED	33
1175.842	1177.092	245	LITHOGRAPHS	33
1188.7902056236383	1189.0151666717206	24	ANY	34
1189.0151666717206	1189.942	105	CONTRIBUTIONS	34
1189.942	1190.0759428903693	485	WILL	34
1190.0759428903693	1190.238571739991	47	BE	34
1190.238571739991	1190.5819999999999	195	GREATLY	34
1190.5819999999999	1191.5819999999999	28	APPRECIATED	34
1203.091040637318	1203.255410099322	434	THE	35
1203.255410099322	1203.8940045799661	111	CRANBERRY	35
1203.8940045799661	1204.277780844431	57	BOG	35
1204.277780844431	1204.492490027076	178	GETS	35
1204.492490027076	1204.882913950776	465	VERY	35
1204.882913950776	1205.2209919455488	340	PRETTY	35
1205.2209919455488	1205.4074862346488	217	IN	35
1205.4074862346488	1205.902	40	AUTUMN	35
1221.415764362373	1221.6636882252064	210	HOW	36
1221.6636882252064	1221.842	128	DO	36
1221.842	1222.3939495553327	318	OYSTERS	36
1222.3939495553327	1222.7176575321184	253	MAKE	36
1222.7176575321184	1223.3878823287735	320	PEARLS	36
1234.9655656604232	1235.1519966886692	257	MAY	37
1235.1519966886692	1235.232	211	I	37
1235.232	1235.5595294789043	304	ORDER	37
1235.5595294789043	1235.8247852863958	1	A	37
1235.8247852863958	1236.4297669612524	319	PARFAIT	37
1236.4297669612524	1236.7998832321632	10	AFTER	37
1236.7998832321632	1236.9323820234356	211	I	37
1236.9323820234356	1237.1933545106285	134	EAT	37
1237.1933545106285	1237.621523128926	124	DINNER	37
1248.9455348381082	1249.062	224	IS	38
1249.062	1249.372	375	SHE	38
1249.372	1249.742	187	GOING	38
1249.742	1250.0070832105034	487	WITH	38
1250.0070832105034	1250.282	495	YOU	38
1265.241240934917	1265.7072177562268	76	CAN	39
1265.7072177562268	1265.89108473584	434	THE	39
1265.89108473584	1266.5819999999999	11	AGENCY	39
1266.5819999999999	1267.908184505588	88888	OVERFTHROW	39
1267.908184505588	1268.442	13	ALIEN	39
1268.442	1269.422	162	FORCES	39
1281.7451805499943	1281.8220000000001	1	A	40
1281.8220000000001	1282.902	88888	STREWDRIVER	40
1282.902	1283.1352883069474	224	IS	40
1283.1352883069474	1283.402	252	MADE	40
1283.402	1283.6244883733789	166	FROM	40
1283.6244883733789	1284.1799109985031	469	VODKA	40
1284.1799109985031	1284.392	20	AND	40
1284.392	1284.781302203418	303	ORANGE	40
1284.781302203418	1285.412	230	JUICE	40
1295.727743593134	1295.940458504445	210	HOW	41
1295.940458504445	1296.239542057627	269	MUCH	41
1296.239542057627	1296.8717038189393	16	ALLOWANCE	41
1296.8717038189393	1297.1006478645222	128	DO	41
1297.1006478645222	1297.3972474014868	495	YOU	41
1297.3972474014868	1297.7142678266102	177	GET	41
1308.3843991086817	1309.0841196322312	115	CYCLICAL	42
1309.0841196322312	1309.7744301790772	346	PROGRAMS	42
1309.7744301790772	1309.912	485	WILL	42
1309.912	1310.3480145348085	281	NEVER	42
1310.3480145348085	1311.0388759462726	100	COMPILE	42
1322.6576883971697	1322.7676008523476	1	A	43
1322.7676008523476	1323.2948704301575	61	BOSTON	43
1323.2948704301575	1323.7583514131322	45	BALLET	43
1323.7583514131322	1324.5485172579079	312	OVERCAME	43
1324.5485172579079	1324.7009609079334	435	THEIR	43
1324.7009609079334	1325.1847876617655	170	FUNDING	43
1325.1847876617655	1326.028786893271	380	SHORTAGE	43
1336.8405910311926	1337.2577308505565	145	EVERY	44
1337.2577308505565	1337.6381049794254	74	CAB	44
1337.6381049794254	1337.9563579667524	280	NEEDS	44
1337.9563579667524	1338.6459118814969	364	REPAINTING	44
1338.6459118814969	1339.422	296	OFTEN	44
1349.954991300698	1350.26847024943	203	HELP	45
1350.26847024943	1350.8139601838952	196	GREG	45
1350.8139601838952	1351.003569336904	446	TO	45
1351.003569336904	1351.2658636973406	325	PICK	45
1351.2658636973406	1351.5125008184225	1	A	45
1351.5125008184225	1351.8193632830246	321	PECK	45
1351.8193632830246	1352.0502270998513	294	OF	45
1352.0502270998513	1352.9431845070862	338	POTATOES	45
1366.722	1366.8829555771986	476	WE	46
1366.8829555771986	1367.172	241	LIKE	46
1367.172	1367.525320593979	55	BLUE	46
1367.525320593979	1368.1503113702438	88	CHEESE	46
1368.1503113702438	1368.292	70	BUT	46
1368.292	1368.8119267562324	466	VICTOR	46
1368.8119267562324	1369.152	242	LIKES	46
1369.152	1369.712	64	BRIE	46
1382.5104269474994	1382.7868912080362	108	COUNT	47
1382.7868912080362	1382.900212247691	434	THE	47
1382.900212247691	1383.3220000000001	289	NUMBER	47
1383.3220000000001	1383.5663510319816	294	OF	47
1383.5663510319816	1384.2903042062537	429	TEASPOONS	47
1384.2903042062537	1384.422	294	OF	47
1384.422	1385.2156581869813	395	SOYSAUCE	47
1385.2156581869813	1385.395408801606	433	THAT	47
1385.395408801606	1385.6465656010864	495	YOU	47
1385.6465656010864	1386.162	7	ADD	47
1398.6993830356491	1399.367265572227	44	BAGPIPES	48
1399.367265572227	1399.5500389857093	20	AND	48
1399.5500389857093	1400.1350025300014	59	BONGOS	48
1400.1350025300014	1400.2713045962807	30	ARE	48
1400.2713045962807	1400.872	273	MUSICAL	48
1400.872	1401.772	220	INSTRUMENTS	48
1411.9192743956548	1412.2478115888198	210	HOW	49
1412.2478115888198	1412.5119957821332	189	GOOD	49
1412.5119957821332	1412.7390968213535	224	IS	49
1412.7390968213535	1412.952	496	YOUR	49
1412.952	1413.809100337391	138	ENDURANCE	49
1447.6326119086111	1447.7488131185564	30	ARE	0
1447.7488131185564	1447.9509470207618	496	YOUR	0
1447.9509470207618	1448.347804630997	192	GRADES	0
1448.347804630997	1448.808225211509	206	HIGHER	0
1448.808225211509	1449.012	302	OR	0
1449.012	1449.392	251	LOWER	0
1449.392	1449.580100892294	432	THAN	0
1449.580100892294	1450.542	275	NANCY'S	0
1460.262	1460.308746370984	99999	sp	1
1460.308746370984	1460.6999771023616	375	SHE	1
1460.6999771023616	1461.0209841688875	490	WORE	1
1461.0209841688875	1461.4992670264648	471	WARM	1
1461.4992670264648	1462.0513768268022	158	FLEECY	1
1462.0513768268022	1462.4639991070408	489	WOOLEN	1
1462.4639991070408	1463.328963787097	311	OVERALLS	1
1472.1879416302693	1472.5819999999999	354	READING	2
1472.5819999999999	1472.7911833081496	217	IN	2
1472.7911833081496	1473.0618844731266	335	POOR	2
1473.0618844731266	1473.3139216754385	240	LIGHT	2
1473.3139216754385	1473.672	181	GIVES	2
1473.672	1473.7958676384228	495	YOU	2
1473.7958676384228	1474.648677386348	150	EYESTRAIN	2
1485.0504589266839	1485.3271229586194	142	EVEN	3
1485.3271229586194	1485.652	211	I	3
1485.652	1486.3815870692906	293	OCCASIONALLY	3
1486.3815870692906	1486.5712588025249	177	GET	3
1486.5712588025249	1486.652	434	THE	3
1486.652	1487.0967247560102	265	MONDAY	3
1487.0967247560102	1487.7213579827514	56	BLUES	3
1497.7751920404248	1497.9190729236673	476	WE	4
1497.9190729236673	1497.9832475702503	30	ARE	4
1497.9832475702503	1498.3968175148964	301	OPEN	4
1498.3968175148964	1498.751917225989	145	EVERY	4
1498.751917225989	1499.1734499443035	265	MONDAY	4
1499.1734499443035	1499.842	143	EVENING	4
1510.0294218185306	1510.222	226	IT'S	5
1510.222	1510.482	285	NOT	5
1510.482	1510.8974893704758	133	EASY	5
1510.8974893704758	1511.0587090079666	446	TO	5
1511.0587090079666	1511.341658819919	113	CREATE	5
1511.341658819919	1512.132	215	ILLUMINATING	5
1512.132	1513.142	146	EXAMPLES	5
1526.4452135929616	1526.772	270	MUM	6
1526.772	1527.6282381043072	407	STRONGLY	6
1527.6282381043072	1528.187684951286	126	DISLIKES	6
1528.187684951286	1529.3675770604607	27	APPETIZERS	6
1540.1131619504006	1540.432	443	THOSE	7
1540.432	1540.6321612786019	484	WHO	7
1540.6321612786019	1540.9452774879937	427	TEACH	7
1540.9452774879937	1541.5454844978585	462	VALUES	7
1541.5454844978585	1541.9590104579531	156	FIRST	7
1541.9590104579531	1542.512	4	ABOLISH	7
1542.512	1543.1470457485245	87	CHEATING	7
1553.818960822284	1553.892	434	THE	8
1553.892	1554.3457684126847	165	FRIGHTENED	8
1554.3457684126847	1554.7981643372746	89	CHILD	8
1554.7981643372746	1554.999415137366	472	WAS	8
1554.999415137366	1555.3220000000001	176	GENTLY	8
1555.3220000000001	1555.792	410	SUBDUED	8
1555.792	1555.952	73	BY	8
1555.952	1556.3202690464786	208	HIS	8
1556.3202690464786	1556.579807308676	52	BIG	8
1556.579807308676	1557.0573058917125	66	BROTHER	8
1567.7670519874482	1568.132	142	EVEN	9
1568.132	1568.242	1	A	9
1568.242	1568.7257201338264	383	SIMPLE	9
1568.7257201338264	1569.6582799498533	468	VOCABULARY	9
1569.6582799498533	1570.172	104	CONTAINS	9
1570.172	1570.989494006982	422	SYMBOLS	9
1582.612	1582.8142507044486	99999	sp	10
1582.8142507044486	1582.947923338089	1	A	10
1582.947923338089	1583.252	110	CRAB	10
1583.252	1583.8951305421729	85	CHALLENGED	10
1583.8951305421729	1584.192	258	ME	10
1584.192	1584.3815743093369	70	BUT	10
1584.3815743093369	1584.512676315407	1	A	10
1584.512676315407	1584.7337502864273	350	QUICK	10
1584.7337502864273	1585.132	402	STAB	10
1585.132	1585.7241578050534	464	VANQUISHED	10
1585.7241578050534	1586.062	207	HIM	10
1599.972	1600.0974155163296	99999	sp	11
1600.0974155163296	1600.6770920333654	183	GLUCOSE	11
1600.6770920333654	1600.882	20	AND	11
1600.882	1601.6718213197632	167	FRUCTOSE	11
1601.6718213197632	1601.8401974255985	30	ARE	11
1601.8401974255985	1602.316393210213	276	NATURAL	11
1602.316393210213	1602.912	414	SUGARS	11
1602.912	1603.252	163	FOUND	11
1603.252	1603.421970033066	217	IN	11
1603.421970033066	1603.882	168	FRUIT	11
1620.4442117903745	1620.5819999999999	30	ARE	12
1620.5819999999999	1620.7076278347809	495	YOU	12
1620.7076278347809	1621.0829394600012	250	LOOKING	12
1621.0829394600012	1621.382	161	FOR	12
1621.382	1622.019087776443	136	EMPLOYMENT	12
1631.7213774793677	1632.0938079260732	98	COFFEE	13
1632.0938079260732	1632.3149681171042	224	IS	13
1632.3149681171042	1632.5720308741045	198	GROWN	13
1632.5720308741045	1632.762	297	ON	13
1632.762	1633.284551959021	404	STEEP	13
1633.284551959021	1633.642	231	JUNGLE	13
1633.642	1633.902	241	LIKE	13
1633.902	1634.4568269838878	390	SLOPES	13
1634.4568269838878	1634.699751289253	217	IN	13
1634.699751289253	1635.1214980684804	431	TEMPERATE	13
1635.1214980684804	1635.81136649235	497	ZONES	13
1648.7659397536563	1648.9304599181364	476	WE	14
1648.9304599181364	1649.342	480	WELCOME	14
1649.342	1649.5936818311973	256	MANY	14
1649.5936818311973	1649.8020000000001	282	NEW	14
1649.8020000000001	1650.3584521155476	408	STUDENTS	14
1650.3584521155476	1650.6256904501042	132	EACH	14
1650.6256904501042	1651.0129454721543	491	YEAR	14
1665.674487400266	1665.862	298	ONLY	15
1665.862	1666.0124329986547	434	THE	15
1666.0124329986547	1666.3052433989462	51	BEST	15
1666.3052433989462	1666.7517570936634	330	PLAYERS	15
1666.7517570936634	1667.1932398263439	139	ENJOY	15
1667.1932398263439	1668.0630564595042	336	POPULARITY	15
1686.7284643994687	1687.212	75	CALCIUM	16
1687.212	1687.6589401407987	254	MAKES	16
1687.6589401407987	1688.0450214163593	58	BONES	16
1688.0450214163593	1688.2757803098855	20	AND	16
1688.2757803098855	1688.502	430	TEETH	16
1688.502	1689.192	406	STRONG	16
1701.4184401409789	1702.0996448650274	286	NOTHING	17
1702.0996448650274	1702.5332980366634	224	IS	17
1702.5332980366634	1702.9085893030738	34	AS	17
1702.9085893030738	1703.584204857993	295	OFFENSIVE	17
1703.584204857993	1703.892	34	AS	17
1703.892	1704.752	219	INNOCENCE	17
1717.7888645670282	1718.3241644871607	405	STEVE	18
1718.3241644871607	1718.633559708256	490	WORE	18
1718.633559708256	1718.8698374974745	1	A	18
1718.8698374974745	1719.0946113735713	65	BRIGHT	18
1719.0946113735713	1719.4920698906235	356	RED	18
1719.4920698906235	1720.0428678692633	78	CASHMERE	18
1720.0428678692633	1720.6508851368621	420	SWEATER	18
1740.4638545357702	1740.874262658326	46	BARB'S	19
1740.874262658326	1741.2091896719903	188	GOLD	19
1741.2091896719903	1741.7253890096563	63	BRACELET	19
1741.7253890096563	1741.9678391795378	472	WAS	19
1741.9678391795378	1742.1069092693874	1	A	19
1742.1069092693874	1742.8307996257056	193	GRADUATION	19
1742.8307996257056	1743.3455018452964	339	PRESENT	19
1760.230089597413	1760.4965701775027	130	DRAW	20
1760.4965701775027	1760.892	145	EVERY	20
1760.892	1761.262	308	OUTER	20
1761.262	1761.592	244	LINE	20
1761.592	1762.133835457975	156	FIRST	20
1762.133835457975	1762.46862278127	436	THEN	20
1762.46862278127	1762.8022198417968	154	FILL	20
1762.8022198417968	1763.0720000000001	217	IN	20
1763.0720000000001	1763.142	434	THE	20
1763.142	1763.9884688855268	222	INTERIOR	20
1776.2609688016905	1776.3317669130747	434	THE	21
1776.3317669130747	1776.650903015161	475	WATER	21
1776.650903015161	1777.2325076924808	103	CONTAINED	21
1777.2325076924808	1777.432	448	TOO	21
1777.432	1777.7802933414878	269	MUCH	21
1777.7802933414878	1778.3173970435778	90	CHLORINE	21
1778.3173970435778	1778.5361659926825	20	AND	21
1778.5361659926825	1778.902	409	STUNG	21
1778.902	1779.1413751759972	208	HIS	21
1779.1413751759972	1779.812	149	EYES	21
1794.9331875406588	1795.2915349044347	229	JOHN'S	22
1795.2915349044347	1795.6500505668405	66	BROTHER	22
1795.6500505668405	1796.2569119232485	363	REPAINTED	22
1796.2569119232485	1796.388848584043	434	THE	22
1796.388848584043	1796.8527420016362	173	GARAGE	22
1796.8527420016362	1797.242	129	DOOR	22
1807.5082075452824	1808.0427238491932	84	CHALLENGE	23
1808.0427238491932	1808.3746463755167	132	EACH	23
1808.3746463755167	1808.9748173809683	175	GENERAL'S	23
1808.9748173809683	1810.032	221	INTELLIGENCE	23
1820.8558156521624	1821.689994916029	17	AMBIDEXTROUS	24
1821.689994916029	1822.341129828104	327	PICKPOCKETS	24
1822.341129828104	1822.952	6	ACCOMPLISH	24
1822.952	1823.372850433617	267	MORE	24
1836.1596195927991	1836.222	1	A	25
1836.222	1836.8458051687742	271	MUSCULAR	25
1836.8458051687742	1837.407207954536	2	ABDOMEN	25
1837.407207954536	1837.6497401629701	224	IS	25
1837.6497401629701	1837.8164484561491	189	GOOD	25
1837.8164484561491	1838.031414413143	161	FOR	25
1838.031414413143	1838.2229827149538	496	YOUR	25
1838.2229827149538	1838.678193971456	43	BACK	25
1848.8923911881213	1849.0020676967915	438	THEY	26
1849.0020676967915	1849.1629265761749	317	OWN	26
1849.1629265761749	1849.3150113348643	1	A	26
1849.3150113348643	1849.5233695355666	52	BIG	26
1849.5233695355666	1849.9501378844602	209	HOUSE	26
1849.9501378844602	1850.1329320655773	217	IN	26
1850.1329320655773	1850.2075120914733	434	THE	26
1850.2075120914733	1850.657620964197	361	REMOTE	26
1850.657620964197	1851.542	109	COUNTRYSIDE	26
