716.5090625	716.5435814	49	DH	0	27
716.5435814	716.6291564	7	AH1	0	27
716.6291564	716.7414865	61	R	0	27
716.7414865	716.96364	35	OW1	0	27
716.96364	717.0593235	69	Z	0	27
717.0593235	717.1105093	74	sp	0	27
717.1105093	717.1690516	54	K	0	27
717.1690516	717.2235814	9	AO0	0	27
717.2235814	717.3052783	61	R	0	27
717.3052783	717.4710142	62	S	0	27
717.4710142	717.7335814	1	AA1	0	27
717.7335814	717.8171329	70	ZH	0	27
717.8171329	718.0435814	62	S	0	27
718.0435814	718.1140842	57	M	0	27
718.1140842	718.2219253	19	EH1	0	27
718.2219253	718.2722512	56	L	0	27
718.2722512	718.3369559	48	D	0	27
718.3369559	718.5510876	62	S	0	27
718.5510876	718.6599558	67	W	0	27
718.6599558	718.875638	32	IY1	0	27
718.875638	719.0335814	64	T	0	27
734.7908125	734.8404607	4	AE1	0	29
734.8404607	734.8922699	58	N	0	29
734.8922699	735.0534505	6	AH0	0	29
735.0534505	735.0904607	48	D	0	29
735.0904607	735.1903893	7	AH1	0	29
735.1903893	735.2393191	56	L	0	29
735.2393191	735.30264	64	T	0	29
735.30264	735.4070438	57	M	0	29
735.4070438	735.4962688	25	EY1	0	29
735.4962688	735.6971178	56	L	0	29
735.6971178	735.7215827	46	B	0	29
735.7215827	735.9439255	3	AE0	0	29
735.9439255	735.975586	46	B	0	29
735.975586	736.1096653	44	UW1	0	29
736.1096653	736.1882085	58	N	0	29
736.1882085	736.3220459	69	Z	0	29
736.3220459	736.3928537	64	T	0	29
736.3928537	736.5304607	32	IY1	0	29
736.5304607	736.6151966	65	TH	0	29
736.6151966	736.7015433	1	AA1	0	29
736.7015433	736.7893291	61	R	0	29
736.7893291	736.8778593	58	N	0	29
736.8778593	737.0226698	1	AA1	0	29
737.0226698	737.0910276	64	T	0	29
737.0910276	737.2665993	62	S	0	29
737.2665993	737.3888617	44	UW1	0	29
737.3888617	737.4104607	64	T	0	29
737.4104607	737.5370902	6	AH0	0	29
737.5370902	737.5579573	46	B	0	29
737.5579573	737.6215201	6	AH0	0	29
737.6215201	737.76509	56	L	0	29
737.76509	737.8938905	50	F	0	29
737.8938905	738.0262888	21	ER0	0	29
738.0262888	738.1349418	32	IY1	0	29
738.1349418	738.1804607	64	T	0	29
738.1804607	738.2382105	27	IH0	0	29
738.2382105	738.3483025	59	NG	0	29
738.3483025	738.4912831	63	SH	0	29
738.4912831	738.5661169	19	EH1	0	29
738.5661169	738.6423899	56	L	0	29
738.6423899	738.7618362	50	F	0	29
738.7618362	738.944715	29	IH2	0	29
738.944715	739.2190456	63	SH	0	29
750.59825	750.6698779	67	W	0	14
750.6698779	750.7340095	32	IY1	0	14
750.7340095	750.8427397	67	W	0	14
750.8427397	750.9427397	19	EH1	0	14
750.9427397	751.0007596	56	L	0	14
751.0007596	751.0379373	54	K	0	14
751.0379373	751.1027397	6	AH0	0	14
751.1027397	751.163412	57	M	0	14
751.163412	751.2191786	57	M	0	14
751.2191786	751.3027397	19	EH1	0	14
751.3027397	751.3471927	58	N	0	14
751.3471927	751.455008	31	IY0	0	14
751.455008	751.5219279	58	N	0	14
751.5219279	751.6539088	44	UW1	0	14
751.6539088	751.8232673	62	S	0	14
751.8232673	751.8627397	64	T	0	14
751.8627397	752.0055819	44	UW1	0	14
752.0055819	752.0527397	48	D	0	14
752.0527397	752.1427397	6	AH0	0	14
752.1427397	752.1927397	58	N	0	14
752.1927397	752.2227397	64	T	0	14
752.2227397	752.3744339	62	S	0	14
752.3744339	752.5672283	32	IY1	0	14
752.5672283	752.6973503	47	CH	0	14
752.6973503	752.7992839	68	Y	0	14
752.7992839	752.9154642	28	IH1	0	14
752.9154642	753.0927397	61	R	0	14
763.08125	763.0975784	49	DH	0	43
763.0975784	763.1264738	6	AH0	0	43
763.1264738	763.2185909	46	B	0	43
763.2185909	763.3868278	1	AA1	0	43
763.3868278	763.5064738	62	S	0	43
763.5064738	763.5747518	64	T	0	43
763.5747518	763.6110937	6	AH0	0	43
763.6110937	763.7400372	58	N	0	43
763.7400372	763.7564738	46	B	0	43
763.7564738	763.8994195	3	AE0	0	43
763.8994195	764.0051262	56	L	0	43
764.0051262	764.2374258	25	EY1	0	43
764.2374258	764.4084379	35	OW1	0	43
764.4084379	764.4564738	66	V	0	43
764.4564738	764.6333754	21	ER0	0	43
764.6333754	764.7259747	54	K	0	43
764.7259747	765.0064738	25	EY1	0	43
765.0064738	765.2062553	57	M	0	43
765.2062553	765.2864738	49	DH	0	43
765.2864738	765.3746285	19	EH1	0	43
765.3746285	765.434844	61	R	0	43
765.434844	765.5721354	50	F	0	43
765.5721354	765.6664738	7	AH1	0	43
765.6664738	765.7746899	58	N	0	43
765.7746899	765.7939588	48	D	0	43
765.7939588	765.9047554	27	IH0	0	43
765.9047554	766.0153217	59	NG	0	43
766.0153217	766.2320976	63	SH	0	43
766.2320976	766.3043562	10	AO1	0	43
766.3043562	766.3964738	61	R	0	43
766.3964738	766.4416476	64	T	0	43
766.4416476	766.6921442	6	AH0	0	43
766.6921442	766.975218	53	JH	0	43
776.6169375	776.6569375	51	G	0	11
776.6569375	776.6983231	56	L	0	11
776.6983231	776.8498909	44	UW1	0	11
776.8498909	776.9286763	54	K	0	11
776.9286763	777.1544832	36	OW2	0	11
777.1544832	777.3949239	62	S	0	11
777.3949239	777.5339275	4	AE1	0	11
777.5339275	777.6300172	58	N	0	11
777.6300172	777.6469375	48	D	0	11
777.6469375	777.8236743	50	F	0	11
777.8236743	777.8969375	61	R	0	11
777.8969375	777.9398831	44	UW1	0	11
777.9398831	778.0869228	54	K	0	11
778.0869228	778.1640001	64	T	0	11
778.1640001	778.3964177	36	OW2	0	11
778.3964177	778.588518	62	S	0	11
778.588518	778.6469375	1	AA1	0	11
778.6469375	778.7677576	61	R	0	11
778.7677576	778.83772	58	N	0	11
778.83772	779.0069375	4	AE1	0	11
779.0069375	779.1468251	47	CH	0	11
779.1468251	779.1969375	21	ER0	0	11
779.1969375	779.2469375	6	AH0	0	11
779.2469375	779.2642197	56	L	0	11
779.2642197	779.4369375	63	SH	0	11
779.4369375	779.5037522	41	UH1	0	11
779.5037522	779.5769375	51	G	0	11
779.5769375	779.766794	21	ER0	0	11
779.766794	779.9316208	69	Z	0	11
779.9316208	779.9731239	50	F	0	11
779.9731239	780.1474372	13	AW1	0	11
780.1474372	780.2292577	58	N	0	11
780.2292577	780.2969375	48	D	0	11
780.2969375	780.371992	28	IH1	0	11
780.371992	780.4769375	58	N	0	11
780.4769375	780.6069375	50	F	0	11
780.6069375	780.7352144	61	R	0	11
780.7352144	780.8929263	44	UW1	0	11
780.8929263	780.961703	64	T	0	11
791.140375	791.2173485	28	IH1	0	38
791.2173485	791.2802542	69	Z	0	38
791.2802542	791.4852655	63	SH	0	38
791.4852655	791.6729641	32	IY1	0	38
791.6729641	791.7139788	51	G	0	38
791.7139788	791.9073485	35	OW1	0	38
791.9073485	791.980264	27	IH0	0	38
791.980264	792.0615738	59	NG	0	38
792.0615738	792.1400055	67	W	0	38
792.1400055	792.1846179	28	IH1	0	38
792.1846179	792.3026251	65	TH	0	38
792.3026251	792.4002489	68	Y	0	38
792.4002489	792.6673485	44	UW1	0	38
802.7915625	802.8927531	58	N	0	17
802.8927531	802.9771154	7	AH1	0	17
802.9771154	803.0917969	65	TH	0	17
803.0917969	803.160299	27	IH0	0	17
803.160299	803.4162125	59	NG	0	17
803.4162125	803.6330041	28	IH1	0	17
803.6330041	803.7571154	69	Z	0	17
803.7571154	803.9571154	4	AE1	0	17
803.9571154	804.0594919	69	Z	0	17
804.0594919	804.1571154	6	AH0	0	17
804.1571154	804.3071154	50	F	0	17
804.3071154	804.3971154	19	EH1	0	17
804.3971154	804.4471154	58	N	0	17
804.4471154	804.5787267	62	S	0	17
804.5787267	804.6971154	27	IH0	0	17
804.6971154	804.8452227	66	V	0	17
804.8452227	805.0834319	4	AE1	0	17
805.0834319	805.2527484	69	Z	0	17
805.2527484	805.3290054	28	IH1	0	17
805.3290054	805.3845826	58	N	0	17
805.3845826	805.4556697	6	AH0	0	17
805.4556697	805.6071688	62	S	0	17
805.6071688	805.7001588	6	AH0	0	17
805.7001588	805.8371154	58	N	0	17
805.8371154	806.1371154	62	S	0	17
816.2568125	816.3586183	46	B	0	19
816.3586183	816.4613472	1	AA1	0	19
816.4613472	816.5836889	61	R	0	19
816.5836889	816.6736889	46	B	0	19
816.6736889	816.8327609	69	Z	0	19
816.8327609	816.8736889	51	G	0	19
816.8736889	817.0080714	35	OW1	0	19
817.0080714	817.0985459	56	L	0	19
817.0985459	817.21053	48	D	0	19
817.21053	817.2316726	46	B	0	19
817.2316726	817.2836889	61	R	0	19
817.2836889	817.4036889	25	EY1	0	19
817.4036889	817.5198636	62	S	0	19
817.5198636	817.6077531	56	L	0	19
817.6077531	817.6827176	6	AH0	0	19
817.6827176	817.7395873	64	T	0	19
817.7395873	817.8184293	67	W	0	19
817.8184293	817.8636889	7	AH1	0	19
817.8636889	817.9295837	69	Z	0	19
817.9295837	818.0495598	6	AH0	0	19
818.0495598	818.0960896	51	G	0	19
818.0960896	818.1426193	61	R	0	19
818.1426193	818.2473111	5	AE2	0	19
818.2473111	818.3713904	53	JH	0	19
818.3713904	818.4631574	43	UW0	0	19
818.4631574	818.5807741	25	EY1	0	19
818.5807741	818.7177783	63	SH	0	19
818.7177783	818.765722	6	AH0	0	19
818.765722	818.8885087	58	N	0	19
818.8885087	818.9363309	60	P	0	19
818.9363309	818.9736889	61	R	0	19
818.9736889	819.1095249	19	EH1	0	19
819.1095249	819.201101	69	Z	0	19
819.201101	819.3136889	6	AH0	0	19
819.3136889	819.4660619	58	N	0	19
829.398	829.4875818	52	HH	0	41
829.4875818	829.5931165	13	AW1	0	41
829.5931165	829.6839254	57	M	0	41
829.6839254	829.7631759	7	AH1	0	41
829.7631759	829.8618618	47	CH	0	41
829.8618618	829.9919394	6	AH0	0	41
829.9919394	830.0950198	56	L	0	41
830.0950198	830.259573	13	AW1	0	41
830.259573	830.3731759	6	AH0	0	41
830.3731759	830.4331759	58	N	0	41
830.4331759	830.5789369	62	S	0	41
830.5789369	830.6031759	48	D	0	41
830.6031759	830.7531759	44	UW1	0	41
830.7531759	830.8232762	68	Y	0	41
830.8232762	830.9857443	44	UW1	0	41
830.9857443	831.0131759	51	G	0	41
831.0131759	831.2175598	19	EH1	0	41
831.2175598	831.3931759	64	T	0	41
842.36075	842.5575424	62	S	0	42
842.5575424	842.7154339	28	IH1	0	42
842.7154339	842.7554788	54	K	0	42
842.7554788	842.7875148	56	L	0	42
842.7875148	842.8756137	27	IH0	0	42
842.8756137	842.9110821	54	K	0	42
842.9110821	842.9645568	6	AH0	0	42
842.9645568	843.1101627	56	L	0	42
843.1101627	843.1983387	60	P	0	42
843.1983387	843.2509692	61	R	0	42
843.2509692	843.3527978	35	OW1	0	42
843.3527978	843.3974193	51	G	0	42
843.3974193	843.467212	61	R	0	42
843.467212	843.5445568	5	AE2	0	42
843.5445568	843.6113738	57	M	0	42
843.6113738	843.7245568	69	Z	0	42
843.7245568	843.7645568	67	W	0	42
843.7645568	843.7945568	6	AH0	0	42
843.7945568	843.8445568	56	L	0	42
843.8445568	843.9620419	58	N	0	42
843.9620419	844.0615822	19	EH1	0	42
844.0615822	844.1348072	66	V	0	42
844.1348072	844.2961312	21	ER0	0	42
844.2961312	844.3345568	54	K	0	42
844.3345568	844.3645568	6	AH0	0	42
844.3645568	844.4855444	57	M	0	42
844.4855444	844.6091197	60	P	0	42
844.6091197	844.7445568	16	AY1	0	42
844.7445568	844.9545568	56	L	0	42
855.9815625	856.0708367	54	K	0	39
856.0708367	856.1377062	4	AE1	0	39
856.1377062	856.2305289	58	N	0	39
856.2305289	856.2629089	49	DH	0	39
856.2629089	856.3658054	6	AH0	0	39
856.3658054	856.5582803	25	EY1	0	39
856.5582803	856.6014537	53	JH	0	39
856.6014537	856.6408367	6	AH0	0	39
856.6408367	856.6957156	58	N	0	39
856.6957156	856.8331508	62	S	0	39
856.8331508	856.9808367	31	IY0	0	39
856.9808367	857.1181444	35	OW1	0	39
857.1181444	857.1908367	66	V	0	39
857.1908367	857.2636311	21	ER0	0	39
857.2636311	857.3766014	65	TH	0	39
857.3766014	857.4476016	61	R	0	39
857.4476016	857.6541142	36	OW2	0	39
857.6541142	857.7980254	25	EY1	0	39
857.7980254	857.8939682	56	L	0	39
857.8939682	857.9708367	31	IY0	0	39
857.9708367	858.0141341	6	AH0	0	39
858.0141341	858.0908367	58	N	0	39
858.0908367	858.1735776	50	F	0	39
858.1735776	858.2692785	10	AO1	0	39
858.2692785	858.3408367	61	R	0	39
858.3408367	858.4685956	62	S	0	39
858.4685956	858.6219726	6	AH0	0	39
858.6219726	858.8808367	69	Z	0	39
870.469375	870.5072202	49	DH	0	35
870.5072202	870.607624	6	AH0	0	35
870.607624	870.6709449	54	K	0	35
870.6709449	870.6972202	61	R	0	35
870.6972202	870.8458218	4	AE1	0	35
870.8458218	870.9072202	58	N	0	35
870.9072202	870.9572202	46	B	0	35
870.9572202	871.0148553	20	EH2	0	35
871.0148553	871.1072202	61	R	0	35
871.1072202	871.2696029	31	IY0	0	35
871.2696029	871.2972202	46	B	0	35
871.2972202	871.5072202	1	AA1	0	35
871.5072202	871.6563393	51	G	0	35
871.6563393	871.6887193	51	G	0	35
871.6887193	871.7865789	28	IH1	0	35
871.7865789	871.7972202	64	T	0	35
871.7972202	871.8633543	62	S	0	35
871.8633543	871.9698359	66	V	0	35
871.9698359	872.0453893	19	EH1	0	35
872.0453893	872.1741898	61	R	0	35
872.1741898	872.2965144	31	IY0	0	35
872.2965144	872.3512006	60	P	0	35
872.3512006	872.4272202	61	R	0	35
872.4272202	872.4872028	28	IH1	0	35
872.4872028	872.5296566	64	T	0	35
872.5296566	872.6289553	31	IY0	0	35
872.6289553	872.7296931	28	IH1	0	35
872.7296931	872.8420368	58	N	0	35
872.8420368	873.0472202	10	AO1	0	35
873.0472202	873.0945388	64	T	0	35
873.0945388	873.1872202	6	AH0	0	35
873.1872202	873.3672506	57	M	0	35
882.0978125	882.1624371	54	K	0	16
882.1624371	882.2309392	4	AE1	0	16
882.2309392	882.3174399	56	L	0	16
882.3174399	882.4574399	62	S	0	16
882.4574399	882.5104732	31	IY0	0	16
882.5104732	882.5574399	6	AH0	0	16
882.5574399	882.6267975	57	M	0	16
882.6267975	882.6888371	57	M	0	16
882.6888371	882.8518906	25	EY1	0	16
882.8518906	882.8674399	54	K	0	16
882.8674399	882.9468324	62	S	0	16
882.9468324	883.0874399	46	B	0	16
883.0874399	883.3074399	35	OW1	0	16
883.3074399	883.4362619	58	N	0	16
883.4362619	883.5034715	69	Z	0	16
883.5034715	883.6682078	4	AE1	0	16
883.6682078	883.8672516	58	N	0	16
883.8672516	883.9809909	64	T	0	16
883.9809909	884.0788733	32	IY1	0	16
884.0788733	884.1474399	65	TH	0	16
884.1474399	884.3574399	62	S	0	16
884.3574399	884.4071316	64	T	0	16
884.4071316	884.5247484	61	R	0	16
884.5247484	884.7474399	10	AO1	0	16
884.7474399	884.9294199	59	NG	0	16
896.827125	897.1399081	62	S	0	18
897.1399081	897.1709013	64	T	0	18
897.1709013	897.4109013	32	IY1	0	18
897.4109013	897.5209013	66	V	0	18
897.5209013	897.6619622	67	W	0	18
897.6619622	897.8002589	10	AO1	0	18
897.8002589	897.9809013	61	R	0	18
897.9809013	898.2744907	25	EY1	0	18
898.2744907	898.3132655	46	B	0	18
898.3132655	898.3509013	61	R	0	18
898.3509013	898.556254	16	AY1	0	18
898.556254	898.6938914	64	T	0	18
898.6938914	898.8153857	61	R	0	18
898.8153857	898.9709013	19	EH1	0	18
898.9709013	899.1385087	48	D	0	18
899.1385087	899.2057183	54	K	0	18
899.2057183	899.4264656	4	AE1	0	18
899.4264656	899.5109013	70	ZH	0	18
899.5109013	899.5867346	57	M	0	18
899.5867346	899.6409013	27	IH0	0	18
899.6409013	899.7509013	61	R	0	18
899.7509013	899.9209013	62	S	0	18
899.9209013	900.0309013	67	W	0	18
900.0309013	900.1009013	19	EH1	0	18
900.1009013	900.1609013	64	T	0	18
900.1609013	900.4009013	21	ER0	0	18
911.977625	912.0242238	67	W	0	4
912.0242238	912.113327	32	IY1	0	4
912.113327	912.27574	21	ER0	0	4
912.27574	912.5001047	35	OW1	0	4
912.5001047	912.5115669	60	P	0	4
912.5115669	912.593327	6	AH0	0	4
912.593327	912.7474573	58	N	0	4
912.7474573	912.863327	19	EH1	0	4
912.863327	912.9549802	66	V	0	4
912.9549802	913.0252728	61	R	0	4
913.0252728	913.0790762	31	IY0	0	4
913.0790762	913.1797259	57	M	0	4
913.1797259	913.2746375	7	AH1	0	4
913.2746375	913.3822443	58	N	0	4
913.3822443	913.423327	48	D	0	4
913.423327	913.6141442	26	EY2	0	4
913.6141442	913.7937254	32	IY1	0	4
913.7937254	913.8641725	66	V	0	4
913.8641725	913.9123114	58	N	0	4
913.9123114	914.1025188	27	IH0	0	4
914.1025188	914.243327	59	NG	0	4
923.929	923.9749635	6	AH0	0	40
923.9749635	924.1049635	62	S	0	40
924.1049635	924.1520455	54	K	0	40
924.1520455	924.1829864	61	R	0	40
924.1829864	924.2988349	44	UW1	0	40
924.2988349	924.357119	48	D	0	40
924.357119	924.4349635	61	R	0	40
924.4349635	924.5496807	17	AY2	0	40
924.5496807	924.6280937	66	V	0	40
924.6280937	924.7649635	21	ER0	0	40
924.7649635	924.9028833	28	IH1	0	40
924.9028833	925.0249635	69	Z	0	40
925.0249635	925.1050785	57	M	0	40
925.1050785	925.284248	25	EY1	0	40
925.284248	925.3449635	48	D	0	40
925.3449635	925.4270735	50	F	0	40
925.4270735	925.4749635	21	ER0	0	40
925.4749635	925.5649635	57	M	0	40
925.5649635	925.6628521	66	V	0	40
925.6628521	925.8658164	1	AA1	0	40
925.8658164	925.9550413	48	D	0	40
925.9550413	925.9809453	54	K	0	40
925.9809453	926.1378085	6	AH0	0	40
926.1378085	926.2649635	4	AE1	0	40
926.2649635	926.345481	58	N	0	40
926.345481	926.3549635	48	D	0	40
926.3549635	926.4849635	10	AO1	0	40
926.4849635	926.533223	61	R	0	40
926.533223	926.5692008	6	AH0	0	40
926.5692008	926.6249635	58	N	0	40
926.6249635	926.7239054	53	JH	0	40
926.7239054	926.8287247	53	JH	0	40
926.8287247	927.0325286	44	UW1	0	40
927.0325286	927.3649635	62	S	0	40
938.5929672	938.6647586	52	HH	0	49
938.6647586	938.9128466	13	AW1	0	49
938.9128466	938.9441587	51	G	0	49
938.9441587	939.0891451	41	UH1	0	49
939.0891451	939.1248053	48	D	0	49
939.1248053	939.2248342	28	IH1	0	49
939.2248342	939.3185455	69	Z	0	49
939.3185455	939.3748342	68	Y	0	49
939.3748342	939.4648342	41	UH1	0	49
939.4648342	939.5748342	61	R	0	49
939.5748342	939.6509352	19	EH1	0	49
939.6509352	939.7545059	58	N	0	49
939.7545059	939.7748342	48	D	0	49
939.7748342	939.9327439	21	ER0	0	49
939.9327439	940.0248342	6	AH0	0	49
940.0248342	940.1422939	58	N	0	49
940.1422939	940.4148342	62	S	0	49
962.9375625	962.9899383	1	AA1	0	12
962.9899383	963.0886378	61	R	0	12
963.0886378	963.1828059	68	Y	0	12
963.1828059	963.2776514	44	UW1	0	12
963.2776514	963.3599383	56	L	0	12
963.3599383	963.5039316	41	UH1	0	12
963.5039316	963.547967	54	K	0	12
963.547967	963.6136814	27	IH0	0	12
963.6136814	963.7099383	59	NG	0	12
963.7099383	963.8166998	50	F	0	12
963.8166998	963.9099383	10	AO1	0	12
963.9099383	964.0299383	61	R	0	12
964.0299383	964.0699383	18	EH0	0	12
964.0699383	964.2004387	57	M	0	12
964.2004387	964.268863	60	P	0	12
964.268863	964.3552343	56	L	0	12
964.3552343	964.4500798	38	OY1	0	12
964.4500798	964.5225689	57	M	0	12
964.5225689	964.621853	6	AH0	0	12
964.621853	964.6848575	58	N	0	12
964.6848575	964.7092463	64	T	0	12
975.1911875	975.2661314	52	HH	0	36
975.2661314	975.5172565	13	AW1	0	36
975.5172565	975.5860546	48	D	0	36
975.5860546	975.7535869	44	UW1	0	36
975.7535869	975.9536235	38	OY1	0	36
975.9536235	976.0960956	62	S	0	36
976.0960956	976.1317073	64	T	0	36
976.1317073	976.2376044	21	ER0	0	36
976.2376044	976.3468546	69	Z	0	36
976.3468546	976.428884	57	M	0	36
976.428884	976.5892829	25	EY1	0	36
976.5892829	976.6893011	54	K	0	36
976.6893011	976.7346332	60	P	0	36
976.7346332	976.8648541	22	ER1	0	36
976.8648541	977.1076044	56	L	0	36
977.1076044	977.3976044	69	Z	0	36
992.4414375	992.5691465	5	AE2	0	24
992.5691465	992.6327227	57	M	0	24
992.6327227	992.6809994	46	B	0	24
992.6809994	992.738385	6	AH0	0	24
992.738385	992.7591465	48	D	0	24
992.7591465	992.8691465	19	EH1	0	24
992.8691465	992.9091465	54	K	0	24
992.9091465	993.0291465	62	S	0	24
993.0291465	993.0944057	64	T	0	24
993.0944057	993.1191465	61	R	0	24
993.1191465	993.1891374	6	AH0	0	24
993.1891374	993.3899233	62	S	0	24
993.3899233	993.4291465	60	P	0	24
993.4291465	993.5320209	28	IH1	0	24
993.5320209	993.6495246	54	K	0	24
993.6495246	993.6791465	60	P	0	24
993.6791465	993.8458111	2	AA2	0	24
993.8458111	993.9341666	54	K	0	24
993.9341666	994.0170569	6	AH0	0	24
994.0170569	994.0591465	64	T	0	24
994.0591465	994.1719927	62	S	0	24
994.1719927	994.2794768	6	AH0	0	24
994.2794768	994.3733285	54	K	0	24
994.3733285	994.4680602	1	AA1	0	24
994.4680602	994.5591484	57	M	0	24
994.5591484	994.5991465	60	P	0	24
994.5991465	994.6513744	56	L	0	24
994.6513744	994.6991465	27	IH0	0	24
994.6991465	994.8408378	63	SH	0	24
994.8408378	994.9091465	57	M	0	24
994.9091465	995.0965516	10	AO1	0	24
995.0965516	995.2891465	61	R	0	24
1006.125875	1006.179221	61	R	0	33
1006.179221	1006.305764	28	IH1	0	33
1006.305764	1006.525973	47	CH	0	33
1006.525973	1006.585696	60	P	0	33
1006.585696	1006.738924	22	ER1	0	33
1006.738924	1006.844699	47	CH	0	33
1006.844699	1006.941119	6	AH0	0	33
1006.941119	1007.109221	62	S	0	33
1007.109221	1007.139221	64	T	0	33
1007.139221	1007.181414	62	S	0	33
1007.181414	1007.299221	19	EH1	0	33
1007.299221	1007.379221	66	V	0	33
1007.379221	1007.440454	61	R	0	33
1007.440454	1007.490674	6	AH0	0	33
1007.490674	1007.533128	56	L	0	33
1007.533128	1007.725969	62	S	0	33
1007.725969	1007.941339	16	AY1	0	33
1007.941339	1008.00394	58	N	0	33
1008.00394	1008.067261	48	D	0	33
1008.067261	1008.13918	56	L	0	33
1008.13918	1008.209221	28	IH1	0	33
1008.209221	1008.313312	65	TH	0	33
1008.313312	1008.416928	6	AH0	0	33
1008.416928	1008.463265	51	G	0	33
1008.463265	1008.537379	61	R	0	33
1008.537379	1008.732646	5	AE2	0	33
1008.732646	1008.779221	50	F	0	33
1008.779221	1009.086934	62	S	0	33
1018.964125	1018.995066	46	B	0	32
1018.995066	1019.046154	7	AH1	0	32
1019.046154	1019.078534	64	T	0	32
1019.078534	1019.156975	21	ER0	0	32
1019.156975	1019.291523	62	S	0	32
1019.291523	1019.325342	54	K	0	32
1019.325342	1019.4432	2	AA2	0	32
1019.4432	1019.586975	47	CH	0	32
1019.586975	1019.681727	50	F	0	32
1019.681727	1019.881329	7	AH1	0	32
1019.881329	1020.012288	53	JH	0	32
1020.012288	1020.056975	51	G	0	32
1020.056975	1020.177594	35	OW1	0	32
1020.177594	1020.316975	69	Z	0	32
1020.316975	1020.446974	67	W	0	32
1020.446974	1020.606975	19	EH1	0	32
1020.606975	1020.716975	56	L	0	32
1020.716975	1020.746975	67	W	0	32
1020.746975	1020.804054	28	IH1	0	32
1020.804054	1020.886975	65	TH	0	32
1020.886975	1020.947773	66	V	0	32
1020.947773	1021.006975	6	AH0	0	32
1021.006975	1021.074415	58	N	0	32
1021.074415	1021.136975	28	IH1	0	32
1021.136975	1021.226975	56	L	0	32
1021.226975	1021.292335	6	AH0	0	32
1021.292335	1021.488302	16	AY1	0	32
1021.488302	1021.643726	62	S	0	32
1021.643726	1021.737988	54	K	0	32
1021.737988	1021.856975	61	R	0	32
1021.856975	1021.906975	32	IY1	0	32
1021.906975	1022.106975	57	M	0	32
1032.013188	1032.035913	49	DH	0	21
1032.035913	1032.075913	6	AH0	0	21
1032.075913	1032.145913	67	W	0	21
1032.145913	1032.315913	10	AO1	0	21
1032.315913	1032.349624	64	T	0	21
1032.349624	1032.507457	21	ER0	0	21
1032.507457	1032.56211	54	K	0	21
1032.56211	1032.595913	6	AH0	0	21
1032.595913	1032.723336	58	N	0	21
1032.723336	1032.785913	64	T	0	21
1032.785913	1032.934472	25	EY1	0	21
1032.934472	1033.083974	58	N	0	21
1033.083974	1033.185992	64	T	0	21
1033.185992	1033.271615	44	UW1	0	21
1033.271615	1033.329912	57	M	0	21
1033.329912	1033.435913	7	AH1	0	21
1033.435913	1033.61113	47	CH	0	21
1033.61113	1033.716792	54	K	0	21
1033.716792	1033.770565	56	L	0	21
1033.770565	1033.845913	10	AO1	0	21
1033.845913	1033.974603	61	R	0	21
1033.974603	1034.124898	31	IY0	0	21
1034.124898	1034.193441	58	N	0	21
1034.193441	1034.376529	4	AE1	0	21
1034.376529	1034.445913	58	N	0	21
1034.445913	1034.458508	48	D	0	21
1034.458508	1034.636388	62	S	0	21
1034.636388	1034.655913	64	T	0	21
1034.655913	1034.775913	7	AH1	0	21
1034.775913	1034.85591	59	NG	0	21
1034.85591	1034.943355	52	HH	0	21
1034.943355	1035.025913	28	IH1	0	21
1035.025913	1035.175939	69	Z	0	21
1035.175939	1035.581065	16	AY1	0	21
1035.581065	1035.885913	69	Z	0	21
1046.509563	1046.560152	49	DH	0	8
1046.560152	1046.620152	7	AH1	0	8
1046.620152	1046.761144	50	F	0	8
1046.761144	1046.810152	61	R	0	8
1046.810152	1046.890152	16	AY1	0	8
1046.890152	1046.920152	64	T	0	8
1046.920152	1046.962156	6	AH0	0	8
1046.962156	1047.080152	58	N	0	8
1047.080152	1047.107543	48	D	0	8
1047.107543	1047.208681	47	CH	0	8
1047.208681	1047.410152	16	AY1	0	8
1047.410152	1047.49046	56	L	0	8
1047.49046	1047.530152	48	D	0	8
1047.530152	1047.560152	67	W	0	8
1047.560152	1047.644696	6	AH0	0	8
1047.644696	1047.781233	69	Z	0	8
1047.781233	1047.841423	53	JH	0	8
1047.841423	1047.930152	19	EH1	0	8
1047.930152	1047.985545	58	N	0	8
1047.985545	1048.010152	64	T	0	8
1048.010152	1048.040152	56	L	0	8
1048.040152	1048.120152	31	IY0	0	8
1048.120152	1048.268733	62	S	0	8
1048.268733	1048.334473	6	AH0	0	8
1048.334473	1048.468481	46	B	0	8
1048.468481	1048.490152	48	D	0	8
1048.490152	1048.713707	44	UW1	0	8
1048.713707	1048.80726	48	D	0	8
1048.80726	1048.850152	46	B	0	8
1048.850152	1048.990152	16	AY1	0	8
1048.990152	1049.030152	52	HH	0	8
1049.030152	1049.111447	28	IH1	0	8
1049.111447	1049.294761	69	Z	0	8
1049.294761	1049.310152	46	B	0	8
1049.310152	1049.430152	28	IH1	0	8
1049.430152	1049.545392	51	G	0	8
1049.545392	1049.561827	46	B	0	8
1049.561827	1049.607339	61	R	0	8
1049.607339	1049.757782	7	AH1	0	8
1049.757782	1049.80797	49	DH	0	8
1049.80797	1050.030152	21	ER0	0	8
1061.669125	1061.761124	53	JH	0	22
1061.761124	1061.91677	1	AA1	0	22
1061.91677	1061.96677	58	N	0	22
1061.96677	1062.121503	69	Z	0	22
1062.121503	1062.139721	46	B	0	22
1062.139721	1062.18677	61	R	0	22
1062.18677	1062.27677	7	AH1	0	22
1062.27677	1062.31461	49	DH	0	22
1062.31461	1062.52677	21	ER0	0	22
1062.52677	1062.623296	61	R	0	22
1062.623296	1062.791809	31	IY0	0	22
1062.791809	1062.853749	60	P	0	22
1062.853749	1062.97677	25	EY1	0	22
1062.97677	1063.075045	58	N	0	22
1063.075045	1063.112392	64	T	0	22
1063.112392	1063.18677	6	AH0	0	22
1063.18677	1063.253578	48	D	0	22
1063.253578	1063.27677	49	DH	0	22
1063.27677	1063.385656	6	AH0	0	22
1063.385656	1063.449755	51	G	0	22
1063.449755	1063.54677	21	ER0	0	22
1063.54677	1063.70298	1	AA1	0	22
1063.70298	1063.872411	70	ZH	0	22
1063.872411	1063.923396	48	D	0	22
1063.923396	1064.074602	10	AO1	0	22
1064.074602	1064.25677	61	R	0	22
1075.053625	1075.134593	67	W	0	46
1075.134593	1075.227046	32	IY1	0	46
1075.227046	1075.313756	56	L	0	46
1075.313756	1075.458273	16	AY1	0	46
1075.458273	1075.542396	54	K	0	46
1075.542396	1075.638741	46	B	0	46
1075.638741	1075.718225	56	L	0	46
1075.718225	1075.862742	44	UW1	0	46
1075.862742	1076.012077	47	CH	0	46
1076.012077	1076.257756	32	IY1	0	46
1076.257756	1076.496159	69	Z	0	46
1076.496159	1076.51061	46	B	0	46
1076.51061	1076.614593	7	AH1	0	46
1076.614593	1076.675268	64	T	0	46
1076.675268	1076.784593	66	V	0	46
1076.784593	1076.93299	28	IH1	0	46
1076.93299	1077.005249	54	K	0	46
1077.005249	1077.063056	64	T	0	46
1077.063056	1077.282189	21	ER0	0	46
1077.282189	1077.344185	56	L	0	46
1077.344185	1077.527869	16	AY1	0	46
1077.527869	1077.539912	54	K	0	46
1077.539912	1077.624593	62	S	0	46
1077.624593	1077.734593	46	B	0	46
1077.734593	1077.84672	61	R	0	46
1077.84672	1078.104593	32	IY1	0	46
1087.82725	1087.940649	32	IY1	0	3
1087.940649	1088.002086	66	V	0	3
1088.002086	1088.054488	6	AH0	0	3
1088.054488	1088.105987	58	N	0	3
1088.105987	1088.395209	16	AY1	0	3
1088.395209	1088.61754	6	AH0	0	3
1088.61754	1088.680784	54	K	0	3
1088.680784	1088.828957	25	EY1	0	3
1088.828957	1088.978032	70	ZH	0	3
1088.978032	1089.025209	58	N	0	3
1089.025209	1089.086451	6	AH0	0	3
1089.086451	1089.115209	56	L	0	3
1089.115209	1089.267047	31	IY0	0	3
1089.267047	1089.289634	51	G	0	3
1089.289634	1089.385209	28	IH1	0	3
1089.385209	1089.520024	64	T	0	3
1089.520024	1089.552277	49	DH	0	3
1089.552277	1089.595209	6	AH0	0	3
1089.595209	1089.699546	57	M	0	3
1089.699546	1089.785209	7	AH1	0	3
1089.785209	1089.898563	58	N	0	3
1089.898563	1089.92386	48	D	0	3
1089.92386	1090.135709	26	EY2	0	3
1090.135709	1090.194435	46	B	0	3
1090.194435	1090.265209	56	L	0	3
1090.265209	1090.569384	44	UW1	0	3
1090.569384	1090.865209	69	Z	0	3
1100.679875	1100.772801	54	K	0	13
1100.772801	1100.929408	1	AA1	0	13
1100.929408	1101.045899	50	F	0	13
1101.045899	1101.190934	31	IY0	0	13
1101.190934	1101.348971	28	IH1	0	13
1101.348971	1101.472406	69	Z	0	13
1101.472406	1101.52136	51	G	0	13
1101.52136	1101.644795	61	R	0	13
1101.644795	1101.767847	35	OW1	0	13
1101.767847	1101.812302	58	N	0	13
1101.812302	1101.997847	1	AA1	0	13
1101.997847	1102.084143	58	N	0	13
1102.084143	1102.25618	62	S	0	13
1102.25618	1102.287847	64	T	0	13
1102.287847	1102.524629	32	IY1	0	13
1102.524629	1102.580946	60	P	0	13
1102.580946	1103.078906	74	sp	0	13
1103.078906	1103.143709	53	JH	0	13
1103.143709	1103.237847	7	AH1	0	13
1103.237847	1103.307847	59	NG	0	13
1103.307847	1103.357847	51	G	0	13
1103.357847	1103.397847	6	AH0	0	13
1103.397847	1103.437847	56	L	0	13
1103.437847	1103.50244	56	L	0	13
1103.50244	1103.701318	16	AY1	0	13
1103.701318	1103.720604	54	K	0	13
1103.720604	1103.893698	62	S	0	13
1103.893698	1103.976245	56	L	0	13
1103.976245	1104.21617	35	OW1	0	13
1104.21617	1104.228514	60	P	0	13
1104.228514	1104.376222	62	S	0	13
1104.376222	1104.454912	28	IH1	0	13
1104.454912	1104.61229	58	N	0	13
1104.61229	1104.681722	64	T	0	13
1104.681722	1104.734182	19	EH1	0	13
1104.734182	1104.86849	57	M	0	13
1104.86849	1104.887847	60	P	0	13
1104.887847	1104.954122	21	ER0	0	13
1104.954122	1104.987322	6	AH0	0	13
1104.987322	1105.052896	64	T	0	13
1105.052896	1105.187847	69	Z	0	13
1105.187847	1105.487847	35	OW1	0	13
1105.487847	1105.620281	58	N	0	13
1105.620281	1105.857847	69	Z	0	13
1121.813563	1121.918618	19	EH1	0	34
1121.918618	1121.966108	58	N	0	34
1121.966108	1122.126569	31	IY0	0	34
1122.126569	1122.196366	54	K	0	34
1122.196366	1122.300119	2	AA2	0	34
1122.300119	1122.344012	58	N	0	34
1122.344012	1122.438273	64	T	0	34
1122.438273	1122.46213	61	R	0	34
1122.46213	1122.543329	6	AH0	0	34
1122.543329	1122.58213	46	B	0	34
1122.58213	1122.61213	68	Y	0	34
1122.61213	1122.702549	44	UW1	0	34
1122.702549	1122.847446	63	SH	0	34
1122.847446	1122.919402	6	AH0	0	34
1122.919402	1123.053959	58	N	0	34
1123.053959	1123.140181	69	Z	0	34
1123.140181	1123.21213	67	W	0	34
1123.21213	1123.24213	6	AH0	0	34
1123.24213	1123.376196	56	L	0	34
1123.376196	1123.40213	46	B	0	34
1123.40213	1123.549243	32	IY1	0	34
1123.549243	1123.590977	51	G	0	34
1123.590977	1123.64213	61	R	0	34
1123.64213	1123.766549	25	EY1	0	34
1123.766549	1123.81213	64	T	0	34
1123.81213	1123.85377	56	L	0	34
1123.85377	1123.974637	31	IY0	0	34
1123.974637	1124.091924	6	AH0	0	34
1124.091924	1124.162441	60	P	0	34
1124.162441	1124.22213	61	R	0	34
1124.22213	1124.294473	32	IY1	0	34
1124.294473	1124.458532	63	SH	0	34
1124.458532	1124.51213	31	IY0	0	34
1124.51213	1124.709793	26	EY2	0	34
1124.709793	1124.73213	64	T	0	34
1124.73213	1124.849871	6	AH0	0	34
1124.849871	1124.99213	48	D	0	34
1137.271875	1137.353302	48	D	0	20
1137.353302	1137.408879	61	R	0	20
1137.408879	1137.638943	10	AO1	0	20
1137.638943	1137.769996	19	EH1	0	20
1137.769996	1137.854008	66	V	0	20
1137.854008	1137.935869	61	R	0	20
1137.935869	1138.079807	31	IY0	0	20
1138.079807	1138.273955	13	AW1	0	20
1138.273955	1138.315315	64	T	0	20
1138.315315	1138.459807	21	ER0	0	20
1138.459807	1138.532497	56	L	0	20
1138.532497	1138.727664	16	AY1	0	20
1138.727664	1138.819807	58	N	0	20
1138.819807	1138.971719	50	F	0	20
1138.971719	1139.189807	22	ER1	0	20
1139.189807	1139.391779	62	S	0	20
1139.391779	1139.429807	64	T	0	20
1139.429807	1139.524793	49	DH	0	20
1139.524793	1139.654042	19	EH1	0	20
1139.654042	1139.779807	58	N	0	20
1139.779807	1139.937098	50	F	0	20
1139.937098	1140.029142	28	IH1	0	20
1140.029142	1140.204921	56	L	0	20
1140.204921	1140.282948	28	IH1	0	20
1140.282948	1140.379807	58	N	0	20
1140.379807	1140.409807	49	DH	0	20
1140.409807	1140.519807	31	IY0	0	20
1140.519807	1140.581514	29	IH2	0	20
1140.581514	1140.671988	58	N	0	20
1140.671988	1140.757293	64	T	0	20
1140.757293	1140.861407	28	IH1	0	20
1140.861407	1141.015749	61	R	0	20
1141.015749	1141.176455	31	IY0	0	20
1141.176455	1141.369807	21	ER0	0	20
1151.156813	1151.285368	28	IH1	0	5
1151.285368	1151.325368	64	T	0	5
1151.325368	1151.436253	62	S	0	5
1151.436253	1151.513745	58	N	0	5
1151.513745	1151.715368	1	AA1	0	5
1151.715368	1151.79287	64	T	0	5
1151.79287	1151.973684	32	IY1	0	5
1151.973684	1152.085368	69	Z	0	5
1152.085368	1152.263448	31	IY0	0	5
1152.263448	1152.344462	64	T	0	5
1152.344462	1152.437295	44	UW1	0	5
1152.437295	1152.533676	54	K	0	5
1152.533676	1152.635368	61	R	0	5
1152.635368	1152.675368	31	IY0	0	5
1152.675368	1152.799886	25	EY1	0	5
1152.799886	1152.885368	64	T	0	5
1152.885368	1152.961915	29	IH2	0	5
1152.961915	1153.044103	56	L	0	5
1153.044103	1153.12864	44	UW1	0	5
1153.12864	1153.224319	57	M	0	5
1153.224319	1153.265368	6	AH0	0	5
1153.265368	1153.308855	58	N	0	5
1153.308855	1153.485368	26	EY2	0	5
1153.485368	1153.513152	64	T	0	5
1153.513152	1153.583599	27	IH0	0	5
1153.583599	1153.735368	59	NG	0	5
1153.735368	1153.815368	27	IH0	0	5
1153.815368	1153.872512	51	G	0	5
1153.872512	1153.989924	69	Z	0	5
1153.989924	1154.11438	4	AE1	0	5
1154.11438	1154.28815	57	M	0	5
1154.28815	1154.302239	60	P	0	5
1154.302239	1154.379416	6	AH0	0	5
1154.379416	1154.535368	56	L	0	5
1154.535368	1154.815368	69	Z	0	5
1166.781375	1166.802242	49	DH	0	28
1166.802242	1166.892187	4	AE1	0	28
1166.892187	1167.064161	64	T	0	28
1167.064161	1167.105175	60	P	0	28
1167.105175	1167.178219	28	IH1	0	28
1167.178219	1167.320043	54	K	0	28
1167.320043	1167.350984	60	P	0	28
1167.350984	1167.598058	2	AA2	0	28
1167.598058	1167.626841	54	K	0	28
1167.626841	1167.74197	6	AH0	0	28
1167.74197	1167.8387	64	T	0	28
1167.8387	1167.908219	67	W	0	28
1167.908219	1167.96894	7	AH1	0	28
1167.96894	1168.108534	69	Z	0	28
1168.108534	1168.20354	54	K	0	28
1168.20354	1168.329443	1	AA1	0	28
1168.329443	1168.382691	64	T	0	28
1168.382691	1168.495661	61	R	0	28
1168.495661	1168.681157	19	EH1	0	28
1168.681157	1168.708219	48	D	0	28
1168.708219	1168.794704	52	HH	0	28
1168.794704	1168.958219	4	AE1	0	28
1168.958219	1169.049427	58	N	0	28
1169.049427	1169.083966	48	D	0	28
1169.083966	1169.224279	6	AH0	0	28
1169.224279	1169.388219	48	D	0	28
1179.96525	1180.100377	35	OW1	0	15
1180.100377	1180.141803	58	N	0	15
1180.141803	1180.180377	56	L	0	15
1180.180377	1180.240377	31	IY0	0	15
1180.240377	1180.300377	49	DH	0	15
1180.300377	1180.415059	6	AH0	0	15
1180.415059	1180.430377	46	B	0	15
1180.430377	1180.530377	19	EH1	0	15
1180.530377	1180.667138	62	S	0	15
1180.667138	1180.706174	64	T	0	15
1180.706174	1180.761941	74	sp	0	15
1180.761941	1180.844388	60	P	0	15
1180.844388	1180.900377	56	L	0	15
1180.900377	1181.110377	25	EY1	0	15
1181.110377	1181.15761	21	ER0	0	15
1181.15761	1181.250377	69	Z	0	15
1181.250377	1181.345417	6	AH0	0	15
1181.345417	1181.430377	58	N	0	15
1181.430377	1181.546817	53	JH	0	15
1181.546817	1181.892709	38	OY1	0	15
1181.892709	1181.952015	60	P	0	15
1181.952015	1182.128968	2	AA2	0	15
1182.128968	1182.16744	60	P	0	15
1182.16744	1182.210377	68	Y	0	15
1182.210377	1182.240377	6	AH0	0	15
1182.240377	1182.300377	56	L	0	15
1182.300377	1182.382332	19	EH1	0	15
1182.382332	1182.530377	61	R	0	15
1182.530377	1182.560377	6	AH0	0	15
1182.560377	1182.610377	64	T	0	15
1182.610377	1182.8554	31	IY0	0	15
1195.18275	1195.222829	49	DH	0	26
1195.222829	1195.415936	25	EY1	0	26
1195.415936	1195.626886	35	OW1	0	26
1195.626886	1195.681913	58	N	0	26
1195.681913	1195.98599	25	EY1	0	26
1195.98599	1196.004207	46	B	0	26
1196.004207	1196.191849	28	IH1	0	26
1196.191849	1196.246886	51	G	0	26
1196.246886	1196.349187	52	HH	0	26
1196.349187	1196.565977	13	AW1	0	26
1196.565977	1196.787274	62	S	0	26
1196.787274	1196.894758	28	IH1	0	26
1196.894758	1197.026886	58	N	0	26
1197.026886	1197.061449	49	DH	0	26
1197.061449	1197.096886	6	AH0	0	26
1197.096886	1197.208744	61	R	0	26
1197.208744	1197.266886	6	AH0	0	26
1197.266886	1197.35995	57	M	0	26
1197.35995	1197.525735	35	OW1	0	26
1197.525735	1197.624106	64	T	0	26
1197.624106	1197.676886	54	K	0	26
1197.676886	1197.736886	7	AH1	0	26
1197.736886	1197.819121	58	N	0	26
1197.819121	1197.923872	64	T	0	26
1197.923872	1197.966886	61	R	0	26
1197.966886	1198.016868	31	IY0	0	26
1198.016868	1198.158054	62	S	0	26
1198.158054	1198.466819	17	AY2	0	26
1198.466819	1198.557584	48	D	0	26
1209.413375	1209.53559	25	EY1	0	25
1209.53559	1209.644262	57	M	0	25
1209.644262	1209.73535	7	AH1	0	25
1209.73535	1209.85559	62	S	0	25
1209.85559	1209.916567	54	K	0	25
1209.916567	1209.97559	68	Y	0	25
1209.97559	1210.03316	6	AH0	0	25
1210.03316	1210.069595	56	L	0	25
1210.069595	1210.186188	21	ER0	0	25
1210.186188	1210.35559	4	AE1	0	25
1210.35559	1210.474168	46	B	0	25
1210.474168	1210.49559	48	D	0	25
1210.49559	1210.565256	6	AH0	0	25
1210.565256	1210.618087	57	M	0	25
1210.618087	1210.713682	6	AH0	0	25
1210.713682	1210.776532	58	N	0	25
1210.776532	1210.888571	28	IH1	0	25
1210.888571	1211.044332	69	Z	0	25
1211.044332	1211.07559	51	G	0	25
1211.07559	1211.13559	41	UH1	0	25
1211.13559	1211.18559	48	D	0	25
1211.18559	1211.328283	50	F	0	25
1211.328283	1211.36654	61	R	0	25
1211.36654	1211.43559	21	ER0	0	25
1211.43559	1211.487828	68	Y	0	25
1211.487828	1211.54559	41	UH1	0	25
1211.54559	1211.631747	61	R	0	25
1211.631747	1211.658163	46	B	0	25
1211.658163	1211.979986	4	AE1	0	25
1211.979986	1212.12559	54	K	0	25
1226.629875	1226.721403	54	K	0	47
1226.721403	1226.815774	13	AW1	0	47
1226.815774	1226.858988	58	N	0	47
1226.858988	1226.909711	64	T	0	47
1226.909711	1226.931388	49	DH	0	47
1226.931388	1226.986787	7	AH1	0	47
1226.986787	1227.071088	58	N	0	47
1227.071088	1227.157799	7	AH1	0	47
1227.157799	1227.2421	57	M	0	47
1227.2421	1227.258988	46	B	0	47
1227.258988	1227.448988	21	ER0	0	47
1227.448988	1227.578821	7	AH1	0	47
1227.578821	1227.66794	66	V	0	47
1227.66794	1227.751755	64	T	0	47
1227.751755	1227.824013	32	IY1	0	47
1227.824013	1227.975756	62	S	0	47
1227.975756	1228.008988	60	P	0	47
1228.008988	1228.101005	45	UW2	0	47
1228.101005	1228.158988	58	N	0	47
1228.158988	1228.209393	69	Z	0	47
1228.209393	1228.274425	7	AH1	0	47
1228.274425	1228.318988	66	V	0	47
1228.318988	1228.469524	62	S	0	47
1228.469524	1228.647762	38	OY1	0	47
1228.647762	1228.770601	62	S	0	47
1228.770601	1228.958909	11	AO2	0	47
1228.958909	1229.11301	62	S	0	47
1229.11301	1229.134688	49	DH	0	47
1229.134688	1229.281614	4	AE1	0	47
1229.281614	1229.404453	64	T	0	47
1229.404453	1229.467077	68	Y	0	47
1229.467077	1229.520067	44	UW1	0	47
1229.520067	1229.840414	4	AE1	0	47
1229.840414	1229.888988	48	D	0	47
1240.899688	1241.115616	57	M	0	6
1241.115616	1241.280473	7	AH1	0	6
1241.280473	1241.400473	57	M	0	6
1241.400473	1241.57762	62	S	0	6
1241.57762	1241.666782	64	T	0	6
1241.666782	1241.740473	61	R	0	6
1241.740473	1241.860473	10	AO1	0	6
1241.860473	1241.940473	59	NG	0	6
1241.940473	1242.005929	56	L	0	6
1242.005929	1242.192614	31	IY0	0	6
1242.192614	1242.210473	48	D	0	6
1242.210473	1242.290066	29	IH2	0	6
1242.290066	1242.430473	62	S	0	6
1242.430473	1242.560473	56	L	0	6
1242.560473	1242.82604	16	AY1	0	6
1242.82604	1242.850473	54	K	0	6
1242.850473	1243.000473	62	S	0	6
1243.000473	1243.102481	74	sp	0	6
1243.102481	1243.334641	4	AE1	0	6
1243.334641	1243.353699	60	P	0	6
1243.353699	1243.456095	6	AH0	0	6
1243.456095	1243.530473	64	T	0	6
1243.530473	1243.736404	17	AY2	0	6
1243.736404	1243.804121	69	Z	0	6
1243.804121	1244.06661	21	ER0	0	6
1244.06661	1244.353514	69	Z	0	6
1254.200875	1254.395004	25	EY1	0	10
1254.395004	1254.483388	54	K	0	10
1254.483388	1254.553415	61	R	0	10
1254.553415	1254.679678	4	AE1	0	10
1254.679678	1254.814689	46	B	0	10
1254.814689	1254.929408	47	CH	0	10
1254.929408	1255.060129	4	AE1	0	10
1255.060129	1255.152591	56	L	0	10
1255.152591	1255.219863	6	AH0	0	10
1255.219863	1255.315196	58	N	0	10
1255.315196	1255.447661	53	JH	0	10
1255.447661	1255.489863	48	D	0	10
1255.489863	1255.565629	57	M	0	10
1255.565629	1255.933549	32	IY1	0	10
1255.933549	1256.049863	46	B	0	10
1256.049863	1256.099863	7	AH1	0	10
1256.099863	1256.149863	64	T	0	10
1256.149863	1256.367162	25	EY1	0	10
1256.367162	1256.449822	54	K	0	10
1256.449822	1256.469863	67	W	0	10
1256.469863	1256.601442	28	IH1	0	10
1256.601442	1256.619863	54	K	0	10
1256.619863	1256.81652	62	S	0	10
1256.81652	1256.840519	64	T	0	10
1256.840519	1257.059863	4	AE1	0	10
1257.059863	1257.143112	46	B	0	10
1257.143112	1257.299863	66	V	0	10
1257.299863	1257.387847	4	AE1	0	10
1257.387847	1257.533927	59	NG	0	10
1257.533927	1257.569863	54	K	0	10
1257.569863	1257.629863	67	W	0	10
1257.629863	1257.669863	27	IH0	0	10
1257.669863	1257.834062	63	SH	0	10
1257.834062	1257.879863	64	T	0	10
1257.879863	1257.932144	52	HH	0	10
1257.932144	1258.079266	28	IH1	0	10
1258.079266	1258.239863	57	M	0	10
1272.8305	1272.892382	57	M	0	37
1272.892382	1273.204995	25	EY1	0	37
1273.204995	1273.25216	16	AY1	0	37
1273.25216	1273.359529	10	AO1	0	37
1273.359529	1273.444995	61	R	0	37
1273.444995	1273.491927	48	D	0	37
1273.491927	1273.597379	21	ER0	0	37
1273.597379	1273.848858	25	EY1	0	37
1273.848858	1273.912179	60	P	0	37
1273.912179	1273.954995	1	AA1	0	37
1273.954995	1274.024995	61	R	0	37
1274.024995	1274.180337	50	F	0	37
1274.180337	1274.424995	25	EY1	0	37
1274.424995	1274.639135	4	AE1	0	37
1274.639135	1274.734995	50	F	0	37
1274.734995	1274.793058	64	T	0	37
1274.793058	1274.894738	21	ER0	0	37
1274.894738	1275.103806	16	AY1	0	37
1275.103806	1275.253474	32	IY1	0	37
1275.253474	1275.352053	64	T	0	37
1275.352053	1275.384995	48	D	0	37
1275.384995	1275.464995	28	IH1	0	37
1275.464995	1275.544995	58	N	0	37
1275.544995	1275.794995	21	ER0	0	37
1288.576313	1288.675483	61	R	0	2
1288.675483	1288.778468	32	IY1	0	2
1288.778468	1288.819471	48	D	0	2
1288.819471	1288.944388	27	IH0	0	2
1288.944388	1289.000417	59	NG	0	2
1289.000417	1289.114845	28	IH1	0	2
1289.114845	1289.222975	58	N	0	2
1289.222975	1289.273514	74	sp	0	2
1289.273514	1289.373932	60	P	0	2
1289.373932	1289.483932	41	UH1	0	2
1289.483932	1289.583947	61	R	0	2
1289.583947	1289.709792	56	L	0	2
1289.709792	1289.93674	16	AY1	0	2
1289.93674	1290.012071	64	T	0	2
1290.012071	1290.143932	51	G	0	2
1290.143932	1290.223932	28	IH1	0	2
1290.223932	1290.27578	66	V	0	2
1290.27578	1290.363932	69	Z	0	2
1290.363932	1290.44179	68	Y	0	2
1290.44179	1290.533932	44	UW1	0	2
1290.533932	1290.771006	16	AY1	0	2
1290.771006	1290.953932	62	S	0	2
1290.953932	1291.000814	64	T	0	2
1291.000814	1291.123932	61	R	0	2
1291.123932	1291.245509	26	EY2	0	2
1291.245509	1291.473932	58	N	0	2
1300.918813	1300.986933	52	HH	0	45
1300.986933	1301.059191	19	EH1	0	45
1301.059191	1301.148731	56	L	0	45
1301.148731	1301.210457	60	P	0	45
1301.210457	1301.296774	51	G	0	45
1301.296774	1301.367495	61	R	0	45
1301.367495	1301.548141	19	EH1	0	45
1301.548141	1301.658938	51	G	0	45
1301.658938	1301.726379	64	T	0	45
1301.726379	1301.808272	44	UW1	0	45
1301.808272	1301.98651	74	sp	0	45
1301.98651	1302.050411	60	P	0	45
1302.050411	1302.211781	28	IH1	0	45
1302.211781	1302.333301	54	K	0	45
1302.333301	1302.546444	25	EY1	0	45
1302.546444	1302.629561	60	P	0	45
1302.629561	1302.795112	19	EH1	0	45
1302.795112	1302.877649	54	K	0	45
1302.877649	1302.946774	7	AH1	0	45
1302.946774	1303.022166	66	V	0	45
1303.022166	1303.116277	74	sp	0	45
1303.116277	1303.135372	60	P	0	45
1303.135372	1303.257322	6	AH0	0	45
1303.257322	1303.346357	64	T	0	45
1303.346357	1303.515071	25	EY1	0	45
1303.515071	1303.647338	64	T	0	45
1303.647338	1303.835307	34	OW0	0	45
1303.835307	1304.116774	69	Z	0	45
1314.455563	1314.490961	49	DH	0	7
1314.490961	1314.666689	35	OW1	0	7
1314.666689	1314.800746	69	Z	0	7
1314.800746	1314.827899	52	HH	0	7
1314.827899	1314.983399	44	UW1	0	7
1314.983399	1315.094651	64	T	0	7
1315.094651	1315.200746	32	IY1	0	7
1315.200746	1315.310953	47	CH	0	7
1315.310953	1315.421713	66	V	0	7
1315.421713	1315.580746	4	AE1	0	7
1315.580746	1315.649275	56	L	0	7
1315.649275	1315.759262	68	Y	0	7
1315.759262	1315.893271	43	UW0	0	7
1315.893271	1316.048593	69	Z	0	7
1316.048593	1316.149731	50	F	0	7
1316.149731	1316.280746	22	ER1	0	7
1316.280746	1316.446825	62	S	0	7
1316.446825	1316.527735	64	T	0	7
1316.527735	1316.685764	6	AH0	0	7
1316.685764	1316.730746	46	B	0	7
1316.730746	1316.833679	1	AA1	0	7
1316.833679	1316.919646	56	L	0	7
1316.919646	1317.009407	29	IH2	0	7
1317.009407	1317.190746	63	SH	0	7
1317.190746	1317.343935	47	CH	0	7
1317.343935	1317.49185	32	IY1	0	7
1317.49185	1317.523456	64	T	0	7
1317.523456	1317.740746	27	IH0	0	7
1317.740746	1317.926634	59	NG	0	7
1329.50575	1329.529836	46	B	0	48
1329.529836	1329.683988	4	AE1	0	48
1329.683988	1329.809236	51	G	0	48
1329.809236	1329.891129	60	P	0	48
1329.891129	1330.040464	17	AY2	0	48
1330.040464	1330.057324	60	P	0	48
1330.057324	1330.149202	62	S	0	48
1330.149202	1330.254831	4	AE1	0	48
1330.254831	1330.319202	58	N	0	48
1330.319202	1330.399348	48	D	0	48
1330.399348	1330.429202	46	B	0	48
1330.429202	1330.559202	1	AA1	0	48
1330.559202	1330.666219	59	NG	0	48
1330.666219	1330.692713	51	G	0	48
1330.692713	1330.846865	36	OW2	0	48
1330.846865	1330.92635	69	Z	0	48
1330.92635	1331.017877	1	AA1	0	48
1331.017877	1331.089202	61	R	0	48
1331.089202	1331.189202	57	M	0	48
1331.189202	1331.249105	68	Y	0	48
1331.249105	1331.297277	44	UW1	0	48
1331.297277	1331.399202	69	Z	0	48
1331.399202	1331.465087	27	IH0	0	48
1331.465087	1331.499202	54	K	0	48
1331.499202	1331.615215	6	AH0	0	48
1331.615215	1331.655368	56	L	0	48
1331.655368	1331.746895	28	IH1	0	48
1331.746895	1331.799202	58	N	0	48
1331.799202	1331.919202	62	S	0	48
1331.919202	1331.969202	64	T	0	48
1331.969202	1331.999202	61	R	0	48
1331.999202	1332.029202	6	AH0	0	48
1332.029202	1332.10578	57	M	0	48
1332.10578	1332.239202	6	AH0	0	48
1332.239202	1332.308104	58	N	0	48
1332.308104	1332.327373	64	T	0	48
1332.327373	1332.569202	62	S	0	48
1342.590125	1342.62194	49	DH	0	31
1342.62194	1342.742106	6	AH0	0	31
1342.742106	1342.840319	64	T	0	31
1342.840319	1343.01743	44	UW1	0	31
1343.01743	1343.097356	1	AA1	0	31
1343.097356	1343.20743	61	R	0	31
1343.20743	1343.257097	64	T	0	31
1343.257097	1343.33743	6	AH0	0	31
1343.33743	1343.465142	62	S	0	31
1343.465142	1343.49844	64	T	0	31
1343.49844	1343.57743	27	IH0	0	31
1343.57743	1343.621286	54	K	0	31
1343.621286	1343.7449	62	S	0	31
1343.7449	1343.847797	47	CH	0	31
1343.847797	1344.08743	25	EY1	0	31
1344.08743	1344.160462	58	N	0	31
1344.160462	1344.259761	53	JH	0	31
1344.259761	1344.303654	48	D	0	31
1344.303654	1344.46743	10	AO1	0	31
1344.46743	1344.51743	64	T	0	31
1344.51743	1344.57743	6	AH0	0	31
1344.57743	1344.62743	51	G	0	31
1344.62743	1344.723074	61	R	0	31
1344.723074	1344.904254	5	AE2	0	31
1344.904254	1344.96743	50	F	0	31
1344.96743	1345.22743	62	S	0	31
1356.552563	1356.746146	63	SH	0	1
1356.746146	1356.836146	32	IY1	0	1
1356.836146	1356.951321	67	W	0	1
1356.951321	1357.111527	10	AO1	0	1
1357.111527	1357.374378	61	R	0	1
1357.374378	1357.492852	74	sp	0	1
1357.492852	1357.649988	67	W	0	1
1357.649988	1357.796146	10	AO1	0	1
1357.796146	1357.908403	61	R	0	1
1357.908403	1358.061927	57	M	0	1
1358.061927	1358.227854	50	F	0	1
1358.227854	1358.266146	56	L	0	1
1358.266146	1358.383284	32	IY1	0	1
1358.383284	1358.54372	62	S	0	1
1358.54372	1358.766146	31	IY0	0	1
1358.766146	1358.917376	67	W	0	1
1358.917376	1359.007965	41	UH1	0	1
1359.007965	1359.071853	56	L	0	1
1359.071853	1359.146146	6	AH0	0	1
1359.146146	1359.206306	58	N	0	1
1359.206306	1359.436146	35	OW1	0	1
1359.436146	1359.506146	66	V	0	1
1359.506146	1359.643767	21	ER0	0	1
1359.643767	1359.871669	11	AO2	0	1
1359.871669	1359.956146	56	L	0	1
1359.956146	1360.18719	69	Z	0	1
1373.345188	1373.408508	52	HH	0	30
1373.408508	1373.505702	21	ER0	0	30
1373.505702	1373.605702	67	W	0	30
1373.605702	1373.685702	10	AO1	0	30
1373.685702	1373.771103	61	R	0	30
1373.771103	1373.853852	48	D	0	30
1373.853852	1373.971362	61	R	0	30
1373.971362	1374.015702	36	OW2	0	30
1374.015702	1374.092967	46	B	0	30
1374.092967	1374.159886	54	K	0	30
1374.159886	1374.195702	6	AH0	0	30
1374.195702	1374.263502	58	N	0	30
1374.263502	1374.409727	62	S	0	30
1374.409727	1374.492588	28	IH1	0	30
1374.492588	1374.615702	62	S	0	30
1374.615702	1374.655821	64	T	0	30
1374.655821	1374.783183	6	AH0	0	30
1374.783183	1374.851652	48	D	0	30
1374.851652	1375.001518	7	AH1	0	30
1375.001518	1375.067872	66	V	0	30
1375.067872	1375.190197	35	OW1	0	30
1375.190197	1375.26575	58	N	0	30
1375.26575	1375.305702	56	L	0	30
1375.305702	1375.380513	31	IY0	0	30
1375.380513	1375.558243	62	S	0	30
1375.558243	1375.584867	54	K	0	30
1375.584867	1375.760445	22	ER1	0	30
1375.760445	1375.805702	64	T	0	30
1375.805702	1375.883687	62	S	0	30
1375.883687	1376.010329	4	AE1	0	30
1376.010329	1376.085702	58	N	0	30
1376.085702	1376.142008	48	D	0	30
1376.142008	1376.200515	46	B	0	30
1376.200515	1376.243688	56	L	0	30
1376.243688	1376.374648	13	AW1	0	30
1376.374648	1376.501904	62	S	0	30
1376.501904	1376.73548	6	AH0	0	30
1376.73548	1376.977251	69	Z	0	30
1389.574188	1389.70946	32	IY1	0	9
1389.70946	1389.784049	66	V	0	9
1389.784049	1389.890245	6	AH0	0	9
1389.890245	1389.920586	58	N	0	9
1389.920586	1390.084517	25	EY1	0	9
1390.084517	1390.269021	62	S	0	9
1390.269021	1390.310741	28	IH1	0	9
1390.310741	1390.406822	57	M	0	9
1390.406822	1390.42705	60	P	0	9
1390.42705	1390.504168	6	AH0	0	9
1390.504168	1390.544517	56	L	0	9
1390.544517	1390.586343	66	V	0	9
1390.586343	1390.754799	34	OW0	0	9
1390.754799	1390.814517	54	K	0	9
1390.814517	1390.974517	4	AE1	0	9
1390.974517	1391.044517	46	B	0	9
1391.044517	1391.112576	68	Y	0	9
1391.112576	1391.174517	6	AH0	0	9
1391.174517	1391.237013	56	L	0	9
1391.237013	1391.335676	20	EH2	0	9
1391.335676	1391.384517	61	R	0	9
1391.384517	1391.490348	31	IY0	0	9
1391.490348	1391.564517	54	K	0	9
1391.564517	1391.592937	6	AH0	0	9
1391.592937	1391.727092	58	N	0	9
1391.727092	1391.782332	64	T	0	9
1391.782332	1391.951208	25	EY1	0	9
1391.951208	1392.044517	58	N	0	9
1392.044517	1392.074517	69	Z	0	9
1392.074517	1392.215937	62	S	0	9
1392.215937	1392.284517	28	IH1	0	9
1392.284517	1392.394517	57	M	0	9
1392.394517	1392.434517	46	B	0	9
1392.434517	1392.519359	6	AH0	0	9
1392.519359	1392.684517	56	L	0	9
1392.684517	1392.906039	69	Z	0	9
1405.63775	1405.736273	19	EH1	0	44
1405.736273	1405.80125	66	V	0	44
1405.80125	1405.84906	61	R	0	44
1405.84906	1406.00562	31	IY0	0	44
1406.00562	1406.056273	54	K	0	44
1406.056273	1406.296273	4	AE1	0	44
1406.296273	1406.407014	46	B	0	44
1406.407014	1406.488908	58	N	0	44
1406.488908	1406.592478	32	IY1	0	44
1406.592478	1406.656273	48	D	0	44
1406.656273	1406.72977	69	Z	0	44
1406.72977	1406.847792	61	R	0	44
1406.847792	1407.00917	31	IY0	0	44
1407.00917	1407.074278	60	P	0	44
1407.074278	1407.186273	25	EY1	0	44
1407.186273	1407.287776	58	N	0	44
1407.287776	1407.338357	64	T	0	44
1407.338357	1407.426273	27	IH0	0	44
1407.426273	1407.547907	59	NG	0	44
1407.547907	1407.747822	10	AO1	0	44
1407.747822	1407.906791	50	F	0	44
1407.906791	1407.946273	64	T	0	44
1407.946273	1408.056273	6	AH0	0	44
1408.056273	1408.236273	58	N	0	44
1417.29525	1417.392714	47	CH	1	23
1417.392714	1417.50202	4	AE1	1	23
1417.50202	1417.626811	56	L	1	23
1417.626811	1417.672933	6	AH0	1	23
1417.672933	1417.732933	58	N	1	23
1417.732933	1417.901323	53	JH	1	23
1417.901323	1418.082933	32	IY1	1	23
1418.082933	1418.249507	47	CH	1	23
1418.249507	1418.40709	53	JH	1	23
1418.40709	1418.522933	19	EH1	1	23
1418.522933	1418.562933	58	N	1	23
1418.562933	1418.672933	21	ER0	1	23
1418.672933	1418.702933	6	AH0	1	23
1418.702933	1418.822933	56	L	1	23
1418.822933	1418.936704	69	Z	1	23
1418.936704	1418.992933	29	IH2	1	23
1418.992933	1419.113477	58	N	1	23
1419.113477	1419.173595	64	T	1	23
1419.173595	1419.292933	19	EH1	1	23
1419.292933	1419.327534	56	L	1	23
1419.327534	1419.41589	6	AH0	1	23
1419.41589	1419.491493	53	JH	1	23
1419.491493	1419.582933	6	AH0	1	23
1419.582933	1419.700916	58	N	1	23
1419.700916	1419.972933	62	S	1	23
