710.9240793	710.992	1	AA1	0	0
710.992	711.066188	61	R	0	0
711.066188	711.1191777	68	Y	0	0
711.1191777	711.2082966	41	UH1	0	0
711.2082966	711.2998242	61	R	0	0
711.2998242	711.3239104	51	G	0	0
711.3239104	711.412	61	R	0	0
711.412	711.6083841	25	EY1	0	0
711.6083841	711.6300617	48	D	0	0
711.6300617	711.672	69	Z	0	0
711.672	711.7432669	52	HH	0	0
711.7432669	711.8998273	16	AY1	0	0
711.8998273	712.0804739	21	ER0	0	0
712.0804739	712.212	10	AO1	0	0
712.212	712.3026195	61	R	0	0
712.3026195	712.412	56	L	0	0
712.412	712.552	35	OW1	0	0
712.552	712.6789362	21	ER0	0	0
712.6789362	712.7548878	49	DH	0	0
712.7548878	712.802	4	AE1	0	0
712.802	712.8656843	58	N	0	0
712.8656843	712.9343726	58	N	0	0
712.9343726	713.1161809	4	AE1	0	0
713.1161809	713.1861071	58	N	0	0
713.1861071	713.2946984	62	S	0	0
713.2946984	713.5256465	31	IY0	0	0
713.5256465	713.752	69	Z	0	0
728.3194528	728.521777	63	SH	0	1
728.521777	728.6882282	32	IY1	0	1
728.6882282	728.762	67	W	0	1
728.762	728.882	10	AO1	0	1
728.882	729.0302524	61	R	0	1
729.0302524	729.0808334	67	W	0	1
729.0808334	729.242	10	AO1	0	1
729.242	729.322	61	R	0	1
729.322	729.4084059	57	M	0	1
729.4084059	729.5579968	50	F	0	1
729.5579968	729.620621	56	L	0	1
729.620621	729.702	32	IY1	0	1
729.702	729.8538092	62	S	0	1
729.8538092	729.982	31	IY0	0	1
729.982	730.0854848	67	W	0	1
730.0854848	730.1914642	41	UH1	0	1
730.1914642	730.2396366	56	L	0	1
730.2396366	730.292	6	AH0	0	1
730.292	730.352	58	N	0	1
730.352	730.512	35	OW1	0	1
730.512	730.582	66	V	0	1
730.582	730.7128541	21	ER0	0	1
730.7128541	730.8691105	11	AO2	0	1
730.8691105	730.9850282	56	L	0	1
730.9850282	731.252	69	Z	0	1
744.4935156	744.6218909	61	R	0	2
744.6218909	744.7441519	32	IY1	0	2
744.7441519	744.7923243	48	D	0	2
744.7923243	744.895895	27	IH0	0	2
744.895895	744.9585192	59	NG	0	2
744.9585192	745.072	28	IH1	0	2
745.072	745.2186503	58	N	0	2
745.2186503	745.2909089	60	P	0	2
745.2909089	745.3864596	41	UH1	0	2
745.3864596	745.4418579	61	R	0	2
745.4418579	745.522	56	L	0	2
745.522	745.702	16	AY1	0	2
745.702	745.8392803	64	T	0	2
745.8392803	745.872	51	G	0	2
745.872	745.9886148	28	IH1	0	2
745.9886148	746.022	66	V	0	2
746.022	746.122	69	Z	0	2
746.122	746.212	68	Y	0	2
746.212	746.2824666	44	UW1	0	2
746.2824666	746.5161029	16	AY1	0	2
746.5161029	746.672	62	S	0	2
746.672	746.7368501	64	T	0	2
746.7368501	746.8231255	61	R	0	2
746.8231255	747.012	26	EY2	0	2
747.012	747.1433155	58	N	0	2
757.2780045	757.432	32	IY1	0	3
757.432	757.4899632	66	V	0	3
757.4899632	757.552	6	AH0	0	3
757.552	757.5887958	58	N	0	3
757.5887958	757.902	16	AY1	0	3
757.902	758.0367201	6	AH0	0	3
758.0367201	758.0945271	54	K	0	3
758.0945271	758.2631305	25	EY1	0	3
758.2631305	758.372	70	ZH	0	3
758.372	758.402	6	AH0	0	3
758.402	758.4568197	58	N	0	3
758.4568197	758.522	56	L	0	3
758.522	758.6687784	31	IY0	0	3
758.6687784	758.702	51	G	0	3
758.702	758.802	28	IH1	0	3
758.802	758.9005699	64	T	0	3
758.9005699	758.932	49	DH	0	3
758.932	758.972	6	AH0	0	3
758.972	759.0643561	57	M	0	3
759.0643561	759.1558837	7	AH1	0	3
759.1558837	759.2546372	58	N	0	3
759.2546372	759.2739061	48	D	0	3
759.2739061	759.4858648	26	EY2	0	3
759.4858648	759.5123596	46	B	0	3
759.5123596	759.5846183	56	L	0	3
759.5846183	759.8906035	44	UW1	0	3
759.8906035	760.162	69	Z	0	3
770.8855643	770.972	67	W	0	4
770.972	771.0373074	32	IY1	0	4
771.0373074	771.217954	21	ER0	0	4
771.217954	771.4347299	35	OW1	0	4
771.4347299	771.4491816	60	P	0	4
771.4491816	771.516623	6	AH0	0	4
771.516623	771.5985162	58	N	0	4
771.5985162	771.7887972	19	EH1	0	4
771.7887972	771.8658731	66	V	0	4
771.8658731	771.9092283	61	R	0	4
771.9092283	771.9814869	31	IY0	0	4
771.9814869	772.0706059	57	M	0	4
772.0706059	772.1621335	7	AH1	0	4
772.1621335	772.2488439	58	N	0	4
772.2488439	772.2729301	48	D	0	4
772.2729301	772.534983	26	EY2	0	4
772.534983	772.7035865	32	IY1	0	4
772.7035865	772.7565762	66	V	0	4
772.7565762	772.7878883	58	N	0	4
772.7878883	772.9564917	27	IH0	0	4
772.9564917	773.122	59	NG	0	4
785.2743887	785.3442387	28	IH1	0	5
785.3442387	785.402	64	T	0	5
785.402	785.492	62	S	0	5
785.492	785.5634232	58	N	0	5
785.5634232	785.702	1	AA1	0	5
785.702	785.7494509	64	T	0	5
785.7494509	785.9221615	32	IY1	0	5
785.9221615	786.0312596	69	Z	0	5
786.0312596	786.1950458	31	IY0	0	5
786.1950458	786.2697131	64	T	0	5
786.2697131	786.3631626	6	AH0	0	5
786.3631626	786.4378298	54	K	0	5
786.4378298	786.4932281	61	R	0	5
786.4932281	786.5582609	31	IY0	0	5
786.5582609	786.6160678	25	EY1	0	5
786.6160678	786.6546057	64	T	0	5
786.6546057	786.7404816	29	IH2	0	5
786.7404816	786.8063488	56	L	0	5
786.8063488	786.8665644	44	UW1	0	5
786.8665644	786.9629092	57	M	0	5
786.9629092	787.002	6	AH0	0	5
787.002	787.0496196	58	N	0	5
787.0496196	787.1891477	26	EY2	0	5
787.1891477	787.2206317	64	T	0	5
787.2206317	787.292	27	IH0	0	5
787.292	787.3754444	59	NG	0	5
787.3754444	787.5252456	27	IH0	0	5
787.5252456	787.5541491	51	G	0	5
787.5541491	787.6191819	69	Z	0	5
787.6191819	787.6938491	4	AE1	0	5
787.6938491	787.8937647	57	M	0	5
787.8937647	787.9154423	60	P	0	5
787.9154423	787.9756578	6	AH0	0	5
787.9756578	788.1033147	56	L	0	5
788.1033147	788.392	69	Z	0	5
797.170484	797.2728353	57	M	0	6
797.2728353	797.4053095	7	AH1	0	6
797.4053095	797.502	57	M	0	6
797.502	797.672	62	S	0	6
797.672	797.7224533	64	T	0	6
797.7224533	797.7658085	61	R	0	6
797.7658085	797.882	10	AO1	0	6
797.882	797.992	59	NG	0	6
797.992	798.032	56	L	0	6
798.032	798.1759715	31	IY0	0	6
798.1759715	798.202	48	D	0	6
798.202	798.2685072	29	IH2	0	6
798.2685072	798.4108425	62	S	0	6
798.4108425	798.4643086	56	L	0	6
798.4643086	798.562	16	AY1	0	6
798.562	798.6112345	54	K	0	6
798.6112345	798.6578326	62	S	0	6
798.6578326	798.9157766	4	AE1	0	6
798.9157766	798.9292496	60	P	0	6
798.9292496	799.0143535	6	AH0	0	6
799.0143535	799.062	64	T	0	6
799.062	799.2623527	17	AY2	0	6
799.2623527	799.3493887	69	Z	0	6
799.3493887	799.5482652	21	ER0	0	6
799.5482652	799.822	69	Z	0	6
810.4807778	810.5147714	49	DH	0	7
810.5147714	810.6689232	35	OW1	0	7
810.6689232	810.812	69	Z	0	7
810.812	810.842	52	HH	0	7
810.842	810.9820439	44	UW1	0	7
810.9820439	811.0827193	64	T	0	7
811.0827193	811.172	32	IY1	0	7
811.172	811.2665526	47	CH	0	7
811.2665526	811.3621193	66	V	0	7
811.3621193	811.502	4	AE1	0	7
811.502	811.5716694	56	L	0	7
811.5716694	811.6872832	68	Y	0	7
811.6872832	811.7812194	43	UW0	0	7
811.7812194	811.912	69	Z	0	7
811.912	811.9844149	50	F	0	7
811.9844149	812.0807598	22	ER1	0	7
812.0807598	812.172	62	S	0	7
812.172	812.2108253	64	T	0	7
812.2108253	812.3081218	6	AH0	0	7
812.3081218	812.402	46	B	0	7
812.402	812.512	1	AA1	0	7
812.512	812.5721185	56	L	0	7
812.5721185	812.6419685	29	IH2	0	7
812.6419685	812.8094703	63	SH	0	7
812.8094703	812.951579	47	CH	0	7
812.951579	813.0985048	32	IY1	0	7
813.0985048	813.162	64	T	0	7
813.162	813.2212935	27	IH0	0	7
813.2212935	813.422	59	NG	0	7
823.1885997	823.242	49	DH	0	8
823.242	823.292	6	AH0	0	8
823.292	823.4353614	50	F	0	8
823.4353614	823.472	61	R	0	8
823.472	823.6015563	16	AY1	0	8
823.6015563	823.616008	64	T	0	8
823.616008	823.635277	6	AH0	0	8
823.635277	823.722	58	N	0	8
823.722	823.7388477	48	D	0	8
823.7388477	823.8520529	47	CH	0	8
823.8520529	823.982	16	AY1	0	8
823.982	824.087611	56	L	0	8
824.087611	824.112	48	D	0	8
824.112	824.142	67	W	0	8
824.142	824.24658	7	AH1	0	8
824.24658	824.3830773	69	Z	0	8
824.3830773	824.4505186	53	JH	0	8
824.4505186	824.532	19	EH1	0	8
824.532	824.582	58	N	0	8
824.582	824.6167135	64	T	0	8
824.6167135	824.652	56	L	0	8
824.652	824.712	31	IY0	0	8
824.712	824.85919	62	S	0	8
824.85919	824.9289617	6	AH0	0	8
824.9289617	825.0302021	46	B	0	8
825.0302021	825.056697	48	D	0	8
825.056697	825.2445694	44	UW1	0	8
825.2445694	825.3288712	48	D	0	8
825.3288712	825.3529574	46	B	0	8
825.3529574	825.4991659	16	AY1	0	8
825.4991659	825.5529244	52	HH	0	8
825.5529244	825.6285846	28	IH1	0	8
825.6285846	825.7918512	69	Z	0	8
825.7918512	825.8037975	46	B	0	8
825.8037975	825.932	28	IH1	0	8
825.932	826.0228136	51	G	0	8
826.0228136	826.042	46	B	0	8
826.042	826.132	61	R	0	8
826.132	826.222	7	AH1	0	8
826.222	826.2662948	49	DH	0	8
826.2662948	826.532	21	ER0	0	8
836.2673925	836.4021533	32	IY1	0	9
836.4021533	836.4698492	66	V	0	9
836.4698492	836.5156435	6	AH0	0	9
836.5156435	836.5534735	58	N	0	9
836.5534735	836.6470531	6	AH0	0	9
836.6470531	836.810786	62	S	0	9
836.810786	836.846625	28	IH1	0	9
836.846625	836.9421957	57	M	0	9
836.9421957	836.9601152	60	P	0	9
836.9601152	836.992	6	AH0	0	9
836.992	837.0611508	56	L	0	9
837.0611508	837.1248646	66	V	0	9
837.1248646	837.2642385	34	OW0	0	9
837.2642385	837.316006	54	K	0	9
837.316006	837.529049	4	AE1	0	9
837.529049	837.566879	46	B	0	9
837.566879	837.642	68	Y	0	9
837.642	837.7122261	6	AH0	0	9
837.7122261	837.792	56	L	0	9
837.792	837.8749425	20	EH2	0	9
837.8749425	837.922	61	R	0	9
837.922	838.0163074	31	IY0	0	9
838.0163074	838.0800212	54	K	0	9
838.0800212	838.0979407	6	AH0	0	9
838.0979407	838.2034667	58	N	0	9
838.2034667	838.2711626	64	T	0	9
838.2711626	838.4025723	25	EY1	0	9
838.4025723	838.492	58	N	0	9
838.492	838.542	69	Z	0	9
838.542	838.6474722	62	S	0	9
838.6474722	838.7310965	28	IH1	0	9
838.7310965	838.8306493	57	M	0	9
838.8306493	838.852	46	B	0	9
838.852	838.882	6	AH0	0	9
838.882	839.069576	56	L	0	9
839.069576	839.352	69	Z	0	9
849.9360114	849.9863107	49	DH	0	10
849.9863107	850.0818814	6	AH0	0	10
850.0818814	850.1515684	54	K	0	10
850.1515684	850.2013448	61	R	0	10
850.2013448	850.3147432	4	AE1	0	10
850.3147432	850.3841405	46	B	0	10
850.3841405	850.5188675	47	CH	0	10
850.5188675	850.622	4	AE1	0	10
850.622	850.712	56	L	0	10
850.712	850.772	6	AH0	0	10
850.772	850.8203732	58	N	0	10
850.8203732	850.9617381	53	JH	0	10
850.9617381	851.012	48	D	0	10
851.012	851.0772194	57	M	0	10
851.0772194	851.2926777	32	IY1	0	10
851.2926777	851.312	46	B	0	10
851.312	851.372	7	AH1	0	10
851.372	851.3902395	64	T	0	10
851.3902395	851.5554971	6	AH0	0	10
851.5554971	851.6431036	54	K	0	10
851.6431036	851.6729694	67	W	0	10
851.6729694	851.7705312	28	IH1	0	10
851.7705312	851.800397	54	K	0	10
851.800397	851.977601	62	S	0	10
851.977601	852.0014937	64	T	0	10
852.0014937	852.162	4	AE1	0	10
852.162	852.2947513	46	B	0	10
852.2947513	852.3266081	66	V	0	10
852.3266081	852.3962951	4	AE1	0	10
852.3962951	852.5675259	59	NG	0	10
852.5675259	852.5954007	54	K	0	10
852.5954007	852.6252665	67	W	0	10
852.6252665	852.6830072	27	IH0	0	10
852.6830072	852.8124258	63	SH	0	10
852.8124258	852.856229	64	T	0	10
852.856229	852.882	52	HH	0	10
852.882	853.002	28	IH1	0	10
853.002	853.152	57	M	0	10
863.371715	863.3826846	51	G	0	11
863.3826846	863.3880115	56	L	0	11
863.3880115	863.5273854	44	UW1	0	11
863.5273854	863.5729724	54	K	0	11
863.5729724	863.7085715	36	OW2	0	11
863.7085715	863.8220617	62	S	0	11
863.8220617	863.9017039	4	AE1	0	11
863.9017039	863.939534	58	N	0	11
863.939534	863.9634267	48	D	0	11
863.9634267	864.1225211	50	F	0	11
864.1225211	864.152	61	R	0	11
864.152	864.2380024	44	UW1	0	11
864.2380024	864.3156535	54	K	0	11
864.3156535	864.3853405	64	T	0	11
864.3853405	864.5665266	36	OW2	0	11
864.5665266	864.7198379	62	S	0	11
864.7198379	864.8930598	21	ER0	0	11
864.8930598	864.9428362	49	DH	0	11
864.9428362	864.9906215	7	AH1	0	11
864.9906215	865.282	58	N	0	11
865.282	865.6156461	74	sp	0	11
865.6156461	865.6616295	58	N	0	11
865.6616295	865.8029945	4	AE1	0	11
865.8029945	865.9443595	47	CH	0	11
865.9443595	865.9961269	21	ER0	0	11
865.9961269	866.022	6	AH0	0	11
866.022	866.0319659	56	L	0	11
866.0319659	866.1912504	63	SH	0	11
866.1912504	866.292	41	UH1	0	11
866.292	866.3388007	51	G	0	11
866.3388007	866.5179957	21	ER0	0	11
866.5179957	866.642	69	Z	0	11
866.642	866.7161909	50	F	0	11
866.7161909	866.896979	13	AW1	0	11
866.896979	866.9471534	58	N	0	11
866.9471534	866.9630818	48	D	0	11
866.9630818	867.032	28	IH1	0	11
867.032	867.122	58	N	0	11
867.122	867.2497939	50	F	0	11
867.2497939	867.325454	61	R	0	11
867.325454	867.5325238	44	UW1	0	11
867.5325238	867.574336	64	T	0	11
877.4181877	877.472	1	AA1	0	12
877.472	877.5396421	61	R	0	12
877.5396421	877.6172932	68	Y	0	12
877.6172932	877.7262224	44	UW1	0	12
877.7262224	877.7964883	56	L	0	12
877.7964883	877.927898	41	UH1	0	12
877.927898	877.9756833	54	K	0	12
877.9756833	878.0453703	27	IH0	0	12
878.0453703	878.1290473	59	NG	0	12
878.1290473	878.2365116	50	F	0	12
878.2365116	878.3132524	10	AO1	0	12
878.3132524	878.406832	61	R	0	12
878.406832	878.442	6	AH0	0	12
878.442	878.5860271	57	M	0	12
878.5860271	878.622	60	P	0	12
878.622	878.689562	56	L	0	12
878.689562	878.8309269	38	OY1	0	12
878.8309269	878.9105692	57	M	0	12
878.9105692	879.0507708	6	AH0	0	12
879.0507708	879.112	58	N	0	12
879.112	879.142	64	T	0	12
889.8747664	889.912	54	K	0	13
889.912	890.0723518	1	AA1	0	13
890.0723518	890.1832872	50	F	0	13
890.1832872	890.2973411	31	IY0	0	13
890.2973411	890.422	28	IH1	0	13
890.422	890.5727853	69	Z	0	13
890.5727853	890.6046422	51	G	0	13
890.6046422	890.7022039	61	R	0	13
890.7022039	890.802	35	OW1	0	13
890.802	890.8316226	58	N	0	13
890.8316226	890.992	1	AA1	0	13
890.992	891.042	58	N	0	13
891.042	891.2163627	62	S	0	13
891.2163627	891.2561838	64	T	0	13
891.2561838	891.407504	32	IY1	0	13
891.407504	891.5209942	60	P	0	13
891.5209942	891.5857886	53	JH	0	13
891.5857886	891.702	7	AH1	0	13
891.702	891.7649837	59	NG	0	13
891.7649837	891.782	51	G	0	13
891.782	891.8505991	6	AH0	0	13
891.8505991	891.892	56	L	0	13
891.892	891.9302413	56	L	0	13
891.9302413	892.133329	16	AY1	0	13
892.133329	892.152	54	K	0	13
892.152	892.3327812	62	S	0	13
892.3327812	892.3992201	56	L	0	13
892.3992201	892.6062899	35	OW1	0	13
892.6062899	892.6281915	60	P	0	13
892.6281915	892.7277023	62	S	0	13
892.7277023	892.8113267	28	IH1	0	13
892.8113267	892.9427364	58	N	0	13
892.9427364	893.0124233	64	T	0	13
893.0124233	893.0641908	19	EH1	0	13
893.0641908	893.179672	57	M	0	13
893.179672	893.1975915	60	P	0	13
893.1975915	893.2314395	61	R	0	13
893.2314395	893.3528939	6	AH0	0	13
893.3528939	893.392	64	T	0	13
893.392	893.452	69	Z	0	13
893.452	893.702	35	OW1	0	13
893.702	893.812	58	N	0	13
893.812	894.042	69	Z	0	13
905.652	905.7101601	74	sp	0	14
905.7101601	905.7622223	67	W	0	14
905.7622223	905.852	32	IY1	0	14
905.852	905.912	67	W	0	14
905.912	905.9951759	19	EH1	0	14
905.9951759	906.0628718	56	L	0	14
906.0628718	906.092	54	K	0	14
906.092	906.1325587	6	AH0	0	14
906.1325587	906.1664067	57	M	0	14
906.1664067	906.2410753	57	M	0	14
906.2410753	906.302	19	EH1	0	14
906.302	906.3515749	58	N	0	14
906.3515749	906.432	31	IY0	0	14
906.432	906.4829846	58	N	0	14
906.4829846	906.532761	68	Y	0	14
906.532761	906.5962847	44	UW1	0	14
906.5962847	906.7531119	62	S	0	14
906.7531119	906.792	64	T	0	14
906.792	906.912	44	UW1	0	14
906.912	906.942	48	D	0	14
906.942	907.0104244	6	AH0	0	14
907.0104244	907.0741382	58	N	0	14
907.0741382	907.1000219	64	T	0	14
907.1000219	907.2075389	62	S	0	14
907.2075389	907.352886	32	IY1	0	14
907.352886	907.4663762	47	CH	0	14
907.4663762	907.56792	68	Y	0	14
907.56792	907.6455712	28	IH1	0	14
907.6455712	907.842	61	R	0	14
918.7392785	918.832	35	OW1	0	15
918.832	918.8694469	58	N	0	15
918.8694469	918.9125837	56	L	0	15
918.9125837	919.0220918	31	IY0	0	15
919.0220918	919.0380202	49	DH	0	15
919.0380202	919.1674389	6	AH0	0	15
919.1674389	919.192	46	B	0	15
919.192	919.3167681	19	EH1	0	15
919.3167681	919.463343	62	S	0	15
919.463343	919.5079094	64	T	0	15
919.5079094	919.5477306	74	sp	0	15
919.5477306	919.6053231	60	P	0	15
919.6053231	919.672	56	L	0	15
919.672	919.7845182	25	EY1	0	15
919.7845182	919.872	21	ER0	0	15
919.872	919.9630569	69	Z	0	15
919.9630569	920.038717	6	AH0	0	15
920.038717	920.1263235	58	N	0	15
920.1263235	920.2126593	53	JH	0	15
920.2126593	920.4681124	38	OY1	0	15
920.4681124	920.5141021	60	P	0	15
920.5141021	920.7084322	2	AA2	0	15
920.7084322	920.7283428	60	P	0	15
920.7283428	920.7761281	68	Y	0	15
920.7761281	920.8179403	6	AH0	0	15
920.8179403	920.8896183	56	L	0	15
920.8896183	921.039774	19	EH1	0	15
921.039774	921.082	61	R	0	15
921.082	921.137769	6	AH0	0	15
921.137769	921.1612284	64	T	0	15
921.1612284	921.372	31	IY0	0	15
932.2746152	932.3273534	54	K	0	16
932.3273534	932.4169509	4	AE1	0	16
932.4169509	932.4715141	56	L	0	16
932.4715141	932.6145416	62	S	0	16
932.6145416	932.6598597	31	IY0	0	16
932.6598597	932.7096361	6	AH0	0	16
932.7096361	932.782	57	M	0	16
932.782	932.8191442	57	M	0	16
932.8191442	932.9704645	25	EY1	0	16
932.9704645	933.012	54	K	0	16
933.012	933.1397042	62	S	0	16
933.1397042	933.2762626	74	sp	0	16
933.2762626	933.2950066	46	B	0	16
933.2950066	933.542	35	OW1	0	16
933.542	933.622	58	N	0	16
933.622	933.732	69	Z	0	16
933.732	933.852	4	AE1	0	16
933.852	933.942	58	N	0	16
933.942	934.0134397	48	D	0	16
934.0134397	934.1070193	64	T	0	16
934.1070193	934.232	32	IY1	0	16
934.232	934.3041339	65	TH	0	16
934.3041339	934.492	62	S	0	16
934.492	934.5445014	64	T	0	16
934.5445014	934.6281258	61	R	0	16
934.6281258	934.932	10	AO1	0	16
934.932	935.092	59	NG	0	16
945.4484633	945.5042129	58	N	0	17
945.5042129	945.5896474	7	AH1	0	17
945.5896474	945.6893811	65	TH	0	17
945.6893811	945.8247729	27	IH0	0	17
945.8247729	945.9382631	59	NG	0	17
945.9382631	946.2409036	28	IH1	0	17
946.2409036	946.3933044	69	Z	0	17
946.3933044	946.6322312	19	EH1	0	17
946.6322312	946.7556766	69	Z	0	17
946.7556766	946.822	6	AH0	0	17
946.822	946.9404427	50	F	0	17
946.9404427	947.032	19	EH1	0	17
947.032	947.092	58	N	0	17
947.092	947.2222622	62	S	0	17
947.2222622	947.3437166	27	IH0	0	17
947.3437166	947.4106258	66	V	0	17
947.4106258	947.6364018	19	EH1	0	17
947.6364018	947.772	69	Z	0	17
947.772	947.8536391	28	IH1	0	17
947.8536391	947.9093886	58	N	0	17
947.9093886	947.9890309	6	AH0	0	17
947.9890309	948.1284048	62	S	0	17
948.1284048	948.252	6	AH0	0	17
948.252	948.3394567	58	N	0	17
948.3394567	948.642	62	S	0	17
956.4194007	956.572	62	S	0	18
956.572	956.612	64	T	0	18
956.612	956.806884	32	IY1	0	18
956.806884	956.8972541	66	V	0	18
956.8972541	956.9330931	67	W	0	18
956.9330931	957.032	10	AO1	0	18
957.032	957.1564096	61	R	0	18
957.1564096	957.4052916	25	EY1	0	18
957.4052916	957.4291843	46	B	0	18
957.4291843	957.502	61	R	0	18
957.502	957.668111	16	AY1	0	18
957.668111	957.6800573	64	T	0	18
957.6800573	957.7901938	61	R	0	18
957.7901938	957.9840326	19	EH1	0	18
957.9840326	958.0557106	48	D	0	18
958.0557106	958.1057883	54	K	0	18
958.1057883	958.3026015	4	AE1	0	18
958.3026015	958.3970077	70	ZH	0	18
958.3970077	958.4766499	57	M	0	18
958.4766499	958.542	27	IH0	0	18
958.542	958.6279701	61	R	0	18
958.6279701	958.7878721	62	S	0	18
958.7878721	958.8330489	67	W	0	18
958.8330489	958.9545033	19	EH1	0	18
958.9545033	958.9843692	64	T	0	18
958.9843692	959.232	21	ER0	0	18
969.4707821	969.5147749	46	B	0	19
969.5147749	969.5824708	1	AA1	0	19
969.5824708	969.7079073	61	R	0	19
969.7079073	969.7278179	46	B	0	19
969.7278179	969.8672687	69	Z	0	19
969.8672687	969.899663	51	G	0	19
969.899663	969.9694561	35	OW1	0	19
969.9694561	970.072	56	L	0	19
970.072	970.1685617	48	D	0	19
970.1685617	970.1944454	46	B	0	19
970.1944454	970.2517838	61	R	0	19
970.2517838	970.362	25	EY1	0	19
970.362	970.5345138	62	S	0	19
970.5345138	970.5862812	56	L	0	19
970.5862812	970.682	6	AH0	0	19
970.682	970.712	64	T	0	19
970.712	970.7449094	67	W	0	19
970.7449094	970.8126053	7	AH1	0	19
970.8126053	970.8962297	69	Z	0	19
970.8962297	970.9878182	6	AH0	0	19
970.9878182	971.0057377	51	G	0	19
971.0057377	971.0654694	61	R	0	19
971.0654694	971.1789596	5	AE2	0	19
971.1789596	971.2426734	53	JH	0	19
971.2426734	971.3103693	43	UW0	0	19
971.3103693	971.4358058	25	EY1	0	19
971.4358058	971.5664112	63	SH	0	19
971.5664112	971.612	6	AH0	0	19
971.612	971.6893714	58	N	0	19
971.6893714	971.7603694	60	P	0	19
971.7603694	971.782	61	R	0	19
971.782	971.8849801	19	EH1	0	19
971.8849801	971.9984703	69	Z	0	19
971.9984703	972.1239068	6	AH0	0	19
972.1239068	972.172	58	N	0	19
972.172	972.2592986	64	T	0	19
985.4933647	985.5440565	48	D	0	20
985.5440565	985.6145488	61	R	0	20
985.6145488	985.7479495	10	AO1	0	20
985.7479495	985.8566987	19	EH1	0	20
985.8566987	985.9395572	66	V	0	20
985.9395572	985.9873425	61	R	0	20
985.9873425	986.092	31	IY0	0	20
986.092	986.2668811	13	AW1	0	20
986.2668811	986.2939652	64	T	0	20
986.2939652	986.4413033	21	ER0	0	20
986.4413033	986.522	56	L	0	20
986.522	986.6762479	16	AY1	0	20
986.6762479	986.7797408	58	N	0	20
986.7797408	986.8952221	50	F	0	20
986.8952221	987.0823813	22	ER1	0	20
987.0823813	987.2393787	62	S	0	20
987.2393787	987.3628241	64	T	0	20
987.3628241	987.4250479	49	DH	0	20
987.4250479	987.492	19	EH1	0	20
987.492	987.6044541	58	N	0	20
987.6044541	987.7342412	50	F	0	20
987.7342412	987.8238387	28	IH1	0	20
987.8238387	987.8775972	56	L	0	20
987.8775972	987.9592305	6	AH0	0	20
987.9592305	988.0528101	58	N	0	20
988.0528101	988.0786938	49	DH	0	20
988.0786938	988.182	31	IY0	0	20
988.182	988.232	29	IH2	0	20
988.232	988.3295669	58	N	0	20
988.3295669	988.4291197	64	T	0	20
988.4291197	988.522	28	IH1	0	20
988.522	988.6164058	61	R	0	20
988.6164058	988.742	31	IY0	0	20
988.742	988.982	21	ER0	0	20
999.5180104	999.5431592	49	DH	0	21
999.5431592	999.617017	7	AH1	0	21
999.617017	999.7007583	67	W	0	21
999.7007583	999.811413	10	AO1	0	21
999.811413	999.831532	64	T	0	21
999.831532	999.9740419	21	ER0	0	21
999.9740419	1000.042	54	K	0	21
1000.042	1000.074637	6	AH0	0	21
1000.074637	1000.16182	58	N	0	21
1000.16182	1000.232	64	T	0	21
1000.232	1000.352	25	EY1	0	21
1000.352	1000.422	58	N	0	21
1000.422	1000.452	48	D	0	21
1000.452	1000.562578	64	T	0	21
1000.562578	1000.614552	44	UW1	0	21
1000.614552	1000.672	57	M	0	21
1000.672	1000.755385	7	AH1	0	21
1000.755385	1000.884661	47	CH	0	21
1000.884661	1000.981637	54	K	0	21
1000.981637	1001.022141	56	L	0	21
1001.022141	1001.164651	10	AO1	0	21
1001.164651	1001.246804	61	R	0	21
1001.246804	1001.394343	31	IY0	0	21
1001.394343	1001.456377	58	N	0	21
1001.456377	1001.552	4	AE1	0	21
1001.552	1001.614548	58	N	0	21
1001.614548	1001.636343	48	D	0	21
1001.636343	1001.778853	62	S	0	21
1001.778853	1001.802	64	T	0	21
1001.802	1001.902	7	AH1	0	21
1001.902	1001.97669	59	NG	0	21
1001.97669	1002.062196	52	HH	0	21
1002.062196	1002.122	28	IH1	0	21
1002.122	1002.18794	69	Z	0	21
1002.18794	1002.540023	16	AY1	0	21
1002.540023	1002.812	69	Z	0	21
1013.166239	1013.238332	53	JH	0	22
1013.238332	1013.456288	1	AA1	0	22
1013.456288	1013.516645	58	N	0	22
1013.516645	1013.645742	69	Z	0	22
1013.645742	1013.664185	46	B	0	22
1013.664185	1013.722	61	R	0	22
1013.722	1013.802	7	AH1	0	22
1013.802	1013.830167	49	DH	0	22
1013.830167	1014.03876	21	ER0	0	22
1014.03876	1014.110853	61	R	0	22
1014.110853	1014.258392	31	IY0	0	22
1014.258392	1014.327133	60	P	0	22
1014.327133	1014.437752	25	EY1	0	22
1014.437752	1014.516552	58	N	0	22
1014.516552	1014.570202	64	T	0	22
1014.570202	1014.632	6	AH0	0	22
1014.632	1014.682534	48	D	0	22
1014.682534	1014.702	49	DH	0	22
1014.702	1014.794865	6	AH0	0	22
1014.794865	1014.822	51	G	0	22
1014.822	1014.942404	21	ER0	0	22
1014.942404	1015.089944	1	AA1	0	22
1015.089944	1015.247508	70	ZH	0	22
1015.247508	1015.272	48	D	0	22
1015.272	1015.442	10	AO1	0	22
1015.442	1015.642	61	R	0	22
1026.741732	1026.832268	47	CH	0	23
1026.832268	1026.972	4	AE1	0	23
1026.972	1027.038488	56	L	0	23
1027.038488	1027.112258	6	AH0	0	23
1027.112258	1027.172615	58	N	0	23
1027.172615	1027.296682	53	JH	0	23
1027.296682	1027.476077	32	IY1	0	23
1027.476077	1027.669152	47	CH	0	23
1027.669152	1027.752982	53	JH	0	23
1027.752982	1027.852	19	EH1	0	23
1027.852	1027.892	58	N	0	23
1027.892	1027.987365	21	ER0	0	23
1027.987365	1028.066165	6	AH0	0	23
1028.066165	1028.139935	56	L	0	23
1028.139935	1028.252266	69	Z	0	23
1028.252266	1028.321006	29	IH2	0	23
1028.321006	1028.413218	58	N	0	23
1028.413218	1028.452	64	T	0	23
1028.452	1028.567464	19	EH1	0	23
1028.567464	1028.64794	56	L	0	23
1028.64794	1028.72674	6	AH0	0	23
1028.72674	1028.80233	53	JH	0	23
1028.80233	1028.932	6	AH0	0	23
1028.932	1029.021963	58	N	0	23
1029.021963	1029.312	62	S	0	23
1040.582036	1040.741188	5	AE2	0	24
1040.741188	1040.791485	57	M	0	24
1040.791485	1040.804898	46	B	0	24
1040.804898	1040.895433	6	AH0	0	24
1040.895433	1040.92192	48	D	0	24
1040.92192	1041.039281	19	EH1	0	24
1041.039281	1041.081196	54	K	0	24
1041.081196	1041.172	62	S	0	24
1041.172	1041.227059	64	T	0	24
1041.227059	1041.252	61	R	0	24
1041.252	1041.28574	6	AH0	0	24
1041.28574	1041.429926	62	S	0	24
1041.429926	1041.481044	60	P	0	24
1041.481044	1041.562	28	IH1	0	24
1041.562	1041.660439	54	K	0	24
1041.660439	1041.700677	60	P	0	24
1041.700677	1041.864858	2	AA2	0	24
1041.864858	1041.901743	54	K	0	24
1041.901743	1042.010721	6	AH0	0	24
1042.010721	1042.02581	64	T	0	24
1042.02581	1042.068118	62	S	0	24
1042.068118	1042.202245	6	AH0	0	24
1042.202245	1042.272	54	K	0	24
1042.272	1042.382	1	AA1	0	24
1042.382	1042.458762	57	M	0	24
1042.458762	1042.488941	60	P	0	24
1042.488941	1042.532532	56	L	0	24
1042.532532	1042.584506	27	IH0	0	24
1042.584506	1042.735399	63	SH	0	24
1042.735399	1042.787373	57	M	0	24
1042.787373	1043.005329	10	AO1	0	24
1043.005329	1043.152	61	R	0	24
1056.022229	1056.086836	6	AH0	0	25
1056.086836	1056.167312	57	M	0	25
1056.167312	1056.262878	7	AH1	0	25
1056.262878	1056.415447	62	S	0	25
1056.415447	1056.455685	54	K	0	25
1056.455685	1056.502	68	Y	0	25
1056.502	1056.532	6	AH0	0	25
1056.532	1056.562	56	L	0	25
1056.562	1056.692	21	ER0	0	25
1056.692	1056.925612	4	AE1	0	25
1056.925612	1056.984292	46	B	0	25
1056.984292	1057.0195	48	D	0	25
1057.0195	1057.076504	6	AH0	0	25
1057.076504	1057.123449	57	M	0	25
1057.123449	1057.252	6	AH0	0	25
1057.252	1057.321768	58	N	0	25
1057.321768	1057.439129	28	IH1	0	25
1057.439129	1057.601758	69	Z	0	25
1057.601758	1057.632	51	G	0	25
1057.632	1057.725825	41	UH1	0	25
1057.725825	1057.742	48	D	0	25
1057.742	1057.861629	50	F	0	25
1057.861629	1057.882	61	R	0	25
1057.882	1057.922	21	ER0	0	25
1057.922	1057.972284	68	Y	0	25
1057.972284	1058.017551	41	UH1	0	25
1058.017551	1058.141619	61	R	0	25
1058.141619	1058.163414	46	B	0	25
1058.163414	1058.502567	4	AE1	0	25
1058.502567	1058.614161	54	K	0	25
1068.875915	1068.906081	49	DH	0	26
1068.906081	1069.003502	25	EY1	0	26
1069.003502	1069.201339	35	OW1	0	26
1069.201339	1069.253313	58	N	0	26
1069.253313	1069.467916	25	EY1	0	26
1069.467916	1069.494741	46	B	0	26
1069.494741	1069.643957	28	IH1	0	26
1069.643957	1069.670783	51	G	0	26
1069.670783	1069.749333	52	HH	0	26
1069.749333	1069.985732	13	AW1	0	26
1069.985732	1070.194111	62	S	0	26
1070.194111	1070.350033	28	IH1	0	26
1070.350033	1070.440569	58	N	0	26
1070.440569	1070.459011	49	DH	0	26
1070.459011	1070.534458	6	AH0	0	26
1070.534458	1070.581402	61	R	0	26
1070.581402	1070.632	6	AH0	0	26
1070.632	1070.702385	57	M	0	26
1070.702385	1070.859984	35	OW1	0	26
1070.859984	1070.933753	64	T	0	26
1070.933753	1070.972	54	K	0	26
1070.972	1071.052	7	AH1	0	26
1071.052	1071.108118	58	N	0	26
1071.108118	1071.217097	64	T	0	26
1071.217097	1071.242245	61	R	0	26
1071.242245	1071.305956	31	IY0	0	26
1071.305956	1071.436729	62	S	0	26
1071.436729	1071.746898	17	AY2	0	26
1071.746898	1071.852523	48	D	0	26
1082.319336	1082.3358	49	DH	0	27
1082.3358	1082.463221	7	AH1	0	27
1082.463221	1082.553757	61	R	0	27
1082.553757	1082.714584	35	OW1	0	27
1082.714584	1082.86883	69	Z	0	27
1082.86883	1082.922	54	K	0	27
1082.922	1083.004634	9	AO0	0	27
1083.004634	1083.062189	61	R	0	27
1083.062189	1083.202471	62	S	0	27
1083.202471	1083.485654	1	AA1	0	27
1083.485654	1083.552	70	ZH	0	27
1083.552	1083.710317	62	S	0	27
1083.710317	1083.780733	57	M	0	27
1083.780733	1083.859533	19	EH1	0	27
1083.859533	1084.013779	56	L	0	27
1084.013779	1084.032	48	D	0	27
1084.032	1084.19988	62	S	0	27
1084.19988	1084.298798	67	W	0	27
1084.298798	1084.567052	32	IY1	0	27
1084.567052	1084.732	64	T	0	27
1095.276455	1095.294897	49	DH	0	28
1095.294897	1095.377239	4	AE1	0	28
1095.377239	1095.528032	64	T	0	28
1095.528032	1095.546385	60	P	0	28
1095.546385	1095.622	28	IH1	0	28
1095.622	1095.734261	54	K	0	28
1095.734261	1095.777754	60	P	0	28
1095.777754	1095.930075	2	AA2	0	28
1095.930075	1095.970313	54	K	0	28
1095.970313	1096.052	6	AH0	0	28
1096.052	1096.119529	64	T	0	28
1096.119529	1096.171503	67	W	0	28
1096.171503	1096.208388	7	AH1	0	28
1096.208388	1096.320719	69	Z	0	28
1096.320719	1096.376744	54	K	0	28
1096.376744	1096.492	1	AA1	0	28
1096.492	1096.56065	64	T	0	28
1096.56065	1096.631066	61	R	0	28
1096.631066	1096.745074	19	EH1	0	28
1096.745074	1096.788665	48	D	0	28
1096.788665	1096.842316	52	HH	0	28
1096.842316	1097.02271	4	AE1	0	28
1097.02271	1097.088097	58	N	0	28
1097.088097	1097.104863	48	D	0	28
1097.104863	1097.239824	6	AH0	0	28
1097.239824	1097.362	48	D	0	28
1113.054647	1113.080853	6	AH0	0	29
1113.080853	1113.107679	58	N	0	29
1113.107679	1113.214786	6	AH0	0	29
1113.214786	1113.262	48	D	0	29
1113.262	1113.34654	7	AH1	0	29
1113.34654	1113.41528	56	L	0	29
1113.41528	1113.443782	64	T	0	29
1113.443782	1113.505815	57	M	0	29
1113.505815	1113.61647	25	EY1	0	29
1113.61647	1113.760656	56	L	0	29
1113.760656	1113.779099	46	B	0	29
1113.779099	1113.907908	3	AE0	0	29
1113.907908	1114.002085	46	B	0	29
1114.002085	1114.184833	44	UW1	0	29
1114.184833	1114.24519	58	N	0	29
1114.24519	1114.3816	69	Z	0	29
1114.3816	1114.471887	64	T	0	29
1114.471887	1114.579895	32	IY1	0	29
1114.579895	1114.641222	65	TH	0	29
1114.641222	1114.751876	1	AA1	0	29
1114.751876	1114.81894	61	R	0	29
1114.81894	1114.88265	58	N	0	29
1114.88265	1115.072104	1	AA1	0	29
1115.072104	1115.0939	64	T	0	29
1115.0939	1115.243979	62	S	0	29
1115.243979	1115.344622	44	UW1	0	29
1115.344622	1115.358034	64	T	0	29
1115.358034	1115.432	6	AH0	0	29
1115.432	1115.472	46	B	0	29
1115.472	1115.533309	6	AH0	0	29
1115.533309	1115.657377	56	L	0	29
1115.657377	1115.762	50	F	0	29
1115.762	1115.792	61	R	0	29
1115.792	1115.857587	21	ER0	0	29
1115.857587	1116.031952	32	IY1	0	29
1116.031952	1116.068836	64	T	0	29
1116.068836	1116.134223	27	IH0	0	29
1116.134223	1116.196257	59	NG	0	29
1116.196257	1116.345866	63	SH	0	29
1116.345866	1116.442	19	EH1	0	29
1116.442	1116.496759	56	L	0	29
1116.496759	1116.60406	50	F	0	29
1116.60406	1116.776749	29	IH2	0	29
1116.776749	1117.092	63	SH	0	29
1129.848321	1129.974974	52	HH	0	30
1129.974974	1130.037775	21	ER0	0	30
1130.037775	1130.136694	67	W	0	30
1130.136694	1130.225553	10	AO1	0	30
1130.225553	1130.297646	61	R	0	30
1130.297646	1130.386505	48	D	0	30
1130.386505	1130.435126	61	R	0	30
1130.435126	1130.567024	36	OW2	0	30
1130.567024	1130.622	46	B	0	30
1130.622	1130.670972	54	K	0	30
1130.670972	1130.71624	6	AH0	0	30
1130.71624	1130.769891	58	N	0	30
1130.769891	1130.901948	62	S	0	30
1130.901948	1130.962	28	IH1	0	30
1130.962	1131.126023	62	S	0	30
1131.126023	1131.154525	64	T	0	30
1131.154525	1131.417928	6	AH0	0	30
1131.417928	1131.629178	48	D	0	30
1131.629178	1132.169038	74	sp	0	30
1132.169038	1132.338374	6	AH0	0	30
1132.338374	1132.412073	66	V	0	30
1132.412073	1132.547532	35	OW1	0	30
1132.547532	1132.632	58	N	0	30
1132.632	1132.662	56	L	0	30
1132.662	1132.742	31	IY0	0	30
1132.742	1132.900352	62	S	0	30
1132.900352	1132.932208	54	K	0	30
1132.932208	1133.049569	22	ER1	0	30
1133.049569	1133.121662	64	T	0	30
1133.121662	1133.232071	62	S	0	30
1133.232071	1133.362538	4	AE1	0	30
1133.362538	1133.432	58	N	0	30
1133.432	1133.481575	48	D	0	30
1133.481575	1133.525939	46	B	0	30
1133.525939	1133.564704	56	L	0	30
1133.564704	1133.704561	13	AW1	0	30
1133.704561	1133.836459	62	S	0	30
1133.836459	1133.999088	6	AH0	0	30
1133.999088	1134.272	69	Z	0	30
1145.464498	1145.512	49	DH	0	31
1145.512	1145.597295	6	AH0	0	31
1145.597295	1145.706807	64	T	0	31
1145.706807	1145.872862	44	UW1	0	31
1145.872862	1145.992	1	AA1	0	31
1145.992	1146.112	61	R	0	31
1146.112	1146.138673	64	T	0	31
1146.138673	1146.220826	6	AH0	0	31
1146.220826	1146.362	62	S	0	31
1146.362	1146.402	64	T	0	31
1146.402	1146.484229	27	IH0	0	31
1146.484229	1146.525964	54	K	0	31
1146.525964	1146.652	62	S	0	31
1146.652	1146.715598	47	CH	0	31
1146.715598	1146.902	25	EY1	0	31
1146.902	1146.981498	58	N	0	31
1146.981498	1147.087123	53	JH	0	31
1147.087123	1147.122	48	D	0	31
1147.122	1147.292	10	AO1	0	31
1147.292	1147.320168	64	T	0	31
1147.320168	1147.439206	6	AH0	0	31
1147.439206	1147.48112	51	G	0	31
1147.48112	1147.55489	61	R	0	31
1147.55489	1147.722549	5	AE2	0	31
1147.722549	1147.799672	50	F	0	31
1147.799672	1148.032	62	S	0	31
1160.170073	1160.188926	46	B	0	32
1160.188926	1160.252115	7	AH1	0	32
1160.252115	1160.280728	64	T	0	32
1160.280728	1160.362	21	ER0	0	32
1160.362	1160.495331	62	S	0	32
1160.495331	1160.525394	54	K	0	32
1160.525394	1160.632	2	AA2	0	32
1160.632	1160.752	47	CH	0	32
1160.752	1160.872	50	F	0	32
1160.872	1161.084991	7	AH1	0	32
1161.084991	1161.257679	53	JH	0	32
1161.257679	1161.296241	51	G	0	32
1161.296241	1161.467253	35	OW1	0	32
1161.467253	1161.58028	69	Z	0	32
1161.58028	1161.692	67	W	0	32
1161.692	1161.862	19	EH1	0	32
1161.862	1161.92398	56	L	0	32
1161.92398	1161.969248	67	W	0	32
1161.969248	1162.036312	28	IH1	0	32
1162.036312	1162.152	65	TH	0	32
1162.152	1162.203204	66	V	0	32
1162.203204	1162.242	6	AH0	0	32
1162.242	1162.315535	58	N	0	32
1162.315535	1162.415792	28	IH1	0	32
1162.415792	1162.4899	56	L	0	32
1162.4899	1162.545227	6	AH0	0	32
1162.545227	1162.73602	16	AY1	0	32
1162.73602	1162.898648	62	S	0	32
1162.898648	1162.955652	54	K	0	32
1162.955652	1162.999244	61	R	0	32
1162.999244	1163.168579	32	IY1	0	32
1163.168579	1163.272	57	M	0	32
1173.898011	1173.946632	61	R	0	33
1173.946632	1174.06567	28	IH1	0	33
1174.06567	1174.235005	47	CH	0	33
1174.235005	1174.278596	60	P	0	33
1174.278596	1174.442902	22	ER1	0	33
1174.442902	1174.544835	47	CH	0	33
1174.544835	1174.605192	6	AH0	0	33
1174.605192	1174.769497	62	S	0	33
1174.769497	1174.84662	62	S	0	33
1174.84662	1174.972364	19	EH1	0	33
1174.972364	1175.056194	66	V	0	33
1175.056194	1175.102	61	R	0	33
1175.102	1175.188644	6	AH0	0	33
1175.188644	1175.277557	56	L	0	33
1175.277557	1175.467012	62	S	0	33
1175.467012	1175.720176	16	AY1	0	33
1175.720176	1175.792269	58	N	0	33
1175.792269	1175.842	48	D	0	33
1175.842	1175.972	56	L	0	33
1175.972	1176.042	28	IH1	0	33
1176.042	1176.20257	65	TH	0	33
1176.20257	1176.323284	6	AH0	0	33
1176.323284	1176.346756	51	G	0	33
1176.346756	1176.439237	61	R	0	33
1176.439237	1176.662	5	AE2	0	33
1176.662	1176.751082	50	F	0	33
1176.751082	1177.092	62	S	0	33
1188.790206	1188.902	19	EH1	0	34
1188.902	1188.934347	58	N	0	34
1188.934347	1189.015167	31	IY0	0	34
1189.015167	1189.120266	54	K	0	34
1189.120266	1189.242	2	AA2	0	34
1189.242	1189.272	58	N	0	34
1189.272	1189.361877	64	T	0	34
1189.361877	1189.400438	61	R	0	34
1189.400438	1189.462	6	AH0	0	34
1189.462	1189.492	46	B	0	34
1189.492	1189.532	68	Y	0	34
1189.532	1189.592	44	UW1	0	34
1189.592	1189.743372	63	SH	0	34
1189.743372	1189.810436	6	AH0	0	34
1189.810436	1189.854027	58	N	0	34
1189.854027	1189.942	69	Z	0	34
1189.942	1189.966965	67	W	0	34
1189.966965	1190.022	6	AH0	0	34
1190.022	1190.075943	56	L	0	34
1190.075943	1190.102	46	B	0	34
1190.102	1190.238572	32	IY1	0	34
1190.238572	1190.272103	51	G	0	34
1190.272103	1190.334137	61	R	0	34
1190.334137	1190.432	25	EY1	0	34
1190.432	1190.462	64	T	0	34
1190.462	1190.492646	56	L	0	34
1190.492646	1190.582	31	IY0	0	34
1190.582	1190.656952	6	AH0	0	34
1190.656952	1190.73404	60	P	0	34
1190.73404	1190.792	61	R	0	34
1190.792	1190.86146	32	IY1	0	34
1190.86146	1191.020736	63	SH	0	34
1191.020736	1191.082	31	IY0	0	34
1191.082	1191.262164	26	EY2	0	34
1191.262164	1191.287313	64	T	0	34
1191.287313	1191.439882	6	AH0	0	34
1191.439882	1191.582	48	D	0	34
1203.091041	1203.128483	49	DH	0	35
1203.128483	1203.25541	6	AH0	0	35
1203.25541	1203.317095	54	K	0	35
1203.317095	1203.388269	61	R	0	35
1203.388269	1203.492	4	AE1	0	35
1203.492	1203.567391	58	N	0	35
1203.567391	1203.592	46	B	0	35
1203.592	1203.661502	20	EH2	0	35
1203.661502	1203.732	61	R	0	35
1203.732	1203.894005	31	IY0	0	35
1203.894005	1203.922	46	B	0	35
1203.922	1204.122	1	AA1	0	35
1204.122	1204.277781	51	G	0	35
1204.277781	1204.312	51	G	0	35
1204.312	1204.407081	28	IH1	0	35
1204.407081	1204.422	64	T	0	35
1204.422	1204.49249	62	S	0	35
1204.49249	1204.585168	66	V	0	35
1204.585168	1204.678881	19	EH1	0	35
1204.678881	1204.765476	61	R	0	35
1204.765476	1204.882914	31	IY0	0	35
1204.882914	1204.967137	60	P	0	35
1204.967137	1205.022	61	R	0	35
1205.022	1205.072	28	IH1	0	35
1205.072	1205.112	64	T	0	35
1205.112	1205.220992	31	IY0	0	35
1205.220992	1205.322077	28	IH1	0	35
1205.322077	1205.407486	58	N	0	35
1205.407486	1205.612	10	AO1	0	35
1205.612	1205.662	64	T	0	35
1205.662	1205.742	6	AH0	0	35
1205.742	1205.902	57	M	0	35
1221.415764	1221.475076	52	HH	0	36
1221.475076	1221.663688	13	AW1	0	36
1221.663688	1221.702	48	D	0	36
1221.702	1221.842	44	UW1	0	36
1221.842	1222.025491	38	OY1	0	36
1222.025491	1222.150046	62	S	0	36
1222.150046	1222.201054	64	T	0	36
1222.201054	1222.290747	21	ER0	0	36
1222.290747	1222.39395	69	Z	0	36
1222.39395	1222.468683	57	M	0	36
1222.468683	1222.63357	25	EY1	0	36
1222.63357	1222.717658	54	K	0	36
1222.717658	1222.785273	60	P	0	36
1222.785273	1222.992	22	ER1	0	36
1222.992	1223.129282	56	L	0	36
1223.129282	1223.387882	69	Z	0	36
1234.965566	1235.009648	57	M	0	37
1235.009648	1235.151997	25	EY1	0	37
1235.151997	1235.232	16	AY1	0	37
1235.232	1235.322	10	AO1	0	37
1235.322	1235.405852	61	R	0	37
1235.405852	1235.452	48	D	0	37
1235.452	1235.559529	21	ER0	0	37
1235.559529	1235.824785	25	EY1	0	37
1235.824785	1235.884097	60	P	0	37
1235.884097	1235.922	1	AA1	0	37
1235.922	1236.000349	61	R	0	37
1236.000349	1236.122531	50	F	0	37
1236.122531	1236.429767	25	EY1	0	37
1236.429767	1236.592	4	AE1	0	37
1236.592	1236.666625	50	F	0	37
1236.666625	1236.728309	64	T	0	37
1236.728309	1236.799883	21	ER0	0	37
1236.799883	1236.932382	16	AY1	0	37
1236.932382	1237.066427	32	IY1	0	37
1237.066427	1237.193355	64	T	0	37
1237.193355	1237.222	48	D	0	37
1237.222	1237.292	28	IH1	0	37
1237.292	1237.407204	58	N	0	37
1237.407204	1237.621523	21	ER0	0	37
1248.945535	1249.032	28	IH1	0	38
1249.032	1249.062	69	Z	0	38
1249.062	1249.242	63	SH	0	38
1249.242	1249.372	32	IY1	0	38
1249.372	1249.458388	51	G	0	38
1249.458388	1249.622	35	OW1	0	38
1249.622	1249.674283	27	IH0	0	38
1249.674283	1249.742	59	NG	0	38
1249.742	1249.832	67	W	0	38
1249.832	1249.892	28	IH1	0	38
1249.892	1250.007083	65	TH	0	38
1250.007083	1250.078258	68	Y	0	38
1250.078258	1250.282	44	UW1	0	38
1265.241241	1265.343257	54	K	0	39
1265.343257	1265.563898	4	AE1	0	39
1265.563898	1265.707218	58	N	0	39
1265.707218	1265.832	49	DH	0	39
1265.832	1265.891085	7	AH1	0	39
1265.891085	1266.104608	25	EY1	0	39
1266.104608	1266.199507	53	JH	0	39
1266.199507	1266.242	6	AH0	0	39
1266.242	1266.292	58	N	0	39
1266.292	1266.443267	62	S	0	39
1266.443267	1266.582	31	IY0	0	39
1266.582	1266.792	35	OW1	0	39
1266.792	1266.822	66	V	0	39
1266.822	1266.966048	21	ER0	0	39
1266.966048	1267.396653	50	F	0	39
1267.396653	1267.472	65	TH	0	39
1267.472	1267.602135	61	R	0	39
1267.602135	1267.908185	36	OW2	0	39
1267.908185	1268.099169	25	EY1	0	39
1268.099169	1268.186951	56	L	0	39
1268.186951	1268.272	31	IY0	0	39
1268.272	1268.336417	6	AH0	0	39
1268.336417	1268.442	58	N	0	39
1268.442	1268.532	50	F	0	39
1268.532	1268.622	10	AO1	0	39
1268.622	1268.724078	61	R	0	39
1268.724078	1268.877103	62	S	0	39
1268.877103	1269.091812	6	AH0	0	39
1269.091812	1269.422	69	Z	0	39
1281.745181	1281.822	6	AH0	0	40
1281.822	1282.024921	62	S	0	40
1282.024921	1282.080674	64	T	0	40
1282.080674	1282.121006	61	R	0	40
1282.121006	1282.252679	44	UW1	0	40
1282.252679	1282.326226	48	D	0	40
1282.326226	1282.418752	61	R	0	40
1282.418752	1282.580049	17	AY2	0	40
1282.580049	1282.646478	66	V	0	40
1282.646478	1282.902	21	ER0	0	40
1282.902	1283.012	28	IH1	0	40
1283.012	1283.135288	69	Z	0	40
1283.135288	1283.23256	57	M	0	40
1283.23256	1283.352	25	EY1	0	40
1283.352	1283.402	48	D	0	40
1283.402	1283.473836	50	F	0	40
1283.473836	1283.543824	21	ER0	0	40
1283.543824	1283.624488	57	M	0	40
1283.624488	1283.67888	66	V	0	40
1283.67888	1283.869865	1	AA1	0	40
1283.869865	1283.962	48	D	0	40
1283.962	1284.002	54	K	0	40
1284.002	1284.179911	6	AH0	0	40
1284.179911	1284.312	4	AE1	0	40
1284.312	1284.37564	58	N	0	40
1284.37564	1284.392	48	D	0	40
1284.392	1284.51443	10	AO1	0	40
1284.51443	1284.582	61	R	0	40
1284.582	1284.612	6	AH0	0	40
1284.612	1284.662	58	N	0	40
1284.662	1284.781302	53	JH	0	40
1284.781302	1284.860258	53	JH	0	40
1284.860258	1285.088833	44	UW1	0	40
1285.088833	1285.412	62	S	0	40
1295.727744	1295.796924	52	HH	0	41
1295.796924	1295.940459	13	AW1	0	41
1295.940459	1296.012	57	M	0	41
1296.012	1296.122	7	AH1	0	41
1296.122	1296.239542	47	CH	0	41
1296.239542	1296.342745	6	AH0	0	41
1296.342745	1296.41985	56	L	0	41
1296.41985	1296.622	13	AW1	0	41
1296.622	1296.712	6	AH0	0	41
1296.712	1296.752	58	N	0	41
1296.752	1296.871704	62	S	0	41
1296.871704	1296.982	48	D	0	41
1296.982	1297.100648	44	UW1	0	41
1297.100648	1297.211008	68	Y	0	41
1297.211008	1297.397247	44	UW1	0	41
1297.397247	1297.435207	51	G	0	41
1297.435207	1297.646111	19	EH1	0	41
1297.646111	1297.714268	64	T	0	41
1308.384399	1308.526748	62	S	0	42
1308.526748	1308.6866	28	IH1	0	42
1308.6866	1308.70883	54	K	0	42
1308.70883	1308.762	56	L	0	42
1308.762	1308.86022	27	IH0	0	42
1308.86022	1308.891881	54	K	0	42
1308.891881	1308.942	6	AH0	0	42
1308.942	1309.08412	56	L	0	42
1309.08412	1309.181798	60	P	0	42
1309.181798	1309.262	61	R	0	42
1309.262	1309.354663	35	OW1	0	42
1309.354663	1309.430111	51	G	0	42
1309.430111	1309.523748	61	R	0	42
1309.523748	1309.592	5	AE2	0	42
1309.592	1309.667298	57	M	0	42
1309.667298	1309.77443	69	Z	0	42
1309.77443	1309.842	67	W	0	42
1309.842	1309.882	6	AH0	0	42
1309.882	1309.912	56	L	0	42
1309.912	1310.02905	58	N	0	42
1310.02905	1310.142	19	EH1	0	42
1310.142	1310.182972	66	V	0	42
1310.182972	1310.348015	21	ER0	0	42
1310.348015	1310.382	54	K	0	42
1310.382	1310.420632	6	AH0	0	42
1310.420632	1310.554249	57	M	0	42
1310.554249	1310.621057	60	P	0	42
1310.621057	1310.852	16	AY1	0	42
1310.852	1311.038876	56	L	0	42
1322.657688	1322.767601	6	AH0	0	43
1322.767601	1322.80658	46	B	0	43
1322.80658	1322.949355	1	AA1	0	43
1322.949355	1323.086887	62	S	0	43
1323.086887	1323.131014	64	T	0	43
1323.131014	1323.169259	6	AH0	0	43
1323.169259	1323.29487	58	N	0	43
1323.29487	1323.345617	46	B	0	43
1323.345617	1323.423576	3	AE0	0	43
1323.423576	1323.522357	56	L	0	43
1323.522357	1323.758351	25	EY1	0	43
1323.758351	1323.942	35	OW1	0	43
1323.942	1324.017215	66	V	0	43
1324.017215	1324.182694	21	ER0	0	43
1324.182694	1324.243674	54	K	0	43
1324.243674	1324.426805	25	EY1	0	43
1324.426805	1324.548517	57	M	0	43
1324.548517	1324.568375	49	DH	0	43
1324.568375	1324.612	19	EH1	0	43
1324.612	1324.700961	61	R	0	43
1324.700961	1324.831873	50	F	0	43
1324.831873	1324.929335	7	AH1	0	43
1324.929335	1325.02568	58	N	0	43
1325.02568	1325.054364	48	D	0	43
1325.054364	1325.13257	27	IH0	0	43
1325.13257	1325.184788	59	NG	0	43
1325.184788	1325.332093	63	SH	0	43
1325.332093	1325.428435	10	AO1	0	43
1325.428435	1325.557574	61	R	0	43
1325.557574	1325.619069	64	T	0	43
1325.619069	1325.797404	6	AH0	0	43
1325.797404	1326.028787	53	JH	0	43
1336.840591	1336.97383	19	EH1	0	44
1336.97383	1337.070172	66	V	0	44
1337.070172	1337.127567	61	R	0	44
1337.127567	1337.257731	31	IY0	0	44
1337.257731	1337.3223	54	K	0	44
1337.3223	1337.607447	4	AE1	0	44
1337.607447	1337.638105	46	B	0	44
1337.638105	1337.711899	58	N	0	44
1337.711899	1337.832	32	IY1	0	44
1337.832	1337.87076	48	D	0	44
1337.87076	1337.956358	69	Z	0	44
1337.956358	1338.048387	61	R	0	44
1338.048387	1338.19085	31	IY0	0	44
1338.19085	1338.254395	60	P	0	44
1338.254395	1338.340488	25	EY1	0	44
1338.340488	1338.424531	58	N	0	44
1338.424531	1338.482	64	T	0	44
1338.482	1338.54752	27	IH0	0	44
1338.54752	1338.645912	59	NG	0	44
1338.645912	1338.872	10	AO1	0	44
1338.872	1339.019851	50	F	0	44
1339.019851	1339.055699	64	T	0	44
1339.055699	1339.177584	6	AH0	0	44
1339.177584	1339.422	58	N	0	44
1349.954991	1350.007936	52	HH	0	45
1350.007936	1350.069595	19	EH1	0	45
1350.069595	1350.138424	56	L	0	45
1350.138424	1350.26847	60	P	0	45
1350.26847	1350.301893	51	G	0	45
1350.301893	1350.392231	61	R	0	45
1350.392231	1350.575775	19	EH1	0	45
1350.575775	1350.81396	51	G	0	45
1350.81396	1350.862	64	T	0	45
1350.862	1351.003569	27	IH0	0	45
1351.003569	1351.062361	60	P	0	45
1351.062361	1351.189865	28	IH1	0	45
1351.189865	1351.265864	54	K	0	45
1351.265864	1351.512501	25	EY1	0	45
1351.512501	1351.577028	60	P	0	45
1351.577028	1351.731893	19	EH1	0	45
1351.731893	1351.819363	54	K	0	45
1351.819363	1351.893928	7	AH1	0	45
1351.893928	1352.050227	66	V	0	45
1352.050227	1352.072	60	P	0	45
1352.072	1352.186018	6	AH0	0	45
1352.186018	1352.242	64	T	0	45
1352.242	1352.408326	25	EY1	0	45
1352.408326	1352.452	64	T	0	45
1352.452	1352.702283	34	OW0	0	45
1352.702283	1352.943185	69	Z	0	45
1366.722	1366.770224	67	W	0	46
1366.770224	1366.882956	32	IY1	0	46
1366.882956	1366.952	56	L	0	46
1366.952	1367.072	16	AY1	0	46
1367.072	1367.172	54	K	0	46
1367.172	1367.264487	46	B	0	46
1367.264487	1367.344593	56	L	0	46
1367.344593	1367.525321	44	UW1	0	46
1367.525321	1367.68752	47	CH	0	46
1367.68752	1367.979353	32	IY1	0	46
1367.979353	1368.150311	69	Z	0	46
1368.150311	1368.181841	46	B	0	46
1368.181841	1368.232	7	AH1	0	46
1368.232	1368.292	64	T	0	46
1368.292	1368.412	66	V	0	46
1368.412	1368.538799	28	IH1	0	46
1368.538799	1368.592529	54	K	0	46
1368.592529	1368.646292	64	T	0	46
1368.646292	1368.811927	21	ER0	0	46
1368.811927	1368.882264	56	L	0	46
1368.882264	1369.061038	16	AY1	0	46
1369.061038	1369.082	54	K	0	46
1369.082	1369.152	62	S	0	46
1369.152	1369.27898	46	B	0	46
1369.27898	1369.431377	61	R	0	46
1369.431377	1369.712	32	IY1	0	46
1382.510427	1382.574903	54	K	0	47
1382.574903	1382.685293	13	AW1	0	47
1382.685293	1382.746838	58	N	0	47
1382.746838	1382.786891	64	T	0	47
1382.786891	1382.844529	49	DH	0	47
1382.844529	1382.900212	7	AH1	0	47
1382.900212	1382.991064	58	N	0	47
1382.991064	1383.072	7	AH1	0	47
1383.072	1383.142	57	M	0	47
1383.142	1383.182	46	B	0	47
1383.182	1383.322	21	ER0	0	47
1383.322	1383.469637	7	AH1	0	47
1383.469637	1383.566351	66	V	0	47
1383.566351	1383.682636	64	T	0	47
1383.682636	1383.789119	32	IY1	0	47
1383.789119	1383.954216	62	S	0	47
1383.954216	1384.00013	60	P	0	47
1384.00013	1384.127161	45	UW2	0	47
1384.127161	1384.205313	58	N	0	47
1384.205313	1384.290304	69	Z	0	47
1384.290304	1384.386815	7	AH1	0	47
1384.386815	1384.422	66	V	0	47
1384.422	1384.588058	62	S	0	47
1384.588058	1384.7719	38	OY1	0	47
1384.7719	1384.905736	62	S	0	47
1384.905736	1385.075718	11	AO2	0	47
1385.075718	1385.215658	62	S	0	47
1385.215658	1385.247896	49	DH	0	47
1385.247896	1385.339725	4	AE1	0	47
1385.339725	1385.395409	64	T	0	47
1385.395409	1385.528268	47	CH	0	47
1385.528268	1385.646566	44	UW1	0	47
1385.646566	1386.053765	4	AE1	0	47
1386.053765	1386.162	48	D	0	47
1398.699383	1398.725759	46	B	0	48
1398.725759	1398.832	4	AE1	0	48
1398.832	1398.975847	51	G	0	48
1398.975847	1399.054	60	P	0	48
1399.054	1399.251991	17	AY2	0	48
1399.251991	1399.279344	60	P	0	48
1399.279344	1399.367266	62	S	0	48
1399.367266	1399.462	4	AE1	0	48
1399.462	1399.532	58	N	0	48
1399.532	1399.550039	48	D	0	48
1399.550039	1399.615492	46	B	0	48
1399.615492	1399.792	1	AA1	0	48
1399.792	1399.841931	59	NG	0	48
1399.841931	1399.932	51	G	0	48
1399.932	1400.059781	36	OW2	0	48
1400.059781	1400.135003	69	Z	0	48
1400.135003	1400.202	1	AA1	0	48
1400.202	1400.271305	61	R	0	48
1400.271305	1400.37388	57	M	0	48
1400.37388	1400.453009	68	Y	0	48
1400.453009	1400.502	44	UW1	0	48
1400.502	1400.592	69	Z	0	48
1400.592	1400.686489	27	IH0	0	48
1400.686489	1400.71775	54	K	0	48
1400.71775	1400.762	6	AH0	0	48
1400.762	1400.872	56	L	0	48
1400.872	1400.92317	28	IH1	0	48
1400.92317	1400.98602	58	N	0	48
1400.98602	1401.122	62	S	0	48
1401.122	1401.177998	64	T	0	48
1401.177998	1401.202	61	R	0	48
1401.202	1401.234659	6	AH0	0	48
1401.234659	1401.30988	57	M	0	48
1401.30988	1401.407519	6	AH0	0	48
1401.407519	1401.488602	58	N	0	48
1401.488602	1401.512	64	T	0	48
1401.512	1401.772	62	S	0	48
1411.919274	1412.027587	52	HH	0	49
1412.027587	1412.247812	13	AW1	0	49
1412.247812	1412.318146	51	G	0	49
1412.318146	1412.463204	41	UH1	0	49
1412.463204	1412.511996	48	D	0	49
1412.511996	1412.638592	28	IH1	0	49
1412.638592	1412.739097	69	Z	0	49
1412.739097	1412.803714	68	Y	0	49
1412.803714	1412.882	41	UH1	0	49
1412.882	1412.952	61	R	0	49
1412.952	1413.002839	19	EH1	0	49
1413.002839	1413.109654	58	N	0	49
1413.109654	1413.155809	48	D	0	49
1413.155809	1413.325922	21	ER0	0	49
1413.325922	1413.382	6	AH0	0	49
1413.382	1413.478937	58	N	0	49
1413.478937	1413.8091	62	S	0	49
