21.17880156	21.282	21	ER0	0	0
21.282	21.422	68	Y	0	0
21.422	21.542	10	AO1	0	0
21.542	21.70404298	61	R	0	0
21.70404298	21.732	51	G	0	0
21.732	21.85465502	61	R	0	0
21.85465502	22.05323267	25	EY1	0	0
22.05323267	22.08488998	48	D	0	0
22.08488998	22.11527295	69	Z	0	0
22.11527295	22.17858757	52	HH	0	0
22.17858757	22.422	16	AY1	0	0
22.422	22.5460042	21	ER0	0	0
22.5460042	22.692	10	AO1	0	0
22.692	22.802	61	R	0	0
22.802	22.87610521	56	L	0	0
22.87610521	23.092	35	OW1	0	0
23.092	23.182	21	ER0	0	0
23.182	23.252	49	DH	0	0
23.252	23.33873258	6	AH0	0	0
23.33873258	23.372	58	N	0	0
23.372	23.45480938	58	N	0	0
23.45480938	23.642	4	AE1	0	0
23.642	23.70039334	58	N	0	0
23.70039334	23.82414463	62	S	0	0
23.82414463	24.06816464	31	IY0	0	0
24.06816464	24.332	69	Z	0	0
30.86841698	31.062	63	SH	0	1
31.062	31.152	32	IY1	0	1
31.152	31.2671759	67	W	0	1
31.2671759	31.42738106	10	AO1	0	1
31.42738106	31.69023264	61	R	0	1
31.69023264	31.80870653	74	sp	0	1
31.80870653	31.96584227	67	W	0	1
31.96584227	32.112	10	AO1	0	1
32.112	32.22425766	61	R	0	1
32.22425766	32.37778119	57	M	0	1
32.37778119	32.54370812	50	F	0	1
32.54370812	32.582	56	L	0	1
32.582	32.69913878	32	IY1	0	1
32.69913878	32.85957465	62	S	0	1
32.85957465	33.082	31	IY0	0	1
33.082	33.23323068	67	W	0	1
33.23323068	33.3238191	41	UH1	0	1
33.3238191	33.38770777	56	L	0	1
33.38770777	33.462	6	AH0	0	1
33.462	33.52216005	58	N	0	1
33.52216005	33.752	35	OW1	0	1
33.752	33.822	66	V	0	1
33.822	33.95962194	21	ER0	0	1
33.95962194	34.18752333	11	AO2	0	1
34.18752333	34.272	56	L	0	1
34.272	34.50304439	69	Z	0	1
45.67438083	45.77355131	61	R	0	2
45.77355131	45.87653604	32	IY1	0	2
45.87653604	45.91753922	48	D	0	2
45.91753922	46.04245588	27	IH0	0	2
46.04245588	46.09848575	59	NG	0	2
46.09848575	46.21291323	28	IH1	0	2
46.21291323	46.32104356	58	N	0	2
46.32104356	46.37158236	74	sp	0	2
46.37158236	46.472	60	P	0	2
46.472	46.582	41	UH1	0	2
46.582	46.6820154	61	R	0	2
46.6820154	46.80786038	56	L	0	2
46.80786038	47.03480821	16	AY1	0	2
47.03480821	47.11013963	64	T	0	2
47.11013963	47.242	51	G	0	2
47.242	47.322	28	IH1	0	2
47.322	47.37384811	66	V	0	2
47.37384811	47.462	69	Z	0	2
47.462	47.53985786	68	Y	0	2
47.53985786	47.632	44	UW1	0	2
47.632	47.86907426	16	AY1	0	2
47.86907426	48.052	62	S	0	2
48.052	48.09888277	64	T	0	2
48.09888277	48.222	61	R	0	2
48.222	48.34357759	26	EY2	0	2
48.34357759	48.572	58	N	0	2
58.65404106	58.7674397	32	IY1	0	3
58.7674397	58.82887702	66	V	0	3
58.82887702	58.88127943	6	AH0	0	3
58.88127943	58.93277836	58	N	0	3
58.93277836	59.222	16	AY1	0	3
59.222	59.44433105	6	AH0	0	3
59.44433105	59.50757534	54	K	0	3
59.50757534	59.65574769	25	EY1	0	3
59.65574769	59.80482353	70	ZH	0	3
59.80482353	59.852	58	N	0	3
59.852	59.91324232	6	AH0	0	3
59.91324232	59.942	56	L	0	3
59.942	60.09383808	31	IY0	0	3
60.09383808	60.11642532	51	G	0	3
60.11642532	60.212	28	IH1	0	3
60.212	60.34681525	64	T	0	3
60.34681525	60.37906815	49	DH	0	3
60.37906815	60.422	6	AH0	0	3
60.422	60.52633701	57	M	0	3
60.52633701	60.612	7	AH1	0	3
60.612	60.72535369	58	N	0	3
60.72535369	60.75065141	48	D	0	3
60.75065141	60.96249968	26	EY2	0	3
60.96249968	61.02122653	46	B	0	3
61.02122653	61.092	56	L	0	3
61.092	61.39617485	44	UW1	0	3
61.39617485	61.692	69	Z	0	3
72.56629799	72.61289675	67	W	0	4
72.61289675	72.702	32	IY1	0	4
72.702	72.86441297	21	ER0	0	4
72.86441297	73.08877769	35	OW1	0	4
73.08877769	73.10023993	60	P	0	4
73.10023993	73.182	6	AH0	0	4
73.182	73.3361303	58	N	0	4
73.3361303	73.452	19	EH1	0	4
73.452	73.54365316	66	V	0	4
73.54365316	73.61394582	61	R	0	4
73.61394582	73.66774921	31	IY0	0	4
73.66774921	73.7683989	57	M	0	4
73.7683989	73.8633105	7	AH1	0	4
73.8633105	73.97091728	58	N	0	4
73.97091728	74.012	48	D	0	4
74.012	74.20281722	26	EY2	0	4
74.20281722	74.38239838	32	IY1	0	4
74.38239838	74.45284553	66	V	0	4
74.45284553	74.50098442	58	N	0	4
74.50098442	74.69119174	27	IH0	0	4
74.69119174	74.832	59	NG	0	4
85.31344406	85.442	28	IH1	0	5
85.442	85.482	64	T	0	5
85.482	85.59288444	62	S	0	5
85.59288444	85.67037631	58	N	0	5
85.67037631	85.872	1	AA1	0	5
85.872	85.94950162	64	T	0	5
85.94950162	86.13031598	32	IY1	0	5
86.13031598	86.242	69	Z	0	5
86.242	86.42007927	31	IY0	0	5
86.42007927	86.5010935	64	T	0	5
86.5010935	86.5939263	44	UW1	0	5
86.5939263	86.69030802	54	K	0	5
86.69030802	86.792	61	R	0	5
86.792	86.832	31	IY0	0	5
86.832	86.95651802	25	EY1	0	5
86.95651802	87.042	64	T	0	5
87.042	87.11854648	29	IH2	0	5
87.11854648	87.20073482	56	L	0	5
87.20073482	87.28527141	44	UW1	0	5
87.28527141	87.38095046	57	M	0	5
87.38095046	87.422	6	AH0	0	5
87.422	87.46548704	58	N	0	5
87.46548704	87.642	26	EY2	0	5
87.642	87.66978379	64	T	0	5
87.66978379	87.74023095	27	IH0	0	5
87.74023095	87.892	59	NG	0	5
87.892	87.972	27	IH0	0	5
87.972	88.02914327	51	G	0	5
88.02914327	88.1465552	69	Z	0	5
88.1465552	88.27101184	4	AE1	0	5
88.27101184	88.44478148	57	M	0	5
88.44478148	88.45887091	60	P	0	5
88.45887091	88.53604771	6	AH0	0	5
88.53604771	88.692	56	L	0	5
88.692	88.972	69	Z	0	5
100.021214	100.2371424	57	M	0	6
100.2371424	100.402	7	AH1	0	6
100.402	100.522	57	M	0	6
100.522	100.6991466	62	S	0	6
100.6991466	100.7883088	64	T	0	6
100.7883088	100.862	61	R	0	6
100.862	100.982	10	AO1	0	6
100.982	101.062	59	NG	0	6
101.062	101.127456	56	L	0	6
101.127456	101.3141409	31	IY0	0	6
101.3141409	101.332	48	D	0	6
101.332	101.4115928	29	IH2	0	6
101.4115928	101.552	62	S	0	6
101.552	101.682	56	L	0	6
101.682	101.9475666	16	AY1	0	6
101.9475666	101.972	54	K	0	6
101.972	102.122	62	S	0	6
102.122	102.2240074	74	sp	0	6
102.2240074	102.4561674	4	AE1	0	6
102.4561674	102.4752253	60	P	0	6
102.4752253	102.5776216	6	AH0	0	6
102.5776216	102.652	64	T	0	6
102.652	102.8579306	17	AY2	0	6
102.8579306	102.9256472	69	Z	0	6
102.9256472	103.1881365	21	ER0	0	6
103.1881365	103.4750409	69	Z	0	6
114.6868166	114.722215	49	DH	0	7
114.722215	114.8979428	35	OW1	0	7
114.8979428	115.032	69	Z	0	7
115.032	115.0591532	52	HH	0	7
115.0591532	115.2146534	44	UW1	0	7
115.2146534	115.3259055	64	T	0	7
115.3259055	115.432	32	IY1	0	7
115.432	115.5422074	47	CH	0	7
115.5422074	115.6529674	66	V	0	7
115.6529674	115.812	4	AE1	0	7
115.812	115.8805286	56	L	0	7
115.8805286	115.9905166	68	Y	0	7
115.9905166	116.1245248	43	UW0	0	7
116.1245248	116.2798468	69	Z	0	7
116.2798468	116.3809851	50	F	0	7
116.3809851	116.512	22	ER1	0	7
116.512	116.6780789	62	S	0	7
116.6780789	116.7589895	64	T	0	7
116.7589895	116.9170182	6	AH0	0	7
116.9170182	116.962	46	B	0	7
116.962	117.0649329	1	AA1	0	7
117.0649329	117.1509005	56	L	0	7
117.1509005	117.2406607	29	IH2	0	7
117.2406607	117.422	63	SH	0	7
117.422	117.5751893	47	CH	0	7
117.5751893	117.7231041	32	IY1	0	7
117.7231041	117.7547098	64	T	0	7
117.7547098	117.972	27	IH0	0	7
117.972	118.1578885	59	NG	0	7
129.6314105	129.682	49	DH	0	8
129.682	129.742	7	AH1	0	8
129.742	129.882992	50	F	0	8
129.882992	129.932	61	R	0	8
129.932	130.012	16	AY1	0	8
130.012	130.042	64	T	0	8
130.042	130.0840044	6	AH0	0	8
130.0840044	130.202	58	N	0	8
130.202	130.2293907	48	D	0	8
130.2293907	130.3305291	47	CH	0	8
130.3305291	130.532	16	AY1	0	8
130.532	130.6123079	56	L	0	8
130.6123079	130.652	48	D	0	8
130.652	130.682	67	W	0	8
130.682	130.7665438	6	AH0	0	8
130.7665438	130.9030805	69	Z	0	8
130.9030805	130.9632714	53	JH	0	8
130.9632714	131.052	19	EH1	0	8
131.052	131.1073935	58	N	0	8
131.1073935	131.132	64	T	0	8
131.132	131.162	56	L	0	8
131.162	131.242	31	IY0	0	8
131.242	131.3905807	62	S	0	8
131.3905807	131.4563206	6	AH0	0	8
131.4563206	131.5903289	46	B	0	8
131.5903289	131.612	48	D	0	8
131.612	131.8355554	44	UW1	0	8
131.8355554	131.9291083	48	D	0	8
131.9291083	131.972	46	B	0	8
131.972	132.112	16	AY1	0	8
132.112	132.152	52	HH	0	8
132.152	132.2332953	28	IH1	0	8
132.2332953	132.4166085	69	Z	0	8
132.4166085	132.432	46	B	0	8
132.432	132.552	28	IH1	0	8
132.552	132.6672398	51	G	0	8
132.6672398	132.6836748	46	B	0	8
132.6836748	132.729187	61	R	0	8
132.729187	132.8796302	7	AH1	0	8
132.8796302	132.9298176	49	DH	0	8
132.9298176	133.152	21	ER0	0	8
144.9616705	145.096943	32	IY1	0	9
145.096943	145.1715325	66	V	0	9
145.1715325	145.2777278	6	AH0	0	9
145.2777278	145.3080693	58	N	0	9
145.3080693	145.472	25	EY1	0	9
145.472	145.6565043	62	S	0	9
145.6565043	145.6982239	28	IH1	0	9
145.6982239	145.7943053	57	M	0	9
145.7943053	145.8145329	60	P	0	9
145.8145329	145.8916509	6	AH0	0	9
145.8916509	145.932	56	L	0	9
145.932	145.9738258	66	V	0	9
145.9738258	146.1422821	34	OW0	0	9
146.1422821	146.202	54	K	0	9
146.202	146.362	4	AE1	0	9
146.362	146.432	46	B	0	9
146.432	146.5000589	68	Y	0	9
146.5000589	146.562	6	AH0	0	9
146.562	146.6244964	56	L	0	9
146.6244964	146.7231593	20	EH2	0	9
146.7231593	146.772	61	R	0	9
146.772	146.8778315	31	IY0	0	9
146.8778315	146.952	54	K	0	9
146.952	146.9804202	6	AH0	0	9
146.9804202	147.1145746	58	N	0	9
147.1145746	147.1698147	64	T	0	9
147.1698147	147.3386914	25	EY1	0	9
147.3386914	147.432	58	N	0	9
147.432	147.462	69	Z	0	9
147.462	147.6034196	62	S	0	9
147.6034196	147.672	28	IH1	0	9
147.672	147.782	57	M	0	9
147.782	147.822	46	B	0	9
147.822	147.9068421	6	AH0	0	9
147.9068421	148.072	56	L	0	9
148.072	148.2935225	69	Z	0	9
158.4830124	158.6771417	25	EY1	0	10
158.6771417	158.7655258	54	K	0	10
158.7655258	158.8355525	61	R	0	10
158.8355525	158.9618155	4	AE1	0	10
158.9618155	159.0968269	46	B	0	10
159.0968269	159.2115452	47	CH	0	10
159.2115452	159.3422668	4	AE1	0	10
159.3422668	159.4347283	56	L	0	10
159.4347283	159.502	6	AH0	0	10
159.502	159.5973332	58	N	0	10
159.5973332	159.7297983	53	JH	0	10
159.7297983	159.772	48	D	0	10
159.772	159.8477666	57	M	0	10
159.8477666	160.2156866	32	IY1	0	10
160.2156866	160.332	46	B	0	10
160.332	160.382	7	AH1	0	10
160.382	160.432	64	T	0	10
160.432	160.6492995	25	EY1	0	10
160.6492995	160.7319591	54	K	0	10
160.7319591	160.752	67	W	0	10
160.752	160.8835791	28	IH1	0	10
160.8835791	160.902	54	K	0	10
160.902	161.0986578	62	S	0	10
161.0986578	161.1226565	64	T	0	10
161.1226565	161.342	4	AE1	0	10
161.342	161.4252492	46	B	0	10
161.4252492	161.582	66	V	0	10
161.582	161.6699848	4	AE1	0	10
161.6699848	161.8160641	59	NG	0	10
161.8160641	161.852	54	K	0	10
161.852	161.912	67	W	0	10
161.912	161.952	27	IH0	0	10
161.952	162.1161994	63	SH	0	10
162.1161994	162.162	64	T	0	10
162.162	162.2142812	52	HH	0	10
162.2142812	162.3614038	28	IH1	0	10
162.3614038	162.522	57	M	0	10
174.552	174.592	51	G	0	11
174.592	174.6333856	56	L	0	11
174.6333856	174.7849534	44	UW1	0	11
174.7849534	174.8637388	54	K	0	11
174.8637388	175.0895457	36	OW2	0	11
175.0895457	175.3299864	62	S	0	11
175.3299864	175.46899	4	AE1	0	11
175.46899	175.5650797	58	N	0	11
175.5650797	175.582	48	D	0	11
175.582	175.7587368	50	F	0	11
175.7587368	175.832	61	R	0	11
175.832	175.8749456	44	UW1	0	11
175.8749456	176.0219853	54	K	0	11
176.0219853	176.0990626	64	T	0	11
176.0990626	176.3314802	36	OW2	0	11
176.3314802	176.5235805	62	S	0	11
176.5235805	176.582	1	AA1	0	11
176.582	176.7028201	61	R	0	11
176.7028201	176.7727825	58	N	0	11
176.7727825	176.942	4	AE1	0	11
176.942	177.0818876	47	CH	0	11
177.0818876	177.132	21	ER0	0	11
177.132	177.182	6	AH0	0	11
177.182	177.1992822	56	L	0	11
177.1992822	177.372	63	SH	0	11
177.372	177.4388147	41	UH1	0	11
177.4388147	177.512	51	G	0	11
177.512	177.7018565	21	ER0	0	11
177.7018565	177.8666833	69	Z	0	11
177.8666833	177.9081864	50	F	0	11
177.9081864	178.0824997	13	AW1	0	11
178.0824997	178.1643202	58	N	0	11
178.1643202	178.232	48	D	0	11
178.232	178.3070545	28	IH1	0	11
178.3070545	178.412	58	N	0	11
178.412	178.542	50	F	0	11
178.542	178.6702769	61	R	0	11
178.6702769	178.8279888	44	UW1	0	11
178.8279888	178.8967655	64	T	0	11
192.1396242	192.192	1	AA1	0	12
192.192	192.2906996	61	R	0	12
192.2906996	192.3848676	68	Y	0	12
192.3848676	192.4797131	44	UW1	0	12
192.4797131	192.562	56	L	0	12
192.562	192.7059933	41	UH1	0	12
192.7059933	192.7500287	54	K	0	12
192.7500287	192.8157431	27	IH0	0	12
192.8157431	192.912	59	NG	0	12
192.912	193.0187615	50	F	0	12
193.0187615	193.112	10	AO1	0	12
193.112	193.232	61	R	0	12
193.232	193.272	18	EH0	0	12
193.272	193.4025004	57	M	0	12
193.4025004	193.4709247	60	P	0	12
193.4709247	193.557296	56	L	0	12
193.557296	193.6521415	38	OY1	0	12
193.6521415	193.7246306	57	M	0	12
193.7246306	193.8239147	6	AH0	0	12
193.8239147	193.8869192	58	N	0	12
193.8869192	193.9113081	64	T	0	12
203.3040285	203.3969541	54	K	0	13
203.3969541	203.5535614	1	AA1	0	13
203.5535614	203.6700526	50	F	0	13
203.6700526	203.8150879	31	IY0	0	13
203.8150879	203.9731249	28	IH1	0	13
203.9731249	204.0965592	69	Z	0	13
204.0965592	204.1455139	51	G	0	13
204.1455139	204.2689482	61	R	0	13
204.2689482	204.392	35	OW1	0	13
204.392	204.4364554	58	N	0	13
204.4364554	204.622	1	AA1	0	13
204.622	204.7082966	58	N	0	13
204.7082966	204.8803332	62	S	0	13
204.8803332	204.912	64	T	0	13
204.912	205.1487828	32	IY1	0	13
205.1487828	205.2050997	60	P	0	13
205.2050997	205.7030593	74	sp	0	13
205.7030593	205.7678623	53	JH	0	13
205.7678623	205.862	7	AH1	0	13
205.862	205.932	59	NG	0	13
205.932	205.982	51	G	0	13
205.982	206.022	6	AH0	0	13
206.022	206.062	56	L	0	13
206.062	206.1265933	56	L	0	13
206.1265933	206.3254714	16	AY1	0	13
206.3254714	206.344758	54	K	0	13
206.344758	206.5178517	62	S	0	13
206.5178517	206.6003984	56	L	0	13
206.6003984	206.8403239	35	OW1	0	13
206.8403239	206.8526673	60	P	0	13
206.8526673	207.0003757	62	S	0	13
207.0003757	207.0790651	28	IH1	0	13
207.0790651	207.2364439	58	N	0	13
207.2364439	207.3058757	64	T	0	13
207.3058757	207.3583353	19	EH1	0	13
207.3583353	207.4926431	57	M	0	13
207.4926431	207.512	60	P	0	13
207.512	207.5782757	21	ER0	0	13
207.5782757	207.6114751	6	AH0	0	13
207.6114751	207.6770496	64	T	0	13
207.6770496	207.812	69	Z	0	13
207.812	208.112	35	OW1	0	13
208.112	208.2444347	58	N	0	13
208.2444347	208.482	69	Z	0	13
220.8575103	220.9291382	67	W	0	14
220.9291382	220.9932697	32	IY1	0	14
220.9932697	221.102	67	W	0	14
221.102	221.202	19	EH1	0	14
221.202	221.2600198	56	L	0	14
221.2600198	221.2971975	54	K	0	14
221.2971975	221.362	6	AH0	0	14
221.362	221.4226723	57	M	0	14
221.4226723	221.4784389	57	M	0	14
221.4784389	221.562	19	EH1	0	14
221.562	221.6064529	58	N	0	14
221.6064529	221.7142683	31	IY0	0	14
221.7142683	221.7811882	58	N	0	14
221.7811882	221.9131691	44	UW1	0	14
221.9131691	222.0825276	62	S	0	14
222.0825276	222.122	64	T	0	14
222.122	222.2648421	44	UW1	0	14
222.2648421	222.312	48	D	0	14
222.312	222.402	6	AH0	0	14
222.402	222.452	58	N	0	14
222.452	222.482	64	T	0	14
222.482	222.6336941	62	S	0	14
222.6336941	222.8264886	32	IY1	0	14
222.8264886	222.9566106	47	CH	0	14
222.9566106	223.0585441	68	Y	0	14
223.0585441	223.1747245	28	IH1	0	14
223.1747245	223.352	61	R	0	14
233.3268728	233.462	35	OW1	0	15
233.462	233.5034253	58	N	0	15
233.5034253	233.542	56	L	0	15
233.542	233.602	31	IY0	0	15
233.602	233.662	49	DH	0	15
233.662	233.7766815	6	AH0	0	15
233.7766815	233.792	46	B	0	15
233.792	233.892	19	EH1	0	15
233.892	234.0287604	62	S	0	15
234.0287604	234.067797	64	T	0	15
234.067797	234.1235636	74	sp	0	15
234.1235636	234.2060104	60	P	0	15
234.2060104	234.262	56	L	0	15
234.262	234.472	25	EY1	0	15
234.472	234.5192326	21	ER0	0	15
234.5192326	234.612	69	Z	0	15
234.612	234.7070397	6	AH0	0	15
234.7070397	234.792	58	N	0	15
234.792	234.9084399	53	JH	0	15
234.9084399	235.2543317	38	OY1	0	15
235.2543317	235.3136378	60	P	0	15
235.3136378	235.4905911	2	AA2	0	15
235.4905911	235.5290625	60	P	0	15
235.5290625	235.572	68	Y	0	15
235.572	235.602	6	AH0	0	15
235.602	235.662	56	L	0	15
235.662	235.7439546	19	EH1	0	15
235.7439546	235.892	61	R	0	15
235.892	235.922	6	AH0	0	15
235.922	235.972	64	T	0	15
235.972	236.2170232	31	IY0	0	15
246.2323726	246.2969972	54	K	0	16
246.2969972	246.3654993	4	AE1	0	16
246.3654993	246.452	56	L	0	16
246.452	246.592	62	S	0	16
246.592	246.6450333	31	IY0	0	16
246.6450333	246.692	6	AH0	0	16
246.692	246.7613576	57	M	0	16
246.7613576	246.8233972	57	M	0	16
246.8233972	246.9864507	25	EY1	0	16
246.9864507	247.002	54	K	0	16
247.002	247.0813925	62	S	0	16
247.0813925	247.222	46	B	0	16
247.222	247.442	35	OW1	0	16
247.442	247.570822	58	N	0	16
247.570822	247.6380316	69	Z	0	16
247.6380316	247.802768	4	AE1	0	16
247.802768	248.0018118	58	N	0	16
248.0018118	248.1155511	64	T	0	16
248.1155511	248.2134335	32	IY1	0	16
248.2134335	248.282	65	TH	0	16
248.282	248.492	62	S	0	16
248.492	248.5416918	64	T	0	16
248.5416918	248.6593086	61	R	0	16
248.6593086	248.882	10	AO1	0	16
248.882	249.0639801	59	NG	0	16
258.8764471	258.9776377	58	N	0	17
258.9776377	259.062	7	AH1	0	17
259.062	259.1766815	65	TH	0	17
259.1766815	259.2451836	27	IH0	0	17
259.2451836	259.501097	59	NG	0	17
259.501097	259.7178887	28	IH1	0	17
259.7178887	259.842	69	Z	0	17
259.842	260.042	4	AE1	0	17
260.042	260.1443764	69	Z	0	17
260.1443764	260.242	6	AH0	0	17
260.242	260.392	50	F	0	17
260.392	260.482	19	EH1	0	17
260.482	260.532	58	N	0	17
260.532	260.6636113	62	S	0	17
260.6636113	260.782	27	IH0	0	17
260.782	260.9301073	66	V	0	17
260.9301073	261.1683165	4	AE1	0	17
261.1683165	261.337633	69	Z	0	17
261.337633	261.41389	28	IH1	0	17
261.41389	261.4694672	58	N	0	17
261.4694672	261.5405543	6	AH0	0	17
261.5405543	261.6920534	62	S	0	17
261.6920534	261.7850434	6	AH0	0	17
261.7850434	261.922	58	N	0	17
261.922	262.222	62	S	0	17
273.0782237	273.3910069	62	S	0	18
273.3910069	273.422	64	T	0	18
273.422	273.662	32	IY1	0	18
273.662	273.772	66	V	0	18
273.772	273.9130609	67	W	0	18
273.9130609	274.0513576	10	AO1	0	18
274.0513576	274.232	61	R	0	18
274.232	274.5255895	25	EY1	0	18
274.5255895	274.5643642	46	B	0	18
274.5643642	274.602	61	R	0	18
274.602	274.8073528	16	AY1	0	18
274.8073528	274.9449901	64	T	0	18
274.9449901	275.0664844	61	R	0	18
275.0664844	275.222	19	EH1	0	18
275.222	275.3896075	48	D	0	18
275.3896075	275.4568171	54	K	0	18
275.4568171	275.6775643	4	AE1	0	18
275.6775643	275.762	70	ZH	0	18
275.762	275.8378334	57	M	0	18
275.8378334	275.892	27	IH0	0	18
275.892	276.002	61	R	0	18
276.002	276.172	62	S	0	18
276.172	276.282	67	W	0	18
276.282	276.352	19	EH1	0	18
276.352	276.412	64	T	0	18
276.412	276.652	21	ER0	0	18
287.4951236	287.5969294	46	B	0	19
287.5969294	287.6996583	1	AA1	0	19
287.6996583	287.822	61	R	0	19
287.822	287.912	46	B	0	19
287.912	288.071072	69	Z	0	19
288.071072	288.112	51	G	0	19
288.112	288.2463825	35	OW1	0	19
288.2463825	288.336857	56	L	0	19
288.336857	288.4488411	48	D	0	19
288.4488411	288.4699837	46	B	0	19
288.4699837	288.522	61	R	0	19
288.522	288.642	25	EY1	0	19
288.642	288.7581747	62	S	0	19
288.7581747	288.8460642	56	L	0	19
288.8460642	288.9210287	6	AH0	0	19
288.9210287	288.9778984	64	T	0	19
288.9778984	289.0567404	67	W	0	19
289.0567404	289.102	7	AH1	0	19
289.102	289.1678948	69	Z	0	19
289.1678948	289.2878709	6	AH0	0	19
289.2878709	289.3344007	51	G	0	19
289.3344007	289.3809304	61	R	0	19
289.3809304	289.4856222	5	AE2	0	19
289.4856222	289.6097015	53	JH	0	19
289.6097015	289.7014685	43	UW0	0	19
289.7014685	289.8190852	25	EY1	0	19
289.8190852	289.9560894	63	SH	0	19
289.9560894	290.0040331	6	AH0	0	19
290.0040331	290.1268198	58	N	0	19
290.1268198	290.174642	60	P	0	19
290.174642	290.212	61	R	0	19
290.212	290.347836	19	EH1	0	19
290.347836	290.4394121	69	Z	0	19
290.4394121	290.552	6	AH0	0	19
290.552	290.704373	58	N	0	19
302.004068	302.085495	48	D	0	20
302.085495	302.1410721	61	R	0	20
302.1410721	302.3711358	10	AO1	0	20
302.3711358	302.5021893	19	EH1	0	20
302.5021893	302.5862013	66	V	0	20
302.5862013	302.668062	61	R	0	20
302.668062	302.812	31	IY0	0	20
302.812	303.0061484	13	AW1	0	20
303.0061484	303.0475082	64	T	0	20
303.0475082	303.192	21	ER0	0	20
303.192	303.2646902	56	L	0	20
303.2646902	303.4598566	16	AY1	0	20
303.4598566	303.552	58	N	0	20
303.552	303.703912	50	F	0	20
303.703912	303.922	22	ER1	0	20
303.922	304.123972	62	S	0	20
304.123972	304.162	64	T	0	20
304.162	304.2569859	49	DH	0	20
304.2569859	304.3862351	19	EH1	0	20
304.3862351	304.512	58	N	0	20
304.512	304.6692909	50	F	0	20
304.6692909	304.7613354	28	IH1	0	20
304.7613354	304.9371144	56	L	0	20
304.9371144	305.015141	28	IH1	0	20
305.015141	305.112	58	N	0	20
305.112	305.142	49	DH	0	20
305.142	305.252	31	IY0	0	20
305.252	305.3137067	29	IH2	0	20
305.3137067	305.4041811	58	N	0	20
305.4041811	305.4894856	64	T	0	20
305.4894856	305.5936002	28	IH1	0	20
305.5936002	305.7479419	61	R	0	20
305.7479419	305.9086482	31	IY0	0	20
305.9086482	306.102	21	ER0	0	20
317.2892743	317.312	49	DH	0	21
317.312	317.352	6	AH0	0	21
317.352	317.422	67	W	0	21
317.422	317.592	10	AO1	0	21
317.592	317.6257108	64	T	0	21
317.6257108	317.7835443	21	ER0	0	21
317.7835443	317.8381972	54	K	0	21
317.8381972	317.872	6	AH0	0	21
317.872	317.9994233	58	N	0	21
317.9994233	318.062	64	T	0	21
318.062	318.2105588	25	EY1	0	21
318.2105588	318.3600603	58	N	0	21
318.3600603	318.4620791	64	T	0	21
318.4620791	318.547702	44	UW1	0	21
318.547702	318.6059984	57	M	0	21
318.6059984	318.712	7	AH1	0	21
318.712	318.8872168	47	CH	0	21
318.8872168	318.9928791	54	K	0	21
318.9928791	319.0466521	56	L	0	21
319.0466521	319.122	10	AO1	0	21
319.122	319.2506896	61	R	0	21
319.2506896	319.4009851	31	IY0	0	21
319.4009851	319.4695282	58	N	0	21
319.4695282	319.6526154	4	AE1	0	21
319.6526154	319.722	58	N	0	21
319.722	319.7345948	48	D	0	21
319.7345948	319.9124746	62	S	0	21
319.9124746	319.932	64	T	0	21
319.932	320.052	7	AH1	0	21
320.052	320.1319971	59	NG	0	21
320.1319971	320.2194417	52	HH	0	21
320.2194417	320.302	28	IH1	0	21
320.302	320.4520257	69	Z	0	21
320.4520257	320.8571518	16	AY1	0	21
320.8571518	321.162	69	Z	0	21
331.4943546	331.5863537	53	JH	0	22
331.5863537	331.742	1	AA1	0	22
331.742	331.792	58	N	0	22
331.792	331.9467329	69	Z	0	22
331.9467329	331.9649505	46	B	0	22
331.9649505	332.012	61	R	0	22
332.012	332.102	7	AH1	0	22
332.102	332.1398398	49	DH	0	22
332.1398398	332.352	21	ER0	0	22
332.352	332.4485257	61	R	0	22
332.4485257	332.6170388	31	IY0	0	22
332.6170388	332.6789788	60	P	0	22
332.6789788	332.802	25	EY1	0	22
332.802	332.900275	58	N	0	22
332.900275	332.9376211	64	T	0	22
332.9376211	333.012	6	AH0	0	22
333.012	333.0788078	48	D	0	22
333.0788078	333.102	49	DH	0	22
333.102	333.2108857	6	AH0	0	22
333.2108857	333.2749843	51	G	0	22
333.2749843	333.372	21	ER0	0	22
333.372	333.5282094	1	AA1	0	22
333.5282094	333.6976403	70	ZH	0	22
333.6976403	333.7486257	48	D	0	22
333.7486257	333.899832	10	AO1	0	22
333.899832	334.082	61	R	0	22
343.6243174	343.7217818	47	CH	0	23
343.7217818	343.8310876	4	AE1	0	23
343.8310876	343.9558784	56	L	0	23
343.9558784	344.002	6	AH0	0	23
344.002	344.062	58	N	0	23
344.062	344.2303907	53	JH	0	23
344.2303907	344.412	32	IY1	0	23
344.412	344.5785744	47	CH	0	23
344.5785744	344.736157	53	JH	0	23
344.736157	344.852	19	EH1	0	23
344.852	344.892	58	N	0	23
344.892	345.002	21	ER0	0	23
345.002	345.032	6	AH0	0	23
345.032	345.152	56	L	0	23
345.152	345.2657712	69	Z	0	23
345.2657712	345.322	29	IH2	0	23
345.322	345.4425442	58	N	0	23
345.4425442	345.5026624	64	T	0	23
345.5026624	345.622	19	EH1	0	23
345.622	345.6566014	56	L	0	23
345.6566014	345.7449569	6	AH0	0	23
345.7449569	345.8205601	53	JH	0	23
345.8205601	345.912	6	AH0	0	23
345.912	346.0299839	58	N	0	23
346.0299839	346.302	62	S	0	23
357.164291	357.292	5	AE2	0	24
357.292	357.3555762	57	M	0	24
357.3555762	357.4038529	46	B	0	24
357.4038529	357.4612385	6	AH0	0	24
357.4612385	357.482	48	D	0	24
357.482	357.592	19	EH1	0	24
357.592	357.632	54	K	0	24
357.632	357.752	62	S	0	24
357.752	357.8172592	64	T	0	24
357.8172592	357.842	61	R	0	24
357.842	357.9119909	6	AH0	0	24
357.9119909	358.1127768	62	S	0	24
358.1127768	358.152	60	P	0	24
358.152	358.2548744	28	IH1	0	24
358.2548744	358.3723781	54	K	0	24
358.3723781	358.402	60	P	0	24
358.402	358.5686646	2	AA2	0	24
358.5686646	358.6570201	54	K	0	24
358.6570201	358.7399103	6	AH0	0	24
358.7399103	358.782	64	T	0	24
358.782	358.8948462	62	S	0	24
358.8948462	359.0023303	6	AH0	0	24
359.0023303	359.096182	54	K	0	24
359.096182	359.1909137	1	AA1	0	24
359.1909137	359.2820019	57	M	0	24
359.2820019	359.322	60	P	0	24
359.322	359.3742279	56	L	0	24
359.3742279	359.422	27	IH0	0	24
359.422	359.5636913	63	SH	0	24
359.5636913	359.632	57	M	0	24
359.632	359.819405	10	AO1	0	24
359.819405	360.012	61	R	0	24
370.219785	370.342	25	EY1	0	25
370.342	370.4506716	57	M	0	25
370.4506716	370.5417598	7	AH1	0	25
370.5417598	370.662	62	S	0	25
370.662	370.7229772	54	K	0	25
370.7229772	370.782	68	Y	0	25
370.782	370.83957	6	AH0	0	25
370.83957	370.8760053	56	L	0	25
370.8760053	370.9925982	21	ER0	0	25
370.9925982	371.162	4	AE1	0	25
371.162	371.2805778	46	B	0	25
371.2805778	371.302	48	D	0	25
371.302	371.371666	6	AH0	0	25
371.371666	371.4244971	57	M	0	25
371.4244971	371.5200916	6	AH0	0	25
371.5200916	371.5829424	58	N	0	25
371.5829424	371.6949809	28	IH1	0	25
371.6949809	371.8507417	69	Z	0	25
371.8507417	371.882	51	G	0	25
371.882	371.942	41	UH1	0	25
371.942	371.992	48	D	0	25
371.992	372.1346928	50	F	0	25
372.1346928	372.1729498	61	R	0	25
372.1729498	372.242	21	ER0	0	25
372.242	372.294238	68	Y	0	25
372.294238	372.352	41	UH1	0	25
372.352	372.4381574	61	R	0	25
372.4381574	372.4645729	46	B	0	25
372.4645729	372.7863961	4	AE1	0	25
372.7863961	372.932	54	K	0	25
382.9178635	382.9579423	49	DH	0	26
382.9579423	383.1510493	25	EY1	0	26
383.1510493	383.362	35	OW1	0	26
383.362	383.4170268	58	N	0	26
383.4170268	383.7211032	25	EY1	0	26
383.7211032	383.7393208	46	B	0	26
383.7393208	383.9269625	28	IH1	0	26
383.9269625	383.982	51	G	0	26
383.982	384.084301	52	HH	0	26
384.084301	384.3010909	13	AW1	0	26
384.3010909	384.5223871	62	S	0	26
384.5223871	384.6298711	28	IH1	0	26
384.6298711	384.762	58	N	0	26
384.762	384.7965625	49	DH	0	26
384.7965625	384.832	6	AH0	0	26
384.832	384.9438573	61	R	0	26
384.9438573	385.002	6	AH0	0	26
385.002	385.0950636	57	M	0	26
385.0950636	385.2608489	35	OW1	0	26
385.2608489	385.3592194	64	T	0	26
385.3592194	385.412	54	K	0	26
385.412	385.472	7	AH1	0	26
385.472	385.554234	58	N	0	26
385.554234	385.6589854	64	T	0	26
385.6589854	385.702	61	R	0	26
385.702	385.7519813	31	IY0	0	26
385.7519813	385.893168	62	S	0	26
385.893168	386.2019329	17	AY2	0	26
386.2019329	386.292698	48	D	0	26
395.6674811	395.702	49	DH	0	27
395.702	395.787575	7	AH1	0	27
395.787575	395.8999051	61	R	0	27
395.8999051	396.1220586	35	OW1	0	27
396.1220586	396.2177421	69	Z	0	27
396.2177421	396.2689279	74	sp	0	27
396.2689279	396.3274703	54	K	0	27
396.3274703	396.382	9	AO0	0	27
396.382	396.4636969	61	R	0	27
396.4636969	396.6294328	62	S	0	27
396.6294328	396.892	1	AA1	0	27
396.892	396.9755515	70	ZH	0	27
396.9755515	397.202	62	S	0	27
397.202	397.2725028	57	M	0	27
397.2725028	397.3803439	19	EH1	0	27
397.3803439	397.4306698	56	L	0	27
397.4306698	397.4953745	48	D	0	27
397.4953745	397.7095062	62	S	0	27
397.7095062	397.8183744	67	W	0	27
397.8183744	398.0340566	32	IY1	0	27
398.0340566	398.192	64	T	0	27
407.985156	408.0060231	49	DH	0	28
408.0060231	408.0959676	4	AE1	0	28
408.0959676	408.2679415	64	T	0	28
408.2679415	408.3089562	60	P	0	28
408.3089562	408.382	28	IH1	0	28
408.382	408.5238242	54	K	0	28
408.5238242	408.5547651	60	P	0	28
408.5547651	408.8018395	2	AA2	0	28
408.8018395	408.8306217	54	K	0	28
408.8306217	408.9457507	6	AH0	0	28
408.9457507	409.0424812	64	T	0	28
409.0424812	409.112	67	W	0	28
409.112	409.1727209	7	AH1	0	28
409.1727209	409.3123147	69	Z	0	28
409.3123147	409.4073209	54	K	0	28
409.4073209	409.5332245	1	AA1	0	28
409.5332245	409.5864716	64	T	0	28
409.5864716	409.6994419	61	R	0	28
409.6994419	409.8849384	19	EH1	0	28
409.8849384	409.912	48	D	0	28
409.912	409.9984854	52	HH	0	28
409.9984854	410.162	4	AE1	0	28
410.162	410.2532082	58	N	0	28
410.2532082	410.2877469	48	D	0	28
410.2877469	410.4280603	6	AH0	0	28
410.4280603	410.592	48	D	0	28
420.9423518	420.992	4	AE1	0	29
420.992	421.0438092	58	N	0	29
421.0438092	421.2049897	6	AH0	0	29
421.2049897	421.242	48	D	0	29
421.242	421.3419286	7	AH1	0	29
421.3419286	421.3908584	56	L	0	29
421.3908584	421.4541793	64	T	0	29
421.4541793	421.5585831	57	M	0	29
421.5585831	421.6478081	25	EY1	0	29
421.6478081	421.8486571	56	L	0	29
421.8486571	421.873122	46	B	0	29
421.873122	422.0954648	3	AE0	0	29
422.0954648	422.1271253	46	B	0	29
422.1271253	422.2612046	44	UW1	0	29
422.2612046	422.3397478	58	N	0	29
422.3397478	422.4735852	69	Z	0	29
422.4735852	422.544393	64	T	0	29
422.544393	422.682	32	IY1	0	29
422.682	422.7667358	65	TH	0	29
422.7667358	422.8530826	1	AA1	0	29
422.8530826	422.9408684	61	R	0	29
422.9408684	423.0293985	58	N	0	29
423.0293985	423.1742091	1	AA1	0	29
423.1742091	423.2425669	64	T	0	29
423.2425669	423.4181386	62	S	0	29
423.4181386	423.540401	44	UW1	0	29
423.540401	423.562	64	T	0	29
423.562	423.6886295	6	AH0	0	29
423.6886295	423.7094966	46	B	0	29
423.7094966	423.7730594	6	AH0	0	29
423.7730594	423.9166293	56	L	0	29
423.9166293	424.0454298	50	F	0	29
424.0454298	424.1778281	21	ER0	0	29
424.1778281	424.2864811	32	IY1	0	29
424.2864811	424.332	64	T	0	29
424.332	424.3897498	27	IH0	0	29
424.3897498	424.4998418	59	NG	0	29
424.4998418	424.6428224	63	SH	0	29
424.6428224	424.7176562	19	EH1	0	29
424.7176562	424.7939292	56	L	0	29
424.7939292	424.9133755	50	F	0	29
424.9133755	425.0962543	29	IH2	0	29
425.0962543	425.3705849	63	SH	0	29
437.1714855	437.2348064	52	HH	0	30
437.2348064	437.332	21	ER0	0	30
437.332	437.432	67	W	0	30
437.432	437.512	10	AO1	0	30
437.512	437.5974005	61	R	0	30
437.5974005	437.6801495	48	D	0	30
437.6801495	437.7976603	61	R	0	30
437.7976603	437.842	36	OW2	0	30
437.842	437.9192652	46	B	0	30
437.9192652	437.986184	54	K	0	30
437.986184	438.022	6	AH0	0	30
438.022	438.0898	58	N	0	30
438.0898	438.2360249	62	S	0	30
438.2360249	438.3188855	28	IH1	0	30
438.3188855	438.442	62	S	0	30
438.442	438.4821191	64	T	0	30
438.4821191	438.6094806	6	AH0	0	30
438.6094806	438.67795	48	D	0	30
438.67795	438.8278161	7	AH1	0	30
438.8278161	438.8941702	66	V	0	30
438.8941702	439.0164948	35	OW1	0	30
439.0164948	439.0920482	58	N	0	30
439.0920482	439.132	56	L	0	30
439.132	439.206811	31	IY0	0	30
439.206811	439.3845414	62	S	0	30
439.3845414	439.4111649	54	K	0	30
439.4111649	439.5867427	22	ER1	0	30
439.5867427	439.632	64	T	0	30
439.632	439.7099852	62	S	0	30
439.7099852	439.836627	4	AE1	0	30
439.836627	439.912	58	N	0	30
439.912	439.9683058	48	D	0	30
439.9683058	440.026813	46	B	0	30
440.026813	440.0699864	56	L	0	30
440.0699864	440.2009456	13	AW1	0	30
440.2009456	440.3282015	62	S	0	30
440.3282015	440.5617779	6	AH0	0	30
440.5617779	440.8035488	69	Z	0	30
451.6946952	451.7265107	49	DH	0	31
451.7265107	451.8466765	6	AH0	0	31
451.8466765	451.9448896	64	T	0	31
451.9448896	452.122	44	UW1	0	31
452.122	452.2019261	1	AA1	0	31
452.2019261	452.312	61	R	0	31
452.312	452.3616676	64	T	0	31
452.3616676	452.442	6	AH0	0	31
452.442	452.5697122	62	S	0	31
452.5697122	452.6030102	64	T	0	31
452.6030102	452.682	27	IH0	0	31
452.682	452.7258558	54	K	0	31
452.7258558	452.8494705	62	S	0	31
452.8494705	452.952367	47	CH	0	31
452.952367	453.192	25	EY1	0	31
453.192	453.2650326	58	N	0	31
453.2650326	453.3643313	53	JH	0	31
453.3643313	453.4082242	48	D	0	31
453.4082242	453.572	10	AO1	0	31
453.572	453.622	64	T	0	31
453.622	453.682	6	AH0	0	31
453.682	453.732	51	G	0	31
453.732	453.8276446	61	R	0	31
453.8276446	454.0088237	5	AE2	0	31
454.0088237	454.072	50	F	0	31
454.072	454.332	62	S	0	31
464.8291497	464.8600906	46	B	0	32
464.8600906	464.9111791	7	AH1	0	32
464.9111791	464.9435591	64	T	0	32
464.9435591	465.022	21	ER0	0	32
465.022	465.1565477	62	S	0	32
465.1565477	465.1903668	54	K	0	32
465.1903668	465.3082251	2	AA2	0	32
465.3082251	465.452	47	CH	0	32
465.452	465.5467516	50	F	0	32
465.5467516	465.7463539	7	AH1	0	32
465.7463539	465.8773131	53	JH	0	32
465.8773131	465.922	51	G	0	32
465.922	466.0426186	35	OW1	0	32
466.0426186	466.182	69	Z	0	32
466.182	466.3119991	67	W	0	32
466.3119991	466.472	19	EH1	0	32
466.472	466.582	56	L	0	32
466.582	466.612	67	W	0	32
466.612	466.6690787	28	IH1	0	32
466.6690787	466.752	65	TH	0	32
466.752	466.8127975	66	V	0	32
466.8127975	466.872	6	AH0	0	32
466.872	466.9394394	58	N	0	32
466.9394394	467.002	28	IH1	0	32
467.002	467.092	56	L	0	32
467.092	467.1573593	6	AH0	0	32
467.1573593	467.3533265	16	AY1	0	32
467.3533265	467.5087506	62	S	0	32
467.5087506	467.6030124	54	K	0	32
467.6030124	467.722	61	R	0	32
467.722	467.772	32	IY1	0	32
467.772	467.972	57	M	0	32
478.6286537	478.682	61	R	0	33
478.682	478.8085427	28	IH1	0	33
478.8085427	479.0287516	47	CH	0	33
479.0287516	479.0884748	60	P	0	33
479.0884748	479.2417028	22	ER1	0	33
479.2417028	479.3474776	47	CH	0	33
479.3474776	479.4438981	6	AH0	0	33
479.4438981	479.612	62	S	0	33
479.612	479.642	64	T	0	33
479.642	479.6841924	62	S	0	33
479.6841924	479.802	19	EH1	0	33
479.802	479.882	66	V	0	33
479.882	479.9432326	61	R	0	33
479.9432326	479.9934525	6	AH0	0	33
479.9934525	480.0359064	56	L	0	33
480.0359064	480.2287474	62	S	0	33
480.2287474	480.4441178	16	AY1	0	33
480.4441178	480.5067192	58	N	0	33
480.5067192	480.5700401	48	D	0	33
480.5700401	480.6419583	56	L	0	33
480.6419583	480.712	28	IH1	0	33
480.712	480.8160909	65	TH	0	33
480.8160909	480.919707	6	AH0	0	33
480.919707	480.9660439	51	G	0	33
480.9660439	481.0401581	61	R	0	33
481.0401581	481.2354244	5	AE2	0	33
481.2354244	481.282	50	F	0	33
481.282	481.5897126	62	S	0	33
492.4034323	492.5084875	19	EH1	0	34
492.5084875	492.5559782	58	N	0	34
492.5559782	492.7164392	31	IY0	0	34
492.7164392	492.7862361	54	K	0	34
492.7862361	492.8899885	2	AA2	0	34
492.8899885	492.9338814	58	N	0	34
492.9338814	493.0281433	64	T	0	34
493.0281433	493.052	61	R	0	34
493.052	493.1331984	6	AH0	0	34
493.1331984	493.172	46	B	0	34
493.172	493.202	68	Y	0	34
493.202	493.2924188	44	UW1	0	34
493.2924188	493.4373161	63	SH	0	34
493.4373161	493.5092717	6	AH0	0	34
493.5092717	493.6438287	58	N	0	34
493.6438287	493.7300512	69	Z	0	34
493.7300512	493.802	67	W	0	34
493.802	493.832	6	AH0	0	34
493.832	493.9660656	56	L	0	34
493.9660656	493.992	46	B	0	34
493.992	494.1391125	32	IY1	0	34
494.1391125	494.1808468	51	G	0	34
494.1808468	494.232	61	R	0	34
494.232	494.3564184	25	EY1	0	34
494.3564184	494.402	64	T	0	34
494.402	494.4436397	56	L	0	34
494.4436397	494.5645065	31	IY0	0	34
494.5645065	494.6817941	6	AH0	0	34
494.6817941	494.7523106	60	P	0	34
494.7523106	494.812	61	R	0	34
494.812	494.8843428	32	IY1	0	34
494.8843428	495.0484016	63	SH	0	34
495.0484016	495.102	31	IY0	0	34
495.102	495.299663	26	EY2	0	34
495.299663	495.322	64	T	0	34
495.322	495.4397406	6	AH0	0	34
495.4397406	495.582	48	D	0	34
505.6741548	505.712	49	DH	0	35
505.712	505.8124037	6	AH0	0	35
505.8124037	505.8757247	54	K	0	35
505.8757247	505.902	61	R	0	35
505.902	506.0506015	4	AE1	0	35
506.0506015	506.112	58	N	0	35
506.112	506.162	46	B	0	35
506.162	506.2196351	20	EH2	0	35
506.2196351	506.312	61	R	0	35
506.312	506.4743826	31	IY0	0	35
506.4743826	506.502	46	B	0	35
506.502	506.712	1	AA1	0	35
506.712	506.861119	51	G	0	35
506.861119	506.893499	51	G	0	35
506.893499	506.9913587	28	IH1	0	35
506.9913587	507.002	64	T	0	35
507.002	507.068134	62	S	0	35
507.068134	507.1746157	66	V	0	35
507.1746157	507.2501691	19	EH1	0	35
507.2501691	507.3789696	61	R	0	35
507.3789696	507.5012941	31	IY0	0	35
507.5012941	507.5559804	60	P	0	35
507.5559804	507.632	61	R	0	35
507.632	507.6919825	28	IH1	0	35
507.6919825	507.7344363	64	T	0	35
507.7344363	507.8337351	31	IY0	0	35
507.8337351	507.9344729	28	IH1	0	35
507.9344729	508.0468166	58	N	0	35
508.0468166	508.252	10	AO1	0	35
508.252	508.2993186	64	T	0	35
508.2993186	508.392	6	AH0	0	35
508.392	508.5720303	57	M	0	35
517.6055831	517.680527	52	HH	0	36
517.680527	517.931652	13	AW1	0	36
517.931652	518.0004502	48	D	0	36
518.0004502	518.1679825	44	UW1	0	36
518.1679825	518.3680191	38	OY1	0	36
518.3680191	518.5104912	62	S	0	36
518.5104912	518.5461029	64	T	0	36
518.5461029	518.652	21	ER0	0	36
518.652	518.7612501	69	Z	0	36
518.7612501	518.8432795	57	M	0	36
518.8432795	519.0036784	25	EY1	0	36
519.0036784	519.1036967	54	K	0	36
519.1036967	519.1490287	60	P	0	36
519.1490287	519.2792497	22	ER1	0	36
519.2792497	519.522	56	L	0	36
519.522	519.812	69	Z	0	36
529.7875055	529.8493873	57	M	0	37
529.8493873	530.162	25	EY1	0	37
530.162	530.2091653	16	AY1	0	37
530.2091653	530.3165342	10	AO1	0	37
530.3165342	530.402	61	R	0	37
530.402	530.4489325	48	D	0	37
530.4489325	530.5543845	21	ER0	0	37
530.5543845	530.8058631	25	EY1	0	37
530.8058631	530.869184	60	P	0	37
530.869184	530.912	1	AA1	0	37
530.912	530.982	61	R	0	37
530.982	531.1373426	50	F	0	37
531.1373426	531.382	25	EY1	0	37
531.382	531.5961401	4	AE1	0	37
531.5961401	531.692	50	F	0	37
531.692	531.750063	64	T	0	37
531.750063	531.8517435	21	ER0	0	37
531.8517435	532.0608117	16	AY1	0	37
532.0608117	532.2104793	32	IY1	0	37
532.2104793	532.3090585	64	T	0	37
532.3090585	532.342	48	D	0	37
532.342	532.422	28	IH1	0	37
532.422	532.502	58	N	0	37
532.502	532.752	21	ER0	0	37
543.7450265	543.822	28	IH1	0	38
543.822	543.8849057	69	Z	0	38
543.8849057	544.089917	63	SH	0	38
544.089917	544.2776156	32	IY1	0	38
544.2776156	544.3186303	51	G	0	38
544.3186303	544.512	35	OW1	0	38
544.512	544.5849155	27	IH0	0	38
544.5849155	544.6662254	59	NG	0	38
544.6662254	544.744657	67	W	0	38
544.744657	544.7892694	28	IH1	0	38
544.7892694	544.9072766	65	TH	0	38
544.9072766	545.0049004	68	Y	0	38
545.0049004	545.272	44	UW1	0	38
554.9827258	555.072	54	K	0	39
555.072	555.1388694	4	AE1	0	39
555.1388694	555.2316922	58	N	0	39
555.2316922	555.2640722	49	DH	0	39
555.2640722	555.3669687	6	AH0	0	39
555.3669687	555.5594436	25	EY1	0	39
555.5594436	555.602617	53	JH	0	39
555.602617	555.642	6	AH0	0	39
555.642	555.6968788	58	N	0	39
555.6968788	555.834314	62	S	0	39
555.834314	555.982	31	IY0	0	39
555.982	556.1193077	35	OW1	0	39
556.1193077	556.192	66	V	0	39
556.192	556.2647943	21	ER0	0	39
556.2647943	556.3777646	65	TH	0	39
556.3777646	556.4487649	61	R	0	39
556.4487649	556.6552775	36	OW2	0	39
556.6552775	556.7991887	25	EY1	0	39
556.7991887	556.8951315	56	L	0	39
556.8951315	556.972	31	IY0	0	39
556.972	557.0152973	6	AH0	0	39
557.0152973	557.092	58	N	0	39
557.092	557.1747409	50	F	0	39
557.1747409	557.2704418	10	AO1	0	39
557.2704418	557.342	61	R	0	39
557.342	557.4697588	62	S	0	39
557.4697588	557.6231359	6	AH0	0	39
557.6231359	557.882	69	Z	0	39
567.6560365	567.702	6	AH0	0	40
567.702	567.832	62	S	0	40
567.832	567.879082	54	K	0	40
567.879082	567.9100229	61	R	0	40
567.9100229	568.0258714	44	UW1	0	40
568.0258714	568.0841554	48	D	0	40
568.0841554	568.162	61	R	0	40
568.162	568.2767172	17	AY2	0	40
568.2767172	568.3551301	66	V	0	40
568.3551301	568.492	21	ER0	0	40
568.492	568.6299197	28	IH1	0	40
568.6299197	568.752	69	Z	0	40
568.752	568.832115	57	M	0	40
568.832115	569.0112844	25	EY1	0	40
569.0112844	569.072	48	D	0	40
569.072	569.15411	50	F	0	40
569.15411	569.202	21	ER0	0	40
569.202	569.292	57	M	0	40
569.292	569.3898886	66	V	0	40
569.3898886	569.5928528	1	AA1	0	40
569.5928528	569.6820778	48	D	0	40
569.6820778	569.7079818	54	K	0	40
569.7079818	569.864845	6	AH0	0	40
569.864845	569.992	4	AE1	0	40
569.992	570.0725175	58	N	0	40
570.0725175	570.082	48	D	0	40
570.082	570.212	10	AO1	0	40
570.212	570.2602595	61	R	0	40
570.2602595	570.2962373	6	AH0	0	40
570.2962373	570.352	58	N	0	40
570.352	570.4509418	53	JH	0	40
570.4509418	570.5557612	53	JH	0	40
570.5557612	570.7595651	44	UW1	0	40
570.7595651	571.092	62	S	0	40
581.1168241	581.2064059	52	HH	0	41
581.2064059	581.3119406	13	AW1	0	41
581.3119406	581.4027495	57	M	0	41
581.4027495	581.482	7	AH1	0	41
581.482	581.5806859	47	CH	0	41
581.5806859	581.7107636	6	AH0	0	41
581.7107636	581.813844	56	L	0	41
581.813844	581.9783971	13	AW1	0	41
581.9783971	582.092	6	AH0	0	41
582.092	582.152	58	N	0	41
582.152	582.297761	62	S	0	41
582.297761	582.322	48	D	0	41
582.322	582.472	44	UW1	0	41
582.472	582.5421003	68	Y	0	41
582.5421003	582.7045684	44	UW1	0	41
582.7045684	582.732	51	G	0	41
582.732	582.936384	19	EH1	0	41
582.936384	583.112	64	T	0	41
593.0981932	593.2949856	62	S	0	42
593.2949856	593.4528771	28	IH1	0	42
593.4528771	593.4929221	54	K	0	42
593.4929221	593.524958	56	L	0	42
593.524958	593.6130569	27	IH0	0	42
593.6130569	593.6485253	54	K	0	42
593.6485253	593.702	6	AH0	0	42
593.702	593.847606	56	L	0	42
593.847606	593.9357819	60	P	0	42
593.9357819	593.9884124	61	R	0	42
593.9884124	594.090241	35	OW1	0	42
594.090241	594.1348626	51	G	0	42
594.1348626	594.2046552	61	R	0	42
594.2046552	594.282	5	AE2	0	42
594.282	594.348817	57	M	0	42
594.348817	594.462	69	Z	0	42
594.462	594.502	67	W	0	42
594.502	594.532	6	AH0	0	42
594.532	594.582	56	L	0	42
594.582	594.6994851	58	N	0	42
594.6994851	594.7990254	19	EH1	0	42
594.7990254	594.8722505	66	V	0	42
594.8722505	595.0335744	21	ER0	0	42
595.0335744	595.072	54	K	0	42
595.072	595.102	6	AH0	0	42
595.102	595.2229877	57	M	0	42
595.2229877	595.3465629	60	P	0	42
595.3465629	595.482	16	AY1	0	42
595.482	595.692	56	L	0	42
605.9067762	605.9231047	49	DH	0	43
605.9231047	605.952	6	AH0	0	43
605.952	606.0441171	46	B	0	43
606.0441171	606.212354	1	AA1	0	43
606.212354	606.332	62	S	0	43
606.332	606.4002781	64	T	0	43
606.4002781	606.4366199	6	AH0	0	43
606.4366199	606.5655634	58	N	0	43
606.5655634	606.582	46	B	0	43
606.582	606.7249457	3	AE0	0	43
606.7249457	606.8306524	56	L	0	43
606.8306524	607.062952	25	EY1	0	43
607.062952	607.2339641	35	OW1	0	43
607.2339641	607.282	66	V	0	43
607.282	607.4589017	21	ER0	0	43
607.4589017	607.551501	54	K	0	43
607.551501	607.832	25	EY1	0	43
607.832	608.0317815	57	M	0	43
608.0317815	608.112	49	DH	0	43
608.112	608.2001547	19	EH1	0	43
608.2001547	608.2603702	61	R	0	43
608.2603702	608.3976616	50	F	0	43
608.3976616	608.492	7	AH1	0	43
608.492	608.6002161	58	N	0	43
608.6002161	608.6194851	48	D	0	43
608.6194851	608.7302817	27	IH0	0	43
608.7302817	608.8408479	59	NG	0	43
608.8408479	609.0576238	63	SH	0	43
609.0576238	609.1298824	10	AO1	0	43
609.1298824	609.222	61	R	0	43
609.222	609.2671738	64	T	0	43
609.2671738	609.5176704	6	AH0	0	43
609.5176704	609.8007442	53	JH	0	43
619.5634765	619.662	19	EH1	0	44
619.662	619.7269761	66	V	0	44
619.7269761	619.7747861	61	R	0	44
619.7747861	619.9313465	31	IY0	0	44
619.9313465	619.982	54	K	0	44
619.982	620.222	4	AE1	0	44
620.222	620.332741	46	B	0	44
620.332741	620.4146341	58	N	0	44
620.4146341	620.5182048	32	IY1	0	44
620.5182048	620.582	48	D	0	44
620.582	620.6554962	69	Z	0	44
620.6554962	620.7735187	61	R	0	44
620.7735187	620.9348963	31	IY0	0	44
620.9348963	621.0000049	60	P	0	44
621.0000049	621.112	25	EY1	0	44
621.112	621.2135021	58	N	0	44
621.2135021	621.2640832	64	T	0	44
621.2640832	621.352	27	IH0	0	44
621.352	621.4736332	59	NG	0	44
621.4736332	621.6735488	10	AO1	0	44
621.6735488	621.8325178	50	F	0	44
621.8325178	621.872	64	T	0	44
621.872	621.982	6	AH0	0	44
621.982	622.162	58	N	0	44
630.794039	630.8621591	52	HH	0	45
630.8621591	630.9344177	19	EH1	0	45
630.9344177	631.0239571	56	L	0	45
631.0239571	631.0856831	60	P	0	45
631.0856831	631.172	51	G	0	45
631.172	631.2427212	61	R	0	45
631.2427212	631.4233678	19	EH1	0	45
631.4233678	631.5341644	51	G	0	45
631.5341644	631.6016058	64	T	0	45
631.6016058	631.6834989	44	UW1	0	45
631.6834989	631.8617368	74	sp	0	45
631.8617368	631.9256375	60	P	0	45
631.9256375	632.087007	28	IH1	0	45
632.087007	632.2085272	54	K	0	45
632.2085272	632.4216709	25	EY1	0	45
632.4216709	632.5047876	60	P	0	45
632.5047876	632.6703386	19	EH1	0	45
632.6703386	632.7528756	54	K	0	45
632.7528756	632.822	7	AH1	0	45
632.822	632.8973928	66	V	0	45
632.8973928	632.9915038	74	sp	0	45
632.9915038	633.010598	60	P	0	45
633.010598	633.132548	6	AH0	0	45
633.132548	633.2215833	64	T	0	45
633.2215833	633.3902977	25	EY1	0	45
633.3902977	633.5225642	64	T	0	45
633.5225642	633.7105333	34	OW0	0	45
633.7105333	633.992	69	Z	0	45
642.462	642.6110315	74	sp	0	46
642.6110315	642.692	67	W	0	46
642.692	642.7844522	32	IY1	0	46
642.7844522	642.8711626	56	L	0	46
642.8711626	643.0156798	16	AY1	0	46
643.0156798	643.0998023	54	K	0	46
643.0998023	643.1961472	46	B	0	46
643.1961472	643.2756317	56	L	0	46
643.2756317	643.4201489	44	UW1	0	46
643.4201489	643.5694834	47	CH	0	46
643.5694834	643.8151628	32	IY1	0	46
643.8151628	644.0535652	69	Z	0	46
644.0535652	644.0680169	46	B	0	46
644.0680169	644.172	7	AH1	0	46
644.172	644.2326745	64	T	0	46
644.2326745	644.342	66	V	0	46
644.342	644.490397	28	IH1	0	46
644.490397	644.5626556	54	K	0	46
644.5626556	644.6204625	64	T	0	46
644.6204625	644.839596	21	ER0	0	46
644.839596	644.9015914	56	L	0	46
644.9015914	645.0852753	16	AY1	0	46
645.0852753	645.0973184	54	K	0	46
645.0973184	645.182	62	S	0	46
645.182	645.292	46	B	0	46
645.292	645.4041264	61	R	0	46
645.4041264	645.662	32	IY1	0	46
655.1028869	655.1944145	54	K	0	47
655.1944145	655.2887864	13	AW1	0	47
655.2887864	655.332	58	N	0	47
655.332	655.3827227	64	T	0	47
655.3827227	655.4044002	49	DH	0	47
655.4044002	655.4597985	7	AH1	0	47
655.4597985	655.5441003	58	N	0	47
655.5441003	655.6308106	7	AH1	0	47
655.6308106	655.7151124	57	M	0	47
655.7151124	655.732	46	B	0	47
655.732	655.922	21	ER0	0	47
655.922	656.0518326	7	AH1	0	47
656.0518326	656.1409516	66	V	0	47
656.1409516	656.2247666	64	T	0	47
656.2247666	656.2970252	32	IY1	0	47
656.2970252	656.4487684	62	S	0	47
656.4487684	656.482	60	P	0	47
656.482	656.5740167	45	UW2	0	47
656.5740167	656.632	58	N	0	47
656.632	656.6824046	69	Z	0	47
656.6824046	656.7474374	7	AH1	0	47
656.7474374	656.792	66	V	0	47
656.792	656.9425357	62	S	0	47
656.9425357	657.1207736	38	OY1	0	47
657.1207736	657.2436133	62	S	0	47
657.2436133	657.4319214	11	AO2	0	47
657.4319214	657.5860221	62	S	0	47
657.5860221	657.6076997	49	DH	0	47
657.6076997	657.7546256	4	AE1	0	47
657.7546256	657.8774653	64	T	0	47
657.8774653	657.9400894	68	Y	0	47
657.9400894	657.9930791	44	UW1	0	47
657.9930791	658.3134257	4	AE1	0	47
658.3134257	658.362	48	D	0	47
667.4285475	667.4526337	46	B	0	48
667.4526337	667.6067855	4	AE1	0	48
667.6067855	667.7320338	51	G	0	48
667.7320338	667.8139269	60	P	0	48
667.8139269	667.9632614	17	AY2	0	48
667.9632614	667.9801218	60	P	0	48
667.9801218	668.072	62	S	0	48
668.072	668.1776287	4	AE1	0	48
668.1776287	668.242	58	N	0	48
668.242	668.322146	48	D	0	48
668.322146	668.352	46	B	0	48
668.352	668.482	1	AA1	0	48
668.482	668.5890162	59	NG	0	48
668.5890162	668.615511	51	G	0	48
668.615511	668.7696628	36	OW2	0	48
668.7696628	668.8491473	69	Z	0	48
668.8491473	668.9406749	1	AA1	0	48
668.9406749	669.012	61	R	0	48
669.012	669.112	57	M	0	48
669.112	669.1719025	68	Y	0	48
669.1719025	669.2200749	44	UW1	0	48
669.2200749	669.322	69	Z	0	48
669.322	669.3878842	27	IH0	0	48
669.3878842	669.422	54	K	0	48
669.422	669.5380129	6	AH0	0	48
669.5380129	669.5781653	56	L	0	48
669.5781653	669.6696929	28	IH1	0	48
669.6696929	669.722	58	N	0	48
669.722	669.842	62	S	0	48
669.842	669.892	64	T	0	48
669.892	669.922	61	R	0	48
669.922	669.952	6	AH0	0	48
669.952	670.0285774	57	M	0	48
670.0285774	670.162	6	AH0	0	48
670.162	670.2309016	58	N	0	48
670.2309016	670.2501706	64	T	0	48
670.2501706	670.492	62	S	0	48
680.7796658	680.8519244	52	HH	0	49
680.8519244	681.1000124	13	AW1	0	49
681.1000124	681.1313245	51	G	0	49
681.1313245	681.2763109	41	UH1	0	49
681.2763109	681.311971	48	D	0	49
681.311971	681.412	28	IH1	0	49
681.412	681.5057113	69	Z	0	49
681.5057113	681.562	68	Y	0	49
681.562	681.652	41	UH1	0	49
681.652	681.762	61	R	0	49
681.762	681.838101	19	EH1	0	49
681.838101	681.9416717	58	N	0	49
681.9416717	681.962	48	D	0	49
681.962	682.1199097	21	ER0	0	49
682.1199097	682.212	6	AH0	0	49
682.212	682.3294597	58	N	0	49
682.3294597	682.602	62	S	0	49
1447.632612	1447.682	1	AA1	1	0
1447.682	1447.748813	61	R	1	0
1447.748813	1447.792	68	Y	1	0
1447.792	1447.902	41	UH1	1	0
1447.902	1447.950947	61	R	1	0
1447.950947	1448.022	51	G	1	0
1448.022	1448.086608	61	R	1	0
1448.086608	1448.232	25	EY1	1	0
1448.232	1448.282	48	D	1	0
1448.282	1448.347805	69	Z	1	0
1448.347805	1448.458955	52	HH	1	0
1448.458955	1448.615826	16	AY1	1	0
1448.615826	1448.808225	21	ER0	1	0
1448.808225	1448.949409	10	AO1	1	0
1448.949409	1449.012	61	R	1	0
1449.012	1449.09915	56	L	1	0
1449.09915	1449.266224	35	OW1	1	0
1449.266224	1449.392	21	ER0	1	0
1449.392	1449.46316	49	DH	1	0
1449.46316	1449.525909	4	AE1	1	0
1449.525909	1449.580101	58	N	1	0
1449.580101	1449.645702	58	N	1	0
1449.645702	1449.725563	4	AE1	1	0
1449.725563	1449.882	58	N	1	0
1449.882	1450.013636	62	S	1	0
1450.013636	1450.242597	31	IY0	1	0
1450.242597	1450.542	69	Z	1	0
1460.262	1460.308746	74	sp	1	1
1460.308746	1460.522	63	SH	1	1
1460.522	1460.699977	32	IY1	1	1
1460.699977	1460.842721	67	W	1	1
1460.842721	1460.924009	10	AO1	1	1
1460.924009	1461.020984	61	R	1	1
1461.020984	1461.157507	67	W	1	1
1461.157507	1461.262	10	AO1	1	1
1461.262	1461.340048	61	R	1	1
1461.340048	1461.499267	57	M	1	1
1461.499267	1461.62212	50	F	1	1
1461.62212	1461.672	56	L	1	1
1461.672	1461.792	32	IY1	1	1
1461.792	1461.945845	62	S	1	1
1461.945845	1462.051377	31	IY0	1	1
1462.051377	1462.175926	67	W	1	1
1462.175926	1462.250084	41	UH1	1	1
1462.250084	1462.339928	56	L	1	1
1462.339928	1462.402	6	AH0	1	1
1462.402	1462.463999	58	N	1	1
1462.463999	1462.630642	35	OW1	1	1
1462.630642	1462.702	66	V	1	1
1462.702	1462.858819	21	ER0	1	1
1462.858819	1463.03423	11	AO2	1	1
1463.03423	1463.107918	56	L	1	1
1463.107918	1463.328964	69	Z	1	1
1472.187942	1472.292	61	R	1	2
1472.292	1472.342	32	IY1	1	2
1472.342	1472.391874	48	D	1	2
1472.391874	1472.498832	27	IH0	1	2
1472.498832	1472.582	59	NG	1	2
1472.582	1472.622	28	IH1	1	2
1472.622	1472.791183	58	N	1	2
1472.791183	1472.882	60	P	1	2
1472.882	1472.952	41	UH1	1	2
1472.952	1473.061884	61	R	1	2
1473.061884	1473.147451	56	L	1	2
1473.147451	1473.278011	16	AY1	1	2
1473.278011	1473.313922	64	T	1	2
1473.313922	1473.462	51	G	1	2
1473.462	1473.543266	28	IH1	1	2
1473.543266	1473.591753	66	V	1	2
1473.591753	1473.672	69	Z	1	2
1473.672	1473.725989	68	Y	1	2
1473.725989	1473.795868	44	UW1	1	2
1473.795868	1474.016914	16	AY1	1	2
1474.016914	1474.178063	62	S	1	2
1474.178063	1474.247942	64	T	1	2
1474.247942	1474.362	61	R	1	2
1474.362	1474.498937	26	EY2	1	2
1474.498937	1474.648677	58	N	1	2
1485.050459	1485.172	32	IY1	1	3
1485.172	1485.242	66	V	1	3
1485.242	1485.288618	6	AH0	1	3
1485.288618	1485.327123	58	N	1	3
1485.327123	1485.652	16	AY1	1	3
1485.652	1485.763511	6	AH0	1	3
1485.763511	1485.828384	54	K	1	3
1485.828384	1485.985255	25	EY1	1	3
1485.985255	1486.092	70	ZH	1	3
1486.092	1486.137848	6	AH0	1	3
1486.137848	1486.203449	58	N	1	3
1486.203449	1486.253362	56	L	1	3
1486.253362	1486.381587	31	IY0	1	3
1486.381587	1486.422	51	G	1	3
1486.422	1486.485693	28	IH1	1	3
1486.485693	1486.571259	64	T	1	3
1486.571259	1486.622	49	DH	1	3
1486.622	1486.652	6	AH0	1	3
1486.652	1486.733835	57	M	1	3
1486.733835	1486.812	7	AH1	1	3
1486.812	1486.904928	58	N	1	3
1486.904928	1486.932	48	D	1	3
1486.932	1487.096725	26	EY2	1	3
1487.096725	1487.177314	46	B	1	3
1487.177314	1487.2265	56	L	1	3
1487.2265	1487.500312	44	UW1	1	3
1487.500312	1487.721358	69	Z	1	3
1497.775192	1497.832	67	W	1	4
1497.832	1497.919073	32	IY1	1	4
1497.919073	1497.983248	21	ER0	1	4
1497.983248	1498.245651	35	OW1	1	4
1498.245651	1498.27132	60	P	1	4
1498.27132	1498.322	6	AH0	1	4
1498.322	1498.396818	58	N	1	4
1498.396818	1498.53515	19	EH1	1	4
1498.53515	1498.632125	66	V	1	4
1498.632125	1498.682	61	R	1	4
1498.682	1498.751917	31	IY0	1	4
1498.751917	1498.838096	57	M	1	4
1498.838096	1498.952	7	AH1	1	4
1498.952	1499.023489	58	N	1	4
1499.023489	1499.062	48	D	1	4
1499.062	1499.17345	26	EY2	1	4
1499.17345	1499.419535	32	IY1	1	4
1499.419535	1499.474358	66	V	1	4
1499.474358	1499.542	58	N	1	4
1499.542	1499.67116	27	IH0	1	4
1499.67116	1499.842	59	NG	1	4
1510.029422	1510.081088	28	IH1	1	5
1510.081088	1510.103484	64	T	1	5
1510.103484	1510.222	62	S	1	5
1510.222	1510.272	58	N	1	5
1510.272	1510.458142	1	AA1	1	5
1510.458142	1510.482	64	T	1	5
1510.482	1510.657855	32	IY1	1	5
1510.657855	1510.760875	69	Z	1	5
1510.760875	1510.897489	31	IY0	1	5
1510.897489	1510.978114	64	T	1	5
1510.978114	1511.058709	44	UW1	1	5
1511.058709	1511.162849	54	K	1	5
1511.162849	1511.222	61	R	1	5
1511.222	1511.265434	31	IY0	1	5
1511.265434	1511.310226	25	EY1	1	5
1511.310226	1511.341659	64	T	1	5
1511.341659	1511.434522	29	IH2	1	5
1511.434522	1511.522986	56	L	1	5
1511.522986	1511.612	44	UW1	1	5
1511.612	1511.693193	57	M	1	5
1511.693193	1511.730146	6	AH0	1	5
1511.730146	1511.782	58	N	1	5
1511.782	1511.91519	26	EY2	1	5
1511.91519	1511.952	64	T	1	5
1511.952	1511.994695	27	IH0	1	5
1511.994695	1512.132	59	NG	1	5
1512.132	1512.20807	27	IH0	1	5
1512.20807	1512.26846	51	G	1	5
1512.26846	1512.361967	69	Z	1	5
1512.361967	1512.437941	4	AE1	1	5
1512.437941	1512.619111	57	M	1	5
1512.619111	1512.664805	60	P	1	5
1512.664805	1512.7702	6	AH0	1	5
1512.7702	1512.857602	56	L	1	5
1512.857602	1513.142	69	Z	1	5
1526.445214	1526.546753	57	M	1	6
1526.546753	1526.659861	7	AH1	1	6
1526.659861	1526.772	57	M	1	6
1526.772	1526.940059	62	S	1	6
1526.940059	1527.021034	64	T	1	6
1527.021034	1527.092	61	R	1	6
1527.092	1527.195837	10	AO1	1	6
1527.195837	1527.272	59	NG	1	6
1527.272	1527.36153	56	L	1	6
1527.36153	1527.628238	31	IY0	1	6
1527.628238	1527.652	48	D	1	6
1527.652	1527.732684	29	IH2	1	6
1527.732684	1527.882	62	S	1	6
1527.882	1527.944761	56	L	1	6
1527.944761	1528.055298	16	AY1	1	6
1528.055298	1528.115707	54	K	1	6
1528.115707	1528.187685	62	S	1	6
1528.187685	1528.465244	4	AE1	1	6
1528.465244	1528.482	60	P	1	6
1528.482	1528.568069	6	AH0	1	6
1528.568069	1528.620767	64	T	1	6
1528.620767	1528.812278	17	AY2	1	6
1528.812278	1528.912533	69	Z	1	6
1528.912533	1529.12461	21	ER0	1	6
1529.12461	1529.367577	69	Z	1	6
1540.113162	1540.152	49	DH	1	7
1540.152	1540.304286	35	OW1	1	7
1540.304286	1540.432	69	Z	1	7
1540.432	1540.462	52	HH	1	7
1540.462	1540.632161	44	UW1	1	7
1540.632161	1540.707995	64	T	1	7
1540.707995	1540.812	32	IY1	1	7
1540.812	1540.945277	47	CH	1	7
1540.945277	1541.012	66	V	1	7
1541.012	1541.172	4	AE1	1	7
1541.172	1541.219015	56	L	1	7
1541.219015	1541.317984	68	Y	1	7
1541.317984	1541.4041	43	UW0	1	7
1541.4041	1541.545484	69	Z	1	7
1541.545484	1541.631255	50	F	1	7
1541.631255	1541.768784	22	ER1	1	7
1541.768784	1541.91531	62	S	1	7
1541.91531	1541.95901	64	T	1	7
1541.95901	1542.036759	6	AH0	1	7
1542.036759	1542.122875	46	B	1	7
1542.122875	1542.282	1	AA1	1	7
1542.282	1542.332	56	L	1	7
1542.332	1542.376082	29	IH2	1	7
1542.376082	1542.512	63	SH	1	7
1542.512	1542.647059	47	CH	1	7
1542.647059	1542.802582	32	IY1	1	7
1542.802582	1542.832	64	T	1	7
1542.832	1542.970958	27	IH0	1	7
1542.970958	1543.147046	59	NG	1	7
1553.818961	1553.834214	49	DH	1	8
1553.834214	1553.892	7	AH1	1	8
1553.892	1554.022	50	F	1	8
1554.022	1554.072	61	R	1	8
1554.072	1554.152	16	AY1	1	8
1554.152	1554.176107	64	T	1	8
1554.176107	1554.222	6	AH0	1	8
1554.222	1554.322	58	N	1	8
1554.322	1554.345768	48	D	1	8
1554.345768	1554.461447	47	CH	1	8
1554.461447	1554.632	16	AY1	1	8
1554.632	1554.71976	56	L	1	8
1554.71976	1554.798164	48	D	1	8
1554.798164	1554.827183	67	W	1	8
1554.827183	1554.872	7	AH1	1	8
1554.872	1554.999415	69	Z	1	8
1554.999415	1555.061386	53	JH	1	8
1555.061386	1555.126937	19	EH1	1	8
1555.126937	1555.17835	58	N	1	8
1555.17835	1555.227192	64	T	1	8
1555.227192	1555.252	56	L	1	8
1555.252	1555.322	31	IY0	1	8
1555.322	1555.448266	62	S	1	8
1555.448266	1555.516819	6	AH0	1	8
1555.516819	1555.578514	46	B	1	8
1555.578514	1555.601649	48	D	1	8
1555.601649	1555.712894	44	UW1	1	8
1555.712894	1555.792	48	D	1	8
1555.792	1555.850422	46	B	1	8
1555.850422	1555.952	16	AY1	1	8
1555.952	1556.017513	52	HH	1	8
1556.017513	1556.107485	28	IH1	1	8
1556.107485	1556.320269	69	Z	1	8
1556.320269	1556.347261	46	B	1	8
1556.347261	1556.434662	28	IH1	1	8
1556.434662	1556.579807	51	G	1	8
1556.579807	1556.607332	46	B	1	8
1556.607332	1556.66532	61	R	1	8
1556.66532	1556.772	7	AH1	1	8
1556.772	1556.834981	49	DH	1	8
1556.834981	1557.057306	21	ER0	1	8
1567.767052	1567.925815	32	IY1	1	9
1567.925815	1567.992	66	V	1	9
1567.992	1568.052	6	AH0	1	9
1568.052	1568.132	58	N	1	9
1568.132	1568.242	6	AH0	1	9
1568.242	1568.40867	62	S	1	9
1568.40867	1568.462	28	IH1	1	9
1568.462	1568.57062	57	M	1	9
1568.57062	1568.5899	60	P	1	9
1568.5899	1568.697443	6	AH0	1	9
1568.697443	1568.72572	56	L	1	9
1568.72572	1568.772	66	V	1	9
1568.772	1568.896667	34	OW0	1	9
1568.896667	1568.946794	54	K	1	9
1568.946794	1569.102	4	AE1	1	9
1569.102	1569.172	46	B	1	9
1569.172	1569.255977	68	Y	1	9
1569.255977	1569.362658	6	AH0	1	9
1569.362658	1569.416641	56	L	1	9
1569.416641	1569.462	20	EH2	1	9
1569.462	1569.562	61	R	1	9
1569.562	1569.65828	31	IY0	1	9
1569.65828	1569.70242	54	K	1	9
1569.70242	1569.743551	6	AH0	1	9
1569.743551	1569.832	58	N	1	9
1569.832	1569.88622	64	T	1	9
1569.88622	1570.043029	25	EY1	1	9
1570.043029	1570.122	58	N	1	9
1570.122	1570.172	69	Z	1	9
1570.172	1570.25815	62	S	1	9
1570.25815	1570.332	28	IH1	1	9
1570.332	1570.429097	57	M	1	9
1570.429097	1570.482	46	B	1	9
1570.482	1570.621894	6	AH0	1	9
1570.621894	1570.719578	56	L	1	9
1570.719578	1570.989494	69	Z	1	9
1582.612	1582.814251	74	sp	1	10
1582.814251	1582.947923	6	AH0	1	10
1582.947923	1583.010904	54	K	1	10
1583.010904	1583.052	61	R	1	10
1583.052	1583.175156	4	AE1	1	10
1583.175156	1583.252	46	B	1	10
1583.252	1583.376951	47	CH	1	10
1583.376951	1583.512	4	AE1	1	10
1583.512	1583.622	56	L	1	10
1583.622	1583.652	6	AH0	1	10
1583.652	1583.718145	58	N	1	10
1583.718145	1583.833435	53	JH	1	10
1583.833435	1583.895131	48	D	1	10
1583.895131	1583.988536	57	M	1	10
1583.988536	1584.192	32	IY1	1	10
1584.192	1584.282	46	B	1	10
1584.282	1584.346871	7	AH1	1	10
1584.346871	1584.381574	64	T	1	10
1584.381574	1584.512676	6	AH0	1	10
1584.512676	1584.587225	54	K	1	10
1584.587225	1584.612	67	W	1	10
1584.612	1584.714471	28	IH1	1	10
1584.714471	1584.73375	54	K	1	10
1584.73375	1584.89049	62	S	1	10
1584.89049	1584.912	64	T	1	10
1584.912	1585.079431	4	AE1	1	10
1585.079431	1585.132	46	B	1	10
1585.132	1585.212	66	V	1	10
1585.212	1585.28251	4	AE1	1	10
1585.28251	1585.435463	59	NG	1	10
1585.435463	1585.465025	54	K	1	10
1585.465025	1585.499538	67	W	1	10
1585.499538	1585.54581	27	IH0	1	10
1585.54581	1585.685909	63	SH	1	10
1585.685909	1585.724158	64	T	1	10
1585.724158	1585.767858	52	HH	1	10
1585.767858	1585.922	28	IH1	1	10
1585.922	1586.062	57	M	1	10
1599.972	1600.097416	74	sp	1	11
1600.097416	1600.15654	51	G	1	11
1600.15654	1600.187387	56	L	1	11
1600.187387	1600.326201	44	UW1	1	11
1600.326201	1600.391752	54	K	1	11
1600.391752	1600.552417	36	OW2	1	11
1600.552417	1600.677092	62	S	1	11
1600.677092	1600.775362	4	AE1	1	11
1600.775362	1600.831916	58	N	1	11
1600.831916	1600.882	48	D	1	11
1600.882	1601.043993	50	F	1	11
1601.043993	1601.095526	61	R	1	11
1601.095526	1601.19064	44	UW1	1	11
1601.19064	1601.276756	54	K	1	11
1601.276756	1601.333784	64	T	1	11
1601.333784	1601.552	36	OW2	1	11
1601.552	1601.671821	62	S	1	11
1601.671821	1601.840197	21	ER0	1	11
1601.840197	1601.931455	58	N	1	11
1601.931455	1602.074754	4	AE1	1	11
1602.074754	1602.22128	47	CH	1	11
1602.22128	1602.245701	61	R	1	11
1602.245701	1602.272	6	AH0	1	11
1602.272	1602.316393	56	L	1	11
1602.316393	1602.461634	63	SH	1	11
1602.461634	1602.542	41	UH1	1	11
1602.542	1602.614784	51	G	1	11
1602.614784	1602.772878	21	ER0	1	11
1602.772878	1602.912	69	Z	1	11
1602.912	1602.981918	50	F	1	11
1602.981918	1603.152	13	AW1	1	11
1603.152	1603.212	58	N	1	11
1603.212	1603.252	48	D	1	11
1603.252	1603.352	28	IH1	1	11
1603.352	1603.42197	58	N	1	11
1603.42197	1603.566434	50	F	1	11
1603.566434	1603.683398	61	R	1	11
1603.683398	1603.818554	44	UW1	1	11
1603.818554	1603.882	64	T	1	11
1620.444212	1620.582	21	ER0	1	12
1620.582	1620.6462	68	Y	1	12
1620.6462	1620.707628	44	UW1	1	12
1620.707628	1620.777035	56	L	1	12
1620.777035	1620.890142	41	UH1	1	12
1620.890142	1620.950552	54	K	1	12
1620.950552	1621.018674	27	IH0	1	12
1621.018674	1621.082939	59	NG	1	12
1621.082939	1621.202	50	F	1	12
1621.202	1621.303979	10	AO1	1	12
1621.303979	1621.382	61	R	1	12
1621.382	1621.420942	6	AH0	1	12
1621.420942	1621.532765	57	M	1	12
1621.532765	1621.585463	60	P	1	12
1621.585463	1621.661296	56	L	1	12
1621.661296	1621.752553	38	OY1	1	12
1621.752553	1621.846856	57	M	1	12
1621.846856	1621.968961	6	AH0	1	12
1621.968961	1621.993382	58	N	1	12
1621.993382	1622.019088	64	T	1	12
1631.721377	1631.770219	54	K	1	13
1631.770219	1631.926082	1	AA1	1	13
1631.926082	1632.012	50	F	1	13
1632.012	1632.093808	31	IY0	1	13
1632.093808	1632.20563	28	IH1	1	13
1632.20563	1632.314968	69	Z	1	13
1632.314968	1632.36381	51	G	1	13
1632.36381	1632.448641	61	R	1	13
1632.448641	1632.521904	35	OW1	1	13
1632.521904	1632.572031	58	N	1	13
1632.572031	1632.702	1	AA1	1	13
1632.702	1632.762	58	N	1	13
1632.762	1632.933204	62	S	1	13
1632.933204	1632.962	64	T	1	13
1632.962	1633.144194	32	IY1	1	13
1633.144194	1633.284552	60	P	1	13
1633.284552	1633.361412	53	JH	1	13
1633.361412	1633.452	7	AH1	1	13
1633.452	1633.530107	59	NG	1	13
1633.530107	1633.552	51	G	1	13
1633.552	1633.602	6	AH0	1	13
1633.602	1633.642	56	L	1	13
1633.642	1633.706195	56	L	1	13
1633.706195	1633.870715	16	AY1	1	13
1633.870715	1633.902	54	K	1	13
1633.902	1634.091798	62	S	1	13
1634.091798	1634.161205	56	L	1	13
1634.161205	1634.342	35	OW1	1	13
1634.342	1634.383564	60	P	1	13
1634.383564	1634.456827	62	S	1	13
1634.456827	1634.562223	28	IH1	1	13
1634.562223	1634.699751	58	N	1	13
1634.699751	1634.762	64	T	1	13
1634.762	1634.842	19	EH1	1	13
1634.842	1634.935128	57	M	1	13
1634.935128	1634.952	60	P	1	13
1634.952	1635.00582	21	ER0	1	13
1635.00582	1635.043094	6	AH0	1	13
1635.043094	1635.121498	64	T	1	13
1635.121498	1635.231923	69	Z	1	13
1635.231923	1635.472	35	OW1	1	13
1635.472	1635.582	58	N	1	13
1635.582	1635.811366	69	Z	1	13
1648.76594	1648.832	67	W	1	14
1648.832	1648.93046	32	IY1	1	14
1648.93046	1648.992	67	W	1	14
1648.992	1649.078271	19	EH1	1	14
1649.078271	1649.121972	56	L	1	14
1649.121972	1649.204232	54	K	1	14
1649.204232	1649.267212	6	AH0	1	14
1649.267212	1649.342	57	M	1	14
1649.342	1649.381605	57	M	1	14
1649.381605	1649.458724	19	EH1	1	14
1649.458724	1649.516563	58	N	1	14
1649.516563	1649.593682	31	IY0	1	14
1649.593682	1649.684939	58	N	1	14
1649.684939	1649.802	44	UW1	1	14
1649.802	1649.952	62	S	1	14
1649.952	1649.997313	64	T	1	14
1649.997313	1650.098853	44	UW1	1	14
1650.098853	1650.142	48	D	1	14
1650.142	1650.192	6	AH0	1	14
1650.192	1650.252	58	N	1	14
1650.252	1650.282	64	T	1	14
1650.282	1650.358452	62	S	1	14
1650.358452	1650.483128	32	IY1	1	14
1650.483128	1650.62569	47	CH	1	14
1650.62569	1650.718193	68	Y	1	14
1650.718193	1650.825376	28	IH1	1	14
1650.825376	1651.012945	61	R	1	14
1665.674487	1665.762	35	OW1	1	15
1665.762	1665.792	58	N	1	15
1665.792	1665.822	56	L	1	15
1665.822	1665.862	31	IY0	1	15
1665.862	1665.902	49	DH	1	15
1665.902	1666.012433	6	AH0	1	15
1666.012433	1666.028921	46	B	1	15
1666.028921	1666.142	19	EH1	1	15
1666.142	1666.250861	62	S	1	15
1666.250861	1666.305243	64	T	1	15
1666.305243	1666.384307	60	P	1	15
1666.384307	1666.442	56	L	1	15
1666.442	1666.622	25	EY1	1	15
1666.622	1666.672388	21	ER0	1	15
1666.672388	1666.751757	69	Z	1	15
1666.751757	1666.830199	6	AH0	1	15
1666.830199	1666.883112	58	N	1	15
1666.883112	1666.962481	53	JH	1	15
1666.962481	1667.19324	38	OY1	1	15
1667.19324	1667.253196	60	P	1	15
1667.253196	1667.403115	2	AA2	1	15
1667.403115	1667.451619	60	P	1	15
1667.451619	1667.478075	68	Y	1	15
1667.478075	1667.512	6	AH0	1	15
1667.512	1667.582	56	L	1	15
1667.582	1667.652982	19	EH1	1	15
1667.652982	1667.805841	61	R	1	15
1667.805841	1667.866103	6	AH0	1	15
1667.866103	1667.924895	64	T	1	15
1667.924895	1668.063056	31	IY0	1	15
1686.728464	1686.780223	54	K	1	16
1686.780223	1686.853713	4	AE1	1	16
1686.853713	1686.932	56	L	1	16
1686.932	1687.072714	62	S	1	16
1687.072714	1687.132	31	IY0	1	16
1687.132	1687.162371	6	AH0	1	16
1687.162371	1687.212	57	M	1	16
1687.212	1687.293184	57	M	1	16
1687.293184	1687.446852	25	EY1	1	16
1687.446852	1687.472	54	K	1	16
1687.472	1687.65894	62	S	1	16
1687.65894	1687.68055	46	B	1	16
1687.68055	1687.892	35	OW1	1	16
1687.892	1687.982	58	N	1	16
1687.982	1688.045021	69	Z	1	16
1688.045021	1688.162	4	AE1	1	16
1688.162	1688.27578	58	N	1	16
1688.27578	1688.353906	64	T	1	16
1688.353906	1688.452	32	IY1	1	16
1688.452	1688.502	65	TH	1	16
1688.502	1688.664932	62	S	1	16
1688.664932	1688.738422	64	T	1	16
1688.738422	1688.814852	61	R	1	16
1688.814852	1689.042	10	AO1	1	16
1689.042	1689.192	59	NG	1	16
1701.41844	1701.512	58	N	1	17
1701.512	1701.57787	7	AH1	1	17
1701.57787	1701.684544	65	TH	1	17
1701.684544	1701.846874	27	IH0	1	17
1701.846874	1702.099645	59	NG	1	17
1702.099645	1702.387201	28	IH1	1	17
1702.387201	1702.533298	69	Z	1	17
1702.533298	1702.762	19	EH1	1	17
1702.762	1702.908589	69	Z	1	17
1702.908589	1702.979681	6	AH0	1	17
1702.979681	1703.09795	50	F	1	17
1703.09795	1703.202	19	EH1	1	17
1703.202	1703.242	58	N	1	17
1703.242	1703.364253	62	S	1	17
1703.364253	1703.470869	27	IH0	1	17
1703.470869	1703.584205	66	V	1	17
1703.584205	1703.763989	4	AE1	1	17
1703.763989	1703.892	69	Z	1	17
1703.892	1703.972	28	IH1	1	17
1703.972	1704.02575	58	N	1	17
1704.02575	1704.10519	6	AH0	1	17
1704.10519	1704.234801	62	S	1	17
1704.234801	1704.35187	6	AH0	1	17
1704.35187	1704.456395	58	N	1	17
1704.456395	1704.752	62	S	1	17
1717.788865	1717.983412	62	S	1	18
1717.983412	1718.032	64	T	1	18
1718.032	1718.232	32	IY1	1	18
1718.232	1718.324164	66	V	1	18
1718.324164	1718.43078	67	W	1	18
1718.43078	1718.512	10	AO1	1	18
1718.512	1718.63356	61	R	1	18
1718.63356	1718.869837	25	EY1	1	18
1718.869837	1718.892783	46	B	1	18
1718.892783	1718.942	61	R	1	18
1718.942	1719.052	16	AY1	1	18
1719.052	1719.094611	64	T	1	18
1719.094611	1719.210918	61	R	1	18
1719.210918	1719.357011	19	EH1	1	18
1719.357011	1719.49207	48	D	1	18
1719.49207	1719.579058	54	K	1	18
1719.579058	1719.740753	4	AE1	1	18
1719.740753	1719.837203	70	ZH	1	18
1719.837203	1719.896775	57	M	1	18
1719.896775	1719.971949	27	IH0	1	18
1719.971949	1720.042868	61	R	1	18
1720.042868	1720.208351	62	S	1	18
1720.208351	1720.293454	67	W	1	18
1720.293454	1720.382	19	EH1	1	18
1720.382	1720.432	64	T	1	18
1720.432	1720.650885	21	ER0	1	18
1740.463855	1740.50497	46	B	1	19
1740.50497	1740.582	1	AA1	1	19
1740.582	1740.669312	61	R	1	19
1740.669312	1740.712	46	B	1	19
1740.712	1740.874263	69	Z	1	19
1740.874263	1740.911687	51	G	1	19
1740.911687	1741.056195	35	OW1	1	19
1741.056195	1741.099193	56	L	1	19
1741.099193	1741.20919	48	D	1	19
1741.20919	1741.232	46	B	1	19
1741.232	1741.312	61	R	1	19
1741.312	1741.412	25	EY1	1	19
1741.412	1741.575613	62	S	1	19
1741.575613	1741.625957	56	L	1	19
1741.625957	1741.670298	6	AH0	1	19
1741.670298	1741.725389	64	T	1	19
1741.725389	1741.816145	67	W	1	19
1741.816145	1741.882	7	AH1	1	19
1741.882	1741.967839	69	Z	1	19
1741.967839	1742.106909	6	AH0	1	19
1742.106909	1742.147969	51	G	1	19
1742.147969	1742.19188	61	R	1	19
1742.19188	1742.300994	5	AE2	1	19
1742.300994	1742.371519	53	JH	1	19
1742.371519	1742.448696	43	UW0	1	19
1742.448696	1742.565794	25	EY1	1	19
1742.565794	1742.692	63	SH	1	19
1742.692	1742.722	6	AH0	1	19
1742.722	1742.8308	58	N	1	19
1742.8308	1742.89201	60	P	1	19
1742.89201	1742.937136	61	R	1	19
1742.937136	1743.035604	19	EH1	1	19
1743.035604	1743.123516	69	Z	1	19
1743.123516	1743.2419	6	AH0	1	19
1743.2419	1743.345502	58	N	1	19
1760.23009	1760.296771	48	D	1	20
1760.296771	1760.352491	61	R	1	20
1760.352491	1760.49657	10	AO1	1	20
1760.49657	1760.655509	19	EH1	1	20
1760.655509	1760.750507	66	V	1	20
1760.750507	1760.787958	61	R	1	20
1760.787958	1760.892	31	IY0	1	20
1760.892	1761.100056	13	AW1	1	20
1761.100056	1761.129286	64	T	1	20
1761.129286	1761.262	21	ER0	1	20
1761.262	1761.336558	56	L	1	20
1761.336558	1761.502	16	AY1	1	20
1761.502	1761.592	58	N	1	20
1761.592	1761.727353	50	F	1	20
1761.727353	1761.923744	22	ER1	1	20
1761.923744	1762.091817	62	S	1	20
1762.091817	1762.133835	64	T	1	20
1762.133835	1762.246802	49	DH	1	20
1762.246802	1762.352	19	EH1	1	20
1762.352	1762.468623	58	N	1	20
1762.468623	1762.574122	50	F	1	20
1762.574122	1762.66638	28	IH1	1	20
1762.66638	1762.80222	56	L	1	20
1762.80222	1762.960422	28	IH1	1	20
1762.960422	1763.072	58	N	1	20
1763.072	1763.102	49	DH	1	20
1763.102	1763.142	31	IY0	1	20
1763.142	1763.241469	29	IH2	1	20
1763.241469	1763.322	58	N	1	20
1763.322	1763.425188	64	T	1	20
1763.425188	1763.517264	28	IH1	1	20
1763.517264	1763.677167	61	R	1	20
1763.677167	1763.80475	31	IY0	1	20
1763.80475	1763.988469	21	ER0	1	20
1776.260969	1776.292	49	DH	1	21
1776.292	1776.331767	6	AH0	1	21
1776.331767	1776.387316	67	W	1	21
1776.387316	1776.525645	10	AO1	1	21
1776.525645	1776.553964	64	T	1	21
1776.553964	1776.650903	21	ER0	1	21
1776.650903	1776.752	54	K	1	21
1776.752	1776.792499	6	AH0	1	21
1776.792499	1776.904687	58	N	1	21
1776.904687	1776.972	64	T	1	21
1776.972	1777.102	25	EY1	1	21
1777.102	1777.232508	58	N	1	21
1777.232508	1777.349784	64	T	1	21
1777.349784	1777.432	44	UW1	1	21
1777.432	1777.502272	57	M	1	21
1777.502272	1777.602	7	AH1	1	21
1777.602	1777.780293	47	CH	1	21
1777.780293	1777.854486	54	K	1	21
1777.854486	1777.905679	56	L	1	21
1777.905679	1777.980834	10	AO1	1	21
1777.980834	1778.144214	61	R	1	21
1778.144214	1778.244421	31	IY0	1	21
1778.244421	1778.317397	58	N	1	21
1778.317397	1778.452	4	AE1	1	21
1778.452	1778.522	58	N	1	21
1778.522	1778.536166	48	D	1	21
1778.536166	1778.694802	62	S	1	21
1778.694802	1778.715497	64	T	1	21
1778.715497	1778.786295	7	AH1	1	21
1778.786295	1778.902	59	NG	1	21
1778.902	1779.003047	52	HH	1	21
1779.003047	1779.052061	28	IH1	1	21
1779.052061	1779.141375	69	Z	1	21
1779.141375	1779.528473	16	AY1	1	21
1779.528473	1779.812	69	Z	1	21
1794.933188	1795.000718	53	JH	1	22
1795.000718	1795.142	1	AA1	1	22
1795.142	1795.183704	58	N	1	22
1795.183704	1795.291535	69	Z	1	22
1795.291535	1795.330746	46	B	1	22
1795.330746	1795.375403	61	R	1	22
1795.375403	1795.462	7	AH1	1	22
1795.462	1795.499572	49	DH	1	22
1795.499572	1795.650051	21	ER0	1	22
1795.650051	1795.72359	61	R	1	22
1795.72359	1795.868454	31	IY0	1	22
1795.868454	1795.943609	60	P	1	22
1795.943609	1796.023589	25	EY1	1	22
1796.023589	1796.112903	58	N	1	22
1796.112903	1796.174988	64	T	1	22
1796.174988	1796.222	6	AH0	1	22
1796.222	1796.256912	48	D	1	22
1796.256912	1796.282	49	DH	1	22
1796.282	1796.388849	6	AH0	1	22
1796.388849	1796.420292	51	G	1	22
1796.420292	1796.504197	21	ER0	1	22
1796.504197	1796.682	1	AA1	1	22
1796.682	1796.852742	70	ZH	1	22
1796.852742	1796.887596	48	D	1	22
1796.887596	1797.038046	10	AO1	1	22
1797.038046	1797.242	61	R	1	22
1807.508208	1807.597111	47	CH	1	23
1807.597111	1807.717024	4	AE1	1	23
1807.717024	1807.772	56	L	1	23
1807.772	1807.832	6	AH0	1	23
1807.832	1807.882	58	N	1	23
1807.882	1808.042724	53	JH	1	23
1808.042724	1808.194809	32	IY1	1	23
1808.194809	1808.374646	47	CH	1	23
1808.374646	1808.455076	53	JH	1	23
1808.455076	1808.542	19	EH1	1	23
1808.542	1808.572	58	N	1	23
1808.572	1808.675891	21	ER0	1	23
1808.675891	1808.746084	6	AH0	1	23
1808.746084	1808.873309	56	L	1	23
1808.873309	1808.974817	69	Z	1	23
1808.974817	1809.052	29	IH2	1	23
1809.052	1809.142988	58	N	1	23
1809.142988	1809.186859	64	T	1	23
1809.186859	1809.278317	19	EH1	1	23
1809.278317	1809.368983	56	L	1	23
1809.368983	1809.456725	6	AH0	1	23
1809.456725	1809.500595	53	JH	1	23
1809.500595	1809.64683	6	AH0	1	23
1809.64683	1809.72726	58	N	1	23
1809.72726	1810.032	62	S	1	23
1820.855816	1820.974904	5	AE2	1	24
1820.974904	1821.033398	57	M	1	24
1821.033398	1821.062121	46	B	1	24
1821.062121	1821.147462	6	AH0	1	24
1821.147462	1821.176709	48	D	1	24
1821.176709	1821.302	19	EH1	1	24
1821.302	1821.332	54	K	1	24
1821.332	1821.402	62	S	1	24
1821.402	1821.453094	64	T	1	24
1821.453094	1821.482	61	R	1	24
1821.482	1821.522	6	AH0	1	24
1821.522	1821.689995	62	S	1	24
1821.689995	1821.723675	60	P	1	24
1821.723675	1821.820453	28	IH1	1	24
1821.820453	1821.893308	54	K	1	24
1821.893308	1821.951802	60	P	1	24
1821.951802	1822.131671	2	AA2	1	24
1822.131671	1822.179929	54	K	1	24
1822.179929	1822.280832	6	AH0	1	24
1822.280832	1822.307154	64	T	1	24
1822.307154	1822.34113	62	S	1	24
1822.34113	1822.462141	6	AH0	1	24
1822.462141	1822.542	54	K	1	24
1822.542	1822.648224	1	AA1	1	24
1822.648224	1822.715492	57	M	1	24
1822.715492	1822.740352	60	P	1	24
1822.740352	1822.781298	56	L	1	24
1822.781298	1822.822	27	IH0	1	24
1822.822	1822.952	63	SH	1	24
1822.952	1823.042	57	M	1	24
1823.042	1823.182	10	AO1	1	24
1823.182	1823.37285	61	R	1	24
1836.15962	1836.222	6	AH0	1	25
1836.222	1836.314629	57	M	1	25
1836.314629	1836.397983	7	AH1	1	25
1836.397983	1836.532	62	S	1	25
1836.532	1836.595743	54	K	1	25
1836.595743	1836.642	68	Y	1	25
1836.642	1836.663011	6	AH0	1	25
1836.663011	1836.708344	56	L	1	25
1836.708344	1836.845805	21	ER0	1	25
1836.845805	1837.0592	4	AE1	1	25
1837.0592	1837.10892	46	B	1	25
1837.10892	1837.138135	48	D	1	25
1837.138135	1837.190245	6	AH0	1	25
1837.190245	1837.228801	57	M	1	25
1837.228801	1837.352	6	AH0	1	25
1837.352	1837.407208	58	N	1	25
1837.407208	1837.522	28	IH1	1	25
1837.522	1837.64974	69	Z	1	25
1837.64974	1837.693611	51	G	1	25
1837.693611	1837.794513	41	UH1	1	25
1837.794513	1837.816448	48	D	1	25
1837.816448	1837.930512	50	F	1	25
1837.930512	1837.952	61	R	1	25
1837.952	1838.031414	21	ER0	1	25
1838.031414	1838.081134	68	Y	1	25
1838.081134	1838.132	41	UH1	1	25
1838.132	1838.222983	61	R	1	25
1838.222983	1838.240531	46	B	1	25
1838.240531	1838.542195	4	AE1	1	25
1838.542195	1838.678194	54	K	1	25
1848.892391	1848.927488	49	DH	1	26
1848.927488	1849.002068	25	EY1	1	26
1849.002068	1849.132217	35	OW1	1	26
1849.132217	1849.162927	58	N	1	26
1849.162927	1849.315011	6	AH0	1	26
1849.315011	1849.332	46	B	1	26
1849.332	1849.481952	28	IH1	1	26
1849.481952	1849.52337	51	G	1	26
1849.52337	1849.607715	52	HH	1	26
1849.607715	1849.800978	13	AW1	1	26
1849.800978	1849.950138	62	S	1	26
1849.950138	1850.037879	28	IH1	1	26
1850.037879	1850.132932	58	N	1	26
1850.132932	1850.147556	49	DH	1	26
1850.147556	1850.207512	6	AH0	1	26
1850.207512	1850.286479	61	R	1	26
1850.286479	1850.346436	6	AH0	1	26
1850.346436	1850.424904	57	M	1	26
1850.424904	1850.572	35	OW1	1	26
1850.572	1850.657621	64	T	1	26
1850.657621	1850.711728	54	K	1	26
1850.711728	1850.782	7	AH1	1	26
1850.782	1850.830179	58	N	1	26
1850.830179	1850.928125	64	T	1	26
1850.928125	1850.969071	61	R	1	26
1850.969071	1851.022	31	IY0	1	26
1851.022	1851.155882	62	S	1	26
1851.155882	1851.448192	17	AY2	1	26
1851.448192	1851.542	48	D	1	26
