631.8395285248525	632.1109375	142	EVEN	3
632.1109375	632.9749374999999	293	OCCASIONALLY	3
632.9749374999999	633.3239374999999	99999	sp	3
633.3239374999999	633.4669375	211	I	3
633.4669375	633.6369374999999	177	GET	3
633.6369374999999	633.7039374999999	434	THE	3
633.7039374999999	634.0979375	265	MONDAY	3
634.0979375	634.7039374999999	56	BLUES	3
643.9763125	644.1033124999999	434	THE	21
644.1033124999999	644.3913124999999	475	WATER	21
644.3913124999999	644.8853124999999	103	CONTAINED	21
644.8853124999999	645.0253124999999	448	TOO	21
645.0253124999999	645.2723125	269	MUCH	21
645.2723125	645.7353125	90	CHLORINE	21
645.7353125	645.9123124999999	20	AND	21
645.9123124999999	646.3453124999999	409	STUNG	21
646.3453124999999	646.6253125	208	HIS	21
646.6253125	647.1753125	149	EYES	21
654.5305	654.6155	224	IS	38
654.6155	654.7905	375	SHE	38
654.7905	655.0705	187	GOING	38
655.0705	655.2625	487	WITH	38
655.2625	655.4404999999999	495	YOU	38
663.9444374999999	664.3044375	98	COFFEE	13
664.3044375	664.4454375	224	IS	13
664.4454375	664.5034375	99999	sp	13
664.5034375	664.9074375	198	GROWN	13
664.9074375	665.2254375	297	ON	13
665.2254375	665.6054375	404	STEEP	13
665.6054375	665.6604375	99999	sp	13
665.6604375	666.0454374999999	231	JUNGLE	13
666.0454374999999	666.2254375	241	LIKE	13
666.2254375	666.7754375	390	SLOPES	13
666.7754375	666.9644375	217	IN	13
666.9644375	667.9454375	88888	TEMPERATURE	13
667.9454375	668.8254374999999	497	ZONES	13
675.8356875	675.8596875	99999	sp	1
675.8596875	676.0956874999999	375	SHE	1
676.0956874999999	676.4606875	490	WORE	1
676.4606875	677.0076875	471	WARM	1
677.0076875	677.5756875	158	FLEECY	1
677.5756875	678.1576875	489	WOOLEN	1
678.1576875	678.9996874999999	311	OVERALLS	1
689.002125	689.2731249999999	130	DRAW	20
689.2731249999999	689.791125	145	EVERY	20
689.791125	690.1871249999999	308	OUTER	20
690.1871249999999	690.570125	244	LINE	20
690.570125	691.1201249999999	156	FIRST	20
691.1201249999999	691.2741249999999	436	THEN	20
691.2741249999999	691.565125	154	FILL	20
691.565125	691.6911249999999	217	IN	20
691.6911249999999	691.811125	434	THE	20
691.811125	692.501125	222	INTERIOR	20
699.8175	699.9365	434	THE	31
699.9365	700.2165	453	TWO	31
700.2165	700.6065000000001	33	ARTISTS	31
700.6065000000001	701.1614999999999	147	EXCHANGED	31
701.1614999999999	702.0465	39	AUTOGRAPHS	31
710.0495	710.2165	257	MAY	37
710.2165	710.2895	211	I	37
710.2895	710.5374999999999	304	ORDER	37
710.5374999999999	710.6345	1	A	37
710.6345	711.2215	319	PARFAIT	37
711.2215	711.5425	10	AFTER	37
711.5425	711.6695	211	I	37
711.6695	711.9775	134	EAT	37
711.9775	712.3895	124	DINNER	37
721.408625	722.3766250000001	17	AMBIDEXTROUS	24
722.3766250000001	723.2416250000001	327	PICKPOCKETS	24
723.2416250000001	723.856625	6	ACCOMPLISH	24
723.856625	723.907625	99999	sp	24
723.907625	724.3966250000001	267	MORE	24
732.2663125	732.3863125	434	THE	35
732.3863125	732.9453125	111	CRANBERRY	35
732.9453125	733.3373125	57	BOG	35
733.3373125	733.5823125	178	GETS	35
733.5823125	733.9063125	465	VERY	35
733.9063125	734.2123125	340	PRETTY	35
734.2123125	734.3083125	217	IN	35
734.3083125	734.7323125	40	AUTUMN	35
742.5535090960022	742.6355090960021	1	A	40
742.6355090960021	743.2855090960022	371	SCREWDRIVER	40
743.2855090960022	743.4225090960022	224	IS	40
743.4225090960022	743.7155090960022	252	MADE	40
743.7155090960022	743.9355090960022	166	FROM	40
743.9355090960022	744.3865090960022	469	VODKA	40
744.3865090960022	744.5955090960022	20	AND	40
744.5955090960022	744.9815090960022	303	ORANGE	40
744.9815090960022	745.5255090960022	230	JUICE	40
753.423875	753.4868749999999	434	THE	27
753.4868749999999	754.1488749999999	369	ROSE	27
754.1488749999999	754.826875	106	CORSAGE	27
754.826875	755.306875	393	SMELLED	27
755.306875	756.1268749999999	421	SWEET	27
762.29	762.366	99999	sp	12
762.366	762.4490000000001	30	ARE	12
762.4490000000001	762.518	495	YOU	12
762.518	762.782	250	LOOKING	12
762.782	762.925	161	FOR	12
762.925	763.52	136	EMPLOYMENT	12
774.5805624999999	774.8885624999999	433	THAT	28
774.8885624999999	775.4985624999999	326	PICKPOCKET	28
775.4985624999999	775.7475625	472	WAS	28
775.7475625	776.0915625	80	CAUGHT	28
776.0915625	776.3285624999999	356	RED	28
776.3285624999999	776.9385625	199	HANDED	28
784.245875	784.380875	210	HOW	36
784.380875	784.536875	128	DO	36
784.536875	784.9968749999999	318	OYSTERS	36
784.9968749999999	785.239875	253	MAKE	36
785.239875	785.9168749999999	320	PEARLS	36
794.5815	794.8955	226	IT'S	5
794.8955	795.2465	285	NOT	5
795.2465	795.8455	133	EASY	5
795.8455	796.0995	446	TO	5
796.0995	796.5685	113	CREATE	5
796.5685	797.5105	215	ILLUMINATING	5
797.5105	798.5655	146	EXAMPLES	5
806.452	806.554	476	WE	14
806.554	806.894	480	WELCOME	14
806.894	807.154	256	MANY	14
807.154	807.394	282	NEW	14
807.394	807.971	408	STUDENTS	14
807.971	808.239	132	EACH	14
808.239	808.614	491	YEAR	14
826.192125	826.510125	443	THOSE	7
826.510125	826.6321250000001	484	WHO	7
826.6321250000001	826.909125	427	TEACH	7
826.909125	827.4401250000001	462	VALUES	7
827.4401250000001	827.803125	156	FIRST	7
827.803125	828.438125	4	ABOLISH	7
828.438125	828.970125	87	CHEATING	7
836.3836875	836.5786874999999	24	ANY	34
836.5786874999999	837.3676875	105	CONTRIBUTIONS	34
837.3676875	837.4176874999999	485	WILL	34
837.4176874999999	837.5406875	47	BE	34
837.5406875	837.9076875	195	GREATLY	34
837.9076875	838.7376875	28	APPRECIATED	34
847.299	848.736	429	TEASPOONS	47
848.736	848.817	294	OF	47
848.817	849.557	395	SOYSAUCE	47
849.557	849.707	433	THAT	47
849.707	849.905	495	YOU	47
849.905	850.211	7	ADD	47
858.74	858.948	210	HOW	49
858.948	859.1239999999999	189	GOOD	49
859.1239999999999	859.26	224	IS	49
859.26	859.39	496	YOUR	49
859.39	860.14	138	ENDURANCE	49
867.2877687159097	867.4191875	476	WE	4
867.4191875	867.5541875	30	ARE	4
867.5541875	867.8941875	301	OPEN	4
867.8941875	868.2841875	145	EVERY	4
868.2841875	868.7521875000001	265	MONDAY	4
868.7521875000001	869.2741875	143	EVENING	4
877.9818750000001	878.190875	142	EVEN	9
878.190875	878.2538750000001	1	A	9
878.2538750000001	878.6208750000001	383	SIMPLE	9
878.6208750000001	879.419875	468	VOCABULARY	9
879.419875	880.020875	104	CONTAINS	9
880.020875	880.7308750000001	422	SYMBOLS	9
891.594875	891.9928749999999	366	RICH	33
891.9928749999999	892.4348749999999	349	PURCHASED	33
892.4348749999999	892.842875	374	SEVERAL	33
892.842875	893.364875	382	SIGNED	33
893.364875	894.4148749999999	245	LITHOGRAPHS	33
901.9610625	902.3220625000001	270	MUM	6
902.3220625000001	902.8650625	407	STRONGLY	6
902.8650625	903.4250625000001	126	DISLIKES	6
903.4250625000001	904.5150625000001	27	APPETIZERS	6
912.30675	912.44575	204	HER	30
912.44575	912.9727499999999	470	WARDROBE	30
912.9727499999999	913.4427499999999	102	CONSISTS	30
913.4427499999999	913.53275	294	OF	30
913.53275	913.83275	298	ONLY	30
913.83275	914.36375	385	SKIRTS	30
914.36375	914.5027499999999	20	AND	30
914.5027499999999	915.2427499999999	54	BLOUSES	30
923.0360625	923.5660625	71	BUTTERSCOTCH	32
923.5660625	923.6060625	99999	sp	32
923.6060625	924.0460625	169	FUDGE	32
924.0460625	924.3560625	186	GOES	32
924.3560625	924.6560625	481	WELL	32
924.6560625	924.8460625	487	WITH	32
924.8460625	925.1560625	463	VANILLA	32
925.1560625	925.4860624999999	212	ICE	32
925.4860624999999	925.7760625	112	CREAM	32
933.7414375	933.9274374999999	476	WE	46
933.9274374999999	934.2254374999999	241	LIKE	46
934.2254374999999	934.4524375	55	BLUE	46
934.4524375	935.1654374999999	88	CHEESE	46
935.1654374999999	935.3374375	70	BUT	46
935.3374375	935.6984375	466	VICTOR	46
935.6984375	936.0894374999999	242	LIKES	46
936.0894374999999	936.5374374999999	64	BRIE	46
946.4100625	946.6330625	298	ONLY	15
946.6330625	946.7200625	434	THE	15
946.7200625	946.9840624999999	51	BEST	15
946.9840624999999	947.3280625	330	PLAYERS	15
947.3280625	947.7330625	139	ENJOY	15
947.7330625	948.6430625	336	POPULARITY	15
956.7124375000001	957.2394375000001	183	GLUCOSE	11
957.2394375000001	957.3384375	20	AND	11
957.3384375	958.0824375000001	167	FRUCTOSE	11
958.0824375000001	958.2524375	30	ARE	11
958.2524375	958.6844375000001	276	NATURAL	11
958.6844375000001	959.1864375	414	SUGARS	11
959.1864375	959.5224375	163	FOUND	11
959.5224375	959.6624375000001	217	IN	11
959.6624375000001	960.2104375	168	FRUIT	11
967.1958749999999	967.601875	229	JOHN'S	22
967.601875	967.912875	66	BROTHER	22
967.912875	968.452875	363	REPAINTED	22
968.452875	968.5228749999999	434	THE	22
968.5228749999999	969.014875	173	GARAGE	22
969.014875	969.372875	129	DOOR	22
977.308	977.4269999999999	76	CAN	39
977.4269999999999	977.5239999999999	434	THE	39
977.5239999999999	978.0989999999999	11	AGENCY	39
978.0989999999999	978.8589999999999	315	OVERTHROW	39
978.8589999999999	979.323	13	ALIEN	39
979.323	980.067	162	FORCES	39
988.300375	988.3953750000001	210	HOW	41
988.3953750000001	988.5753750000001	269	MUCH	41
988.5753750000001	989.084375	16	ALLOWANCE	41
989.084375	989.155375	128	DO	41
989.155375	989.305375	495	YOU	41
989.305375	989.9653750000001	177	GET	41
997.7585624999999	998.3495624999999	44	BAGPIPES	48
998.3495624999999	998.5385624999999	20	AND	48
998.5385624999999	999.3785624999999	59	BONGOS	48
999.3785624999999	999.5385624999999	30	ARE	48
999.5385624999999	999.9785625	273	MUSICAL	48
999.9785625	1000.8085625	220	INSTRUMENTS	48
1012.0439375000001	1012.1759375	1	A	10
1012.1759375	1012.5939375	110	CRAB	10
1012.5939375	1013.2099375	85	CHALLENGED	10
1013.2099375	1013.4799375	258	ME	10
1013.4799375	1013.9249375	99999	sp	10
1013.9249375	1014.0079375	70	BUT	10
1014.0079375	1014.1139375	1	A	10
1014.1139375	1014.3699375	350	QUICK	10
1014.3699375	1015.0899375	402	STAB	10
1015.0899375	1015.7349375	464	VANQUISHED	10
1015.7349375	1015.9799375	207	HIM	10
1023.2265	1023.3225	19	AN	29
1023.3225	1023.6415	9	ADULT	29
1023.6415	1024.3265000000001	88888	MALES	29
1024.3265000000001	1024.4015	99999	sp	29
1024.4015	1025.2165	42	BABOON'S	29
1025.2165	1025.5965	430	TEETH	29
1025.5965	1025.8265000000001	30	ARE	29
1025.8265000000001	1026.1025	285	NOT	29
1026.1025	1026.7475	88888	SUSTAINABLE	29
1026.7475	1026.9365	161	FOR	29
1026.9365	1027.2265	135	EATING	29
1027.2265	1028.0365	376	SHELLFISH	29
1035.5883125	1035.6903125000001	438	THEY	26
1035.6903125000001	1035.8193125	317	OWN	26
1035.8193125	1035.8593125	1	A	26
1035.8593125	1036.1043125	52	BIG	26
1036.1043125	1036.5443125000002	209	HOUSE	26
1036.5443125000002	1036.6043125	217	IN	26
1036.6043125	1036.6643125	434	THE	26
1036.6643125	1037.0243125000002	361	REMOTE	26
1037.0243125000002	1037.8943125	109	COUNTRYSIDE	26
1043.2356875	1043.5156875	203	HELP	45
1043.5156875	1043.8356875	196	GREG	45
1043.8356875	1044.0186875	446	TO	45
1044.0186875	1044.2356875	325	PICK	45
1044.2356875	1044.3236875	1	A	45
1044.3236875	1044.5456875	321	PECK	45
1044.5456875	1044.6056875	294	OF	45
1044.6056875	1045.3956875	338	POTATOES	45
1053.3223750000002	1053.356375	99999	sp	8
1053.356375	1053.4293750000002	434	THE	8
1053.4293750000002	1053.847375	165	FRIGHTENED	8
1053.847375	1054.308375	89	CHILD	8
1054.308375	1054.531375	472	WAS	8
1054.531375	1054.8543750000001	176	GENTLY	8
1054.8543750000001	1055.5423750000002	410	SUBDUED	8
1055.5423750000002	1055.7533750000002	73	BY	8
1055.7533750000002	1055.960375	208	HIS	8
1055.960375	1056.192375	52	BIG	8
1056.192375	1056.662375	66	BROTHER	8
1064.9203125	1065.3403125	46	BARB'S	19
1065.3403125	1065.5923125	188	GOLD	19
1065.5923125	1066.0503125	63	BRACELET	19
1066.0503125	1066.2013124999999	472	WAS	19
1066.2013124999999	1066.2613124999998	1	A	19
1066.2613124999998	1067.0643125	193	GRADUATION	19
1067.0643125	1067.4603124999999	339	PRESENT	19
1074.342125	1074.9411249999998	115	CYCLICAL	42
1074.9411249999998	1075.5411249999997	346	PROGRAMS	42
1075.5411249999997	1075.6311249999999	485	WILL	42
1075.6311249999999	1075.993125	281	NEVER	42
1075.993125	1076.6421249999999	100	COMPILE	42
1083.8643124999999	1083.9323125	434	THE	43
1083.9323125	1084.3823125	61	BOSTON	43
1084.3823125	1084.8593124999998	45	BALLET	43
1084.8593124999998	1085.5123125	312	OVERCAME	43
1085.5123125	1085.6473124999998	435	THEIR	43
1085.6473124999998	1086.1523124999999	170	FUNDING	43
1086.1523124999999	1086.9223124999999	380	SHORTAGE	43
1105.106625	1105.823625	84	CHALLENGE	23
1105.823625	1105.871625	99999	sp	23
1105.871625	1106.283625	132	EACH	23
1106.283625	1106.9346249999999	175	GENERAL'S	23
1106.9346249999999	1107.923625	221	INTELLIGENCE	23
1115.43375	1115.48875	1	A	25
1115.48875	1116.2267499999998	271	MUSCULAR	25
1116.2267499999998	1116.8517499999998	2	ABDOMEN	25
1116.8517499999998	1117.11175	224	IS	25
1117.11175	1117.26175	189	GOOD	25
1117.26175	1117.40175	161	FOR	25
1117.40175	1117.50875	496	YOUR	25
1117.50875	1118.0517499999999	43	BACK	25
1126.3453749999999	1126.8753749999998	286	NOTHING	17
1126.8753749999998	1127.281375	224	IS	17
1127.281375	1127.6913749999999	34	AS	17
1127.6913749999999	1128.351375	295	OFFENSIVE	17
1128.351375	1128.8943749999999	34	AS	17
1128.8943749999999	1129.7913749999998	219	INNOCENCE	17
1137.236375	1137.564375	354	READING	2
1137.564375	1137.728375	217	IN	2
1137.728375	1137.974375	335	POOR	2
1137.974375	1138.303375	240	LIGHT	2
1138.303375	1138.543375	181	GIVES	2
1138.543375	1138.663375	495	YOU	2
1138.663375	1139.334375	150	EYESTRAIN	2
1147.305625	1147.810625	75	CALCIUM	16
1147.810625	1148.1546250000001	254	MAKES	16
1148.1546250000001	1148.729625	58	BONES	16
1148.729625	1148.982625	20	AND	16
1148.982625	1149.280625	430	TEETH	16
1149.280625	1150.030625	406	STRONG	16
1156.714875	1157.131875	405	STEVE	18
1157.131875	1157.363875	490	WORE	18
1157.363875	1157.518875	1	A	18
1157.518875	1157.841875	65	BRIGHT	18
1157.841875	1158.257875	356	RED	18
1158.257875	1158.821875	78	CASHMERE	18
1158.821875	1159.421875	420	SWEATER	18
1678.6056137609253	1678.858	142	EVEN	3
1678.858	1679.1409999999998	211	I	3
1679.1409999999998	1679.808	293	OCCASIONALLY	3
1679.808	1679.978	177	GET	3
1679.978	1680.048	434	THE	3
1680.048	1680.408	265	MONDAY	3
1680.408	1681.128	56	BLUES	3
1688.164625	1688.240625	434	THE	21
1688.240625	1688.604625	475	WATER	21
1688.604625	1689.100625	103	CONTAINED	21
1689.100625	1689.220625	448	TOO	21
1689.220625	1689.400625	269	MUCH	21
1689.400625	1689.459625	99999	sp	21
1689.459625	1689.970625	90	CHLORINE	21
1689.970625	1690.110625	20	AND	21
1690.110625	1690.440625	409	STUNG	21
1690.440625	1690.590625	208	HIS	21
1690.590625	1691.3306249999998	149	EYES	21
1697.6031249999999	1697.711125	224	IS	38
1697.711125	1697.861125	375	SHE	38
1697.861125	1698.121125	187	GOING	38
1698.121125	1698.331125	487	WITH	38
1698.331125	1698.551125	495	YOU	38
1706.3501875	1706.6731875	98	COFFEE	13
1706.6731875	1706.9471875	224	IS	13
1706.9471875	1707.0141875	99999	sp	13
1707.0141875	1707.5681875	198	GROWN	13
1707.5681875	1707.8231875	297	ON	13
1707.8231875	1708.2471874999999	404	STEEP	13
1708.2471874999999	1708.6031874999999	231	JUNGLE	13
1708.6031874999999	1708.7831875	241	LIKE	13
1708.7831875	1709.2501875	390	SLOPES	13
1709.2501875	1709.3941875	217	IN	13
1709.3941875	1709.8821874999999	431	TEMPERATE	13
1709.8821874999999	1710.5131875	497	ZONES	13
1716.632375	1716.862375	375	SHE	1
1716.862375	1717.2023749999998	490	WORE	1
1717.2023749999998	1717.612375	471	WARM	1
1717.612375	1718.042375	158	FLEECY	1
1718.042375	1718.382375	489	WOOLEN	1
1718.382375	1719.272375	311	OVERALLS	1
1730.474375	1730.820375	130	DRAW	20
1730.820375	1731.148375	145	EVERY	20
1731.148375	1731.4693750000001	308	OUTER	20
1731.4693750000001	1731.859375	244	LINE	20
1731.859375	1732.4093750000002	156	FIRST	20
1732.4093750000002	1732.609375	436	THEN	20
1732.609375	1732.864375	154	FILL	20
1732.864375	1732.9793750000001	217	IN	20
1732.9793750000001	1733.039375	434	THE	20
1733.039375	1733.897375	222	INTERIOR	20
1740.7371875	1740.8701875	434	THE	31
1740.8701875	1741.1251874999998	453	TWO	31
1741.1251874999998	1741.5751874999999	33	ARTISTS	31
1741.5751874999999	1742.3151874999999	147	EXCHANGED	31
1742.3151874999999	1743.2751875	39	AUTOGRAPHS	31
1750.0981875	1750.2761875	257	MAY	37
1750.2761875	1750.3061875	211	I	37
1750.3061875	1750.5561875	304	ORDER	37
1750.5561875	1750.6261875	1	A	37
1750.6261875	1751.1961875000002	319	PARFAIT	37
1751.1961875000002	1751.5261875	10	AFTER	37
1751.5261875	1751.6161875	211	I	37
1751.6161875	1751.8221875	134	EAT	37
1751.8221875	1752.1361875	124	DINNER	37
1760.3516875	1761.2106875	17	AMBIDEXTROUS	24
1761.2106875	1761.8866874999999	327	PICKPOCKETS	24
1761.8866874999999	1762.4266874999998	6	ACCOMPLISH	24
1762.4266874999998	1763.0066875	267	MORE	24
1769.8061874999999	1769.9351875	434	THE	35
1769.9351875	1770.4821875	111	CRANBERRY	35
1770.4821875	1770.8841874999998	57	BOG	35
1770.8841874999998	1771.1341874999998	178	GETS	35
1771.1341874999998	1771.4021874999999	465	VERY	35
1771.4021874999999	1771.7141875	340	PRETTY	35
1771.7141875	1771.8241874999999	217	IN	35
1771.8241874999999	1772.2141875	40	AUTUMN	35
1780.1601780369376	1780.2341780369375	1	A	40
1780.2341780369375	1780.9141780369375	371	SCREWDRIVER	40
1780.9141780369375	1781.0241780369374	224	IS	40
1781.0241780369374	1781.3111780369377	252	MADE	40
1781.3111780369377	1781.5641780369376	166	FROM	40
1781.5641780369376	1781.9841780369375	469	VODKA	40
1781.9841780369375	1782.1641780369375	20	AND	40
1782.1641780369375	1782.5301780369375	303	ORANGE	40
1782.5301780369375	1782.9941780369377	230	JUICE	40
1790.3631249999999	1790.4821249999998	434	THE	27
1790.4821249999998	1790.9591249999999	369	ROSE	27
1790.9591249999999	1791.6721249999998	106	CORSAGE	27
1791.6721249999998	1792.146125	393	SMELLED	27
1792.146125	1792.9321249999998	421	SWEET	27
1798.8839375	1798.9849375	30	ARE	12
1798.9849375	1799.0459375	495	YOU	12
1799.0459375	1799.2769375	250	LOOKING	12
1799.2769375	1799.4369374999999	161	FOR	12
1799.4369374999999	1799.9869375	136	EMPLOYMENT	12
1808.8099375	1809.0749375	433	THAT	28
1809.0749375	1809.6799375	326	PICKPOCKET	28
1809.6799375	1809.9129375	472	WAS	28
1809.9129375	1810.2379375	80	CAUGHT	28
1810.2379375	1810.4799375	356	RED	28
1810.4799375	1811.0949375	199	HANDED	28
1817.6584375	1817.8874374999998	210	HOW	36
1817.8874374999998	1818.1424375	128	DO	36
1818.1424375	1818.8394375	318	OYSTERS	36
1818.8394375	1819.1194374999998	253	MAKE	36
1819.1194374999998	1819.7794374999999	320	PEARLS	36
1826.92825	1827.1812499999999	226	IT'S	5
1827.1812499999999	1827.44125	285	NOT	5
1827.44125	1827.73125	133	EASY	5
1827.73125	1827.86525	446	TO	5
1827.86525	1828.2972499999998	113	CREATE	5
1828.2972499999998	1829.22125	215	ILLUMINATING	5
1829.22125	1830.11125	146	EXAMPLES	5
1836.3754999999999	1836.4685	476	WE	14
1836.4685	1836.7834999999998	480	WELCOME	14
1836.7834999999998	1837.0194999999999	256	MANY	14
1837.0194999999999	1837.1734999999999	282	NEW	14
1837.1734999999999	1837.7375	408	STUDENTS	14
1837.7375	1838.0024999999998	132	EACH	14
1838.0024999999998	1838.2994999999999	491	YEAR	14
1845.81875	1846.19175	145	EVERY	44
1846.19175	1846.58775	74	CAB	44
1846.58775	1847.0417499999999	296	OFTEN	44
1847.0417499999999	1847.5517499999999	280	NEEDS	44
1847.5517499999999	1848.18875	99999	sp	44
1848.18875	1848.8617499999998	364	REPAINTING	44
1848.8617499999998	1849.39175	296	OFTEN	44
1856.7268124999998	1857.0918124999998	443	THOSE	7
1857.0918124999998	1857.2118125	484	WHO	7
1857.2118125	1857.5818124999998	427	TEACH	7
1857.5818124999998	1858.0818124999998	462	VALUES	7
1858.0818124999998	1858.4518125	156	FIRST	7
1858.4518125	1859.0188125	4	ABOLISH	7
1859.0188125	1859.4618125	87	CHEATING	7
1866.892375	1867.1463749999998	24	ANY	34
1867.1463749999998	1867.9553749999998	105	CONTRIBUTIONS	34
1867.9553749999998	1868.0453749999997	485	WILL	34
1868.0453749999997	1868.1553749999998	47	BE	34
1868.1553749999998	1868.575375	195	GREATLY	34
1868.575375	1869.3853749999998	28	APPRECIATED	34
1877.151875	1877.410875	108	COUNT	47
1877.410875	1877.481875	434	THE	47
1877.481875	1877.790875	289	NUMBER	47
1877.790875	1877.8988749999999	294	OF	47
1877.8988749999999	1878.4368749999999	429	TEASPOONS	47
1878.4368749999999	1878.510875	294	OF	47
1878.510875	1879.310875	395	SOYSAUCE	47
1879.310875	1879.4488749999998	433	THAT	47
1879.4488749999998	1879.675875	495	YOU	47
1879.675875	1879.990875	7	ADD	47
1887.574	1887.7820000000002	210	HOW	49
1887.7820000000002	1887.958	189	GOOD	49
1887.958	1888.094	224	IS	49
1888.094	1888.2240000000002	496	YOUR	49
1888.2240000000002	1888.9740000000002	138	ENDURANCE	49
1895.119628212132	1895.2194375	476	WE	4
1895.2194375	1895.3694375	30	ARE	4
1895.3694375	1895.8234375	301	OPEN	4
1895.8234375	1896.1224375	145	EVERY	4
1896.1224375	1896.4794375	265	MONDAY	4
1896.4794375	1896.9194375	143	EVENING	4
1903.5151875	1903.7631874999997	142	EVEN	9
1903.7631874999997	1903.8001874999998	1	A	9
1903.8001874999998	1904.1701874999999	383	SIMPLE	9
1904.1701874999999	1904.8871874999998	468	VOCABULARY	9
1904.8871874999998	1905.3501874999997	104	CONTAINS	9
1905.3501874999997	1905.9701874999998	422	SYMBOLS	9
1912.1965625	1912.9865625	366	RICH	33
1912.9865625	1913.0915625	99999	sp	33
1913.0915625	1913.6765625	349	PURCHASED	33
1913.6765625	1914.0965625000001	374	SEVERAL	33
1914.0965625000001	1914.6765625	382	SIGNED	33
1914.6765625	1915.8165625000001	245	LITHOGRAPHS	33
1922.4823749999998	1922.7333749999998	270	MUM	6
1922.7333749999998	1923.1623749999997	407	STRONGLY	6
1923.1623749999997	1923.6933749999998	126	DISLIKES	6
1923.6933749999998	1924.7833749999998	27	APPETIZERS	6
1932.2721875	1932.4181875	204	HER	30
1932.4181875	1932.8961875	470	WARDROBE	30
1932.8961875	1933.5051875	102	CONSISTS	30
1933.5051875	1933.5961874999998	294	OF	30
1933.5961874999998	1933.8261874999998	298	ONLY	30
1933.8261874999998	1934.3771875	385	SKIRTS	30
1934.3771875	1934.5461874999999	20	AND	30
1934.5461874999999	1935.3061874999999	54	BLOUSES	30
1942.1004375	1942.6064375	71	BUTTERSCOTCH	32
1942.6064375	1943.1194375	169	FUDGE	32
1943.1194375	1943.4194375000002	186	GOES	32
1943.4194375000002	1943.4494375	99999	sp	32
1943.4494375	1943.7294375000001	481	WELL	32
1943.7294375000001	1943.9394375000002	487	WITH	32
1943.9394375000002	1944.2994375	463	VANILLA	32
1944.2994375	1944.6034375	212	ICE	32
1944.6034375	1944.9294375	112	CREAM	32
1952.1405625	1952.3205625	476	WE	46
1952.3205625	1952.5325625	241	LIKE	46
1952.5325625	1952.7495625	55	BLUE	46
1952.7495625	1953.1785625	88	CHEESE	46
1953.1785625	1953.3505624999998	70	BUT	46
1953.3505624999998	1953.6845624999999	466	VICTOR	46
1953.6845624999999	1954.0915624999998	242	LIKES	46
1954.0915624999998	1954.5205624999999	64	BRIE	46
1964.0746875	1964.2546874999998	298	ONLY	15
1964.2546874999998	1964.3456875	434	THE	15
1964.3456875	1964.6206875	51	BEST	15
1964.6206875	1964.9846874999998	330	PLAYERS	15
1964.9846874999998	1965.3356875	139	ENJOY	15
1965.3356875	1966.0866875	336	POPULARITY	15
1974.5428749999999	1974.970875	183	GLUCOSE	11
1974.970875	1975.070875	20	AND	11
1975.070875	1975.5818749999999	167	FRUCTOSE	11
1975.5818749999999	1975.6408749999998	30	ARE	11
1975.6408749999998	1976.086875	276	NATURAL	11
1976.086875	1976.5808749999999	414	SUGARS	11
1976.5808749999999	1976.8908749999998	163	FOUND	11
1976.8908749999998	1977.020875	217	IN	11
1977.020875	1977.4108749999998	168	FRUIT	11
1984.1399374999999	1984.5989375	229	JOHN'S	22
1984.5989375	1984.8789375	66	BROTHER	22
1984.8789375	1985.3789375	363	REPAINTED	22
1985.3789375	1985.4689375	434	THE	22
1985.4689375	1985.8679375	173	GARAGE	22
1985.8679375	1986.1889375	129	DOOR	22
1994.0403125	1994.1533125	76	CAN	39
1994.1533125	1994.2733125	434	THE	39
1994.2733125	1994.9633125	11	AGENCY	39
1994.9633125	1995.7933125	315	OVERTHROW	39
1995.7933125	1996.2933125	13	ALIEN	39
1996.2933125	1996.9533125	162	FORCES	39
2003.8635	2004.0145	210	HOW	41
2004.0145	2004.1294999999998	269	MUCH	41
2004.1294999999998	2004.5784999999998	16	ALLOWANCE	41
2004.5784999999998	2004.6685	128	DO	41
2004.6685	2004.7785	495	YOU	41
2004.7785	2005.0684999999999	177	GET	41
2011.94275	2012.44575	44	BAGPIPES	48
2012.44575	2012.56375	20	AND	48
2012.56375	2013.09575	59	BONGOS	48
2013.09575	2013.1857499999999	30	ARE	48
2013.1857499999999	2013.67675	273	MUSICAL	48
2013.67675	2014.54575	220	INSTRUMENTS	48
2021.9655625	2022.1085625	1	A	10
2022.1085625	2022.4825625	110	CRAB	10
2022.4825625	2023.0525625	85	CHALLENGED	10
2023.0525625	2023.3225625	258	ME	10
2023.3225625	2023.8855625	99999	sp	10
2023.8855625	2023.9535625	70	BUT	10
2023.9535625	2024.0515625	1	A	10
2024.0515625	2024.2425625	350	QUICK	10
2024.2425625	2024.7375625	402	STAB	10
2024.7375625	2025.3325625	464	VANQUISHED	10
2025.3325625	2025.5725625	207	HIM	10
2032.678125	2032.7441250000002	19	AN	29
2032.7441250000002	2033.073125	9	ADULT	29
2033.073125	2033.431125	255	MALE	29
2033.431125	2034.045125	42	BABOON'S	29
2034.045125	2034.3131250000001	430	TEETH	29
2034.3131250000001	2034.4001250000001	30	ARE	29
2034.4001250000001	2034.663125	285	NOT	29
2034.663125	2035.183125	415	SUITABLE	29
2035.183125	2035.383125	161	FOR	29
2035.383125	2035.653125	135	EATING	29
2035.653125	2036.493125	376	SHELLFISH	29
2043.226375	2043.3783749999998	438	THEY	26
2043.3783749999998	2043.565375	317	OWN	26
2043.565375	2043.659375	1	A	26
2043.659375	2043.902375	52	BIG	26
2043.902375	2044.488375	209	HOUSE	26
2044.488375	2044.6223749999997	217	IN	26
2044.6223749999997	2044.6823749999999	434	THE	26
2044.6823749999999	2045.0523749999998	361	REMOTE	26
2045.0523749999998	2046.0323749999998	109	COUNTRYSIDE	26
2051.1425625	2051.3705625	203	HELP	45
2051.3705625	2051.6905625	196	GREG	45
2051.6905625	2051.8315625	446	TO	45
2051.8315625	2051.9805625	325	PICK	45
2051.9805625	2052.0505624999996	1	A	45
2052.0505624999996	2052.2675625	321	PECK	45
2052.2675625	2052.3675624999996	294	OF	45
2052.3675624999996	2053.1605624999997	338	POTATOES	45
2061.3171875	2061.3941875	434	THE	8
2061.3941875	2061.7531875	165	FRIGHTENED	8
2061.7531875	2062.1741875	89	CHILD	8
2062.1741875	2062.3241875	472	WAS	8
2062.3241875	2062.5941875	176	GENTLY	8
2062.5941875	2063.2481875000003	410	SUBDUED	8
2063.2481875000003	2063.4191874999997	73	BY	8
2063.4191874999997	2063.6021874999997	208	HIS	8
2063.6021874999997	2063.8231875	52	BIG	8
2063.8231875	2064.3441875	66	BROTHER	8
2071.49575	2071.8647499999997	46	BARB'S	19
2071.8647499999997	2072.08475	188	GOLD	19
2072.08475	2072.49475	63	BRACELET	19
2072.49475	2072.64675	472	WAS	19
2072.64675	2072.71475	1	A	19
2072.71475	2073.43375	193	GRADUATION	19
2073.43375	2073.8447499999997	339	PRESENT	19
2079.645875	2080.243875	115	CYCLICAL	42
2080.243875	2080.836875	346	PROGRAMS	42
2080.836875	2080.9158749999997	485	WILL	42
2080.9158749999997	2081.265875	281	NEVER	42
2081.265875	2081.8398749999997	100	COMPILE	42
2088.6288125	2088.7048125	434	THE	43
2088.7048125	2089.1388125	61	BOSTON	43
2089.1388125	2089.6438125	45	BALLET	43
2089.6438125	2090.2688125	312	OVERCAME	43
2090.2688125	2090.3988125	435	THEIR	43
2090.3988125	2090.8088125	170	FUNDING	43
2090.8088125	2091.4788125	380	SHORTAGE	43
2098.410375	2098.494375	30	ARE	0
2098.494375	2098.649375	496	YOUR	0
2098.649375	2098.957375	192	GRADES	0
2098.957375	2099.249375	206	HIGHER	0
2099.249375	2099.2993749999996	302	OR	0
2099.2993749999996	2099.649375	251	LOWER	0
2099.649375	2099.769375	432	THAN	0
2099.769375	2100.769541666133	275	NANCY'S	0
2107.5721249999997	2108.1791249999997	84	CHALLENGE	23
2108.1791249999997	2108.5491249999995	132	EACH	23
2108.5491249999995	2109.0591249999998	175	GENERAL'S	23
2109.0591249999998	2109.939125	221	INTELLIGENCE	23
2116.131625	2116.2106249999997	1	A	25
2116.2106249999997	2116.7376249999998	271	MUSCULAR	25
2116.7376249999998	2117.229625	2	ABDOMEN	25
2117.229625	2117.399625	224	IS	25
2117.399625	2117.5446249999995	189	GOOD	25
2117.5446249999995	2117.6796249999998	161	FOR	25
2117.6796249999998	2117.8376249999997	496	YOUR	25
2117.8376249999997	2118.2896249999994	43	BACK	25
2124.9653124999995	2125.4813125	286	NOTHING	17
2125.4813125	2125.8703124999997	224	IS	17
2125.8703124999997	2126.1763124999998	34	AS	17
2126.1763124999998	2126.8463125	295	OFFENSIVE	17
2126.8463125	2127.3793124999997	34	AS	17
2127.3793124999997	2128.2963124999997	219	INNOCENCE	17
2135.2787499999995	2135.5417499999994	354	READING	2
2135.5417499999994	2135.6567499999996	217	IN	2
2135.6567499999996	2135.87875	335	POOR	2
2135.87875	2136.1747499999997	240	LIGHT	2
2136.1747499999997	2136.3987499999994	181	GIVES	2
2136.3987499999994	2136.5387499999997	495	YOU	2
2136.5387499999997	2137.3687499999996	150	EYESTRAIN	2
2144.3360624999996	2144.8810624999996	75	CALCIUM	16
2144.8810624999996	2145.1990625	254	MAKES	16
2145.1990625	2145.6090624999997	58	BONES	16
2145.6090624999997	2145.7830624999997	20	AND	16
2145.7830624999997	2146.0310625	430	TEETH	16
2146.0310625	2146.7010625	406	STRONG	16
2152.7598749999997	2153.0898749999997	405	STEVE	18
2153.0898749999997	2153.3398749999997	490	WORE	18
2153.3398749999997	2153.414875	1	A	18
2153.414875	2153.689875	65	BRIGHT	18
2153.689875	2153.981875	356	RED	18
2153.981875	2154.539875	78	CASHMERE	18
2154.539875	2155.038875	420	SWEATER	18
2635.110588512698	2635.3505625000003	142	EVEN	3
2635.3505625000003	2635.4695625	211	I	3
2635.4695625	2636.1705625	293	OCCASIONALLY	3
2636.1705625	2636.3205625	177	GET	3
2636.3205625	2636.4005625	434	THE	3
2636.4005625	2636.7405625	265	MONDAY	3
2636.7405625	2637.5505625	56	BLUES	3
2644.58925	2644.66325	434	THE	21
2644.66325	2645.01625	475	WATER	21
2645.01625	2645.52825	103	CONTAINED	21
2645.52825	2645.65325	448	TOO	21
2645.65325	2645.85425	269	MUCH	21
2645.85425	2646.3202499999998	90	CHLORINE	21
2646.3202499999998	2646.42825	20	AND	21
2646.42825	2646.72325	409	STUNG	21
2646.72325	2646.88125	208	HIS	21
2646.88125	2647.44325	149	EYES	21
2653.6459375	2653.7429374999997	224	IS	38
2653.7429374999997	2653.8629374999996	375	SHE	38
2653.8629374999996	2654.0729374999996	187	GOING	38
2654.0729374999996	2654.2629374999997	487	WITH	38
2654.2629374999997	2654.4829375	495	YOU	38
2661.6148749999998	2661.6438749999998	99999	sp	13
2661.6438749999998	2661.999875	98	COFFEE	13
2661.999875	2662.1748749999997	224	IS	13
2662.1748749999997	2662.744875	198	GROWN	13
2662.744875	2663.054875	297	ON	13
2663.054875	2663.414875	404	STEEP	13
2663.414875	2663.804875	231	JUNGLE	13
2663.804875	2663.968875	241	LIKE	13
2663.968875	2664.426875	390	SLOPES	13
2664.426875	2664.568875	217	IN	13
2664.568875	2665.044875	431	TEMPERATE	13
2665.044875	2665.694875	497	ZONES	13
2671.8636875	2672.0646874999998	375	SHE	1
2672.0646874999998	2672.3536875	490	WORE	1
2672.3536875	2672.7236875	471	WARM	1
2672.7236875	2673.1936875	158	FLEECY	1
2673.1936875	2673.5366875	489	WOOLEN	1
2673.5366875	2674.4236875	311	OVERALLS	1
2682.055375	2682.354375	130	DRAW	20
2682.354375	2682.667375	145	EVERY	20
2682.667375	2682.929375	308	OUTER	20
2682.929375	2683.206375	244	LINE	20
2683.206375	2683.6243750000003	156	FIRST	20
2683.6243750000003	2683.7913750000002	436	THEN	20
2683.7913750000002	2684.0393750000003	154	FILL	20
2684.0393750000003	2684.154375	217	IN	20
2684.154375	2684.254375	434	THE	20
2684.254375	2684.8943750000003	222	INTERIOR	20
2691.5921875	2691.6791875	434	THE	31
2691.6791875	2691.9191875	453	TWO	31
2691.9191875	2692.2791875	33	ARTISTS	31
2692.2791875	2692.8491875	147	EXCHANGED	31
2692.8491875	2693.5591875	39	AUTOGRAPHS	31
2700.2996875	2700.4306875	257	MAY	37
2700.4306875	2700.4846875	211	I	37
2700.4846875	2700.7056875	304	ORDER	37
2700.7056875	2700.8036875	1	A	37
2700.8036875	2701.2946875000002	319	PARFAIT	37
2701.2946875000002	2701.6146875	10	AFTER	37
2701.6146875	2701.6446875	211	I	37
2701.6446875	2701.8546875	134	EAT	37
2701.8546875	2702.5346875	124	DINNER	37
2709.518	2710.2780000000002	17	AMBIDEXTROUS	24
2710.2780000000002	2710.914	327	PICKPOCKETS	24
2710.914	2711.6420000000003	6	ACCOMPLISH	24
2711.6420000000003	2711.672	99999	sp	24
2711.672	2712.152	267	MORE	24
2718.6306250000002	2718.759625	434	THE	35
2718.759625	2719.2246250000003	111	CRANBERRY	35
2719.2246250000003	2719.696625	57	BOG	35
2719.696625	2719.924625	178	GETS	35
2719.924625	2720.200625	465	VERY	35
2720.200625	2720.4746250000003	340	PRETTY	35
2720.4746250000003	2720.574625	217	IN	35
2720.574625	2720.904625	40	AUTUMN	35
2731.012615536938	2731.1006155369378	1	A	40
2731.1006155369378	2731.6916155369377	371	SCREWDRIVER	40
2731.6916155369377	2731.8236155369377	224	IS	40
2731.8236155369377	2732.076615536938	252	MADE	40
2732.076615536938	2732.282615536938	166	FROM	40
2732.282615536938	2732.753615536938	469	VODKA	40
2732.753615536938	2732.873615536938	20	AND	40
2732.873615536938	2733.2836155369378	303	ORANGE	40
2733.2836155369378	2733.7836155369378	230	JUICE	40
2740.8858125	2740.9918125000004	434	THE	27
2740.9918125000004	2741.5078125000005	369	ROSE	27
2741.5078125000005	2742.1118125000003	106	CORSAGE	27
2742.1118125000003	2742.4518125000004	393	SMELLED	27
2742.4518125000004	2743.3118125	421	SWEET	27
2748.2461875000004	2748.3461875000003	30	ARE	12
2748.3461875000003	2748.4761875000004	495	YOU	12
2748.4761875000004	2748.7061875000004	250	LOOKING	12
2748.7061875000004	2748.8351875000003	161	FOR	12
2748.8351875000003	2749.3581875000004	136	EMPLOYMENT	12
2757.2874375	2757.6154375	433	THAT	28
2757.6154375	2758.2814375	326	PICKPOCKET	28
2758.2814375	2758.5194375	472	WAS	28
2758.5194375	2758.8314375	80	CAUGHT	28
2758.8314375	2759.0914374999998	356	RED	28
2759.0914374999998	2759.7514375	199	HANDED	28
2765.9714375000003	2766.0994375000005	210	HOW	36
2766.0994375000005	2766.2144375000003	128	DO	36
2766.2144375000003	2766.6724375000003	318	OYSTERS	36
2766.6724375000003	2766.8754375000003	253	MAKE	36
2766.8754375000003	2767.5224375000003	320	PEARLS	36
2773.6773125	2774.0953125	226	IT'S	5
2774.0953125	2774.3853125	285	NOT	5
2774.3853125	2774.7053125	133	EASY	5
2774.7053125	2774.8443125	446	TO	5
2774.8443125	2775.1653125000003	113	CREATE	5
2775.1653125000003	2775.8153125	215	ILLUMINATING	5
2775.8153125	2776.6653125000003	146	EXAMPLES	5
2782.7803125000005	2782.9173125000007	476	WE	14
2782.9173125000007	2783.2243125000005	480	WELCOME	14
2783.2243125000005	2783.4593125000006	256	MANY	14
2783.4593125000006	2783.6363125000007	282	NEW	14
2783.6363125000007	2784.1663125000005	408	STUDENTS	14
2784.1663125000005	2784.3863125000007	132	EACH	14
2784.3863125000007	2784.7463125000004	491	YEAR	14
2790.828625	2791.126625	145	EVERY	44
2791.126625	2791.420625	74	CAB	44
2791.420625	2791.790625	280	NEEDS	44
2791.790625	2792.310625	364	REPAINTING	44
2792.310625	2792.810625	296	OFTEN	44
2799.1830625	2799.4830625	443	THOSE	7
2799.4830625	2799.5630625	484	WHO	7
2799.5630625	2799.8130625	427	TEACH	7
2799.8130625	2800.2530625	462	VALUES	7
2800.2530625	2800.5630625	156	FIRST	7
2800.5630625	2801.0530625	4	ABOLISH	7
2801.0530625	2801.5030625	87	CHEATING	7
2809.07675	2809.27375	24	ANY	34
2809.27375	2810.08175	105	CONTRIBUTIONS	34
2810.08175	2810.1417500000002	485	WILL	34
2810.1417500000002	2810.27175	47	BE	34
2810.27175	2810.67175	195	GREATLY	34
2810.67175	2811.41475	28	APPRECIATED	34
2819.2315000000003	2819.4635000000003	108	COUNT	47
2819.4635000000003	2819.5225	434	THE	47
2819.5225	2819.8125	289	NUMBER	47
2819.8125	2819.9255000000003	294	OF	47
2819.9255000000003	2820.4225	429	TEASPOONS	47
2820.4225	2820.4925000000003	294	OF	47
2820.4925000000003	2821.1825000000003	395	SOYSAUCE	47
2821.1825000000003	2821.2825000000003	433	THAT	47
2821.2825000000003	2821.5025	495	YOU	47
2821.5025	2821.8625	7	ADD	47
2829.227	2829.375	210	HOW	49
2829.375	2829.538	189	GOOD	49
2829.538	2829.666	224	IS	49
2829.666	2829.788	496	YOUR	49
2829.788	2830.518	138	ENDURANCE	49
2837.0074375000004	2837.1474375000003	476	WE	4
2837.1474375000003	2837.2574375000004	30	ARE	4
2837.2574375000004	2837.4974375	301	OPEN	4
2837.4974375	2837.7274375	145	EVERY	4
2837.7274375	2837.9974375	265	MONDAY	4
2837.9974375	2838.4974375	143	EVENING	4
2844.81175	2845.04375	142	EVEN	9
2845.04375	2845.08775	1	A	9
2845.08775	2845.43775	383	SIMPLE	9
2845.43775	2846.23775	468	VOCABULARY	9
2846.23775	2846.72775	104	CONTAINS	9
2846.72775	2847.40775	422	SYMBOLS	9
2853.62375	2854.0237500000003	366	RICH	33
2854.0237500000003	2854.46375	349	PURCHASED	33
2854.46375	2854.7667500000002	374	SEVERAL	33
2854.7667500000002	2855.22375	382	SIGNED	33
2855.22375	2856.18375	245	LITHOGRAPHS	33
2863.5735	2863.6125	99999	sp	6
2863.6125	2863.9035	270	MUM	6
2863.9035	2864.3735	407	STRONGLY	6
2864.3735	2864.8705	126	DISLIKES	6
2864.8705	2865.8235	27	APPETIZERS	6
2872.1328750000002	2872.250875	204	HER	30
2872.250875	2872.6598750000003	470	WARDROBE	30
2872.6598750000003	2873.1088750000004	102	CONSISTS	30
2873.1088750000004	2873.185875	294	OF	30
2873.185875	2873.4058750000004	298	ONLY	30
2873.4058750000004	2873.8658750000004	385	SKIRTS	30
2873.8658750000004	2873.9658750000003	20	AND	30
2873.9658750000003	2874.7158750000003	54	BLOUSES	30
2880.9716875	2881.4566874999996	71	BUTTERSCOTCH	32
2881.4566874999996	2881.8166874999997	169	FUDGE	32
2881.8166874999997	2882.1226874999998	186	GOES	32
2882.1226874999998	2882.3166874999997	481	WELL	32
2882.3166874999997	2882.4666875	487	WITH	32
2882.4666875	2882.7566874999998	463	VANILLA	32
2882.7566874999998	2883.0756874999997	212	ICE	32
2883.0756874999997	2883.3266875	112	CREAM	32
2890.8093125	2890.8983125	476	WE	46
2890.8983125	2891.0953124999996	241	LIKE	46
2891.0953124999996	2891.3153125	55	BLUE	46
2891.3153125	2891.7053124999998	88	CHEESE	46
2891.7053124999998	2891.8553125	70	BUT	46
2891.8553125	2892.1053125	466	VICTOR	46
2892.1053125	2892.4633124999996	242	LIKES	46
2892.4633124999996	2892.8953125	64	BRIE	46
2900.8449375000005	2901.0259375000005	298	ONLY	15
2901.0259375000005	2901.1159375	434	THE	15
2901.1159375	2901.4059375	51	BEST	15
2901.4059375	2901.7559375000005	330	PLAYERS	15
2901.7559375000005	2902.0319375000004	139	ENJOY	15
2902.0319375000004	2902.8859375	336	POPULARITY	15
2910.0390625000005	2910.4530625000007	183	GLUCOSE	11
2910.4530625000007	2910.5540625000003	20	AND	11
2910.5540625000003	2911.0810625000004	167	FRUCTOSE	11
2911.0810625000004	2911.1610625000003	30	ARE	11
2911.1610625000003	2911.6140625000003	276	NATURAL	11
2911.6140625000003	2912.1110625000006	414	SUGARS	11
2912.1110625000006	2912.4510625000003	163	FOUND	11
2912.4510625000003	2912.5510625000006	217	IN	11
2912.5510625000006	2913.2110625000005	168	FRUIT	11
2921.5004375000003	2921.9544375000005	229	JOHN'S	22
2921.9544375000005	2922.1094375000002	99999	sp	22
2922.1094375000002	2922.4444375000003	66	BROTHER	22
2922.4444375000003	2922.9544375000005	363	REPAINTED	22
2922.9544375000005	2923.0444375	434	THE	22
2923.0444375	2923.5304375000005	173	GARAGE	22
2923.5304375000005	2923.9344375000005	129	DOOR	22
2930.5693125000003	2930.7433125000007	76	CAN	39
2930.7433125000007	2931.0373125000006	434	THE	39
2931.0373125000006	2931.8483125000002	11	AGENCY	39
2931.8483125000002	2932.6733125000005	315	OVERTHROW	39
2932.6733125000005	2933.1043125000006	13	ALIEN	39
2933.1043125000006	2933.7733125000004	162	FORCES	39
2939.888	2940.065	210	HOW	41
2940.065	2940.257	269	MUCH	41
2940.257	2940.6949999999997	16	ALLOWANCE	41
2940.6949999999997	2940.778	128	DO	41
2940.778	2940.848	495	YOU	41
2940.848	2941.198	177	GET	41
2947.6448125	2948.1368125000004	44	BAGPIPES	48
2948.1368125000004	2948.2748125000003	20	AND	48
2948.2748125000003	2948.8068125000004	59	BONGOS	48
2948.8068125000004	2948.9068125000003	30	ARE	48
2948.9068125000003	2949.3448125000004	273	MUSICAL	48
2949.3448125000004	2950.1468125	220	INSTRUMENTS	48
2956.588125	2956.733125	1	A	10
2956.733125	2957.084125	110	CRAB	10
2957.084125	2957.604125	85	CHALLENGED	10
2957.604125	2957.854125	258	ME	10
2957.854125	2957.946125	70	BUT	10
2957.946125	2958.044125	1	A	10
2958.044125	2958.254125	350	QUICK	10
2958.254125	2958.694125	402	STAB	10
2958.694125	2959.284125	464	VANQUISHED	10
2959.284125	2959.484125	207	HIM	10
2966.1384375000002	2966.2424375	19	AN	29
2966.2424375	2966.5474375000003	9	ADULT	29
2966.5474375000003	2966.8344375	255	MALE	29
2966.8344375	2967.5024375000003	42	BABOON'S	29
2967.5024375000003	2967.7724375000003	430	TEETH	29
2967.7724375000003	2967.8624375000004	30	ARE	29
2967.8624375000004	2968.1524375000004	285	NOT	29
2968.1524375000004	2968.5994375	415	SUITABLE	29
2968.5994375	2968.7824375	161	FOR	29
2968.7824375	2969.0724375000004	135	EATING	29
2969.0724375000004	2969.8524375	376	SHELLFISH	29
2975.7664375	2975.9004375	438	THEY	26
2975.9004375	2976.0784375	317	OWN	26
2976.0784375	2976.1364375	1	A	26
2976.1364375	2976.4164374999996	52	BIG	26
2976.4164374999996	2976.8464375	209	HOUSE	26
2976.8464375	2976.9064375	217	IN	26
2976.9064375	2976.9664374999998	434	THE	26
2976.9664374999998	2977.3104375	361	REMOTE	26
2977.3104375	2978.1464374999996	109	COUNTRYSIDE	26
2982.9923750000003	2983.2983750000003	203	HELP	45
2983.2983750000003	2983.5423750000004	196	GREG	45
2983.5423750000004	2983.652375	446	TO	45
2983.652375	2983.7853750000004	325	PICK	45
2983.7853750000004	2983.871375	1	A	45
2983.871375	2984.038375	321	PECK	45
2984.038375	2984.1183750000005	294	OF	45
2984.1183750000005	2984.9283750000004	338	POTATOES	45
2992.8640000000005	2992.9840000000004	434	THE	8
2992.9840000000004	2993.3610000000003	165	FRIGHTENED	8
2993.3610000000003	2993.784	89	CHILD	8
2993.784	2993.954	472	WAS	8
2993.954	2994.2340000000004	176	GENTLY	8
2994.2340000000004	2994.8140000000003	410	SUBDUED	8
2994.8140000000003	2995.0240000000003	73	BY	8
2995.0240000000003	2995.204	208	HIS	8
2995.204	2995.3940000000002	52	BIG	8
2995.3940000000002	2995.8740000000003	66	BROTHER	8
3002.597207766926	3002.9695499532663	46	BARBS	19
3002.9695499532663	3003.290871893834	188	GOLD	19
3003.290871893834	3003.6947133649755	63	BRACELET	19
3003.6947133649755	3003.8463396107686	472	WAS	19
3003.8463396107686	3003.9186174066913	1	A	19
3003.9186174066913	3004.6830336613907	193	GRADUATION	19
3004.6830336613907	3005.0382491859705	339	PRESENT	19
3010.8049375	3011.3749375	115	CYCLICAL	42
3011.3749375	3011.8549375000002	346	PROGRAMS	42
3011.8549375000002	3011.9649375	485	WILL	42
3011.9649375	3012.2379375	281	NEVER	42
3012.2379375	3012.8349375000003	100	COMPILE	42
3018.9596875	3019.0286875	434	THE	43
3019.0286875	3019.4586875	61	BOSTON	43
3019.4586875	3019.8886875000003	45	BALLET	43
3019.8886875000003	3020.4586875	312	OVERCAME	43
3020.4586875	3020.5686875	435	THEIR	43
3020.5686875	3020.9886875	170	FUNDING	43
3020.9886875	3021.6786875000003	380	SHORTAGE	43
3028.4896875	3028.6026875000002	30	ARE	0
3028.6026875000002	3028.7096875	496	YOUR	0
3028.7096875	3028.9896875	192	GRADES	0
3028.9896875	3029.2596875	206	HIGHER	0
3029.2596875	3029.3796875000003	302	OR	0
3029.3796875000003	3029.6896875	251	LOWER	0
3029.6896875	3029.8236875000002	432	THAN	0
3029.8236875000002	3030.5896875	275	NANCY'S	0
3037.4940625	3038.0130624999997	84	CHALLENGE	23
3038.0130624999997	3038.2930625	132	EACH	23
3038.2930625	3039.0100625	175	GENERAL'S	23
3039.0100625	3040.1430625	221	INTELLIGENCE	23
3046.5481875	3046.5911875	1	A	25
3046.5911875	3047.0671875000003	271	MUSCULAR	25
3047.0671875000003	3047.5211875	2	ABDOMEN	25
3047.5211875	3047.6811875000003	224	IS	25
3047.6811875000003	3047.7911875	189	GOOD	25
3047.7911875	3047.9811875	161	FOR	25
3047.9811875	3048.0941875000003	496	YOUR	25
3048.0941875000003	3048.7011875000003	43	BACK	25
3055.446	3055.886	286	NOTHING	17
3055.886	3056.226	224	IS	17
3056.226	3056.457	34	AS	17
3056.457	3057.1059999999998	295	OFFENSIVE	17
3057.1059999999998	3057.654	34	AS	17
3057.654	3058.556	219	INNOCENCE	17
3065.5614375	3065.8364375	354	READING	2
3065.8364375	3065.9654375000005	217	IN	2
3065.9654375000005	3066.1514375	335	POOR	2
3066.1514375	3066.4494375000004	240	LIGHT	2
3066.4494375000004	3066.7394375000003	181	GIVES	2
3066.7394375000003	3066.8814375	495	YOU	2
3066.8814375	3067.6014375000004	150	EYESTRAIN	2
3074.0823125	3074.5473125000003	75	CALCIUM	16
3074.5473125000003	3074.8883125	254	MAKES	16
3074.8883125	3075.2313125	58	BONES	16
3075.2313125	3075.4133125000003	20	AND	16
3075.4133125000003	3075.6873125	430	TEETH	16
3075.6873125	3076.3173125000003	406	STRONG	16
3081.72675	3082.19675	405	STEVE	18
3082.19675	3082.39675	490	WORE	18
3082.39675	3082.48675	1	A	18
3082.48675	3082.8467499999997	65	BRIGHT	18
3082.8467499999997	3083.20575	356	RED	18
3083.20575	3083.6897499999995	78	CASHMERE	18
3083.6897499999995	3084.1567499999996	420	SWEATER	18
