59.022	59.102999999999994	30	ARE	0
59.102999999999994	59.247	495	YOUR	0
59.247	59.653	192	GRADES	0
59.653	60.137	206	HIGHER	0
60.137	60.36	301	OR	0
60.36	60.763	250	LOWER	0
60.763	60.933	431	THAN	0
60.933	61.653	274	NANCY'S	0
69.947	70.183	374	SHE	1
70.183	70.548	489	WORE	1
70.548	71.095	470	WARM	1
71.095	71.66300000000001	158	FLEECY	1
71.66300000000001	72.245	488	WOOLEN	1
72.245	73.087	310	OVERALLS	1
83.385	83.71300000000001	353	READING	2
83.71300000000001	83.87700000000001	217	IN	2
83.87700000000001	84.123	334	POOR	2
84.123	84.452	239	LIGHT	2
84.452	84.69200000000001	181	GIVES	2
84.69200000000001	84.81200000000001	494	YOU	2
84.81200000000001	85.483	150	EYESTRAIN	2
95.197	95.46000000000001	142	EVEN	3
95.46000000000001	96.324	292	OCCASIONALLY	3
96.324	96.673	99999	sp	3
96.673	96.816	211	I	3
96.816	96.986	177	GET	3
96.986	97.05300000000001	433	THE	3
97.05300000000001	97.447	264	MONDAY	3
97.447	98.05300000000001	56	BLUES	3
107.453	107.58800000000001	475	WE	4
107.58800000000001	107.723	30	ARE	4
107.723	108.063	300	OPEN	4
108.063	108.453	145	EVERY	4
108.453	108.921	264	MONDAY	4
108.921	109.443	143	EVENING	4
118.009	118.32300000000001	226	IT'S	5
118.32300000000001	118.674	284	NOT	5
118.674	119.27300000000001	133	EASY	5
119.27300000000001	119.527	445	TO	5
119.527	119.99600000000001	113	CREATE	5
119.99600000000001	120.938	215	ILLUMINATING	5
120.938	121.99300000000001	146	EXAMPLES	5
132.81900000000002	133.18	269	MUM	6
133.18	133.723	406	STRONGLY	6
133.723	134.28300000000002	126	DISLIKES	6
134.28300000000002	135.37300000000002	27	APPETIZERS	6
144.60500000000002	144.923	442	THOSE	7
144.923	145.04500000000002	483	WHO	7
145.04500000000002	145.322	426	TEACH	7
145.322	145.853	461	VALUES	7
145.853	146.216	156	FIRST	7
146.216	146.851	4	ABOLISH	7
146.851	147.383	87	CHEATING	7
156.853	156.887	99999	sp	8
156.887	156.96	433	THE	8
156.96	157.37800000000001	165	FRIGHTENED	8
157.37800000000001	157.839	89	CHILD	8
157.839	158.062	471	WAS	8
158.062	158.385	176	GENTLY	8
158.385	159.073	409	SUBDUED	8
159.073	159.284	73	BY	8
159.284	159.491	208	HIS	8
159.491	159.723	52	BIG	8
159.723	160.193	66	BROTHER	8
169.754	169.963	142	EVEN	9
169.963	170.026	1	A	9
170.026	170.393	382	SIMPLE	9
170.393	171.192	467	VOCABULARY	9
171.192	171.793	104	CONTAINS	9
171.793	172.50300000000001	421	SYMBOLS	9
180.507	180.639	1	A	10
180.639	181.05700000000002	110	CRAB	10
181.05700000000002	181.673	85	CHALLENGED	10
181.673	181.943	257	ME	10
181.943	182.388	99999	sp	10
182.388	182.471	70	BUT	10
182.471	182.577	1	A	10
182.577	182.833	349	QUICK	10
182.833	183.553	401	STAB	10
183.553	184.198	463	VANQUISHED	10
184.198	184.443	207	HIM	10
193.643	194.17000000000002	183	GLUCOSE	11
194.17000000000002	194.269	20	AND	11
194.269	195.013	167	FRUCTOSE	11
195.013	195.183	30	ARE	11
195.183	195.615	275	NATURAL	11
195.615	196.11700000000002	413	SUGARS	11
196.11700000000002	196.453	163	FOUND	11
196.453	196.59300000000002	217	IN	11
196.59300000000002	197.141	168	FRUIT	11
205.973	206.049	99999	sp	12
206.049	206.132	30	ARE	12
206.132	206.201	494	YOU	12
206.201	206.465	249	LOOKING	12
206.465	206.608	161	FOR	12
206.608	207.203	136	EMPLOYMENT	12
214.662	215.022	98	COFFEE	13
215.022	215.163	224	IS	13
215.163	215.221	99999	sp	13
215.221	215.625	198	GROWN	13
215.625	215.943	296	ON	13
215.943	216.323	403	STEEP	13
216.323	216.37800000000001	99999	sp	13
216.37800000000001	216.763	88888	JUNGLE	13
216.763	216.943	240	LIKE	13
216.943	217.493	389	SLOPES	13
217.493	217.68200000000002	217	IN	13
217.68200000000002	218.663	88888	TEMPERATURE	13
218.663	219.543	496	ZONES	13
229.441	229.543	475	WE	14
229.543	229.883	479	WELCOME	14
229.883	230.143	255	MANY	14
230.143	230.383	281	NEW	14
230.383	230.96	407	STUDENTS	14
230.96	231.228	132	EACH	14
231.228	231.603	490	YEAR	14
239.14000000000001	239.363	297	ONLY	15
239.363	239.45000000000002	433	THE	15
239.45000000000002	239.714	51	BEST	15
239.714	240.058	329	PLAYERS	15
240.058	240.463	139	ENJOY	15
240.463	241.37300000000002	335	POPULARITY	15
249.62800000000001	250.133	75	CALCIUM	16
250.133	250.477	253	MAKES	16
250.477	251.052	58	BONES	16
251.052	251.305	20	AND	16
251.305	251.603	429	TEETH	16
251.603	252.353	405	STRONG	16
259.99699999999996	260.527	285	NOTHING	17
260.527	260.933	224	IS	17
260.933	261.34299999999996	34	AS	17
261.34299999999996	262.003	294	OFFENSIVE	17
262.003	262.546	34	AS	17
262.546	263.443	219	INNOCENCE	17
271.96599999999995	272.383	404	STEVE	18
272.383	272.61499999999995	489	WORE	18
272.61499999999995	272.77	1	A	18
272.77	273.09299999999996	65	BRIGHT	18
273.09299999999996	273.50899999999996	355	RED	18
273.50899999999996	274.073	78	CASHMERE	18
274.073	274.673	419	SWEATER	18
282.22299999999996	282.643	46	BARB'S	19
282.643	282.895	188	GOLD	19
282.895	283.35299999999995	63	BRACELET	19
283.35299999999995	283.50399999999996	471	WAS	19
283.50399999999996	283.56399999999996	1	A	19
283.56399999999996	284.36699999999996	193	GRADUATION	19
284.36699999999996	284.763	338	PRESENT	19
293.664	293.935	130	DRAW	20
293.935	294.453	145	EVERY	20
294.453	294.849	307	OUTER	20
294.849	295.23199999999997	243	LINE	20
295.23199999999997	295.782	156	FIRST	20
295.782	295.936	435	THEN	20
295.936	296.227	154	FILL	20
296.227	296.35299999999995	217	IN	20
296.35299999999995	296.47299999999996	433	THE	20
296.47299999999996	297.16299999999995	222	INTERIOR	20
307.544	307.671	433	THE	21
307.671	307.959	474	WATER	21
307.959	308.453	103	CONTAINED	21
308.453	308.59299999999996	447	TOO	21
308.59299999999996	308.84	268	MUCH	21
308.84	309.303	90	CHLORINE	21
309.303	309.47999999999996	20	AND	21
309.47999999999996	309.91299999999995	408	STUNG	21
309.91299999999995	310.193	208	HIS	21
310.193	310.743	149	EYES	21
318.936	319.342	229	JOHN'S	22
319.342	319.65299999999996	66	BROTHER	22
319.65299999999996	320.193	362	REPAINTED	22
320.193	320.263	433	THE	22
320.263	320.755	173	GARAGE	22
320.755	321.113	129	DOOR	22
328.52599999999995	329.243	84	CHALLENGE	23
329.243	329.291	99999	sp	23
329.291	329.703	132	EACH	23
329.703	330.354	175	GENERAL'S	23
330.354	331.34299999999996	221	INTELLIGENCE	23
340.465	341.433	17	AMBIDEXTROUS	24
341.433	342.298	326	PICKPOCKETS	24
342.298	342.91299999999995	6	ACCOMPLISH	24
342.91299999999995	342.964	99999	sp	24
342.964	343.453	266	MORE	24
353.67499999999995	353.72999999999996	1	A	25
353.72999999999996	354.46799999999996	270	MUSCULAR	25
354.46799999999996	355.09299999999996	2	ABDOMEN	25
355.09299999999996	355.35299999999995	224	IS	25
355.35299999999995	355.503	189	GOOD	25
355.503	355.643	161	FOR	25
355.643	355.75	495	YOUR	25
355.75	356.29299999999995	43	BACK	25
364.12699999999995	364.229	437	THEY	26
364.229	364.358	316	OWN	26
364.358	364.39799999999997	1	A	26
364.39799999999997	364.643	52	BIG	26
364.643	365.08299999999997	209	HOUSE	26
365.08299999999997	365.143	217	IN	26
365.143	365.203	433	THE	26
365.203	365.563	360	REMOTE	26
365.563	366.433	109	COUNTRYSIDE	26
373.82	373.883	433	THE	27
373.883	374.54499999999996	368	ROSE	27
374.54499999999996	375.22299999999996	106	CORSAGE	27
375.22299999999996	375.703	392	SMELLED	27
375.703	376.52299999999997	420	SWEET	27
384.16499999999996	384.47299999999996	432	THAT	28
384.47299999999996	385.08299999999997	325	PICKPOCKET	28
385.08299999999997	385.332	471	WAS	28
385.332	385.676	80	CAUGHT	28
385.676	385.91299999999995	355	RED	28
385.91299999999995	386.52299999999997	199	HANDED	28
394.453	394.549	19	AN	29
394.549	394.868	9	ADULT	29
394.868	395.553	88888	MALES	29
395.553	395.628	99999	sp	29
395.628	396.443	42	BABOON'S	29
396.443	396.823	429	TEETH	29
396.823	397.053	30	ARE	29
397.053	397.32899999999995	284	NOT	29
397.32899999999995	397.974	88888	SUSTAINABLE	29
397.974	398.16299999999995	161	FOR	29
398.16299999999995	398.453	135	EATING	29
398.453	399.263	375	SHELLFISH	29
412.087	412.226	204	HER	30
412.226	412.753	469	WARDROBE	30
412.753	413.22299999999996	102	CONSISTS	30
413.22299999999996	413.313	293	OF	30
413.313	413.613	297	ONLY	30
413.613	414.14399999999995	384	SKIRTS	30
414.14399999999995	414.28299999999996	20	AND	30
414.28299999999996	415.02299999999997	54	BLOUSES	30
423.07399999999996	423.193	433	THE	31
423.193	423.47299999999996	452	TWO	31
423.47299999999996	423.863	33	ARTISTS	31
423.863	424.41799999999995	147	EXCHANGED	31
424.41799999999995	425.303	39	AUTOGRAPHS	31
432.34299999999996	432.873	71	BUTTERSCOTCH	32
432.873	432.91299999999995	99999	sp	32
432.91299999999995	433.35299999999995	169	FUDGE	32
433.35299999999995	433.66299999999995	186	GOES	32
433.66299999999995	433.96299999999997	480	WELL	32
433.96299999999997	434.15299999999996	486	WITH	32
434.15299999999996	434.46299999999997	462	VANILLA	32
434.46299999999997	434.79299999999995	212	ICE	32
434.79299999999995	435.08299999999997	112	CREAM	32
443.923	444.32099999999997	365	RICH	33
444.32099999999997	444.763	348	PURCHASED	33
444.763	445.171	373	SEVERAL	33
445.171	445.693	381	SIGNED	33
445.693	446.743	244	LITHOGRAPHS	33
454.37899999999996	454.57399999999996	24	ANY	34
454.57399999999996	455.363	105	CONTRIBUTIONS	34
455.363	455.41299999999995	484	WILL	34
455.41299999999995	455.536	47	BE	34
455.536	455.90299999999996	195	GREATLY	34
455.90299999999996	456.733	28	APPRECIATED	34
464.017	464.137	433	THE	35
464.137	464.69599999999997	111	CRANBERRY	35
464.69599999999997	465.08799999999997	57	BOG	35
465.08799999999997	465.33299999999997	178	GETS	35
465.33299999999997	465.657	464	VERY	35
465.657	465.96299999999997	339	PRETTY	35
465.96299999999997	466.05899999999997	217	IN	35
466.05899999999997	466.483	40	AUTUMN	35
474.152	474.287	210	HOW	36
474.287	474.443	128	DO	36
474.443	474.90299999999996	317	OYSTERS	36
474.90299999999996	475.14599999999996	252	MAKE	36
475.14599999999996	475.823	319	PEARLS	36
483.29299999999995	483.46	256	MAY	37
483.46	483.53299999999996	211	I	37
483.53299999999996	483.78099999999995	303	ORDER	37
483.78099999999995	483.878	1	A	37
483.878	484.465	318	PARFAIT	37
484.465	484.786	10	AFTER	37
484.786	484.91299999999995	211	I	37
484.91299999999995	485.221	134	EAT	37
485.221	485.633	124	DINNER	37
492.77299999999997	492.858	224	IS	38
492.858	493.03299999999996	374	SHE	38
493.03299999999996	493.313	187	GOING	38
493.313	493.505	486	WITH	38
493.505	493.683	494	YOU	38
500.274	500.393	76	CAN	39
500.393	500.48999999999995	433	THE	39
500.48999999999995	501.065	11	AGENCY	39
501.065	501.825	314	OVERTHROW	39
501.825	502.289	13	ALIEN	39
502.289	503.03299999999996	162	FORCES	39
510.941	511.02299999999997	1	A	40
511.02299999999997	511.673	370	SCREWDRIVER	40
511.673	511.81	224	IS	40
511.81	512.103	251	MADE	40
512.103	512.323	166	FROM	40
512.323	512.774	468	VODKA	40
512.774	512.983	20	AND	40
512.983	513.369	302	ORANGE	40
513.369	513.913	230	JUICE	40
522.1179999999999	522.213	210	HOW	41
522.213	522.393	268	MUCH	41
522.393	522.9019999999999	16	ALLOWANCE	41
522.9019999999999	522.973	128	DO	41
522.973	523.1229999999999	494	YOU	41
523.1229999999999	523.783	177	GET	41
531.374	531.973	115	CYCLICAL	42
531.973	532.573	345	PROGRAMS	42
532.573	532.663	484	WILL	42
532.663	533.025	280	NEVER	42
533.025	533.674	100	COMPILE	42
544.5749999999999	544.643	433	THE	43
544.643	545.093	61	BOSTON	43
545.093	545.5699999999999	45	BALLET	43
545.5699999999999	546.223	311	OVERCAME	43
546.223	546.358	434	THEIR	43
546.358	546.8629999999999	170	FUNDING	43
546.8629999999999	547.6329999999999	379	SHORTAGE	43
564.923	565.203	203	HELP	45
565.203	565.523	196	GREG	45
565.523	565.706	445	TO	45
565.706	565.923	324	PICK	45
565.923	566.011	1	A	45
566.011	566.233	320	PECK	45
566.233	566.293	293	OF	45
566.293	567.083	337	POTATOES	45
574.197	574.3829999999999	475	WE	46
574.3829999999999	574.6809999999999	240	LIKE	46
574.6809999999999	574.908	55	BLUE	46
574.908	575.621	88	CHEESE	46
575.621	575.793	70	BUT	46
575.793	576.154	465	VICTOR	46
576.154	576.545	241	LIKES	46
576.545	576.9929999999999	64	BRIE	46
585.001	585.2959999999999	99999	sp	47
585.2959999999999	586.733	428	TEASPOONS	47
586.733	586.814	293	OF	47
586.814	587.554	394	SOYSAUCE	47
587.554	587.704	432	THAT	47
587.704	587.9019999999999	494	YOU	47
587.9019999999999	588.208	7	ADD	47
600.7239999999999	601.3149999999999	44	BAGPIPES	48
601.3149999999999	601.5039999999999	20	AND	48
601.5039999999999	602.3439999999999	59	BONGOS	48
602.3439999999999	602.5039999999999	30	ARE	48
602.5039999999999	602.944	272	MUSICAL	48
602.944	603.774	220	INSTRUMENTS	48
611.894	612.102	210	HOW	49
612.102	612.2779999999999	189	GOOD	49
612.2779999999999	612.414	224	IS	49
612.414	612.544	495	YOUR	49
612.544	613.294	138	ENDURANCE	49
626.788	626.8839999999999	30	ARE	0
626.8839999999999	627.0139999999999	495	YOUR	0
627.0139999999999	627.2909999999999	192	GRADES	0
627.2909999999999	627.5659999999999	206	HIGHER	0
627.5659999999999	627.674	301	OR	0
627.674	628.024	250	LOWER	0
628.024	628.1809999999999	431	THAN	0
628.1809999999999	628.914	274	NANCY'S	0
638.2139999999999	638.454	374	SHE	1
638.454	638.8739999999999	489	WORE	1
638.8739999999999	639.314	470	WARM	1
639.314	639.834	158	FLEECY	1
639.834	640.3199999999999	488	WOOLEN	1
640.3199999999999	641.174	310	OVERALLS	1
649.7339999999999	649.828	99999	sp	2
649.828	650.1039999999999	353	READING	2
650.1039999999999	650.1719999999999	217	IN	2
650.1719999999999	650.444	334	POOR	2
650.444	650.794	88888	EYE	2
650.794	651.1239999999999	239	LIGHT	2
651.1239999999999	651.223	99999	sp	2
651.223	651.458	181	GIVES	2
651.458	651.584	494	YOU	2
651.584	652.2339999999999	150	EYESTRAIN	2
658.574	658.612	99999	sp	3
658.612	659.02	142	EVEN	3
659.02	659.2439999999999	211	I	3
659.2439999999999	660.084	292	OCCASIONALLY	3
660.084	660.307	177	GET	3
660.307	660.3539999999999	433	THE	3
660.3539999999999	660.7239999999999	264	MONDAY	3
660.7239999999999	661.404	56	BLUES	3
672.024	672.164	475	WE	4
672.164	672.2539999999999	30	ARE	4
672.2539999999999	672.502	300	OPEN	4
672.502	672.7239999999999	145	EVERY	4
672.7239999999999	673.068	264	MONDAY	4
673.068	673.5139999999999	143	EVENING	4
682.4939999999999	682.519	99999	sp	5
682.519	682.8439999999999	226	IT'S	5
682.8439999999999	683.074	284	NOT	5
683.074	683.384	133	EASY	5
683.384	683.454	445	TO	5
683.454	683.7729999999999	113	CREATE	5
683.7729999999999	684.6379999999999	215	ILLUMINATING	5
684.6379999999999	685.654	146	EXAMPLES	5
695.284	695.704	269	MUM	6
695.704	696.2239999999999	406	STRONGLY	6
696.2239999999999	696.814	126	DISLIKES	6
696.814	697.7439999999999	27	APPETIZERS	6
704.8439999999999	704.862	99999	sp	7
704.862	705.2139999999999	442	THOSE	7
705.2139999999999	705.358	483	WHO	7
705.358	705.644	426	TEACH	7
705.644	706.198	461	VALUES	7
706.198	706.554	156	FIRST	7
706.554	707.1039999999999	4	ABOLISH	7
707.1039999999999	707.544	87	CHEATING	7
715.444	715.482	99999	sp	8
715.482	715.544	433	THE	8
715.544	715.914	165	FRIGHTENED	8
715.914	716.294	89	CHILD	8
716.294	716.4739999999999	471	WAS	8
716.4739999999999	716.784	176	GENTLY	8
716.784	717.374	409	SUBDUED	8
717.374	717.574	73	BY	8
717.574	717.846	208	HIS	8
717.846	718.034	52	BIG	8
718.034	718.584	66	BROTHER	8
727.1709999999999	727.4789999999999	142	EVEN	9
727.4789999999999	727.564	1	A	9
727.564	727.9739999999999	382	SIMPLE	9
727.9739999999999	728.7669999999999	467	VOCABULARY	9
728.7669999999999	729.384	104	CONTAINS	9
729.384	730.034	421	SYMBOLS	9
737.5269999999999	737.654	1	A	10
737.654	738.0369999999999	110	CRAB	10
738.0369999999999	738.534	85	CHALLENGED	10
738.534	738.784	257	ME	10
738.784	738.914	70	BUT	10
738.914	739.009	1	A	10
739.009	739.2239999999999	349	QUICK	10
739.2239999999999	739.674	401	STAB	10
739.674	740.304	463	VANQUISHED	10
740.304	740.5239999999999	207	HIM	10
748.2199999999999	748.684	183	GLUCOSE	11
748.684	748.7869999999999	20	AND	11
748.7869999999999	749.3439999999999	167	FRUCTOSE	11
749.3439999999999	749.454	30	ARE	11
749.454	749.8689999999999	275	NATURAL	11
749.8689999999999	750.294	413	SUGARS	11
750.294	750.6039999999999	163	FOUND	11
750.6039999999999	750.722	217	IN	11
750.722	751.144	168	FRUIT	11
758.674	758.814	30	ARE	12
758.814	758.93	494	YOU	12
758.93	759.204	249	LOOKING	12
759.204	759.3539999999999	161	FOR	12
759.3539999999999	759.9939999999999	136	EMPLOYMENT	12
766.3219999999999	766.664	98	COFFEE	13
766.664	766.8539999999999	224	IS	13
766.8539999999999	767.664	198	GROWN	13
767.664	767.9839999999999	99999	sp	13
767.9839999999999	768.334	296	ON	13
768.334	768.7539999999999	403	STEEP	13
768.7539999999999	769.314	88888	JUNGLE	13
769.314	769.5239999999999	240	LIKE	13
769.5239999999999	770.012	389	SLOPES	13
770.012	770.207	217	IN	13
770.207	770.924	88888	TEMPERATURE	13
770.924	771.694	496	ZONES	13
779.5699999999999	779.684	475	WE	14
779.684	780.0139999999999	479	WELCOME	14
780.0139999999999	780.304	255	MANY	14
780.304	780.5139999999999	281	NEW	14
780.5139999999999	781.144	407	STUDENTS	14
781.144	781.49	132	EACH	14
781.49	781.9939999999999	490	YEAR	14
789.2909999999999	789.4939999999999	297	ONLY	15
789.4939999999999	789.554	433	THE	15
789.554	789.834	51	BEST	15
789.834	790.2439999999999	329	PLAYERS	15
790.2439999999999	790.6389999999999	139	ENJOY	15
790.6389999999999	791.4739999999999	335	POPULARITY	15
801.7439999999999	801.788	99999	sp	16
801.788	802.3539999999999	75	CALCIUM	16
802.3539999999999	802.673	253	MAKES	16
802.673	803.0559999999999	58	BONES	16
803.0559999999999	803.1969999999999	20	AND	16
803.1969999999999	803.434	429	TEETH	16
803.434	804.0139999999999	405	STRONG	16
810.954	811.0049999999999	99999	sp	17
811.0049999999999	811.4639999999999	285	NOTHING	17
811.4639999999999	811.784	224	IS	17
811.784	812.063	34	AS	17
812.063	812.664	294	OFFENSIVE	17
812.664	813.0139999999999	34	AS	17
813.0139999999999	813.914	219	INNOCENCE	17
820.914	821.3439999999999	404	STEVE	18
821.3439999999999	821.5749999999999	489	WORE	18
821.5749999999999	821.621	1	A	18
821.621	822.034	65	BRIGHT	18
822.034	822.424	355	RED	18
822.424	822.904	78	CASHMERE	18
822.904	823.374	419	SWEATER	18
831.65	832.1039999999999	46	BARB'S	19
832.1039999999999	832.314	188	GOLD	19
832.314	832.794	63	BRACELET	19
832.794	833.0039999999999	471	WAS	19
833.0039999999999	833.054	1	A	19
833.054	833.7539999999999	193	GRADUATION	19
833.7539999999999	834.2239999999999	338	PRESENT	19
841.5039999999999	841.6109999999999	99999	sp	20
841.6109999999999	841.944	130	DRAW	20
841.944	842.304	145	EVERY	20
842.304	842.584	307	OUTER	20
842.584	842.92	243	LINE	20
842.92	843.454	156	FIRST	20
843.454	843.624	435	THEN	20
843.624	843.913	154	FILL	20
843.913	844.054	217	IN	20
844.054	844.164	433	THE	20
844.164	844.864	222	INTERIOR	20
853.387	853.471	433	THE	21
853.471	853.756	474	WATER	21
853.756	854.2579999999999	103	CONTAINED	21
854.2579999999999	854.394	447	TOO	21
854.394	854.5939999999999	268	MUCH	21
854.5939999999999	854.646	99999	sp	21
854.646	855.179	90	CHLORINE	21
855.179	855.334	20	AND	21
855.334	855.7339999999999	408	STUNG	21
855.7339999999999	855.92	208	HIS	21
855.92	856.454	149	EYES	21
862.9279999999999	863.324	229	JOHN'S	22
863.324	863.5939999999999	66	BROTHER	22
863.5939999999999	864.074	362	REPAINTED	22
864.074	864.164	433	THE	22
864.164	864.584	173	GARAGE	22
864.584	864.9739999999999	129	DOOR	22
871.913	872.614	84	CHALLENGE	23
872.614	872.9839999999999	99999	sp	23
872.9839999999999	873.521	132	EACH	23
873.521	874.414	175	GENERAL'S	23
874.414	875.5439999999999	221	INTELLIGENCE	23
886.1859999999999	886.569	99999	sp	24
886.569	887.357	17	AMBIDEXTROUS	24
887.357	888.0039999999999	326	PICKPOCKETS	24
888.0039999999999	888.574	6	ACCOMPLISH	24
888.574	889.054	266	MORE	24
897.324	897.424	1	A	25
897.424	897.9739999999999	270	MUSCULAR	25
897.9739999999999	898.559	2	ABDOMEN	25
898.559	898.7539999999999	224	IS	25
898.7539999999999	898.894	189	GOOD	25
898.894	899.0439999999999	161	FOR	25
899.0439999999999	899.174	495	YOUR	25
899.174	899.7339999999999	43	BACK	25
907.5339999999999	907.6419999999999	437	THEY	26
907.6419999999999	907.7289999999999	316	OWN	26
907.7289999999999	907.7839999999999	1	A	26
907.7839999999999	908.0039999999999	52	BIG	26
908.0039999999999	908.384	209	HOUSE	26
908.384	908.444	217	IN	26
908.444	908.5039999999999	433	THE	26
908.5039999999999	908.8499999999999	360	REMOTE	26
908.8499999999999	909.864	109	COUNTRYSIDE	26
917.624	917.6589999999999	99999	sp	27
917.6589999999999	917.7539999999999	433	THE	27
917.7539999999999	918.454	368	ROSE	27
918.454	919.204	106	CORSAGE	27
919.204	919.7839999999999	392	SMELLED	27
919.7839999999999	920.5939999999999	420	SWEET	27
928.814	928.837	99999	sp	28
928.837	929.192	432	THAT	28
929.192	929.834	325	PICKPOCKET	28
929.834	930.079	471	WAS	28
930.079	930.424	80	CAUGHT	28
930.424	930.7239999999999	355	RED	28
930.7239999999999	931.324	199	HANDED	28
939.374	939.5139999999999	19	AN	29
939.5139999999999	939.8539999999999	9	ADULT	29
939.8539999999999	940.2939999999999	254	MALE	29
940.2939999999999	941.049	42	BABOON'S	29
941.049	941.358	429	TEETH	29
941.358	941.4839999999999	30	ARE	29
941.4839999999999	941.7639999999999	284	NOT	29
941.7639999999999	942.454	88888	SUSTAINABLE	29
942.454	942.634	161	FOR	29
942.634	942.934	135	EATING	29
942.934	943.7339999999999	375	SHELLFISH	29
951.192	951.314	88888	HER1	30
951.314	951.7439999999999	469	WARDROBE	30
951.7439999999999	952.337	102	CONSISTS	30
952.337	952.444	293	OF	30
952.444	952.684	297	ONLY	30
952.684	953.374	384	SKIRTS	30
953.374	953.574	20	AND	30
953.574	954.404	54	BLOUSES	30
962.7539999999999	962.9159999999999	433	THE	31
962.9159999999999	963.154	452	TWO	31
963.154	963.5339999999999	33	ARTISTS	31
963.5339999999999	964.122	147	EXCHANGED	31
964.122	964.9939999999999	39	AUTOGRAPHS	31
971.814	971.864	99999	sp	32
971.864	972.394	71	BUTTERSCOTCH	32
972.394	972.824	169	FUDGE	32
972.824	973.114	186	GOES	32
973.114	973.454	480	WELL	32
973.454	973.684	486	WITH	32
973.684	974.074	462	VANILLA	32
974.074	974.4639999999999	212	ICE	32
974.4639999999999	974.7839999999999	112	CREAM	32
982.9639999999999	983.299	365	RICH	33
983.299	983.7579999999999	348	PURCHASED	33
983.7579999999999	984.2549999999999	373	SEVERAL	33
984.2549999999999	984.7539999999999	381	SIGNED	33
984.7539999999999	985.7739999999999	244	LITHOGRAPHS	33
992.7729999999999	993.0339999999999	24	ANY	34
993.0339999999999	993.834	105	CONTRIBUTIONS	34
993.834	993.911	484	WILL	34
993.911	994.0039999999999	47	BE	34
994.0039999999999	994.364	195	GREATLY	34
994.364	995.2539999999999	28	APPRECIATED	34
1003.323	1003.468	433	THE	35
1003.468	1004.016	111	CRANBERRY	35
1004.016	1004.472	57	BOG	35
1004.472	1004.7939999999999	178	GETS	35
1004.7939999999999	1005.414	339	PRETTY	35
1005.414	1005.779	99999	{LG}	35
1005.779	1006.47	88888	BRUP	35
1006.47	1007.371	99999	{LG}	35
1007.371	1007.4469999999999	433	THE	35
1007.4469999999999	1007.483	99999	sp	35
1007.483	1007.943	111	CRANBERRY	35
1007.943	1008.3439999999999	57	BOG	35
1008.3439999999999	1008.614	178	GETS	35
1008.614	1008.864	464	VERY	35
1008.864	1009.194	339	PRETTY	35
1009.194	1009.324	217	IN	35
1009.324	1009.684	40	AUTUMN	35
1018.384	1018.905	210	HOW	36
1018.905	1019.2839999999999	128	DO	36
1019.2839999999999	1019.7939999999999	317	OYSTERS	36
1019.7939999999999	1019.996	252	MAKE	36
1019.996	1020.058	99999	sp	36
1020.058	1020.7939999999999	319	PEARLS	36
1030.724	1030.901	256	MAY	37
1030.901	1030.984	211	I	37
1030.984	1031.258	303	ORDER	37
1031.258	1031.302	1	A	37
1031.302	1031.884	318	PARFAIT	37
1031.884	1032.164	10	AFTER	37
1032.164	1032.194	211	I	37
1032.194	1032.364	134	EAT	37
1032.364	1032.7939999999999	124	DINNER	37
1039.99	1040.0739999999998	224	IS	38
1040.0739999999998	1040.224	374	SHE	38
1040.224	1040.504	187	GOING	38
1040.504	1040.694	486	WITH	38
1040.694	1040.944	494	YOU	38
1047.974	1048.104	76	CAN	39
1048.104	1048.224	433	THE	39
1048.224	1048.7839999999999	11	AGENCY	39
1048.7839999999999	1049.464	314	OVERTHROW	39
1049.464	1049.874	13	ALIEN	39
1049.874	1050.5739999999998	162	FORCES	39
1059.164	1059.195	99999	sp	40
1059.195	1059.254	1	A	40
1059.254	1059.874	370	SCREWDRIVER	40
1059.874	1060.0339999999999	224	IS	40
1060.0339999999999	1060.316	251	MADE	40
1060.316	1060.5739999999998	166	FROM	40
1060.5739999999998	1060.984	468	VODKA	40
1060.984	1061.154	20	AND	40
1061.154	1061.5439999999999	302	ORANGE	40
1061.5439999999999	1062.124	230	JUICE	40
1070.174	1070.21	99999	sp	41
1070.21	1070.314	210	HOW	41
1070.314	1070.48	268	MUCH	41
1070.48	1070.934	16	ALLOWANCE	41
1070.934	1071.0339999999999	128	DO	41
1071.0339999999999	1071.124	494	YOU	41
1071.124	1071.464	177	GET	41
1079.393	1079.934	115	CYCLICAL	42
1079.934	1080.5439999999999	345	PROGRAMS	42
1080.5439999999999	1080.634	484	WILL	42
1080.634	1080.9489999999998	280	NEVER	42
1080.9489999999998	1081.664	100	COMPILE	42
1089.6589999999999	1089.714	433	THE	43
1089.714	1090.244	61	BOSTON	43
1090.244	1090.7939999999999	45	BALLET	43
1090.7939999999999	1091.504	311	OVERCAME	43
1091.504	1091.674	434	THEIR	43
1091.674	1092.114	170	FUNDING	43
1092.114	1092.854	379	SHORTAGE	43
1099.9889999999998	1100.292	145	EVERY	44
1100.292	1100.8839999999998	74	CAB	44
1100.8839999999998	1101.0449999999998	99999	sp	44
1101.0449999999998	1101.484	279	NEEDS	44
1101.484	1102.0739999999998	363	REPAINTING	44
1102.0739999999998	1102.5939999999998	295	OFTEN	44
1110.724	1110.7479999999998	99999	sp	45
1110.7479999999998	1111.0939999999998	203	HELP	45
1111.0939999999998	1111.404	196	GREG	45
1111.404	1111.5849999999998	445	TO	45
1111.5849999999998	1111.762	324	PICK	45
1111.762	1111.875	1	A	45
1111.875	1112.0910000000001	320	PECK	45
1112.0910000000001	1112.202	293	OF	45
1112.202	1113.014	337	POTATOES	45
1121.194	1121.414	475	WE	46
1121.414	1121.573	240	LIKE	46
1121.573	1121.818	55	BLUE	46
1121.818	1122.323	88	CHEESE	46
1122.323	1122.504	70	BUT	46
1122.504	1122.838	465	VICTOR	46
1122.838	1123.2169999999999	241	LIKES	46
1123.2169999999999	1123.684	64	BRIE	46
1132.331	1132.564	108	COUNT	47
1132.564	1132.624	433	THE	47
1132.624	1132.894	288	NUMBER	47
1132.894	1133.014	293	OF	47
1133.014	1133.584	428	TEASPOONS	47
1133.584	1133.644	293	OF	47
1133.644	1134.3839999999998	394	SOYSAUCE	47
1134.3839999999998	1134.5240000000001	432	THAT	47
1134.5240000000001	1134.704	494	YOU	47
1134.704	1135.174	7	ADD	47
1142.434	1142.479	99999	sp	48
1142.479	1142.994	44	BAGPIPES	48
1142.994	1143.084	20	AND	48
1143.084	1143.684	59	BONGOS	48
1143.684	1143.7740000000001	30	ARE	48
1143.7740000000001	1144.2839999999999	272	MUSICAL	48
1144.2839999999999	1145.174	220	INSTRUMENTS	48
1153.0539999999999	1153.234	210	HOW	49
1153.234	1153.434	189	GOOD	49
1153.434	1153.544	224	IS	49
1153.544	1153.694	495	YOUR	49
1153.694	1154.444	138	ENDURANCE	49
1167.415	1167.499	30	ARE	0
1167.499	1167.654	495	YOUR	0
1167.654	1167.962	192	GRADES	0
1167.962	1168.254	206	HIGHER	0
1168.254	1168.3039999999999	301	OR	0
1168.3039999999999	1168.654	250	LOWER	0
1168.654	1168.7740000000001	431	THAN	0
1168.7740000000001	1170.002	274	NANCY'S	0
1176.455	1176.685	374	SHE	1
1176.685	1177.0249999999999	489	WORE	1
1177.0249999999999	1177.435	470	WARM	1
1177.435	1177.865	158	FLEECY	1
1177.865	1178.205	488	WOOLEN	1
1178.205	1179.095	310	OVERALLS	1
1186.105	1186.368	353	READING	2
1186.368	1186.483	217	IN	2
1186.483	1186.705	334	POOR	2
1186.705	1187.001	239	LIGHT	2
1187.001	1187.225	181	GIVES	2
1187.225	1187.365	494	YOU	2
1187.365	1188.195	150	EYESTRAIN	2
1195.214	1195.465	142	EVEN	3
1195.465	1195.7479999999998	211	I	3
1195.7479999999998	1196.415	292	OCCASIONALLY	3
1196.415	1196.585	177	GET	3
1196.585	1196.655	433	THE	3
1196.655	1197.0149999999999	264	MONDAY	3
1197.0149999999999	1197.735	56	BLUES	3
1205.676	1205.7749999999999	475	WE	4
1205.7749999999999	1205.925	30	ARE	4
1205.925	1206.379	300	OPEN	4
1206.379	1206.6779999999999	145	EVERY	4
1206.6779999999999	1207.0349999999999	264	MONDAY	4
1207.0349999999999	1207.475	143	EVENING	4
1214.312	1214.5649999999998	226	IT'S	5
1214.5649999999998	1214.825	284	NOT	5
1214.825	1215.115	133	EASY	5
1215.115	1215.249	445	TO	5
1215.249	1215.6809999999998	113	CREATE	5
1215.6809999999998	1216.605	215	ILLUMINATING	5
1216.605	1217.495	146	EXAMPLES	5
1225.914	1226.165	269	MUM	6
1226.165	1226.5939999999998	406	STRONGLY	6
1226.5939999999998	1227.125	126	DISLIKES	6
1227.125	1228.215	27	APPETIZERS	6
1235.3899999999999	1235.7549999999999	442	THOSE	7
1235.7549999999999	1235.875	483	WHO	7
1235.875	1236.245	426	TEACH	7
1236.245	1236.745	461	VALUES	7
1236.745	1237.115	156	FIRST	7
1237.115	1237.682	4	ABOLISH	7
1237.682	1238.125	87	CHEATING	7
1246.548	1246.625	433	THE	8
1246.625	1246.984	165	FRIGHTENED	8
1246.984	1247.405	89	CHILD	8
1247.405	1247.5549999999998	471	WAS	8
1247.5549999999998	1247.825	176	GENTLY	8
1247.825	1248.479	409	SUBDUED	8
1248.479	1248.6499999999999	73	BY	8
1248.6499999999999	1248.8329999999999	208	HIS	8
1248.8329999999999	1249.0539999999999	52	BIG	8
1249.0539999999999	1249.575	66	BROTHER	8
1257.97	1258.2179999999998	142	EVEN	9
1258.2179999999998	1258.2549999999999	1	A	9
1258.2549999999999	1258.625	382	SIMPLE	9
1258.625	1259.3419999999999	467	VOCABULARY	9
1259.3419999999999	1259.8049999999998	104	CONTAINS	9
1259.8049999999998	1260.425	421	SYMBOLS	9
1267.648	1267.791	1	A	10
1267.791	1268.165	110	CRAB	10
1268.165	1268.735	85	CHALLENGED	10
1268.735	1269.0049999999999	257	ME	10
1269.0049999999999	1269.568	99999	sp	10
1269.568	1269.636	70	BUT	10
1269.636	1269.734	1	A	10
1269.734	1269.925	349	QUICK	10
1269.925	1270.4199999999998	401	STAB	10
1270.4199999999998	1271.0149999999999	463	VANQUISHED	10
1271.0149999999999	1271.2549999999999	207	HIM	10
1280.437	1280.865	183	GLUCOSE	11
1280.865	1280.965	20	AND	11
1280.965	1281.4759999999999	167	FRUCTOSE	11
1281.4759999999999	1281.5349999999999	30	ARE	11
1281.5349999999999	1281.981	275	NATURAL	11
1281.981	1282.475	413	SUGARS	11
1282.475	1282.7849999999999	163	FOUND	11
1282.7849999999999	1282.915	217	IN	11
1282.915	1283.3049999999998	168	FRUIT	11
1290.492	1290.5929999999998	30	ARE	12
1290.5929999999998	1290.654	494	YOU	12
1290.654	1290.885	249	LOOKING	12
1290.885	1291.0449999999998	161	FOR	12
1291.0449999999998	1291.595	136	EMPLOYMENT	12
1298.062	1298.385	98	COFFEE	13
1298.385	1298.6589999999999	224	IS	13
1298.6589999999999	1298.7259999999999	99999	sp	13
1298.7259999999999	1299.28	198	GROWN	13
1299.28	1299.5349999999999	296	ON	13
1299.5349999999999	1299.9589999999998	403	STEEP	13
1299.9589999999998	1300.3149999999998	88888	JUNGLE	13
1300.3149999999998	1300.495	240	LIKE	13
1300.495	1300.962	389	SLOPES	13
1300.962	1301.106	217	IN	13
1301.106	1301.5939999999998	430	TEMPERATE	13
1301.5939999999998	1302.225	496	ZONES	13
1311.041	1311.134	475	WE	14
1311.134	1311.4489999999998	479	WELCOME	14
1311.4489999999998	1311.685	255	MANY	14
1311.685	1311.839	281	NEW	14
1311.839	1312.403	407	STUDENTS	14
1312.403	1312.668	132	EACH	14
1312.668	1312.965	490	YEAR	14
1319.155	1319.3349999999998	297	ONLY	15
1319.3349999999998	1319.426	433	THE	15
1319.426	1319.701	51	BEST	15
1319.701	1320.0649999999998	329	PLAYERS	15
1320.0649999999998	1320.416	139	ENJOY	15
1320.416	1321.167	335	POPULARITY	15
1328.1799999999998	1328.725	75	CALCIUM	16
1328.725	1329.043	253	MAKES	16
1329.043	1329.453	58	BONES	16
1329.453	1329.627	20	AND	16
1329.627	1329.875	429	TEETH	16
1329.875	1330.5449999999998	405	STRONG	16
1337.724	1338.24	285	NOTHING	17
1338.24	1338.629	224	IS	17
1338.629	1338.935	34	AS	17
1338.935	1339.605	294	OFFENSIVE	17
1339.605	1340.138	34	AS	17
1340.138	1341.0549999999998	219	INNOCENCE	17
1348.615	1348.945	404	STEVE	18
1348.945	1349.195	489	WORE	18
1349.195	1349.27	1	A	18
1349.27	1349.5449999999998	65	BRIGHT	18
1349.5449999999998	1349.837	355	RED	18
1349.837	1350.395	78	CASHMERE	18
1350.395	1350.894	419	SWEATER	18
1357.446	1357.8149999999998	46	BARB'S	19
1357.8149999999998	1358.0349999999999	188	GOLD	19
1358.0349999999999	1358.445	63	BRACELET	19
1358.445	1358.597	471	WAS	19
1358.597	1358.665	1	A	19
1358.665	1359.384	193	GRADUATION	19
1359.384	1359.7949999999998	338	PRESENT	19
1366.6599999999999	1367.0059999999999	130	DRAW	20
1367.0059999999999	1367.3339999999998	145	EVERY	20
1367.3339999999998	1367.655	307	OUTER	20
1367.655	1368.0449999999998	243	LINE	20
1368.0449999999998	1368.595	156	FIRST	20
1368.595	1368.7949999999998	435	THEN	20
1368.7949999999998	1369.05	154	FILL	20
1369.05	1369.165	217	IN	20
1369.165	1369.225	433	THE	20
1369.225	1370.0829999999999	222	INTERIOR	20
1378.1689999999999	1378.245	433	THE	21
1378.245	1378.609	474	WATER	21
1378.609	1379.105	103	CONTAINED	21
1379.105	1379.225	447	TOO	21
1379.225	1379.405	268	MUCH	21
1379.405	1379.464	99999	sp	21
1379.464	1379.975	90	CHLORINE	21
1379.975	1380.115	20	AND	21
1380.115	1380.445	408	STUNG	21
1380.445	1380.595	208	HIS	21
1380.595	1381.3349999999998	149	EYES	21
1388.5259999999998	1388.985	229	JOHN'S	22
1388.985	1389.2649999999999	66	BROTHER	22
1389.2649999999999	1389.7649999999999	362	REPAINTED	22
1389.7649999999999	1389.855	433	THE	22
1389.855	1390.254	173	GARAGE	22
1390.254	1390.575	129	DOOR	22
1396.738	1397.345	84	CHALLENGE	23
1397.345	1397.715	132	EACH	23
1397.715	1398.225	175	GENERAL'S	23
1398.225	1399.105	221	INTELLIGENCE	23
1405.47	1406.329	17	AMBIDEXTROUS	24
1406.329	1407.0049999999999	326	PICKPOCKETS	24
1407.0049999999999	1407.5449999999998	6	ACCOMPLISH	24
1407.5449999999998	1408.125	266	MORE	24
1419.367	1419.446	1	A	25
1419.446	1419.973	270	MUSCULAR	25
1419.973	1420.465	2	ABDOMEN	25
1420.465	1420.635	224	IS	25
1420.635	1420.78	189	GOOD	25
1420.78	1420.915	161	FOR	25
1420.915	1421.0729999999999	495	YOUR	25
1421.0729999999999	1421.5249999999999	43	BACK	25
1428.209	1428.3609999999999	437	THEY	26
1428.3609999999999	1428.548	316	OWN	26
1428.548	1428.642	1	A	26
1428.642	1428.885	52	BIG	26
1428.885	1429.471	209	HOUSE	26
1429.471	1429.6049999999998	217	IN	26
1429.6049999999998	1429.665	433	THE	26
1429.665	1430.0349999999999	360	REMOTE	26
1430.0349999999999	1431.0149999999999	109	COUNTRYSIDE	26
1438.216	1438.3349999999998	433	THE	27
1438.3349999999998	1438.812	368	ROSE	27
1438.812	1439.5249999999999	106	CORSAGE	27
1439.5249999999999	1439.999	392	SMELLED	27
1439.999	1440.7849999999999	420	SWEET	27
1447.3149999999998	1447.58	432	THAT	28
1447.58	1448.185	325	PICKPOCKET	28
1448.185	1448.418	471	WAS	28
1448.418	1448.743	80	CAUGHT	28
1448.743	1448.985	355	RED	28
1448.985	1449.6	199	HANDED	28
1456.7099999999998	1456.776	19	AN	29
1456.776	1457.1049999999998	9	ADULT	29
1457.1049999999998	1457.463	254	MALE	29
1457.463	1458.077	42	BABOON'S	29
1458.077	1458.345	429	TEETH	29
1458.345	1458.432	30	ARE	29
1458.432	1458.695	284	NOT	29
1458.695	1459.215	414	SUITABLE	29
1459.215	1459.415	161	FOR	29
1459.415	1459.685	135	EATING	29
1459.685	1460.5249999999999	375	SHELLFISH	29
1468.741	1468.887	204	HER	30
1468.887	1469.365	469	WARDROBE	30
1469.365	1469.974	102	CONSISTS	30
1469.974	1470.0649999999998	293	OF	30
1470.0649999999998	1470.2949999999998	297	ONLY	30
1470.2949999999998	1470.846	384	SKIRTS	30
1470.846	1471.0149999999999	20	AND	30
1471.0149999999999	1471.7749999999999	54	BLOUSES	30
1479.857	1479.99	433	THE	31
1479.99	1480.245	452	TWO	31
1480.245	1480.695	33	ARTISTS	31
1480.695	1481.435	147	EXCHANGED	31
1481.435	1482.395	39	AUTOGRAPHS	31
1490.0059999999999	1490.512	71	BUTTERSCOTCH	32
1490.512	1491.0249999999999	169	FUDGE	32
1491.0249999999999	1491.325	186	GOES	32
1491.325	1491.3549999999998	99999	sp	32
1491.3549999999998	1491.635	480	WELL	32
1491.635	1491.845	486	WITH	32
1491.845	1492.205	462	VANILLA	32
1492.205	1492.5089999999998	212	ICE	32
1492.5089999999998	1492.8349999999998	112	CREAM	32
1501.0249999999999	1501.8149999999998	365	RICH	33
1501.8149999999998	1501.9199999999998	99999	sp	33
1501.9199999999998	1502.5049999999999	348	PURCHASED	33
1502.5049999999999	1502.925	373	SEVERAL	33
1502.925	1503.5049999999999	381	SIGNED	33
1503.5049999999999	1504.645	244	LITHOGRAPHS	33
1512.642	1512.896	24	ANY	34
1512.896	1513.705	105	CONTRIBUTIONS	34
1513.705	1513.7949999999998	484	WILL	34
1513.7949999999998	1513.905	47	BE	34
1513.905	1514.325	195	GREATLY	34
1514.325	1515.135	28	APPRECIATED	34
1522.2769999999998	1522.406	433	THE	35
1522.406	1522.953	111	CRANBERRY	35
1522.953	1523.3549999999998	57	BOG	35
1523.3549999999998	1523.6049999999998	178	GETS	35
1523.6049999999998	1523.8729999999998	464	VERY	35
1523.8729999999998	1524.185	339	PRETTY	35
1524.185	1524.2949999999998	217	IN	35
1524.2949999999998	1524.685	40	AUTUMN	35
1532.144	1532.3729999999998	210	HOW	36
1532.3729999999998	1532.628	128	DO	36
1532.628	1533.325	317	OYSTERS	36
1533.325	1533.6049999999998	252	MAKE	36
1533.6049999999998	1534.2649999999999	319	PEARLS	36
1540.9769999999999	1541.155	256	MAY	37
1541.155	1541.185	211	I	37
1541.185	1541.435	303	ORDER	37
1541.435	1541.5049999999999	1	A	37
1541.5049999999999	1542.075	318	PARFAIT	37
1542.075	1542.405	10	AFTER	37
1542.405	1542.495	211	I	37
1542.495	1542.7009999999998	134	EAT	37
1542.7009999999998	1543.0149999999999	124	DINNER	37
1549.7369999999999	1549.845	224	IS	38
1549.845	1549.995	374	SHE	38
1549.995	1550.2549999999999	187	GOING	38
1550.2549999999999	1550.465	486	WITH	38
1550.465	1550.685	494	YOU	38
1557.532	1557.645	76	CAN	39
1557.645	1557.7649999999999	433	THE	39
1557.7649999999999	1558.455	11	AGENCY	39
1558.455	1559.2849999999999	314	OVERTHROW	39
1559.2849999999999	1559.7849999999999	13	ALIEN	39
1559.7849999999999	1560.445	162	FORCES	39
1568.471	1568.5449999999998	1	A	40
1568.5449999999998	1569.225	370	SCREWDRIVER	40
1569.225	1569.3349999999998	224	IS	40
1569.3349999999998	1569.622	251	MADE	40
1569.622	1569.875	166	FROM	40
1569.875	1570.2949999999998	468	VODKA	40
1570.2949999999998	1570.475	20	AND	40
1570.475	1570.841	302	ORANGE	40
1570.841	1571.305	230	JUICE	40
1582.5	1582.651	210	HOW	41
1582.651	1582.7659999999998	268	MUCH	41
1582.7659999999998	1583.215	16	ALLOWANCE	41
1583.215	1583.305	128	DO	41
1583.305	1583.415	494	YOU	41
1583.415	1583.705	177	GET	41
1589.625	1590.223	115	CYCLICAL	42
1590.223	1590.816	345	PROGRAMS	42
1590.816	1590.895	484	WILL	42
1590.895	1591.245	280	NEVER	42
1591.245	1591.819	100	COMPILE	42
1599.0349999999999	1599.1109999999999	433	THE	43
1599.1109999999999	1599.5449999999998	61	BOSTON	43
1599.5449999999998	1600.05	45	BALLET	43
1600.05	1600.675	311	OVERCAME	43
1600.675	1600.805	434	THEIR	43
1600.805	1601.215	170	FUNDING	43
1601.215	1601.885	379	SHORTAGE	43
1608.752	1609.125	145	EVERY	44
1609.125	1609.521	74	CAB	44
1609.521	1609.975	295	OFTEN	44
1609.975	1610.485	279	NEEDS	44
1610.485	1611.122	99999	sp	44
1611.122	1611.7949999999998	363	REPAINTING	44
1611.7949999999998	1612.325	295	OFTEN	44
1621.587	1621.8149999999998	203	HELP	45
1621.8149999999998	1622.135	196	GREG	45
1622.135	1622.276	445	TO	45
1622.276	1622.425	324	PICK	45
1622.425	1622.495	1	A	45
1622.495	1622.712	320	PECK	45
1622.712	1622.812	293	OF	45
1622.812	1623.6049999999998	337	POTATOES	45
1630.875	1631.055	475	WE	46
1631.055	1631.267	240	LIKE	46
1631.267	1631.484	55	BLUE	46
1631.484	1631.913	88	CHEESE	46
1631.913	1632.0849999999998	70	BUT	46
1632.0849999999998	1632.4189999999999	465	VICTOR	46
1632.4189999999999	1632.8259999999998	241	LIKES	46
1632.8259999999998	1633.2549999999999	64	BRIE	46
1641.046	1641.305	108	COUNT	47
1641.305	1641.376	433	THE	47
1641.376	1641.685	288	NUMBER	47
1641.685	1641.793	293	OF	47
1641.793	1642.331	428	TEASPOONS	47
1642.331	1642.405	293	OF	47
1642.405	1643.205	394	SOYSAUCE	47
1643.205	1643.3429999999998	432	THAT	47
1643.3429999999998	1643.57	494	YOU	47
1643.57	1643.885	7	ADD	47
1651.6119999999999	1652.115	44	BAGPIPES	48
1652.115	1652.233	20	AND	48
1652.233	1652.7649999999999	59	BONGOS	48
1652.7649999999999	1652.8549999999998	30	ARE	48
1652.8549999999998	1653.346	272	MUSICAL	48
1653.346	1654.215	220	INSTRUMENTS	48
1661.1319999999998	1661.312	210	HOW	49
1661.312	1661.4579999999999	189	GOOD	49
1661.4579999999999	1661.577	224	IS	49
1661.577	1661.6889999999999	495	YOUR	49
1661.6889999999999	1662.475	138	ENDURANCE	49
1673.935	1674.0349999999999	30	ARE	0
1674.0349999999999	1674.125	495	YOUR	0
1674.125	1674.425	192	GRADES	0
1674.425	1674.702	206	HIGHER	0
1674.702	1674.8149999999998	301	OR	0
1674.8149999999998	1675.1109999999999	250	LOWER	0
1675.1109999999999	1675.235	431	THAN	0
1675.235	1675.975	274	NANCY'S	0
1683.6049999999998	1683.845	374	SHE	1
1683.845	1684.115	489	WORE	1
1684.115	1684.483	470	WARM	1
1684.483	1684.935	158	FLEECY	1
1684.935	1685.2649999999999	488	WOOLEN	1
1685.2649999999999	1686.135	310	OVERALLS	1
1693.5049999999999	1693.8149999999998	353	READING	2
1693.8149999999998	1693.9399999999998	217	IN	2
1693.9399999999998	1694.175	334	POOR	2
1694.175	1694.415	239	LIGHT	2
1694.415	1694.635	181	GIVES	2
1694.635	1694.785	494	YOU	2
1694.785	1695.5049999999999	150	EYESTRAIN	2
1701.455	1701.6879999999999	142	EVEN	3
1701.6879999999999	1702.45	292	OCCASIONALLY	3
1702.45	1702.575	211	I	3
1702.575	1702.745	177	GET	3
1702.745	1702.8149999999998	433	THE	3
1702.8149999999998	1703.145	264	MONDAY	3
1703.145	1703.7649999999999	56	BLUES	3
1712.8899999999999	1713.0249999999999	475	WE	4
1713.0249999999999	1713.115	30	ARE	4
1713.115	1713.405	300	OPEN	4
1713.405	1713.608	145	EVERY	4
1713.608	1713.954	264	MONDAY	4
1713.954	1714.425	143	EVENING	4
1725.381	1725.465	225	IT	5
1725.465	1725.595	224	IS	5
1725.595	1725.7649999999999	284	NOT	5
1725.7649999999999	1726.1249999999998	133	EASY	5
1726.1249999999998	1726.235	445	TO	5
1726.235	1726.624	113	CREATE	5
1726.624	1727.445	215	ILLUMINATING	5
1727.445	1728.395	146	EXAMPLES	5
1736.148	1736.49	269	MUM	6
1736.49	1737.011	406	STRONGLY	6
1737.011	1737.5179999999998	126	DISLIKES	6
1737.5179999999998	1738.495	27	APPETIZERS	6
1745.732	1746.0449999999998	442	THOSE	7
1746.0449999999998	1746.157	483	WHO	7
1746.157	1746.415	426	TEACH	7
1746.415	1746.8349999999998	461	VALUES	7
1746.8349999999998	1747.135	156	FIRST	7
1747.135	1747.646	4	ABOLISH	7
1747.646	1748.0849999999998	87	CHEATING	7
1755.003	1755.204	99999	sp	8
1755.204	1756.376	471	WAS	8
1756.376	1756.676	176	GENTLY	8
1756.676	1757.186	409	SUBDUED	8
1757.186	1757.366	73	BY	8
1757.366	1757.5359999999998	208	HIS	8
1757.5359999999998	1757.7559999999999	52	BIG	8
1757.7559999999999	1758.2759999999998	66	BROTHER	8
1765.2459999999999	1765.445	142	EVEN	9
1765.445	1765.4979999999998	1	A	9
1765.4979999999998	1765.856	382	SIMPLE	9
1765.856	1766.636	467	VOCABULARY	9
1766.636	1767.146	104	CONTAINS	9
1767.146	1767.7759999999998	421	SYMBOLS	9
1774.8259999999998	1774.934	1	A	10
1774.934	1775.27	110	CRAB	10
1775.27	1775.7669999999998	85	CHALLENGED	10
1775.7669999999998	1775.9759999999999	257	ME	10
1775.9759999999999	1776.0929999999998	70	BUT	10
1776.0929999999998	1776.173	1	A	10
1776.173	1776.366	349	QUICK	10
1776.366	1776.906	401	STAB	10
1776.906	1777.5359999999998	463	VANQUISHED	10
1777.5359999999998	1777.8159999999998	207	HIM	10
1785.2759999999998	1785.734	183	GLUCOSE	11
1785.734	1785.8259999999998	20	AND	11
1785.8259999999998	1786.356	167	FRUCTOSE	11
1786.356	1786.456	30	ARE	11
1786.456	1786.9189999999999	275	NATURAL	11
1786.9189999999999	1787.426	413	SUGARS	11
1787.426	1787.733	163	FOUND	11
1787.733	1787.8509999999999	217	IN	11
1787.8509999999999	1788.2559999999999	168	FRUIT	11
1795.436	1795.5739999999998	30	ARE	12
1795.5739999999998	1795.666	494	YOU	12
1795.666	1795.876	249	LOOKING	12
1795.876	1796.021	161	FOR	12
1796.021	1796.586	136	EMPLOYMENT	12
1802.2559999999999	1802.5059999999999	99999	sp	13
1802.5059999999999	1802.8519999999999	98	COFFEE	13
1802.8519999999999	1803.0259999999998	224	IS	13
1803.0259999999998	1803.406	198	GROWN	13
1803.406	1803.586	296	ON	13
1803.586	1803.961	403	STEEP	13
1803.961	1804.2959999999998	88888	JUNGLE	13
1804.2959999999998	1804.5059999999999	240	LIKE	13
1804.5059999999999	1804.9789999999998	389	SLOPES	13
1804.9789999999998	1805.1309999999999	217	IN	13
1805.1309999999999	1805.636	430	TEMPERATE	13
1805.636	1806.346	496	ZONES	13
1813.348	1813.466	475	WE	14
1813.466	1813.8059999999998	479	WELCOME	14
1813.8059999999998	1814.0079999999998	255	MANY	14
1814.0079999999998	1814.186	281	NEW	14
1814.186	1814.7559999999999	407	STUDENTS	14
1814.7559999999999	1815.01	132	EACH	14
1815.01	1815.3259999999998	490	YEAR	14
1821.84	1822.2269999999999	99999	sp	15
1822.2269999999999	1822.3799999999999	297	ONLY	15
1822.3799999999999	1822.4879999999998	433	THE	15
1822.4879999999998	1822.7259999999999	51	BEST	15
1822.7259999999999	1823.136	329	PLAYERS	15
1823.136	1823.472	139	ENJOY	15
1823.472	1824.3059999999998	335	POPULARITY	15
1832.166	1832.387	99999	sp	16
1832.387	1832.856	75	CALCIUM	16
1832.856	1833.1429999999998	253	MAKES	16
1833.1429999999998	1833.511	58	BONES	16
1833.511	1833.696	20	AND	16
1833.696	1833.9299999999998	429	TEETH	16
1833.9299999999998	1834.5359999999998	405	STRONG	16
1840.656	1841.1509999999998	285	NOTHING	17
1841.1509999999998	1841.646	224	IS	17
1841.646	1841.9959999999999	34	AS	17
1841.9959999999999	1842.5559999999998	294	OFFENSIVE	17
1842.5559999999998	1842.956	34	AS	17
1842.956	1844.0159999999998	219	INNOCENCE	17
1852.2859999999998	1852.336	99999	sp	18
1852.336	1852.716	404	STEVE	18
1852.716	1852.894	489	WORE	18
1852.894	1852.9669999999999	1	A	18
1852.9669999999999	1853.3059999999998	65	BRIGHT	18
1853.3059999999998	1853.597	355	RED	18
1853.597	1854.0459999999998	78	CASHMERE	18
1854.0459999999998	1854.5759999999998	419	SWEATER	18
1862.336	1862.706	46	BARB'S	19
1862.706	1862.946	188	GOLD	19
1862.946	1863.386	63	BRACELET	19
1863.386	1863.5359999999998	471	WAS	19
1863.5359999999998	1863.5759999999998	1	A	19
1863.5759999999998	1864.308	193	GRADUATION	19
1864.308	1864.7559999999999	338	PRESENT	19
1871.636	1871.713	99999	sp	20
1871.713	1872.089	130	DRAW	20
1872.089	1872.446	145	EVERY	20
1872.446	1872.7559999999999	307	OUTER	20
1872.7559999999999	1873.0949999999998	243	LINE	20
1873.0949999999998	1873.5459999999998	156	FIRST	20
1873.5459999999998	1873.692	435	THEN	20
1873.692	1873.956	154	FILL	20
1873.956	1874.0659999999998	217	IN	20
1874.0659999999998	1874.146	433	THE	20
1874.146	1874.936	222	INTERIOR	20
1882.5849999999998	1882.646	433	THE	21
1882.646	1883.032	474	WATER	21
1883.032	1883.5379999999998	103	CONTAINED	21
1883.5379999999998	1883.676	447	TOO	21
1883.676	1883.889	268	MUCH	21
1883.889	1884.3259999999998	90	CHLORINE	21
1884.3259999999998	1884.445	20	AND	21
1884.445	1884.7459999999999	408	STUNG	21
1884.7459999999999	1884.889	208	HIS	21
1884.889	1885.466	149	EYES	21
1890.876	1891.426	229	JOHN'S	22
1891.426	1891.716	66	BROTHER	22
1891.716	1892.2359999999999	362	REPAINTED	22
1892.2359999999999	1892.316	433	THE	22
1892.316	1892.8129999999999	173	GARAGE	22
1892.8129999999999	1893.136	129	DOOR	22
1899.1419999999998	1899.686	84	CHALLENGE	23
1899.686	1899.956	132	EACH	23
1899.956	1900.5759999999998	175	GENERAL'S	23
1900.5759999999998	1901.656	221	INTELLIGENCE	23
1908.0559999999998	1908.186	99999	sp	24
1908.186	1909.0539999999999	17	AMBIDEXTROUS	24
1909.0539999999999	1909.7069999999999	326	PICKPOCKETS	24
1909.7069999999999	1910.2459999999999	6	ACCOMPLISH	24
1910.2459999999999	1910.656	266	MORE	24
1917.933	1918.0059999999999	1	A	25
1918.0059999999999	1918.5459999999998	270	MUSCULAR	25
1918.5459999999998	1919.0349999999999	2	ABDOMEN	25
1919.0349999999999	1919.2259999999999	224	IS	25
1919.2259999999999	1919.376	189	GOOD	25
1919.376	1919.5459999999998	161	FOR	25
1919.5459999999998	1919.6709999999998	495	YOUR	25
1919.6709999999998	1920.2759999999998	43	BACK	25
1927.216	1927.26	99999	sp	26
1927.26	1927.456	437	THEY	26
1927.456	1927.626	316	OWN	26
1927.626	1927.7009999999998	1	A	26
1927.7009999999998	1928.0059999999999	52	BIG	26
1928.0059999999999	1928.5259999999998	209	HOUSE	26
1928.5259999999998	1928.685	217	IN	26
1928.685	1928.7359999999999	433	THE	26
1928.7359999999999	1929.164	360	REMOTE	26
1929.164	1930.116	109	COUNTRYSIDE	26
1937.7259999999999	1937.762	99999	sp	27
1937.762	1937.896	433	THE	27
1937.896	1938.356	368	ROSE	27
1938.356	1939.166	106	CORSAGE	27
1939.166	1939.5439999999999	392	SMELLED	27
1939.5439999999999	1940.336	420	SWEET	27
1947.626	1947.933	432	THAT	28
1947.933	1948.5559999999998	325	PICKPOCKET	28
1948.5559999999998	1948.798	471	WAS	28
1948.798	1949.106	80	CAUGHT	28
1949.106	1949.3819999999998	355	RED	28
1949.3819999999998	1949.9859999999999	199	HANDED	28
1957.7369999999999	1957.809	19	AN	29
1957.809	1958.166	9	ADULT	29
1958.166	1958.52	254	MALE	29
1958.52	1959.156	42	BABOON'S	29
1959.156	1959.396	429	TEETH	29
1959.396	1959.4759999999999	30	ARE	29
1959.4759999999999	1959.7559999999999	284	NOT	29
1959.7559999999999	1960.366	414	SUITABLE	29
1960.366	1960.706	161	FOR	29
1960.706	1961.0559999999998	135	EATING	29
1961.0559999999998	1962.0059999999999	375	SHELLFISH	29
1968.656	1968.876	204	HER	30
1968.876	1969.375	469	WARDROBE	30
1969.375	1970.043	102	CONSISTS	30
1970.043	1970.2559999999999	293	OF	30
1970.2559999999999	1970.616	297	ONLY	30
1970.616	1971.2569999999998	384	SKIRTS	30
1971.2569999999998	1971.474	20	AND	30
1971.474	1972.376	54	BLOUSES	30
1980.0459999999998	1980.089	99999	sp	31
1980.089	1980.2009999999998	433	THE	31
1980.2009999999998	1980.386	452	TWO	31
1980.386	1980.7859999999998	33	ARTISTS	31
1980.7859999999998	1981.328	147	EXCHANGED	31
1981.328	1982.2759999999998	39	AUTOGRAPHS	31
1989.051	1989.586	71	BUTTERSCOTCH	32
1989.586	1990.011	169	FUDGE	32
1990.011	1990.2959999999998	186	GOES	32
1990.2959999999998	1990.5259999999998	480	WELL	32
1990.5259999999998	1990.696	486	WITH	32
1990.696	1991.0259999999998	462	VANILLA	32
1991.0259999999998	1991.366	212	ICE	32
1991.366	1991.626	112	CREAM	32
1999.416	1999.8349999999998	365	RICH	33
1999.8349999999998	2000.2259999999999	348	PURCHASED	33
2000.2259999999999	2000.579	373	SEVERAL	33
2000.579	2000.9959999999999	381	SIGNED	33
2000.9959999999999	2002.096	244	LITHOGRAPHS	33
2007.425	2007.6419999999998	24	ANY	34
2007.6419999999998	2008.47	105	CONTRIBUTIONS	34
2008.47	2008.5459999999998	484	WILL	34
2008.5459999999998	2008.656	47	BE	34
2008.656	2008.995	195	GREATLY	34
2008.995	2009.8259999999998	28	APPRECIATED	34
2017.126	2017.253	433	THE	35
2017.253	2017.7259999999999	111	CRANBERRY	35
2017.7259999999999	2018.1599999999999	57	BOG	35
2018.1599999999999	2018.356	178	GETS	35
2018.356	2018.636	464	VERY	35
2018.636	2018.9759999999999	339	PRETTY	35
2018.9759999999999	2019.086	217	IN	35
2019.086	2019.4669999999999	40	AUTUMN	35
2028.5359999999998	2028.571	99999	sp	36
2028.571	2028.7259999999999	210	HOW	36
2028.7259999999999	2028.8259999999998	128	DO	36
2028.8259999999998	2029.3059999999998	317	OYSTERS	36
2029.3059999999998	2029.5259999999998	252	MAKE	36
2029.5259999999998	2030.156	319	PEARLS	36
2038.7859999999998	2038.8129999999999	99999	sp	37
2038.8129999999999	2038.9419999999998	256	MAY	37
2038.9419999999998	2039.0059999999999	211	I	37
2039.0059999999999	2039.235	303	ORDER	37
2039.235	2039.27	1	A	37
2039.27	2039.896	318	PARFAIT	37
2039.896	2040.216	10	AFTER	37
2040.216	2040.2459999999999	211	I	37
2040.2459999999999	2040.424	134	EAT	37
2040.424	2040.8459999999998	124	DINNER	37
2048.1490000000003	2048.226	224	IS	38
2048.226	2048.356	374	SHE	38
2048.356	2048.5660000000003	187	GOING	38
2048.5660000000003	2048.786	486	WITH	38
2048.786	2049.0860000000002	494	YOU	38
2055.7960000000003	2055.996	76	CAN	39
2055.996	2056.0860000000002	433	THE	39
2056.0860000000002	2056.636	11	AGENCY	39
2056.636	2057.306	314	OVERTHROW	39
2057.306	2057.746	13	ALIEN	39
2057.746	2058.406	162	FORCES	39
2066.4260000000004	2066.539	99999	sp	40
2066.539	2066.596	1	A	40
2066.596	2067.266	370	SCREWDRIVER	40
2067.266	2067.406	224	IS	40
2067.406	2067.666	251	MADE	40
2067.666	2067.916	166	FROM	40
2067.916	2068.3360000000002	468	VODKA	40
2068.3360000000002	2068.576	20	AND	40
2068.576	2068.9660000000003	302	ORANGE	40
2068.9660000000003	2069.446	230	JUICE	40
2076.286	2076.317	99999	sp	41
2076.317	2076.436	210	HOW	41
2076.436	2076.596	268	MUCH	41
2076.596	2077.0750000000003	16	ALLOWANCE	41
2077.0750000000003	2077.2560000000003	128	DO	41
2077.2560000000003	2077.337	494	YOU	41
2077.337	2077.616	177	GET	41
2084.2960000000003	2084.827	115	CYCLICAL	42
2084.827	2085.346	345	PROGRAMS	42
2085.346	2085.436	484	WILL	42
2085.436	2085.741	280	NEVER	42
2085.741	2086.476	100	COMPILE	42
2093.313	2093.398	433	THE	43
2093.398	2093.856	61	BOSTON	43
2093.856	2094.3360000000002	45	BALLET	43
2094.3360000000002	2095.0260000000003	311	OVERCAME	43
2095.0260000000003	2095.156	434	THEIR	43
2095.156	2095.5860000000002	170	FUNDING	43
2095.5860000000002	2096.286	379	SHORTAGE	43
2102.846	2103.2250000000004	145	EVERY	44
2103.2250000000004	2103.656	74	CAB	44
2103.656	2104.0860000000002	279	NEEDS	44
2104.0860000000002	2104.746	363	REPAINTING	44
2104.746	2105.346	295	OFTEN	44
2112.1130000000003	2112.358	203	HELP	45
2112.358	2112.413	99999	sp	45
2112.413	2112.705	196	GREG	45
2112.705	2112.839	445	TO	45
2112.839	2112.9860000000003	324	PICK	45
2112.9860000000003	2113.0460000000003	1	A	45
2113.0460000000003	2113.2560000000003	320	PECK	45
2113.2560000000003	2113.346	293	OF	45
2113.346	2114.246	337	POTATOES	45
2120.398	2120.556	475	WE	46
2120.556	2120.777	240	LIKE	46
2120.777	2120.982	55	BLUE	46
2120.982	2121.386	88	CHEESE	46
2121.386	2121.556	70	BUT	46
2121.556	2121.846	465	VICTOR	46
2121.846	2122.186	241	LIKES	46
2122.186	2122.656	64	BRIE	46
2139.706	2140.226	44	BAGPIPES	48
2140.226	2140.356	20	AND	48
2140.356	2140.8610000000003	59	BONGOS	48
2140.8610000000003	2140.976	30	ARE	48
2140.976	2141.5	272	MUSICAL	48
2141.5	2142.366	220	INSTRUMENTS	48
2149.277	2149.493	210	HOW	49
2149.493	2149.601	189	GOOD	49
2149.601	2149.746	224	IS	49
2149.746	2149.876	495	YOUR	49
2149.876	2151.0260000000003	138	ENDURANCE	49
2159.096	2159.2090000000003	30	ARE	0
2159.2090000000003	2159.3160000000003	495	YOUR	0
2159.3160000000003	2159.596	192	GRADES	0
2159.596	2159.866	206	HIGHER	0
2159.866	2159.9860000000003	301	OR	0
2159.9860000000003	2160.2960000000003	250	LOWER	0
2160.2960000000003	2160.4300000000003	431	THAN	0
2160.4300000000003	2161.196	274	NANCY'S	0
2167.4860000000003	2167.687	374	SHE	1
2167.687	2167.976	489	WORE	1
2167.976	2168.346	470	WARM	1
2168.346	2168.8160000000003	158	FLEECY	1
2168.8160000000003	2169.159	488	WOOLEN	1
2169.159	2170.0460000000003	310	OVERALLS	1
2177.196	2177.471	353	READING	2
2177.471	2177.6000000000004	217	IN	2
2177.6000000000004	2177.786	334	POOR	2
2177.786	2178.0840000000003	239	LIGHT	2
2178.0840000000003	2178.3740000000003	181	GIVES	2
2178.3740000000003	2178.516	494	YOU	2
2178.516	2179.2360000000003	150	EYESTRAIN	2
2186.0660000000003	2186.3360000000002	142	EVEN	3
2186.3360000000002	2186.455	211	I	3
2186.455	2187.156	292	OCCASIONALLY	3
2187.156	2187.306	177	GET	3
2187.306	2187.386	433	THE	3
2187.386	2187.726	264	MONDAY	3
2187.726	2188.536	56	BLUES	3
2196.396	2196.666	99999	{LG}	4
2196.666	2196.7360000000003	99999	sp	4
2196.7360000000003	2196.876	475	WE	4
2196.876	2196.9860000000003	30	ARE	4
2196.9860000000003	2197.226	300	OPEN	4
2197.226	2197.456	145	EVERY	4
2197.456	2197.726	264	MONDAY	4
2197.726	2198.226	143	EVENING	4
2203.978	2204.396	226	IT'S	5
2204.396	2204.686	284	NOT	5
2204.686	2205.0060000000003	133	EASY	5
2205.0060000000003	2205.145	445	TO	5
2205.145	2205.4660000000003	113	CREATE	5
2205.4660000000003	2206.116	215	ILLUMINATING	5
2206.116	2206.9660000000003	146	EXAMPLES	5
2213.996	2214.0350000000003	99999	sp	6
2214.0350000000003	2214.326	269	MUM	6
2214.326	2214.7960000000003	406	STRONGLY	6
2214.7960000000003	2215.293	126	DISLIKES	6
2215.293	2216.246	27	APPETIZERS	6
2222.346	2222.646	442	THOSE	7
2222.646	2222.726	483	WHO	7
2222.726	2222.976	426	TEACH	7
2222.976	2223.416	461	VALUES	7
2223.416	2223.726	156	FIRST	7
2223.726	2224.2160000000003	4	ABOLISH	7
2224.2160000000003	2224.666	87	CHEATING	7
2231.4260000000004	2231.5460000000003	433	THE	8
2231.5460000000003	2231.9230000000002	165	FRIGHTENED	8
2231.9230000000002	2232.346	89	CHILD	8
2232.346	2232.516	471	WAS	8
2232.516	2232.7960000000003	176	GENTLY	8
2232.7960000000003	2233.376	409	SUBDUED	8
2233.376	2233.5860000000002	73	BY	8
2233.5860000000002	2233.766	208	HIS	8
2233.766	2233.956	52	BIG	8
2233.956	2234.436	66	BROTHER	8
2242.02	2242.252	142	EVEN	9
2242.252	2242.2960000000003	1	A	9
2242.2960000000003	2242.646	382	SIMPLE	9
2242.646	2243.446	467	VOCABULARY	9
2243.446	2243.936	104	CONTAINS	9
2243.936	2244.616	421	SYMBOLS	9
2251.6400000000003	2251.7850000000003	1	A	10
2251.7850000000003	2252.136	110	CRAB	10
2252.136	2252.656	85	CHALLENGED	10
2252.656	2252.906	257	ME	10
2252.906	2252.998	70	BUT	10
2252.998	2253.096	1	A	10
2253.096	2253.306	349	QUICK	10
2253.306	2253.746	401	STAB	10
2253.746	2254.3360000000002	463	VANQUISHED	10
2254.3360000000002	2254.536	207	HIM	10
2262.744	2263.1580000000004	183	GLUCOSE	11
2263.1580000000004	2263.259	20	AND	11
2263.259	2263.786	167	FRUCTOSE	11
2263.786	2263.866	30	ARE	11
2263.866	2264.319	275	NATURAL	11
2264.319	2264.8160000000003	413	SUGARS	11
2264.8160000000003	2265.156	163	FOUND	11
2265.156	2265.2560000000003	217	IN	11
2265.2560000000003	2265.916	168	FRUIT	11
2273.766	2273.866	30	ARE	12
2273.866	2273.996	494	YOU	12
2273.996	2274.226	249	LOOKING	12
2274.226	2274.355	161	FOR	12
2274.355	2274.878	136	EMPLOYMENT	12
2280.596	2280.625	99999	sp	13
2280.625	2280.981	98	COFFEE	13
2280.981	2281.156	224	IS	13
2281.156	2281.726	198	GROWN	13
2281.726	2282.036	296	ON	13
2282.036	2282.396	403	STEEP	13
2282.396	2282.786	88888	JUNGLE	13
2282.786	2282.9500000000003	240	LIKE	13
2282.9500000000003	2283.4080000000004	389	SLOPES	13
2283.4080000000004	2283.55	217	IN	13
2283.55	2284.0260000000003	430	TEMPERATE	13
2284.0260000000003	2284.6760000000004	496	ZONES	13
2295.61	2295.7470000000003	475	WE	14
2295.7470000000003	2296.054	479	WELCOME	14
2296.054	2296.289	255	MANY	14
2296.289	2296.4660000000003	281	NEW	14
2296.4660000000003	2296.996	407	STUDENTS	14
2296.996	2297.2160000000003	132	EACH	14
2297.2160000000003	2297.576	490	YEAR	14
2303.5950000000003	2303.7760000000003	297	ONLY	15
2303.7760000000003	2303.866	433	THE	15
2303.866	2304.156	51	BEST	15
2304.156	2304.5060000000003	329	PLAYERS	15
2304.5060000000003	2304.782	139	ENJOY	15
2304.782	2305.636	335	POPULARITY	15
2311.561	2312.0260000000003	75	CALCIUM	16
2312.0260000000003	2312.367	253	MAKES	16
2312.367	2312.71	58	BONES	16
2312.71	2312.8920000000003	20	AND	16
2312.8920000000003	2313.166	429	TEETH	16
2313.166	2313.7960000000003	405	STRONG	16
2320.496	2320.936	285	NOTHING	17
2320.936	2321.2760000000003	224	IS	17
2321.2760000000003	2321.507	34	AS	17
2321.507	2322.156	294	OFFENSIVE	17
2322.156	2322.704	34	AS	17
2322.704	2323.606	219	INNOCENCE	17
2330.456	2330.9260000000004	404	STEVE	18
2330.9260000000004	2331.126	489	WORE	18
2331.126	2331.2160000000003	1	A	18
2331.2160000000003	2331.576	65	BRIGHT	18
2331.576	2331.9350000000004	355	RED	18
2331.9350000000004	2332.419	78	CASHMERE	18
2332.419	2332.886	419	SWEATER	18
2340.004	2340.367	63	BRACELET	19
2340.367	2341.947	338	PRESENT	19
2349.638	2349.937	130	DRAW	20
2349.937	2350.25	145	EVERY	20
2350.25	2350.512	307	OUTER	20
2350.512	2350.789	243	LINE	20
2350.789	2351.2070000000003	156	FIRST	20
2351.2070000000003	2351.3740000000003	435	THEN	20
2351.3740000000003	2351.6220000000003	154	FILL	20
2351.6220000000003	2351.737	217	IN	20
2351.737	2351.837	433	THE	20
2351.837	2352.4770000000003	222	INTERIOR	20
2360.213	2360.2870000000003	433	THE	21
2360.2870000000003	2360.6400000000003	474	WATER	21
2360.6400000000003	2361.152	103	CONTAINED	21
2361.152	2361.277	447	TOO	21
2361.277	2361.478	268	MUCH	21
2361.478	2361.944	90	CHLORINE	21
2361.944	2362.052	20	AND	21
2362.052	2362.347	408	STUNG	21
2362.347	2362.505	208	HIS	21
2362.505	2363.067	149	EYES	21
2369.813	2370.2670000000003	229	JOHN'S	22
2370.2670000000003	2370.422	99999	sp	22
2370.422	2370.757	66	BROTHER	22
2370.757	2371.2670000000003	362	REPAINTED	22
2371.2670000000003	2371.357	433	THE	22
2371.357	2371.8430000000003	173	GARAGE	22
2371.8430000000003	2372.2470000000003	129	DOOR	22
2378.918	2379.437	84	CHALLENGE	23
2379.437	2379.717	132	EACH	23
2379.717	2380.434	175	GENERAL'S	23
2380.434	2381.567	221	INTELLIGENCE	23
2388.703	2389.463	17	AMBIDEXTROUS	24
2389.463	2390.099	326	PICKPOCKETS	24
2390.099	2390.827	6	ACCOMPLISH	24
2390.827	2390.857	99999	sp	24
2390.857	2391.337	266	MORE	24
2398.634	2398.677	1	A	25
2398.677	2399.1530000000002	270	MUSCULAR	25
2399.1530000000002	2399.607	2	ABDOMEN	25
2399.607	2399.7670000000003	224	IS	25
2399.7670000000003	2399.877	189	GOOD	25
2399.877	2400.067	161	FOR	25
2400.067	2400.1800000000003	495	YOUR	25
2400.1800000000003	2400.7870000000003	43	BACK	25
2411.2670000000003	2411.4010000000003	437	THEY	26
2411.4010000000003	2411.579	316	OWN	26
2411.579	2411.637	1	A	26
2411.637	2411.917	52	BIG	26
2411.917	2412.347	209	HOUSE	26
2412.347	2412.407	217	IN	26
2412.407	2412.467	433	THE	26
2412.467	2412.811	360	REMOTE	26
2412.811	2413.647	109	COUNTRYSIDE	26
2420.761	2420.867	433	THE	27
2420.867	2421.3830000000003	368	ROSE	27
2421.3830000000003	2421.987	106	CORSAGE	27
2421.987	2422.327	392	SMELLED	27
2422.327	2423.187	420	SWEET	27
2429.5930000000003	2429.9210000000003	432	THAT	28
2429.9210000000003	2430.587	325	PICKPOCKET	28
2430.587	2430.8250000000003	471	WAS	28
2430.8250000000003	2431.137	80	CAUGHT	28
2431.137	2431.397	355	RED	28
2431.397	2432.0570000000002	199	HANDED	28
2438.773	2438.877	19	AN	29
2438.877	2439.1820000000002	9	ADULT	29
2439.1820000000002	2439.469	254	MALE	29
2439.469	2440.137	42	BABOON'S	29
2440.137	2440.407	429	TEETH	29
2440.407	2440.4970000000003	30	ARE	29
2440.4970000000003	2440.7870000000003	284	NOT	29
2440.7870000000003	2441.234	414	SUITABLE	29
2441.234	2441.417	161	FOR	29
2441.417	2441.7070000000003	135	EATING	29
2441.7070000000003	2442.487	375	SHELLFISH	29
2449.884	2450.002	204	HER	30
2450.002	2450.411	469	WARDROBE	30
2450.411	2450.86	102	CONSISTS	30
2450.86	2450.937	293	OF	30
2450.937	2451.157	297	ONLY	30
2451.157	2451.617	384	SKIRTS	30
2451.617	2451.717	20	AND	30
2451.717	2452.467	54	BLOUSES	30
2458.94	2459.027	433	THE	31
2459.027	2459.2670000000003	452	TWO	31
2459.2670000000003	2459.627	33	ARTISTS	31
2459.627	2460.197	147	EXCHANGED	31
2460.197	2460.907	39	AUTOGRAPHS	31
2466.8520000000003	2467.337	71	BUTTERSCOTCH	32
2467.337	2467.697	169	FUDGE	32
2467.697	2468.003	186	GOES	32
2468.003	2468.197	480	WELL	32
2468.197	2468.347	486	WITH	32
2468.347	2468.637	462	VANILLA	32
2468.637	2468.956	212	ICE	32
2468.956	2469.2070000000003	112	CREAM	32
2476.097	2476.4970000000003	365	RICH	33
2476.4970000000003	2476.937	348	PURCHASED	33
2476.937	2477.2400000000002	373	SEVERAL	33
2477.2400000000002	2477.697	381	SIGNED	33
2477.697	2478.657	244	LITHOGRAPHS	33
2484.9120000000003	2485.109	24	ANY	34
2485.109	2485.917	105	CONTRIBUTIONS	34
2485.917	2485.9770000000003	484	WILL	34
2485.9770000000003	2486.107	47	BE	34
2486.107	2486.507	195	GREATLY	34
2486.507	2487.25	28	APPRECIATED	34
2493.9230000000002	2494.052	433	THE	35
2494.052	2494.5170000000003	111	CRANBERRY	35
2494.5170000000003	2494.989	57	BOG	35
2494.989	2495.217	178	GETS	35
2495.217	2495.493	464	VERY	35
2495.493	2495.7670000000003	339	PRETTY	35
2495.7670000000003	2495.867	217	IN	35
2495.867	2496.197	40	AUTUMN	35
2503.206	2503.3340000000003	210	HOW	36
2503.3340000000003	2503.449	128	DO	36
2503.449	2503.907	317	OYSTERS	36
2503.907	2504.11	252	MAKE	36
2504.11	2504.757	319	PEARLS	36
2510.482	2510.6130000000003	256	MAY	37
2510.6130000000003	2510.667	211	I	37
2510.667	2510.888	303	ORDER	37
2510.888	2510.986	1	A	37
2510.986	2511.4770000000003	318	PARFAIT	37
2511.4770000000003	2511.797	10	AFTER	37
2511.797	2511.827	211	I	37
2511.827	2512.0370000000003	134	EAT	37
2512.0370000000003	2512.717	124	DINNER	37
2518.6400000000003	2518.737	224	IS	38
2518.737	2518.857	374	SHE	38
2518.857	2519.067	187	GOING	38
2519.067	2519.257	486	WITH	38
2519.257	2519.4770000000003	494	YOU	38
2524.533	2524.7070000000003	76	CAN	39
2524.7070000000003	2525.001	433	THE	39
2525.001	2525.812	11	AGENCY	39
2525.812	2526.637	314	OVERTHROW	39
2526.637	2527.068	13	ALIEN	39
2527.068	2527.737	162	FORCES	39
2539.7560000000003	2539.844	1	A	40
2539.844	2540.435	370	SCREWDRIVER	40
2540.435	2540.567	224	IS	40
2540.567	2540.82	251	MADE	40
2540.82	2541.0260000000003	166	FROM	40
2541.0260000000003	2541.4970000000003	468	VODKA	40
2541.4970000000003	2541.617	20	AND	40
2541.617	2542.027	302	ORANGE	40
2542.027	2542.527	230	JUICE	40
2549.097	2549.2740000000003	210	HOW	41
2549.2740000000003	2549.4660000000003	268	MUCH	41
2549.4660000000003	2549.904	16	ALLOWANCE	41
2549.904	2549.987	128	DO	41
2549.987	2550.0570000000002	494	YOU	41
2550.0570000000002	2550.407	177	GET	41
2555.717	2556.2870000000003	115	CYCLICAL	42
2556.2870000000003	2556.7670000000003	345	PROGRAMS	42
2556.7670000000003	2556.877	484	WILL	42
2556.877	2557.15	280	NEVER	42
2557.15	2557.7470000000003	100	COMPILE	42
2564.188	2564.257	433	THE	43
2564.257	2564.687	61	BOSTON	43
2564.687	2565.117	45	BALLET	43
2565.117	2565.687	311	OVERCAME	43
2565.687	2565.797	434	THEIR	43
2565.797	2566.217	170	FUNDING	43
2566.217	2566.907	379	SHORTAGE	43
2573.385	2573.683	145	EVERY	44
2573.683	2573.9770000000003	74	CAB	44
2573.9770000000003	2574.347	279	NEEDS	44
2574.347	2574.867	363	REPAINTING	44
2574.867	2575.367	295	OFTEN	44
2581.581	2581.887	203	HELP	45
2581.887	2582.1310000000003	196	GREG	45
2582.1310000000003	2582.241	445	TO	45
2582.241	2582.3740000000003	324	PICK	45
2582.3740000000003	2582.46	1	A	45
2582.46	2582.627	320	PECK	45
2582.627	2582.7070000000003	293	OF	45
2582.7070000000003	2583.5170000000003	337	POTATOES	45
2590.5910000000003	2590.6800000000003	475	WE	46
2590.6800000000003	2590.877	240	LIKE	46
2590.877	2591.097	55	BLUE	46
2591.097	2591.487	88	CHEESE	46
2591.487	2591.637	70	BUT	46
2591.637	2591.887	465	VICTOR	46
2591.887	2592.245	241	LIKES	46
2592.245	2592.677	64	BRIE	46
2604.0860000000002	2604.318	108	COUNT	47
2604.318	2604.377	433	THE	47
2604.377	2604.667	288	NUMBER	47
2604.667	2604.78	293	OF	47
2604.78	2605.277	428	TEASPOONS	47
2605.277	2605.347	293	OF	47
2605.347	2606.0370000000003	394	SOYSAUCE	47
2606.0370000000003	2606.137	432	THAT	47
2606.137	2606.357	494	YOU	47
2606.357	2606.717	7	ADD	47
2613.415	2613.907	44	BAGPIPES	48
2613.907	2614.045	20	AND	48
2614.045	2614.577	59	BONGOS	48
2614.577	2614.677	30	ARE	48
2614.677	2615.1150000000002	272	MUSICAL	48
2615.1150000000002	2615.917	220	INSTRUMENTS	48
2622.406	2622.554	210	HOW	49
2622.554	2622.717	189	GOOD	49
2622.717	2622.8450000000003	224	IS	49
2622.8450000000003	2622.967	495	YOUR	49
2622.967	2623.697	138	ENDURANCE	49
2630.789	2630.852	30	ARE	0
2630.852	2630.9570000000003	495	YOUR	0
2630.9570000000003	2631.227	192	GRADES	0
2631.227	2631.5170000000003	206	HIGHER	0
2631.5170000000003	2631.5570000000002	301	OR	0
2631.5570000000002	2631.867	250	LOWER	0
2631.867	2632.007	431	THAN	0
2632.007	2632.697	274	NANCY'S	0
2640.177	2640.417	374	SHE	1
2640.417	2640.687	489	WORE	1
2640.687	2641.0170000000003	470	WARM	1
2641.0170000000003	2641.437	158	FLEECY	1
2641.437	2641.7470000000003	488	WOOLEN	1
2641.7470000000003	2642.547	310	OVERALLS	1
2649.516	2649.817	353	READING	2
2649.817	2649.947	217	IN	2
2649.947	2650.167	334	POOR	2
2650.167	2650.427	239	LIGHT	2
2650.427	2650.6440000000002	181	GIVES	2
2650.6440000000002	2650.757	494	YOU	2
2650.757	2651.447	150	EYESTRAIN	2
2656.7670000000003	2657.2980000000002	142	EVEN	3
2657.2980000000002	2657.507	211	I	3
2657.507	2658.227	292	OCCASIONALLY	3
2658.227	2658.427	177	GET	3
2658.427	2658.507	433	THE	3
2658.507	2658.887	264	MONDAY	3
2658.887	2659.687	56	BLUES	3
2667.678	2667.792	475	WE	4
2667.792	2668.007	30	ARE	4
2668.007	2668.107	99999	sp	4
2668.107	2668.5840000000003	300	OPEN	4
2668.5840000000003	2668.857	145	EVERY	4
2668.857	2669.213	264	MONDAY	4
2669.213	2669.817	143	EVENING	4
2676.951	2677.2070000000003	226	IT'S	5
2677.2070000000003	2677.427	284	NOT	5
2677.427	2677.7470000000003	133	EASY	5
2677.7470000000003	2677.8650000000002	445	TO	5
2677.8650000000002	2678.212	113	CREATE	5
2678.212	2679.0170000000003	215	ILLUMINATING	5
2679.0170000000003	2679.897	146	EXAMPLES	5
2687.0570000000002	2687.339	269	MUM	6
2687.339	2687.797	406	STRONGLY	6
2687.797	2688.219	126	DISLIKES	6
2688.219	2689.2870000000003	27	APPETIZERS	6
2695.638	2696.007	442	THOSE	7
2696.007	2696.117	483	WHO	7
2696.117	2696.367	426	TEACH	7
2696.367	2696.897	461	VALUES	7
2696.897	2697.33	156	FIRST	7
2697.33	2697.837	4	ABOLISH	7
2697.837	2698.227	87	CHEATING	7
2704.5170000000003	2704.7670000000003	433	THE	8
2704.7670000000003	2705.168	165	FRIGHTENED	8
2705.168	2705.527	89	CHILD	8
2705.527	2705.697	471	WAS	8
2705.697	2705.9970000000003	176	GENTLY	8
2705.9970000000003	2706.5080000000003	409	SUBDUED	8
2706.5080000000003	2706.677	73	BY	8
2706.677	2706.878	208	HIS	8
2706.878	2707.0370000000003	52	BIG	8
2707.0370000000003	2707.547	66	BROTHER	8
2714.597	2714.8160000000003	142	EVEN	9
2714.8160000000003	2714.887	1	A	9
2714.887	2715.197	382	SIMPLE	9
2715.197	2715.989	467	VOCABULARY	9
2715.989	2716.447	104	CONTAINS	9
2716.447	2717.0170000000003	421	SYMBOLS	9
2725.857	2726.335	99999	sp	10
2726.335	2726.495	1	A	10
2726.495	2726.8430000000003	110	CRAB	10
2726.8430000000003	2727.32	85	CHALLENGED	10
2727.32	2727.487	257	ME	10
2727.487	2727.606	70	BUT	10
2727.606	2727.6710000000003	1	A	10
2727.6710000000003	2727.897	349	QUICK	10
2727.897	2728.257	401	STAB	10
2728.257	2728.797	463	VANQUISHED	10
2728.797	2728.9970000000003	207	HIM	10
2735.7980000000002	2736.167	183	GLUCOSE	11
2736.167	2736.293	20	AND	11
2736.293	2736.7870000000003	167	FRUCTOSE	11
2736.7870000000003	2737.007	30	ARE	11
2737.007	2737.427	275	NATURAL	11
2737.427	2737.877	413	SUGARS	11
2737.877	2738.157	163	FOUND	11
2738.157	2738.2670000000003	217	IN	11
2738.2670000000003	2738.645	168	FRUIT	11
2738.645	2738.797	99999	sp	11
2738.797	2738.987	99999	sp	11
2738.987	2739.047	99999	sp	11
2745.061	2745.119	30	ARE	12
2745.119	2745.206	494	YOU	12
2745.206	2745.436	249	LOOKING	12
2745.436	2745.627	161	FOR	12
2745.627	2746.127	136	EMPLOYMENT	12
2751.7490000000003	2752.0330000000004	98	COFFEE	13
2752.0330000000004	2752.282	224	IS	13
2752.282	2752.597	198	GROWN	13
2752.597	2752.7670000000003	296	ON	13
2752.7670000000003	2753.096	403	STEEP	13
2753.096	2753.407	88888	JUNGLE	13
2753.407	2753.5910000000003	240	LIKE	13
2753.5910000000003	2754.0080000000003	389	SLOPES	13
2754.0080000000003	2754.1420000000003	217	IN	13
2754.1420000000003	2754.567	430	TEMPERATE	13
2754.567	2755.187	496	ZONES	13
2761.909	2761.987	475	WE	14
2761.987	2762.3070000000002	479	WELCOME	14
2762.3070000000002	2762.607	255	MANY	14
2762.607	2762.777	281	NEW	14
2762.777	2763.2780000000002	407	STUDENTS	14
2763.2780000000002	2763.513	132	EACH	14
2763.513	2763.797	490	YEAR	14
2769.556	2769.76	297	ONLY	15
2769.76	2769.846	433	THE	15
2769.846	2770.067	51	BEST	15
2770.067	2770.424	329	PLAYERS	15
2770.424	2770.728	139	ENJOY	15
2770.728	2771.5910000000003	335	POPULARITY	15
2778.946	2779.397	75	CALCIUM	16
2779.397	2779.688	253	MAKES	16
2779.688	2780.003	58	BONES	16
2780.003	2780.147	20	AND	16
2780.147	2780.367	429	TEETH	16
2780.367	2780.837	405	STRONG	16
2786.7110000000002	2787.0460000000003	285	NOTHING	17
2787.0460000000003	2787.353	224	IS	17
2787.353	2787.5370000000003	34	AS	17
2787.5370000000003	2788.007	294	OFFENSIVE	17
2788.007	2788.262	34	AS	17
2788.262	2789.007	219	INNOCENCE	17
2795.014	2795.377	404	STEVE	18
2795.377	2795.6040000000003	489	WORE	18
2795.6040000000003	2795.681	1	A	18
2795.681	2795.927	65	BRIGHT	18
2795.927	2796.2180000000003	355	RED	18
2796.2180000000003	2796.667	78	CASHMERE	18
2796.667	2797.134	419	SWEATER	18
2804.3430000000003	2804.727	46	BARB'S	19
2804.727	2805.107	188	GOLD	19
2805.107	2805.5170000000003	63	BRACELET	19
2805.5170000000003	2805.645	471	WAS	19
2805.645	2805.7160000000003	1	A	19
2805.7160000000003	2806.4320000000002	193	GRADUATION	19
2806.4320000000002	2806.833	338	PRESENT	19
2814.032	2814.376	130	DRAW	20
2814.376	2814.7070000000003	145	EVERY	20
2814.7070000000003	2814.967	307	OUTER	20
2814.967	2815.264	243	LINE	20
2815.264	2815.717	156	FIRST	20
2815.717	2815.8830000000003	435	THEN	20
2815.8830000000003	2816.127	154	FILL	20
2816.127	2816.227	217	IN	20
2816.227	2816.357	433	THE	20
2816.357	2816.947	222	INTERIOR	20
2824.214	2824.308	433	THE	21
2824.308	2824.6130000000003	474	WATER	21
2824.6130000000003	2825.105	103	CONTAINED	21
2825.105	2825.2670000000003	447	TOO	21
2825.2670000000003	2825.5150000000003	268	MUCH	21
2825.5150000000003	2826.043	90	CHLORINE	21
2826.043	2826.197	20	AND	21
2826.197	2826.5240000000003	408	STUNG	21
2826.5240000000003	2826.6820000000002	208	HIS	21
2826.6820000000002	2827.2470000000003	149	EYES	21
2832.911	2833.277	229	JOHN'S	22
2833.277	2833.527	66	BROTHER	22
2833.527	2834.0570000000002	362	REPAINTED	22
2834.0570000000002	2834.157	433	THE	22
2834.157	2834.5860000000002	173	GARAGE	22
2834.5860000000002	2834.947	129	DOOR	22
2840.567	2841.0860000000002	84	CHALLENGE	23
2841.0860000000002	2841.407	132	EACH	23
2841.407	2841.887	175	GENERAL'S	23
2841.887	2842.847	221	INTELLIGENCE	23
2849.437	2850.178	17	AMBIDEXTROUS	24
2850.178	2850.8160000000003	326	PICKPOCKETS	24
2850.8160000000003	2851.337	6	ACCOMPLISH	24
2851.337	2851.657	266	MORE	24
2859.727	2859.8070000000002	1	A	25
2859.8070000000002	2860.297	270	MUSCULAR	25
2860.297	2860.777	2	ABDOMEN	25
2860.777	2860.937	224	IS	25
2860.937	2861.053	189	GOOD	25
2861.053	2861.2070000000003	161	FOR	25
2861.2070000000003	2861.337	495	YOUR	25
2861.337	2861.857	43	BACK	25
2867.858	2867.9970000000003	437	THEY	26
2867.9970000000003	2868.137	316	OWN	26
2868.137	2868.267	1	A	26
2868.267	2868.467	52	BIG	26
2868.467	2868.9170000000004	209	HOUSE	26
2868.9170000000004	2868.996	217	IN	26
2868.996	2869.047	433	THE	26
2869.047	2869.3810000000003	360	REMOTE	26
2869.3810000000003	2870.3070000000002	109	COUNTRYSIDE	26
2876.637	2876.717	433	THE	27
2876.717	2877.147	368	ROSE	27
2877.147	2877.782	106	CORSAGE	27
2877.782	2878.1580000000004	392	SMELLED	27
2878.1580000000004	2878.887	420	SWEET	27
2886.026	2886.324	432	THAT	28
2886.324	2886.967	325	PICKPOCKET	28
2886.967	2887.217	471	WAS	28
2887.217	2887.5750000000003	80	CAUGHT	28
2887.5750000000003	2887.804	355	RED	28
2887.804	2888.567	199	HANDED	28
2895.159	2895.2690000000002	19	AN	29
2895.2690000000002	2895.617	9	ADULT	29
2895.617	2895.925	254	MALE	29
2895.925	2896.527	42	BABOON'S	29
2896.527	2896.789	429	TEETH	29
2896.789	2896.867	30	ARE	29
2896.867	2897.097	284	NOT	29
2897.097	2897.563	414	SUITABLE	29
2897.563	2897.757	161	FOR	29
2897.757	2898.027	135	EATING	29
2898.027	2898.847	375	SHELLFISH	29
2904.981	2905.127	204	HER	30
2905.127	2905.589	469	WARDROBE	30
2905.589	2906.16	102	CONSISTS	30
2906.16	2906.277	293	OF	30
2906.277	2906.527	297	ONLY	30
2906.527	2907.0280000000002	384	SKIRTS	30
2907.0280000000002	2907.177	20	AND	30
2907.177	2907.897	54	BLOUSES	30
2917.534	2917.655	433	THE	31
2917.655	2917.875	452	TWO	31
2917.875	2918.277	33	ARTISTS	31
2918.277	2918.929	147	EXCHANGED	31
2918.929	2919.797	39	AUTOGRAPHS	31
2926.079	2926.608	71	BUTTERSCOTCH	32
2926.608	2927.0170000000003	169	FUDGE	32
2927.0170000000003	2927.2770000000005	186	GOES	32
2927.2770000000005	2927.5170000000003	480	WELL	32
2927.5170000000003	2927.6980000000003	486	WITH	32
2927.6980000000003	2928.0270000000005	462	VANILLA	32
2928.0270000000005	2928.347	212	ICE	32
2928.347	2928.6270000000004	112	CREAM	32
2935.927	2936.3520000000003	365	RICH	33
2936.3520000000003	2936.7480000000005	348	PURCHASED	33
2936.7480000000005	2937.0170000000003	373	SEVERAL	33
2937.0170000000003	2937.3970000000004	381	SIGNED	33
2937.3970000000004	2938.4370000000004	244	LITHOGRAPHS	33
2943.3050000000003	2943.5180000000005	24	ANY	34
2943.5180000000005	2944.2670000000003	105	CONTRIBUTIONS	34
2944.2670000000003	2944.3170000000005	484	WILL	34
2944.3170000000005	2944.4480000000003	47	BE	34
2944.4480000000003	2944.7880000000005	195	GREATLY	34
2944.7880000000005	2945.628	28	APPRECIATED	34
2952.222	2952.3280000000004	433	THE	35
2952.3280000000004	2952.7480000000005	111	CRANBERRY	35
2952.7480000000005	2953.0930000000003	57	BOG	35
2953.0930000000003	2953.3540000000003	178	GETS	35
2953.3540000000003	2953.5640000000003	464	VERY	35
2953.5640000000003	2953.8080000000004	339	PRETTY	35
2953.8080000000004	2953.9280000000003	217	IN	35
2953.9280000000003	2954.347	40	AUTUMN	35
2962.2230000000004	2962.398	210	HOW	36
2962.398	2962.5470000000005	128	DO	36
2962.5470000000005	2963.0270000000005	317	OYSTERS	36
2963.0270000000005	2963.2320000000004	252	MAKE	36
2963.2320000000004	2963.2660000000005	99999	sp	36
2963.2660000000005	2964.0170000000003	319	PEARLS	36
2971.8170000000005	2971.9530000000004	256	MAY	37
2971.9530000000004	2972.0080000000003	211	I	37
2972.0080000000003	2972.1900000000005	303	ORDER	37
2972.1900000000005	2972.3120000000004	1	A	37
2972.3120000000004	2972.7470000000003	318	PARFAIT	37
2972.7470000000003	2973.0080000000003	10	AFTER	37
2973.0080000000003	2973.059	211	I	37
2973.059	2973.2270000000003	134	EAT	37
2973.2270000000003	2973.898	124	DINNER	37
2980.2590000000005	2980.367	224	IS	38
2980.367	2980.4870000000005	374	SHE	38
2980.4870000000005	2980.697	187	GOING	38
2980.697	2980.8970000000004	486	WITH	38
2980.8970000000004	2981.117	494	YOU	38
2987.2360000000003	2987.6670000000004	99999	sp	39
2987.6670000000004	2987.847	76	CAN	39
2987.847	2987.9680000000003	433	THE	39
2987.9680000000003	2988.8840000000005	11	AGENCY	39
2988.8840000000005	2989.668	314	OVERTHROW	39
2989.668	2990.1160000000004	13	ALIEN	39
2990.1160000000004	2990.8280000000004	162	FORCES	39
2998.092	2998.1520000000005	1	A	40
2998.1520000000005	2998.7030000000004	370	SCREWDRIVER	40
2998.7030000000004	2998.858	224	IS	40
2998.858	2999.139	251	MADE	40
2999.139	2999.3370000000004	166	FROM	40
2999.3370000000004	2999.697	468	VODKA	40
2999.697	2999.7950000000005	20	AND	40
2999.7950000000005	3000.1780000000003	302	ORANGE	40
3000.1780000000003	3000.6270000000004	230	JUICE	40
3007.55	3007.6560000000004	210	HOW	41
3007.6560000000004	3007.8160000000003	268	MUCH	41
3007.8160000000003	3008.2610000000004	16	ALLOWANCE	41
3008.2610000000004	3008.3280000000004	128	DO	41
3008.3280000000004	3008.427	494	YOU	41
3008.427	3008.6780000000003	177	GET	41
3008.6780000000003	3009.1420000000003	99999	sp	41
3015.168	3015.659	115	CYCLICAL	42
3015.659	3016.108	345	PROGRAMS	42
3016.108	3016.2180000000003	484	WILL	42
3016.2180000000003	3016.4900000000002	280	NEVER	42
3016.4900000000002	3017.2180000000003	100	COMPILE	42
3023.6240000000003	3023.697	433	THE	43
3023.697	3024.1380000000004	61	BOSTON	43
3024.1380000000004	3024.6470000000004	45	BALLET	43
3024.6470000000004	3025.2480000000005	311	OVERCAME	43
3025.2480000000005	3025.358	434	THEIR	43
3025.358	3025.737	170	FUNDING	43
3025.737	3026.418	379	SHORTAGE	43
3033.3900000000003	3033.706	145	EVERY	44
3033.706	3034.0470000000005	74	CAB	44
3034.0470000000005	3034.5440000000003	279	NEEDS	44
3034.5440000000003	3035.0640000000003	363	REPAINTING	44
3035.0640000000003	3035.597	295	OFTEN	44
3042.4480000000003	3042.7480000000005	203	HELP	45
3042.7480000000005	3042.9970000000003	196	GREG	45
3042.9970000000003	3043.1200000000003	445	TO	45
3043.1200000000003	3043.2480000000005	324	PICK	45
3043.2480000000005	3043.3520000000003	1	A	45
3043.3520000000003	3043.5170000000003	320	PECK	45
3043.5170000000003	3043.6030000000005	293	OF	45
3043.6030000000005	3044.418	337	POTATOES	45
3051.1110000000003	3051.2670000000003	475	WE	46
3051.2670000000003	3051.487	240	LIKE	46
3051.487	3051.6630000000005	55	BLUE	46
3051.6630000000005	3052.0490000000004	88	CHEESE	46
3052.0490000000004	3052.2270000000003	70	BUT	46
3052.2270000000003	3052.476	465	VICTOR	46
3052.476	3052.86	241	LIKES	46
3052.86	3053.358	64	BRIE	46
3060.802	3061.0480000000002	108	COUNT	47
3061.0480000000002	3061.108	433	THE	47
3061.108	3061.405	288	NUMBER	47
3061.405	3061.5360000000005	293	OF	47
3061.5360000000005	3062.0870000000004	428	TEASPOONS	47
3062.0870000000004	3062.168	293	OF	47
3062.168	3062.918	394	SOYSAUCE	47
3062.918	3063.0180000000005	432	THAT	47
3063.0180000000005	3063.1920000000005	494	YOU	47
3063.1920000000005	3063.5980000000004	7	ADD	47
3069.8810000000003	3070.3480000000004	44	BAGPIPES	48
3070.3480000000004	3070.4680000000003	20	AND	48
3070.4680000000003	3070.8920000000003	59	BONGOS	48
3070.8920000000003	3070.9640000000004	30	ARE	48
3070.9640000000004	3071.4310000000005	272	MUSICAL	48
3071.4310000000005	3072.1780000000003	220	INSTRUMENTS	48
3078.6830000000004	3078.858	210	HOW	49
3078.858	3079.0000000000005	189	GOOD	49
3079.0000000000005	3079.1420000000003	224	IS	49
3079.1420000000003	3079.246	495	YOUR	49
3079.246	3079.9680000000003	138	ENDURANCE	49
