76.039	76.063	99999	sp	1
76.063	76.299	375	SHE	1
76.299	76.664	490	WORE	1
76.664	77.211	471	WARM	1
77.211	77.77900000000001	158	FLEECY	1
77.77900000000001	78.361	489	WOOLEN	1
78.361	79.203	311	OVERALLS	1
88.4369375	88.7649375	354	READING	2
88.7649375	88.9289375	217	IN	2
88.9289375	89.1749375	335	POOR	2
89.1749375	89.50393749999999	240	LIGHT	2
89.50393749999999	89.7439375	181	GIVES	2
89.7439375	89.8639375	495	YOU	2
89.8639375	90.5349375	150	EYESTRAIN	2
101.080375	101.34337500000001	142	EVEN	3
101.34337500000001	102.207375	293	OCCASIONALLY	3
102.207375	102.556375	99999	sp	3
102.556375	102.699375	211	I	3
102.699375	102.869375	177	GET	3
102.869375	102.93637500000001	434	THE	3
102.93637500000001	103.330375	265	MONDAY	3
103.330375	103.93637500000001	56	BLUES	3
111.8819375	112.01693750000001	476	WE	4
112.01693750000001	112.1519375	30	ARE	4
112.1519375	112.4919375	301	OPEN	4
112.4919375	112.8819375	145	EVERY	4
112.8819375	113.34993750000001	265	MONDAY	4
113.34993750000001	113.8719375	143	EVENING	4
125.4308125	125.74481250000001	226	IT'S	5
125.74481250000001	126.09581250000001	285	NOT	5
126.09581250000001	126.69481250000001	133	EASY	5
126.69481250000001	126.9488125	446	TO	5
126.9488125	127.41781250000001	113	CREATE	5
127.41781250000001	128.3598125	215	ILLUMINATING	5
128.3598125	129.4148125	146	EXAMPLES	5
138.3181875	138.67918749999998	270	MUM	6
138.67918749999998	139.2221875	407	STRONGLY	6
139.2221875	139.7821875	126	DISLIKES	6
139.7821875	140.8721875	27	APPETIZERS	6
150.287125	150.605125	443	THOSE	7
150.605125	150.727125	484	WHO	7
150.727125	151.004125	427	TEACH	7
151.004125	151.535125	462	VALUES	7
151.535125	151.898125	156	FIRST	7
151.898125	152.53312499999998	4	ABOLISH	7
152.53312499999998	153.065125	87	CHEATING	7
163.18037500000003	163.21437500000002	99999	sp	8
163.21437500000002	163.28737500000003	434	THE	8
163.28737500000003	163.70537500000003	165	FRIGHTENED	8
163.70537500000003	164.16637500000002	89	CHILD	8
164.16637500000002	164.38937500000003	472	WAS	8
164.38937500000003	164.712375	176	GENTLY	8
164.712375	165.40037500000003	410	SUBDUED	8
165.40037500000003	165.611375	73	BY	8
165.611375	165.81837500000003	208	HIS	8
165.81837500000003	166.05037500000003	52	BIG	8
166.05037500000003	166.52037500000003	66	BROTHER	8
174.87375	175.08275	142	EVEN	9
175.08275	175.14575000000002	1	A	9
175.14575000000002	175.51275	383	SIMPLE	9
175.51275	176.31175000000002	468	VOCABULARY	9
176.31175000000002	176.91275000000002	104	CONTAINS	9
176.91275000000002	177.62275000000002	422	SYMBOLS	9
186.7995625	186.9315625	1	A	10
186.9315625	187.34956250000002	110	CRAB	10
187.34956250000002	187.9655625	85	CHALLENGED	10
187.9655625	188.23556250000001	258	ME	10
188.23556250000001	188.6805625	99999	sp	10
188.6805625	188.7635625	70	BUT	10
188.7635625	188.8695625	1	A	10
188.8695625	189.1255625	350	QUICK	10
189.1255625	189.8455625	402	STAB	10
189.8455625	190.4905625	464	VANQUISHED	10
190.4905625	190.73556250000001	207	HIM	10
199.499125	200.026125	183	GLUCOSE	11
200.026125	200.125125	20	AND	11
200.125125	200.869125	167	FRUCTOSE	11
200.869125	201.03912499999998	30	ARE	11
201.03912499999998	201.471125	276	NATURAL	11
201.471125	201.973125	414	SUGARS	11
201.973125	202.309125	163	FOUND	11
202.309125	202.449125	217	IN	11
202.449125	202.99712499999998	168	FRUIT	11
209.6115	209.6875	99999	sp	12
209.6875	209.7705	30	ARE	12
209.7705	209.8395	495	YOU	12
209.8395	210.1035	250	LOOKING	12
210.1035	210.2465	161	FOR	12
210.2465	210.8415	136	EMPLOYMENT	12
221.72637500000002	222.086375	98	COFFEE	13
222.086375	222.22737500000002	224	IS	13
222.22737500000002	222.28537500000002	99999	sp	13
222.28537500000002	222.689375	198	GROWN	13
222.689375	223.00737500000002	297	ON	13
223.00737500000002	223.38737500000002	404	STEEP	13
223.38737500000002	223.44237500000003	99999	sp	13
223.44237500000003	223.82737500000002	231	JUNGLE	13
223.82737500000002	224.00737500000002	241	LIKE	13
224.00737500000002	224.557375	390	SLOPES	13
224.557375	224.74637500000003	217	IN	13
224.74637500000003	225.72737500000002	88888	TEMPERATURE	13
225.72737500000002	226.60737500000002	497	ZONES	13
234.0674375	234.16943750000002	476	WE	14
234.16943750000002	234.50943750000002	480	WELCOME	14
234.50943750000002	234.7694375	256	MANY	14
234.7694375	235.00943750000002	282	NEW	14
235.00943750000002	235.58643750000002	408	STUDENTS	14
235.58643750000002	235.85443750000002	132	EACH	14
235.85443750000002	236.22943750000002	491	YEAR	14
244.06718750000002	244.2901875	298	ONLY	15
244.2901875	244.37718750000002	434	THE	15
244.37718750000002	244.6411875	51	BEST	15
244.6411875	244.9851875	330	PLAYERS	15
244.9851875	245.3901875	139	ENJOY	15
245.3901875	246.30018750000002	336	POPULARITY	15
254.599375	255.104375	75	CALCIUM	16
255.104375	255.448375	254	MAKES	16
255.448375	256.023375	58	BONES	16
256.023375	256.27637500000003	20	AND	16
256.27637500000003	256.57437500000003	430	TEETH	16
256.57437500000003	257.32437500000003	406	STRONG	16
265.8094375	266.33943750000003	286	NOTHING	17
266.33943750000003	266.74543750000004	224	IS	17
266.74543750000004	267.1554375	34	AS	17
267.1554375	267.81543750000003	295	OFFENSIVE	17
267.81543750000003	268.35843750000004	34	AS	17
268.35843750000004	269.2554375	219	INNOCENCE	17
276.86749999999995	277.2845	405	STEVE	18
277.2845	277.51649999999995	490	WORE	18
277.51649999999995	277.6715	1	A	18
277.6715	277.99449999999996	65	BRIGHT	18
277.99449999999996	278.41049999999996	356	RED	18
278.41049999999996	278.9745	78	CASHMERE	18
278.9745	279.5745	420	SWEATER	18
287.2119375	287.6319375	46	BARB'S	19
287.6319375	287.8839375	188	GOLD	19
287.8839375	288.3419375	63	BRACELET	19
288.3419375	288.4929375	472	WAS	19
288.4929375	288.5529375	1	A	19
288.5529375	289.3559375	193	GRADUATION	19
289.3559375	289.7519375	339	PRESENT	19
300.8654375	301.1364375	130	DRAW	20
301.1364375	301.6544375	145	EVERY	20
301.6544375	302.0504375	308	OUTER	20
302.0504375	302.43343749999997	244	LINE	20
302.43343749999997	302.9834375	156	FIRST	20
302.9834375	303.1374375	436	THEN	20
303.1374375	303.4284375	154	FILL	20
303.4284375	303.55443749999995	217	IN	20
303.55443749999995	303.67443749999995	434	THE	20
303.67443749999995	304.36443749999995	222	INTERIOR	20
313.2865	313.4135	434	THE	21
313.4135	313.7015	475	WATER	21
313.7015	314.1955	103	CONTAINED	21
314.1955	314.33549999999997	448	TOO	21
314.33549999999997	314.5825	269	MUCH	21
314.5825	315.0455	90	CHLORINE	21
315.0455	315.22249999999997	20	AND	21
315.22249999999997	315.65549999999996	409	STUNG	21
315.65549999999996	315.9355	208	HIS	21
315.9355	316.4855	149	EYES	21
323.5069375	323.9129375	229	JOHN'S	22
323.9129375	324.2239375	66	BROTHER	22
324.2239375	324.7639375	363	REPAINTED	22
324.7639375	324.8339375	434	THE	22
324.8339375	325.3259375	173	GARAGE	22
325.3259375	325.6839375	129	DOOR	22
334.09499999999997	334.812	84	CHALLENGE	23
334.812	334.86	99999	sp	23
334.86	335.272	132	EACH	23
335.272	335.923	175	GENERAL'S	23
335.923	336.912	221	INTELLIGENCE	23
346.71106249999997	347.6790625	17	AMBIDEXTROUS	24
347.6790625	348.5440625	327	PICKPOCKETS	24
348.5440625	349.15906249999995	6	ACCOMPLISH	24
349.15906249999995	349.2100625	99999	sp	24
349.2100625	349.69906249999997	267	MORE	24
358.83606249999997	358.8910625	1	A	25
358.8910625	359.6290625	271	MUSCULAR	25
359.6290625	360.2540625	2	ABDOMEN	25
360.2540625	360.51406249999997	224	IS	25
360.51406249999997	360.6640625	189	GOOD	25
360.6640625	360.8040625	161	FOR	25
360.8040625	360.9110625	496	YOUR	25
360.9110625	361.45406249999996	43	BACK	25
368.61893749999996	368.7209375	438	THEY	26
368.7209375	368.8499375	317	OWN	26
368.8499375	368.8899375	1	A	26
368.8899375	369.1349375	52	BIG	26
369.1349375	369.5749375	209	HOUSE	26
369.5749375	369.6349375	217	IN	26
369.6349375	369.6949375	434	THE	26
369.6949375	370.0549375	361	REMOTE	26
370.0549375	370.9249375	109	COUNTRYSIDE	26
378.7959375	378.85893749999997	434	THE	27
378.85893749999997	379.52093749999995	369	ROSE	27
379.52093749999995	380.19893749999994	106	CORSAGE	27
380.19893749999994	380.67893749999996	393	SMELLED	27
380.67893749999996	381.49893749999995	421	SWEET	27
389.2756875	389.5836875	433	THAT	28
389.5836875	390.1936875	326	PICKPOCKET	28
390.1936875	390.44268750000003	472	WAS	28
390.44268750000003	390.7866875	80	CAUGHT	28
390.7866875	391.0236875	356	RED	28
391.0236875	391.6336875	199	HANDED	28
401.6808125	401.7768125	19	AN	29
401.7768125	402.0958125	9	ADULT	29
402.0958125	402.7808125	88888	MALES	29
402.7808125	402.8558125	99999	sp	29
402.8558125	403.6708125	42	BABOON'S	29
403.6708125	404.0508125	430	TEETH	29
404.0508125	404.2808125	30	ARE	29
404.2808125	404.5568125	285	NOT	29
404.5568125	405.2018125	88888	SUSTAINABLE	29
405.2018125	405.3908125	161	FOR	29
405.3908125	405.6808125	135	EATING	29
405.6808125	406.4908125	376	SHELLFISH	29
417.62312499999996	417.76212499999997	204	HER	30
417.76212499999997	418.28912499999996	470	WARDROBE	30
418.28912499999996	418.7591249999999	102	CONSISTS	30
418.7591249999999	418.84912499999996	294	OF	30
418.84912499999996	419.14912499999997	298	ONLY	30
419.14912499999997	419.6801249999999	385	SKIRTS	30
419.6801249999999	419.81912499999993	20	AND	30
419.81912499999993	420.55912499999994	54	BLOUSES	30
427.4483125	427.5673125	434	THE	31
427.5673125	427.8473125	453	TWO	31
427.8473125	428.23731250000003	33	ARTISTS	31
428.23731250000003	428.7923125	147	EXCHANGED	31
428.7923125	429.6773125	39	AUTOGRAPHS	31
437.86899999999997	438.399	71	BUTTERSCOTCH	32
438.399	438.43899999999996	99999	sp	32
438.43899999999996	438.87899999999996	169	FUDGE	32
438.87899999999996	439.18899999999996	186	GOES	32
439.18899999999996	439.489	481	WELL	32
439.489	439.679	487	WITH	32
439.679	439.989	463	VANILLA	32
439.989	440.31899999999996	212	ICE	32
440.31899999999996	440.609	112	CREAM	32
449.11256249999997	449.51056249999993	366	RICH	33
449.51056249999993	449.95256249999994	349	PURCHASED	33
449.95256249999994	450.36056249999996	374	SEVERAL	33
450.36056249999996	450.88256249999995	382	SIGNED	33
450.88256249999995	451.93256249999996	245	LITHOGRAPHS	33
459.00849999999997	459.20349999999996	24	ANY	34
459.20349999999996	459.9925	105	CONTRIBUTIONS	34
459.9925	460.04249999999996	485	WILL	34
460.04249999999996	460.1655	47	BE	34
460.1655	460.53249999999997	195	GREATLY	34
460.53249999999997	461.3625	28	APPRECIATED	34
468.90293749999995	469.02293749999995	434	THE	35
469.02293749999995	469.5819374999999	111	CRANBERRY	35
469.5819374999999	469.9739374999999	57	BOG	35
469.9739374999999	470.2189374999999	178	GETS	35
470.2189374999999	470.54293749999994	465	VERY	35
470.54293749999994	470.8489374999999	340	PRETTY	35
470.8489374999999	470.9449374999999	217	IN	35
470.9449374999999	471.36893749999996	40	AUTUMN	35
478.5923125	478.7273125	210	HOW	36
478.7273125	478.8833125	128	DO	36
478.8833125	479.34331249999997	318	OYSTERS	36
479.34331249999997	479.58631249999996	253	MAKE	36
479.58631249999996	480.2633125	320	PEARLS	36
487.9318125	488.0988125	257	MAY	37
488.0988125	488.1718125	211	I	37
488.1718125	488.4198125	304	ORDER	37
488.4198125	488.5168125	1	A	37
488.5168125	489.1038125	319	PARFAIT	37
489.1038125	489.42481250000003	10	AFTER	37
489.42481250000003	489.5518125	211	I	37
489.5518125	489.85981250000003	134	EAT	37
489.85981250000003	490.2718125	124	DINNER	37
496.05699999999996	496.142	224	IS	38
496.142	496.31699999999995	375	SHE	38
496.31699999999995	496.597	187	GOING	38
496.597	496.789	487	WITH	38
496.789	496.967	495	YOU	38
505.62643749999995	505.7454374999999	76	CAN	39
505.7454374999999	505.8424374999999	434	THE	39
505.8424374999999	506.41743749999995	11	AGENCY	39
506.41743749999995	507.17743749999994	315	OVERTHROW	39
507.17743749999994	507.64143749999994	13	ALIEN	39
507.64143749999994	508.3854374999999	162	FORCES	39
516.2346340960021	516.3166340960022	1	A	40
516.3166340960022	516.9666340960022	371	SCREWDRIVER	40
516.9666340960022	517.1036340960022	224	IS	40
517.1036340960022	517.3966340960021	252	MADE	40
517.3966340960021	517.6166340960021	166	FROM	40
517.6166340960021	518.0676340960022	469	VODKA	40
518.0676340960022	518.2766340960021	20	AND	40
518.2766340960021	518.6626340960022	303	ORANGE	40
518.6626340960022	519.2066340960022	230	JUICE	40
526.1120625	526.2070625	210	HOW	41
526.2070625	526.3870625000001	269	MUCH	41
526.3870625000001	526.8960625	16	ALLOWANCE	41
526.8960625	526.9670625	128	DO	41
526.9670625	527.1170625	495	YOU	41
527.1170625	527.7770625	177	GET	41
537.1363749999999	537.7353749999999	115	CYCLICAL	42
537.7353749999999	538.3353749999999	346	PROGRAMS	42
538.3353749999999	538.4253749999999	485	WILL	42
538.4253749999999	538.7873749999999	281	NEVER	42
538.7873749999999	539.4363749999999	100	COMPILE	42
549.5504374999999	549.6184375	434	THE	43
549.6184375	550.0684375	61	BOSTON	43
550.0684375	550.5454374999999	45	BALLET	43
550.5454374999999	551.1984375	312	OVERCAME	43
551.1984375	551.3334375	435	THEIR	43
551.3334375	551.8384374999999	170	FUNDING	43
551.8384374999999	552.6084374999999	380	SHORTAGE	43
569.386125	569.666125	203	HELP	45
569.666125	569.986125	196	GREG	45
569.986125	570.169125	446	TO	45
570.169125	570.386125	325	PICK	45
570.386125	570.474125	1	A	45
570.474125	570.6961249999999	321	PECK	45
570.6961249999999	570.756125	294	OF	45
570.756125	571.546125	338	POTATOES	45
579.6134999999999	579.7994999999999	476	WE	46
579.7994999999999	580.0974999999999	241	LIKE	46
580.0974999999999	580.3245	55	BLUE	46
580.3245	581.0374999999999	88	CHEESE	46
581.0374999999999	581.2094999999999	70	BUT	46
581.2094999999999	581.5704999999999	466	VICTOR	46
581.5704999999999	581.9614999999999	242	LIKES	46
581.9614999999999	582.4094999999999	64	BRIE	46
590.682	592.119	429	TEASPOONS	47
592.119	592.2	294	OF	47
592.2	592.94	395	SOYSAUCE	47
592.94	593.09	433	THAT	47
593.09	593.288	495	YOU	47
593.288	593.594	7	ADD	47
606.2803124999999	606.8243124999999	44	BAGPIPES	48
606.8243124999999	607.0133124999999	20	AND	48
607.0133124999999	607.8533124999999	59	BONGOS	48
607.8533124999999	608.0133124999999	30	ARE	48
608.0133124999999	608.4533124999999	273	MUSICAL	48
608.4533124999999	609.2833125	220	INSTRUMENTS	48
615.613	615.821	210	HOW	49
615.821	615.997	189	GOOD	49
615.997	616.133	224	IS	49
616.133	616.263	496	YOUR	49
616.263	617.013	138	ENDURANCE	49
1171.8555	1171.9395	30	ARE	0
1171.9395	1172.0945	496	YOUR	0
1172.0945	1172.4025	192	GRADES	0
1172.4025	1172.6944999999998	206	HIGHER	0
1172.6944999999998	1172.7444999999998	302	OR	0
1172.7444999999998	1173.0945	251	LOWER	0
1173.0945	1173.2145	432	THAN	0
1173.2145	1174.2287546233943	275	NANCY'S	0
1181.1515	1181.3815	375	SHE	1
1181.3815	1181.7214999999999	490	WORE	1
1181.7214999999999	1182.1315	471	WARM	1
1182.1315	1182.5615	158	FLEECY	1
1182.5615	1182.9015	489	WOOLEN	1
1182.9015	1183.7915	311	OVERALLS	1
1190.2945	1190.5575	354	READING	2
1190.5575	1190.6725	217	IN	2
1190.6725	1190.8944999999999	335	POOR	2
1190.8944999999999	1191.1905	240	LIGHT	2
1191.1905	1191.4144999999999	181	GIVES	2
1191.4144999999999	1191.5545	495	YOU	2
1191.5545	1192.3845	150	EYESTRAIN	2
1200.54975	1200.8007499999999	142	EVEN	3
1200.8007499999999	1201.0837499999998	211	I	3
1201.0837499999998	1201.75075	293	OCCASIONALLY	3
1201.75075	1201.92075	177	GET	3
1201.92075	1201.99075	434	THE	3
1201.99075	1202.3507499999998	265	MONDAY	3
1202.3507499999998	1203.0707499999999	56	BLUES	3
1209.6564375	1209.7554375	476	WE	4
1209.7554375	1209.9054375	30	ARE	4
1209.9054375	1210.3594375	301	OPEN	4
1210.3594375	1210.6584375	145	EVERY	4
1210.6584375	1211.0154375	265	MONDAY	4
1211.0154375	1211.4554375	143	EVENING	4
1220.1489374999999	1220.4019374999998	226	IT'S	5
1220.4019374999998	1220.6619375	285	NOT	5
1220.6619375	1220.9519375	133	EASY	5
1220.9519375	1221.0859375	446	TO	5
1221.0859375	1221.5179374999998	113	CREATE	5
1221.5179374999998	1222.4419375	215	ILLUMINATING	5
1222.4419375	1223.3319374999999	146	EXAMPLES	5
1230.5425625	1230.7935625	270	MUM	6
1230.7935625	1231.2225624999999	407	STRONGLY	6
1231.2225624999999	1231.7535625	126	DISLIKES	6
1231.7535625	1232.8435625	27	APPETIZERS	6
1240.570375	1240.935375	443	THOSE	7
1240.935375	1241.0553750000001	484	WHO	7
1241.0553750000001	1241.425375	427	TEACH	7
1241.425375	1241.925375	462	VALUES	7
1241.925375	1242.2953750000001	156	FIRST	7
1242.2953750000001	1242.8623750000002	4	ABOLISH	7
1242.8623750000002	1243.3053750000001	87	CHEATING	7
1252.510875	1252.587875	434	THE	8
1252.587875	1252.9468749999999	165	FRIGHTENED	8
1252.9468749999999	1253.367875	89	CHILD	8
1253.367875	1253.5178749999998	472	WAS	8
1253.5178749999998	1253.787875	176	GENTLY	8
1253.787875	1254.441875	410	SUBDUED	8
1254.441875	1254.6128749999998	73	BY	8
1254.6128749999998	1254.7958749999998	208	HIS	8
1254.7958749999998	1255.0168749999998	52	BIG	8
1255.0168749999998	1255.537875	66	BROTHER	8
1262.5696249999999	1262.8176249999997	142	EVEN	9
1262.8176249999997	1262.8546249999997	1	A	9
1262.8546249999997	1263.2246249999998	383	SIMPLE	9
1263.2246249999998	1263.9416249999997	468	VOCABULARY	9
1263.9416249999997	1264.4046249999997	104	CONTAINS	9
1264.4046249999997	1265.0246249999998	422	SYMBOLS	9
1273.9484375	1274.0914375	1	A	10
1274.0914375	1274.4654375	110	CRAB	10
1274.4654375	1275.0354375	85	CHALLENGED	10
1275.0354375	1275.3054375	258	ME	10
1275.3054375	1275.8684375	99999	sp	10
1275.8684375	1275.9364375	70	BUT	10
1275.9364375	1276.0344375	1	A	10
1276.0344375	1276.2254375	350	QUICK	10
1276.2254375	1276.7204375	402	STAB	10
1276.7204375	1277.3154375	464	VANQUISHED	10
1277.3154375	1277.5554375	207	HIM	10
1285.411625	1285.839625	183	GLUCOSE	11
1285.839625	1285.939625	20	AND	11
1285.939625	1286.450625	167	FRUCTOSE	11
1286.450625	1286.509625	30	ARE	11
1286.509625	1286.955625	276	NATURAL	11
1286.955625	1287.449625	414	SUGARS	11
1287.449625	1287.759625	163	FOUND	11
1287.759625	1287.889625	217	IN	11
1287.889625	1288.279625	168	FRUIT	11
1293.8145625	1293.9155624999999	30	ARE	12
1293.9155624999999	1293.9765625	495	YOU	12
1293.9765625	1294.2075625	250	LOOKING	12
1294.2075625	1294.3675624999998	161	FOR	12
1294.3675624999998	1294.9175625	136	EMPLOYMENT	12
1304.3317499999998	1304.65475	98	COFFEE	13
1304.65475	1304.9287499999998	224	IS	13
1304.9287499999998	1304.9957499999998	99999	sp	13
1304.9957499999998	1305.54975	198	GROWN	13
1305.54975	1305.8047499999998	297	ON	13
1305.8047499999998	1306.2287499999998	404	STEEP	13
1306.2287499999998	1306.5847499999998	231	JUNGLE	13
1306.5847499999998	1306.7647499999998	241	LIKE	13
1306.7647499999998	1307.23175	390	SLOPES	13
1307.23175	1307.37575	217	IN	13
1307.37575	1307.8637499999998	431	TEMPERATE	13
1307.8637499999998	1308.4947499999998	497	ZONES	13
1314.896125	1314.989125	476	WE	14
1314.989125	1315.3041249999999	480	WELCOME	14
1315.3041249999999	1315.540125	256	MANY	14
1315.540125	1315.694125	282	NEW	14
1315.694125	1316.258125	408	STUDENTS	14
1316.258125	1316.523125	132	EACH	14
1316.523125	1316.820125	491	YEAR	14
1323.7094375	1323.8894374999998	298	ONLY	15
1323.8894374999998	1323.9804374999999	434	THE	15
1323.9804374999999	1324.2554375	51	BEST	15
1324.2554375	1324.6194374999998	330	PLAYERS	15
1324.6194374999998	1324.9704375	139	ENJOY	15
1324.9704375	1325.7214374999999	336	POPULARITY	15
1332.7909375	1333.3359375	75	CALCIUM	16
1333.3359375	1333.6539375	254	MAKES	16
1333.6539375	1334.0639375	58	BONES	16
1334.0639375	1334.2379375	20	AND	16
1334.2379375	1334.4859375	430	TEETH	16
1334.4859375	1335.1559375	406	STRONG	16
1343.083625	1343.599625	286	NOTHING	17
1343.599625	1343.988625	224	IS	17
1343.988625	1344.294625	34	AS	17
1344.294625	1344.964625	295	OFFENSIVE	17
1344.964625	1345.497625	34	AS	17
1345.497625	1346.414625	219	INNOCENCE	17
1352.93625	1353.26625	405	STEVE	18
1353.26625	1353.51625	490	WORE	18
1353.51625	1353.59125	1	A	18
1353.59125	1353.8662499999998	65	BRIGHT	18
1353.8662499999998	1354.15825	356	RED	18
1354.15825	1354.71625	78	CASHMERE	18
1354.71625	1355.21525	420	SWEATER	18
1361.869375	1362.238375	46	BARB'S	19
1362.238375	1362.458375	188	GOLD	19
1362.458375	1362.868375	63	BRACELET	19
1362.868375	1363.020375	472	WAS	19
1363.020375	1363.088375	1	A	19
1363.088375	1363.807375	193	GRADUATION	19
1363.807375	1364.218375	339	PRESENT	19
1372.2831875	1372.6291875	130	DRAW	20
1372.6291875	1372.9571875	145	EVERY	20
1372.9571875	1373.2781875	308	OUTER	20
1373.2781875	1373.6681875	244	LINE	20
1373.6681875	1374.2181875	156	FIRST	20
1374.2181875	1374.4181875	436	THEN	20
1374.4181875	1374.6731875	154	FILL	20
1374.6731875	1374.7881875	217	IN	20
1374.7881875	1374.8481875	434	THE	20
1374.8481875	1375.7061875	222	INTERIOR	20
1383.3763125	1383.4523125	434	THE	21
1383.4523125	1383.8163125	475	WATER	21
1383.8163125	1384.3123125000002	103	CONTAINED	21
1384.3123125000002	1384.4323125	448	TOO	21
1384.4323125	1384.6123125000001	269	MUCH	21
1384.6123125000001	1384.6713125	99999	sp	21
1384.6713125	1385.1823125	90	CHLORINE	21
1385.1823125	1385.3223125000002	20	AND	21
1385.3223125000002	1385.6523125	409	STUNG	21
1385.6523125	1385.8023125000002	208	HIS	21
1385.8023125000002	1386.5423125	149	EYES	21
1392.4246249999999	1392.883625	229	JOHN'S	22
1392.883625	1393.163625	66	BROTHER	22
1393.163625	1393.663625	363	REPAINTED	22
1393.663625	1393.753625	434	THE	22
1393.753625	1394.152625	173	GARAGE	22
1394.152625	1394.473625	129	DOOR	22
1400.9631875	1401.5701875	84	CHALLENGE	23
1401.5701875	1401.9401874999999	132	EACH	23
1401.9401874999999	1402.4501874999999	175	GENERAL'S	23
1402.4501874999999	1403.3301875	221	INTELLIGENCE	23
1410.2146874999999	1411.0736874999998	17	AMBIDEXTROUS	24
1411.0736874999998	1411.7496874999997	327	PICKPOCKETS	24
1411.7496874999997	1412.2896874999997	6	ACCOMPLISH	24
1412.2896874999997	1412.8696874999998	267	MORE	24
1423.097125	1423.176125	1	A	25
1423.176125	1423.703125	271	MUSCULAR	25
1423.703125	1424.195125	2	ABDOMEN	25
1424.195125	1424.365125	224	IS	25
1424.365125	1424.510125	189	GOOD	25
1424.510125	1424.645125	161	FOR	25
1424.645125	1424.803125	496	YOUR	25
1424.803125	1425.255125	43	BACK	25
1433.2634375	1433.4154374999998	438	THEY	26
1433.4154374999998	1433.6024375	317	OWN	26
1433.6024375	1433.6964375	1	A	26
1433.6964375	1433.9394375	52	BIG	26
1433.9394375	1434.5254375	209	HOUSE	26
1434.5254375	1434.6594374999997	217	IN	26
1434.6594374999997	1434.7194375	434	THE	26
1434.7194375	1435.0894374999998	361	REMOTE	26
1435.0894374999998	1436.0694374999998	109	COUNTRYSIDE	26
1442.5896874999999	1442.7086874999998	434	THE	27
1442.7086874999998	1443.1856874999999	369	ROSE	27
1443.1856874999999	1443.8986874999998	106	CORSAGE	27
1443.8986874999998	1444.3726875	393	SMELLED	27
1444.3726875	1445.1586874999998	421	SWEET	27
1452.1235625	1452.3885625	433	THAT	28
1452.3885625	1452.9935625	326	PICKPOCKET	28
1452.9935625	1453.2265625	472	WAS	28
1453.2265625	1453.5515625	80	CAUGHT	28
1453.5515625	1453.7935625	356	RED	28
1453.7935625	1454.4085625	199	HANDED	28
1462.637875	1462.7038750000002	19	AN	29
1462.7038750000002	1463.0328749999999	9	ADULT	29
1463.0328749999999	1463.390875	255	MALE	29
1463.390875	1464.004875	42	BABOON'S	29
1464.004875	1464.272875	430	TEETH	29
1464.272875	1464.359875	30	ARE	29
1464.359875	1464.622875	285	NOT	29
1464.622875	1465.142875	415	SUITABLE	29
1465.142875	1465.342875	161	FOR	29
1465.342875	1465.612875	135	EATING	29
1465.612875	1466.452875	376	SHELLFISH	29
1473.968875	1474.114875	204	HER	30
1474.114875	1474.592875	470	WARDROBE	30
1474.592875	1475.201875	102	CONSISTS	30
1475.201875	1475.2928749999999	294	OF	30
1475.2928749999999	1475.5228749999999	298	ONLY	30
1475.5228749999999	1476.073875	385	SKIRTS	30
1476.073875	1476.242875	20	AND	30
1476.242875	1477.002875	54	BLOUSES	30
1484.9947499999998	1485.1277499999999	434	THE	31
1485.1277499999999	1485.3827499999998	453	TWO	31
1485.3827499999998	1485.8327499999998	33	ARTISTS	31
1485.8327499999998	1486.5727499999998	147	EXCHANGED	31
1486.5727499999998	1487.5327499999999	39	AUTOGRAPHS	31
1495.2168749999998	1495.722875	71	BUTTERSCOTCH	32
1495.722875	1496.2358749999999	169	FUDGE	32
1496.2358749999999	1496.535875	186	GOES	32
1496.535875	1496.5658749999998	99999	sp	32
1496.5658749999998	1496.845875	481	WELL	32
1496.845875	1497.055875	487	WITH	32
1497.055875	1497.415875	463	VANILLA	32
1497.415875	1497.7198749999998	212	ICE	32
1497.7198749999998	1498.0458749999998	112	CREAM	32
1506.860375	1507.650375	366	RICH	33
1507.650375	1507.755375	99999	sp	33
1507.755375	1508.340375	349	PURCHASED	33
1508.340375	1508.760375	374	SEVERAL	33
1508.760375	1509.340375	382	SIGNED	33
1509.340375	1510.480375	245	LITHOGRAPHS	33
1517.355	1517.609	24	ANY	34
1517.609	1518.418	105	CONTRIBUTIONS	34
1518.418	1518.5079999999998	485	WILL	34
1518.5079999999998	1518.618	47	BE	34
1518.618	1519.038	195	GREATLY	34
1519.038	1519.848	28	APPRECIATED	34
1527.038625	1527.167625	434	THE	35
1527.167625	1527.714625	111	CRANBERRY	35
1527.714625	1528.1166249999999	57	BOG	35
1528.1166249999999	1528.3666249999999	178	GETS	35
1528.3666249999999	1528.634625	465	VERY	35
1528.634625	1528.946625	340	PRETTY	35
1528.946625	1529.056625	217	IN	35
1529.056625	1529.446625	40	AUTUMN	35
1536.6394375	1536.8684374999998	210	HOW	36
1536.8684374999998	1537.1234375	128	DO	36
1537.1234375	1537.8204375	318	OYSTERS	36
1537.8204375	1538.1004374999998	253	MAKE	36
1538.1004374999998	1538.7604374999999	320	PEARLS	36
1545.1643124999998	1545.3423125	257	MAY	37
1545.3423125	1545.3723125	211	I	37
1545.3723125	1545.6223125	304	ORDER	37
1545.6223125	1545.6923124999998	1	A	37
1545.6923124999998	1546.2623125	319	PARFAIT	37
1546.2623125	1546.5923125	10	AFTER	37
1546.5923125	1546.6823124999999	211	I	37
1546.6823124999999	1546.8883124999998	134	EAT	37
1546.8883124999998	1547.2023124999998	124	DINNER	37
1553.4299999999998	1553.538	224	IS	38
1553.538	1553.6879999999999	375	SHE	38
1553.6879999999999	1553.9479999999999	187	GOING	38
1553.9479999999999	1554.158	487	WITH	38
1554.158	1554.378	495	YOU	38
1562.8704375	1562.9834375	76	CAN	39
1562.9834375	1563.1034375	434	THE	39
1563.1034375	1563.7934375	11	AGENCY	39
1563.7934375	1564.6234375	315	OVERTHROW	39
1564.6234375	1565.1234375	13	ALIEN	39
1565.1234375	1565.7834375	162	FORCES	39
1573.2069280369376	1573.2809280369374	1	A	40
1573.2809280369374	1573.9609280369375	371	SCREWDRIVER	40
1573.9609280369375	1574.0709280369374	224	IS	40
1574.0709280369374	1574.3579280369377	252	MADE	40
1574.3579280369377	1574.6109280369376	166	FROM	40
1574.6109280369376	1575.0309280369374	469	VODKA	40
1575.0309280369374	1575.2109280369375	20	AND	40
1575.2109280369375	1575.5769280369375	303	ORANGE	40
1575.5769280369375	1576.0409280369377	230	JUICE	40
1585.9716875	1586.1226875	210	HOW	41
1586.1226875	1586.2376874999998	269	MUCH	41
1586.2376874999998	1586.6866874999998	16	ALLOWANCE	41
1586.6866874999998	1586.7766875	128	DO	41
1586.7766875	1586.8866874999999	495	YOU	41
1586.8866874999999	1587.1766874999998	177	GET	41
1594.1873125	1594.7853125	115	CYCLICAL	42
1594.7853125	1595.3783125	346	PROGRAMS	42
1595.3783125	1595.4573125	485	WILL	42
1595.4573125	1595.8073124999999	281	NEVER	42
1595.8073124999999	1596.3813125	100	COMPILE	42
1603.8201875	1603.8961875	434	THE	43
1603.8961875	1604.3301875	61	BOSTON	43
1604.3301875	1604.8351875	45	BALLET	43
1604.8351875	1605.4601875	312	OVERCAME	43
1605.4601875	1605.5901875000002	435	THEIR	43
1605.5901875000002	1606.0001875	170	FUNDING	43
1606.0001875	1606.6701875	380	SHORTAGE	43
1615.00625	1615.37925	145	EVERY	44
1615.37925	1615.77525	74	CAB	44
1615.77525	1616.2292499999999	296	OFTEN	44
1616.2292499999999	1616.7392499999999	280	NEEDS	44
1616.7392499999999	1617.37625	99999	sp	44
1617.37625	1618.0492499999998	364	REPAINTING	44
1618.0492499999998	1618.57925	296	OFTEN	44
1625.8464999999999	1626.0744999999997	203	HELP	45
1626.0744999999997	1626.3944999999999	196	GREG	45
1626.3944999999999	1626.5355	446	TO	45
1626.5355	1626.6844999999998	325	PICK	45
1626.6844999999998	1626.7544999999998	1	A	45
1626.7544999999998	1626.9714999999999	321	PECK	45
1626.9714999999999	1627.0714999999998	294	OF	45
1627.0714999999998	1627.8644999999997	338	POTATOES	45
1635.86575	1636.04575	476	WE	46
1636.04575	1636.25775	241	LIKE	46
1636.25775	1636.4747499999999	55	BLUE	46
1636.4747499999999	1636.90375	88	CHEESE	46
1636.90375	1637.0757499999997	70	BUT	46
1637.0757499999997	1637.4097499999998	466	VICTOR	46
1637.4097499999998	1637.8167499999997	242	LIKES	46
1637.8167499999997	1638.2457499999998	64	BRIE	46
1646.2465	1646.5055	108	COUNT	47
1646.5055	1646.5765	434	THE	47
1646.5765	1646.8854999999999	289	NUMBER	47
1646.8854999999999	1646.9934999999998	294	OF	47
1646.9934999999998	1647.5314999999998	429	TEASPOONS	47
1647.5314999999998	1647.6055	294	OF	47
1647.6055	1648.4054999999998	395	SOYSAUCE	47
1648.4054999999998	1648.5434999999998	433	THAT	47
1648.5434999999998	1648.7704999999999	495	YOU	47
1648.7704999999999	1649.0855	7	ADD	47
1656.302375	1656.8053750000001	44	BAGPIPES	48
1656.8053750000001	1656.923375	20	AND	48
1656.923375	1657.455375	59	BONGOS	48
1657.455375	1657.545375	30	ARE	48
1657.545375	1658.0363750000001	273	MUSICAL	48
1658.0363750000001	1658.905375	220	INSTRUMENTS	48
1664.631	1664.839	210	HOW	49
1664.839	1665.0149999999999	189	GOOD	49
1665.0149999999999	1665.151	224	IS	49
1665.151	1665.281	496	YOUR	49
1665.281	1666.031	138	ENDURANCE	49
2163.159625	2163.272625	30	ARE	0
2163.272625	2163.379625	496	YOUR	0
2163.379625	2163.659625	192	GRADES	0
2163.659625	2163.9296249999998	206	HIGHER	0
2163.9296249999998	2164.049625	302	OR	0
2164.049625	2164.359625	251	LOWER	0
2164.359625	2164.493625	432	THAN	0
2164.493625	2165.2596249999997	275	NANCY'S	0
2172.1805625	2172.3815624999997	375	SHE	1
2172.3815624999997	2172.6705625	490	WORE	1
2172.6705625	2173.0405625	471	WARM	1
2173.0405625	2173.5105625	158	FLEECY	1
2173.5105625	2173.8535625	489	WOOLEN	1
2173.8535625	2174.7405625	311	OVERALLS	1
2181.2913125	2181.5663125	354	READING	2
2181.5663125	2181.6953125000005	217	IN	2
2181.6953125000005	2181.8813125	335	POOR	2
2181.8813125	2182.1793125000004	240	LIGHT	2
2182.1793125000004	2182.4693125000003	181	GIVES	2
2182.4693125000003	2182.6113125	495	YOU	2
2182.6113125	2183.3313125000004	150	EYESTRAIN	2
2191.1730625000005	2191.4430625000005	142	EVEN	3
2191.4430625000005	2191.5620625	211	I	3
2191.5620625	2192.2630625	293	OCCASIONALLY	3
2192.2630625	2192.4130625000003	177	GET	3
2192.4130625000003	2192.4930625	434	THE	3
2192.4930625	2192.8330625000003	265	MONDAY	3
2192.8330625000003	2193.6430625000003	56	BLUES	3
2200.1553750000003	2200.2253750000004	99999	sp	4
2200.2253750000004	2200.3653750000003	476	WE	4
2200.3653750000003	2200.4753750000004	30	ARE	4
2200.4753750000004	2200.715375	301	OPEN	4
2200.715375	2200.9453750000002	145	EVERY	4
2200.9453750000002	2201.215375	265	MONDAY	4
2201.215375	2201.715375	143	EVENING	4
2208.9184999999998	2209.3365	226	IT'S	5
2209.3365	2209.6265	285	NOT	5
2209.6265	2209.9465	133	EASY	5
2209.9465	2210.0854999999997	446	TO	5
2210.0854999999997	2210.4065	113	CREATE	5
2210.4065	2211.0564999999997	215	ILLUMINATING	5
2211.0564999999997	2211.9065	146	EXAMPLES	5
2218.087375	2218.1263750000003	99999	sp	6
2218.1263750000003	2218.417375	270	MUM	6
2218.417375	2218.8873750000002	407	STRONGLY	6
2218.8873750000002	2219.384375	126	DISLIKES	6
2219.384375	2220.337375	27	APPETIZERS	6
2226.6949999999997	2226.995	443	THOSE	7
2226.995	2227.075	484	WHO	7
2227.075	2227.325	427	TEACH	7
2227.325	2227.765	462	VALUES	7
2227.765	2228.075	156	FIRST	7
2228.075	2228.565	4	ABOLISH	7
2228.565	2229.015	87	CHEATING	7
2236.5783125000003	2236.6983125	434	THE	8
2236.6983125	2237.0753125	165	FRIGHTENED	8
2237.0753125	2237.4983125	89	CHILD	8
2237.4983125	2237.6683125	472	WAS	8
2237.6683125	2237.9483125	176	GENTLY	8
2237.9483125	2238.5283125	410	SUBDUED	8
2238.5283125	2238.7383125	73	BY	8
2238.7383125	2238.9183125	208	HIS	8
2238.9183125	2239.1083125	52	BIG	8
2239.1083125	2239.5883125	66	BROTHER	8
2246.7918125	2247.0238125	142	EVEN	9
2247.0238125	2247.0678125000004	1	A	9
2247.0678125000004	2247.4178125000003	383	SIMPLE	9
2247.4178125000003	2248.2178125	468	VOCABULARY	9
2248.2178125	2248.7078125000003	104	CONTAINS	9
2248.7078125000003	2249.3878125	422	SYMBOLS	9
2256.8904375	2257.0354375	1	A	10
2257.0354375	2257.3864375	110	CRAB	10
2257.3864375	2257.9064375	85	CHALLENGED	10
2257.9064375	2258.1564375	258	ME	10
2258.1564375	2258.2484375	70	BUT	10
2258.2484375	2258.3464375	1	A	10
2258.3464375	2258.5564375	350	QUICK	10
2258.5564375	2258.9964375	402	STAB	10
2258.9964375	2259.5864375	464	VANQUISHED	10
2259.5864375	2259.7864375	207	HIM	10
2268.2898750000004	2268.7038750000006	183	GLUCOSE	11
2268.7038750000006	2268.8048750000003	20	AND	11
2268.8048750000003	2269.3318750000003	167	FRUCTOSE	11
2269.3318750000003	2269.4118750000002	30	ARE	11
2269.4118750000002	2269.864875	276	NATURAL	11
2269.864875	2270.3618750000005	414	SUGARS	11
2270.3618750000005	2270.701875	163	FOUND	11
2270.701875	2270.8018750000006	217	IN	11
2270.8018750000006	2271.4618750000004	168	FRUIT	11
2277.0966250000006	2277.1966250000005	30	ARE	12
2277.1966250000005	2277.3266250000006	495	YOU	12
2277.3266250000006	2277.5566250000006	250	LOOKING	12
2277.5566250000006	2277.6856250000005	161	FOR	12
2277.6856250000005	2278.2086250000007	136	EMPLOYMENT	12
2286.5739375	2286.6029375	99999	sp	13
2286.6029375	2286.9589375	98	COFFEE	13
2286.9589375	2287.1339375	224	IS	13
2287.1339375	2287.7039375	198	GROWN	13
2287.7039375	2288.0139375	297	ON	13
2288.0139375	2288.3739375	404	STEEP	13
2288.3739375	2288.7639375	231	JUNGLE	13
2288.7639375	2288.9279375	241	LIKE	13
2288.9279375	2289.3859375	390	SLOPES	13
2289.3859375	2289.5279375	217	IN	13
2289.5279375	2290.0039375	431	TEMPERATE	13
2290.0039375	2290.6539375	497	ZONES	13
2299.4828125000004	2299.6198125000005	476	WE	14
2299.6198125000005	2299.9268125000003	480	WELCOME	14
2299.9268125000003	2300.1618125000005	256	MANY	14
2300.1618125000005	2300.3388125000006	282	NEW	14
2300.3388125000006	2300.8688125000003	408	STUDENTS	14
2300.8688125000003	2301.0888125000006	132	EACH	14
2301.0888125000006	2301.4488125000003	491	YEAR	14
2307.4817500000004	2307.6627500000004	298	ONLY	15
2307.6627500000004	2307.75275	434	THE	15
2307.75275	2308.04275	51	BEST	15
2308.04275	2308.3927500000004	330	PLAYERS	15
2308.3927500000004	2308.6687500000003	139	ENJOY	15
2308.6687500000003	2309.52275	336	POPULARITY	15
2315.9543750000003	2316.4193750000004	75	CALCIUM	16
2316.4193750000004	2316.7603750000003	254	MAKES	16
2316.7603750000003	2317.103375	58	BONES	16
2317.103375	2317.2853750000004	20	AND	16
2317.2853750000004	2317.5593750000003	430	TEETH	16
2317.5593750000003	2318.1893750000004	406	STRONG	16
2325.3334999999997	2325.7735	286	NOTHING	17
2325.7735	2326.1135	224	IS	17
2326.1135	2326.3444999999997	34	AS	17
2326.3444999999997	2326.9934999999996	295	OFFENSIVE	17
2326.9934999999996	2327.5415	34	AS	17
2327.5415	2328.4435	219	INNOCENCE	17
2334.74	2335.21	405	STEVE	18
2335.21	2335.41	490	WORE	18
2335.41	2335.5	1	A	18
2335.5	2335.8599999999997	65	BRIGHT	18
2335.8599999999997	2336.219	356	RED	18
2336.219	2336.7029999999995	78	CASHMERE	18
2336.7029999999995	2337.1699999999996	420	SWEATER	18
2344.3388551618164	2344.740953386543	46	BARBS	19
2344.740953386543	2345.0394921088305	188	GOLD	19
2345.0394921088305	2345.4574463200333	63	BRACELET	19
2345.4574463200333	2345.583146834681	472	WAS	19
2345.583146834681	2345.671137194934	1	A	19
2345.671137194934	2346.4410528471494	193	GRADUATION	19
2346.4410528471494	2346.8312770097873	339	PRESENT	19
2354.84736612432	2355.14225	130	DRAW	20
2355.14225	2355.45525	145	EVERY	20
2355.45525	2355.71725	308	OUTER	20
2355.71725	2355.99425	244	LINE	20
2355.99425	2356.4122500000003	156	FIRST	20
2356.4122500000003	2356.5792500000002	436	THEN	20
2356.5792500000002	2356.8272500000003	154	FILL	20
2356.8272500000003	2356.94225	217	IN	20
2356.94225	2357.04225	434	THE	20
2357.04225	2357.6822500000003	222	INTERIOR	20
2365.0057500000003	2365.0797500000003	434	THE	21
2365.0797500000003	2365.4327500000004	475	WATER	21
2365.4327500000004	2365.94475	103	CONTAINED	21
2365.94475	2366.06975	448	TOO	21
2366.06975	2366.27075	269	MUCH	21
2366.27075	2366.73675	90	CHLORINE	21
2366.73675	2366.84475	20	AND	21
2366.84475	2367.1397500000003	409	STUNG	21
2367.1397500000003	2367.29775	208	HIS	21
2367.29775	2367.85975	149	EYES	21
2374.196375	2374.650375	229	JOHN'S	22
2374.650375	2374.805375	99999	sp	22
2374.805375	2375.140375	66	BROTHER	22
2375.140375	2375.650375	363	REPAINTED	22
2375.650375	2375.740375	434	THE	22
2375.740375	2376.226375	173	GARAGE	22
2376.226375	2376.630375	129	DOOR	22
2383.69875	2384.21775	84	CHALLENGE	23
2384.21775	2384.49775	132	EACH	23
2384.49775	2385.21475	175	GENERAL'S	23
2385.21475	2386.34775	221	INTELLIGENCE	23
2393.539875	2394.299875	17	AMBIDEXTROUS	24
2394.299875	2394.935875	327	PICKPOCKETS	24
2394.935875	2395.663875	6	ACCOMPLISH	24
2395.663875	2395.693875	99999	sp	24
2395.693875	2396.173875	267	MORE	24
2403.1049375000002	2403.1479375000004	1	A	25
2403.1479375000004	2403.6239375000005	271	MUSCULAR	25
2403.6239375000005	2404.0779375	2	ABDOMEN	25
2404.0779375	2404.2379375000005	224	IS	25
2404.2379375000005	2404.3479375	189	GOOD	25
2404.3479375	2404.5379375	161	FOR	25
2404.5379375	2404.6509375000005	496	YOUR	25
2404.6509375000005	2405.2579375000005	43	BACK	25
2415.8178125	2415.9518125	438	THEY	26
2415.9518125	2416.1298125	317	OWN	26
2416.1298125	2416.1878125	1	A	26
2416.1878125	2416.4678124999996	52	BIG	26
2416.4678124999996	2416.8978125	209	HOUSE	26
2416.8978125	2416.9578125	217	IN	26
2416.9578125	2417.0178124999998	434	THE	26
2417.0178124999998	2417.3618125	361	REMOTE	26
2417.3618125	2418.1978124999996	109	COUNTRYSIDE	26
2425.1757500000003	2425.2817500000006	434	THE	27
2425.2817500000006	2425.7977500000006	369	ROSE	27
2425.7977500000006	2426.4017500000004	106	CORSAGE	27
2426.4017500000004	2426.7417500000006	393	SMELLED	27
2426.7417500000006	2427.6017500000003	421	SWEET	27
2434.1035	2434.4315	433	THAT	28
2434.4315	2435.0975	326	PICKPOCKET	28
2435.0975	2435.3355	472	WAS	28
2435.3355	2435.6475	80	CAUGHT	28
2435.6475	2435.9075	356	RED	28
2435.9075	2436.5675	199	HANDED	28
2444.0930625	2444.1970625	19	AN	29
2444.1970625	2444.5020625	9	ADULT	29
2444.5020625	2444.7890625	255	MALE	29
2444.7890625	2445.4570625	42	BABOON'S	29
2445.4570625	2445.7270625	430	TEETH	29
2445.7270625	2445.8170625000002	30	ARE	29
2445.8170625000002	2446.1070625	285	NOT	29
2446.1070625	2446.5540625	415	SUITABLE	29
2446.5540625	2446.7370625	161	FOR	29
2446.7370625	2447.0270625000003	135	EATING	29
2447.0270625000003	2447.8070625	376	SHELLFISH	29
2454.3649375	2454.4829375	204	HER	30
2454.4829375	2454.8919375	470	WARDROBE	30
2454.8919375	2455.3409375	102	CONSISTS	30
2455.3409375	2455.4179375	294	OF	30
2455.4179375	2455.6379375	298	ONLY	30
2455.6379375	2456.0979375	385	SKIRTS	30
2456.0979375	2456.1979375	20	AND	30
2456.1979375	2456.9479375	54	BLOUSES	30
2462.8921250000003	2462.9791250000003	434	THE	31
2462.9791250000003	2463.2191250000005	453	TWO	31
2463.2191250000005	2463.579125	33	ARTISTS	31
2463.579125	2464.1491250000004	147	EXCHANGED	31
2464.1491250000004	2464.8591250000004	39	AUTOGRAPHS	31
2471.4435625	2471.9285624999998	71	BUTTERSCOTCH	32
2471.9285624999998	2472.2885625	169	FUDGE	32
2472.2885625	2472.5945625	186	GOES	32
2472.5945625	2472.7885625	481	WELL	32
2472.7885625	2472.9385625	487	WITH	32
2472.9385625	2473.2285625	463	VANILLA	32
2473.2285625	2473.5475625	212	ICE	32
2473.5475625	2473.7985625	112	CREAM	32
2480.3741250000003	2480.7741250000004	366	RICH	33
2480.7741250000004	2481.214125	349	PURCHASED	33
2481.214125	2481.5171250000003	374	SEVERAL	33
2481.5171250000003	2481.974125	382	SIGNED	33
2481.974125	2482.934125	245	LITHOGRAPHS	33
2489.3744375	2489.5714375	24	ANY	34
2489.5714375	2490.3794374999998	105	CONTRIBUTIONS	34
2490.3794374999998	2490.4394375	485	WILL	34
2490.4394375	2490.5694375	47	BE	34
2490.5694375	2490.9694375	195	GREATLY	34
2490.9694375	2491.7124375	28	APPRECIATED	34
2498.2864375	2498.4154375	434	THE	35
2498.4154375	2498.8804375	111	CRANBERRY	35
2498.8804375	2499.3524374999997	57	BOG	35
2499.3524374999997	2499.5804375	178	GETS	35
2499.5804375	2499.8564374999996	465	VERY	35
2499.8564374999996	2500.1304375	340	PRETTY	35
2500.1304375	2500.2304375	217	IN	35
2500.2304375	2500.5604375	40	AUTUMN	35
2506.7100625000003	2506.8380625000004	210	HOW	36
2506.8380625000004	2506.9530625	128	DO	36
2506.9530625	2507.4110625000003	318	OYSTERS	36
2507.4110625000003	2507.6140625000003	253	MAKE	36
2507.6140625000003	2508.2610625	320	PEARLS	36
2514.5860625	2514.7170625000003	257	MAY	37
2514.7170625000003	2514.7710625	211	I	37
2514.7710625	2514.9920625	304	ORDER	37
2514.9920625	2515.0900625	1	A	37
2515.0900625	2515.5810625000004	319	PARFAIT	37
2515.5810625000004	2515.9010625	10	AFTER	37
2515.9010625	2515.9310625000003	211	I	37
2515.9310625000003	2516.1410625000003	134	EAT	37
2516.1410625000003	2516.8210625	124	DINNER	37
2521.4796875	2521.5766875	224	IS	38
2521.5766875	2521.6966875	375	SHE	38
2521.6966875	2521.9066875	187	GOING	38
2521.9066875	2522.0966875	487	WITH	38
2522.0966875	2522.3166875	495	YOU	38
2529.7540625	2529.9280625000006	76	CAN	39
2529.9280625000006	2530.2220625000004	434	THE	39
2530.2220625000004	2531.0330625	11	AGENCY	39
2531.0330625	2531.8580625000004	315	OVERTHROW	39
2531.8580625000004	2532.2890625000005	13	ALIEN	39
2532.2890625000005	2532.9580625000003	162	FORCES	39
2544.445053036938	2544.533053036938	1	A	40
2544.533053036938	2545.1240530369378	371	SCREWDRIVER	40
2545.1240530369378	2545.256053036938	224	IS	40
2545.256053036938	2545.509053036938	252	MADE	40
2545.509053036938	2545.715053036938	166	FROM	40
2545.715053036938	2546.186053036938	469	VODKA	40
2546.186053036938	2546.306053036938	20	AND	40
2546.306053036938	2546.716053036938	303	ORANGE	40
2546.716053036938	2547.216053036938	230	JUICE	40
2552.23075	2552.4077500000003	210	HOW	41
2552.4077500000003	2552.5997500000003	269	MUCH	41
2552.5997500000003	2553.03775	16	ALLOWANCE	41
2553.03775	2553.12075	128	DO	41
2553.12075	2553.19075	495	YOU	41
2553.19075	2553.54075	177	GET	41
2559.8750625000002	2560.4450625000004	115	CYCLICAL	42
2560.4450625000004	2560.9250625000004	346	PROGRAMS	42
2560.9250625000004	2561.0350625	485	WILL	42
2561.0350625	2561.3080625000002	281	NEVER	42
2561.3080625000002	2561.9050625000004	100	COMPILE	42
2568.6796875	2568.7486875	434	THE	43
2568.7486875	2569.1786875	61	BOSTON	43
2569.1786875	2569.6086875	45	BALLET	43
2569.6086875	2570.1786875	312	OVERCAME	43
2570.1786875	2570.2886875	435	THEIR	43
2570.2886875	2570.7086875	170	FUNDING	43
2570.7086875	2571.3986875	380	SHORTAGE	43
2577.3365	2577.6344999999997	145	EVERY	44
2577.6344999999997	2577.9285	74	CAB	44
2577.9285	2578.2985	280	NEEDS	44
2578.2985	2578.8185	364	REPAINTING	44
2578.8185	2579.3185	296	OFTEN	44
2585.8651250000003	2586.1711250000003	203	HELP	45
2586.1711250000003	2586.4151250000004	196	GREG	45
2586.4151250000004	2586.525125	446	TO	45
2586.525125	2586.6581250000004	325	PICK	45
2586.6581250000004	2586.744125	1	A	45
2586.744125	2586.911125	321	PECK	45
2586.911125	2586.9911250000005	294	OF	45
2586.9911250000005	2587.8011250000004	338	POTATOES	45
2595.0348750000003	2595.123875	476	WE	46
2595.123875	2595.320875	241	LIKE	46
2595.320875	2595.540875	55	BLUE	46
2595.540875	2595.930875	88	CHEESE	46
2595.930875	2596.080875	70	BUT	46
2596.080875	2596.330875	466	VICTOR	46
2596.330875	2596.688875	242	LIKES	46
2596.688875	2597.120875	64	BRIE	46
2608.6470625	2608.8790625	108	COUNT	47
2608.8790625	2608.9380625	434	THE	47
2608.9380625	2609.2280625	289	NUMBER	47
2609.2280625	2609.3410625	294	OF	47
2609.3410625	2609.8380625	429	TEASPOONS	47
2609.8380625	2609.9080625	294	OF	47
2609.9080625	2610.5980625	395	SOYSAUCE	47
2610.5980625	2610.6980625	433	THAT	47
2610.6980625	2610.9180625	495	YOU	47
2610.9180625	2611.2780625	7	ADD	47
2617.88175	2618.37375	44	BAGPIPES	48
2618.37375	2618.51175	20	AND	48
2618.51175	2619.0437500000003	59	BONGOS	48
2619.0437500000003	2619.14375	30	ARE	48
2619.14375	2619.5817500000003	273	MUSICAL	48
2619.5817500000003	2620.38375	220	INSTRUMENTS	48
2625.802	2625.9500000000003	210	HOW	49
2625.9500000000003	2626.1130000000003	189	GOOD	49
2626.1130000000003	2626.2410000000004	224	IS	49
2626.2410000000004	2626.3630000000003	496	YOUR	49
2626.3630000000003	2627.0930000000003	138	ENDURANCE	49
