626.788	626.8839999999999	30	ARE	0
626.8839999999999	627.0139999999999	495	YOUR	0
627.0139999999999	627.2909999999999	192	GRADES	0
627.2909999999999	627.5659999999999	206	HIGHER	0
627.5659999999999	627.674	301	OR	0
627.674	628.024	250	LOWER	0
628.024	628.1809999999999	431	THAN	0
628.1809999999999	628.914	274	NANCY'S	0
638.2139999999999	638.454	374	SHE	1
638.454	638.8739999999999	489	WORE	1
638.8739999999999	639.314	470	WARM	1
639.314	639.834	158	FLEECY	1
639.834	640.3199999999999	488	WOOLEN	1
640.3199999999999	641.174	310	OVERALLS	1
649.7339999999999	649.828	99999	sp	2
649.828	650.1039999999999	353	READING	2
650.1039999999999	650.1719999999999	217	IN	2
650.1719999999999	650.444	334	POOR	2
650.444	650.794	88888	EYE	2
650.794	651.1239999999999	239	LIGHT	2
651.1239999999999	651.223	99999	sp	2
651.223	651.458	181	GIVES	2
651.458	651.584	494	YOU	2
651.584	652.2339999999999	150	EYESTRAIN	2
658.574	658.612	99999	sp	3
658.612	659.02	142	EVEN	3
659.02	659.2439999999999	211	I	3
659.2439999999999	660.084	292	OCCASIONALLY	3
660.084	660.307	177	GET	3
660.307	660.3539999999999	433	THE	3
660.3539999999999	660.7239999999999	264	MONDAY	3
660.7239999999999	661.404	56	BLUES	3
672.024	672.164	475	WE	4
672.164	672.2539999999999	30	ARE	4
672.2539999999999	672.502	300	OPEN	4
672.502	672.7239999999999	145	EVERY	4
672.7239999999999	673.068	264	MONDAY	4
673.068	673.5139999999999	143	EVENING	4
682.4939999999999	682.519	99999	sp	5
682.519	682.8439999999999	226	IT'S	5
682.8439999999999	683.074	284	NOT	5
683.074	683.384	133	EASY	5
683.384	683.454	445	TO	5
683.454	683.7729999999999	113	CREATE	5
683.7729999999999	684.6379999999999	215	ILLUMINATING	5
684.6379999999999	685.654	146	EXAMPLES	5
695.284	695.704	269	MUM	6
695.704	696.2239999999999	406	STRONGLY	6
696.2239999999999	696.814	126	DISLIKES	6
696.814	697.7439999999999	27	APPETIZERS	6
704.8439999999999	704.862	99999	sp	7
704.862	705.2139999999999	442	THOSE	7
705.2139999999999	705.358	483	WHO	7
705.358	705.644	426	TEACH	7
705.644	706.198	461	VALUES	7
706.198	706.554	156	FIRST	7
706.554	707.1039999999999	4	ABOLISH	7
707.1039999999999	707.544	87	CHEATING	7
715.444	715.482	99999	sp	8
715.482	715.544	433	THE	8
715.544	715.914	165	FRIGHTENED	8
715.914	716.294	89	CHILD	8
716.294	716.4739999999999	471	WAS	8
716.4739999999999	716.784	176	GENTLY	8
716.784	717.374	409	SUBDUED	8
717.374	717.574	73	BY	8
717.574	717.846	208	HIS	8
717.846	718.034	52	BIG	8
718.034	718.584	66	BROTHER	8
727.1709999999999	727.4789999999999	142	EVEN	9
727.4789999999999	727.564	1	A	9
727.564	727.9739999999999	382	SIMPLE	9
727.9739999999999	728.7669999999999	467	VOCABULARY	9
728.7669999999999	729.384	104	CONTAINS	9
729.384	730.034	421	SYMBOLS	9
737.5269999999999	737.654	1	A	10
737.654	738.0369999999999	110	CRAB	10
738.0369999999999	738.534	85	CHALLENGED	10
738.534	738.784	257	ME	10
738.784	738.914	70	BUT	10
738.914	739.009	1	A	10
739.009	739.2239999999999	349	QUICK	10
739.2239999999999	739.674	401	STAB	10
739.674	740.304	463	VANQUISHED	10
740.304	740.5239999999999	207	HIM	10
748.2199999999999	748.684	183	GLUCOSE	11
748.684	748.7869999999999	20	AND	11
748.7869999999999	749.3439999999999	167	FRUCTOSE	11
749.3439999999999	749.454	30	ARE	11
749.454	749.8689999999999	275	NATURAL	11
749.8689999999999	750.294	413	SUGARS	11
750.294	750.6039999999999	163	FOUND	11
750.6039999999999	750.722	217	IN	11
750.722	751.144	168	FRUIT	11
758.674	758.814	30	ARE	12
758.814	758.93	494	YOU	12
758.93	759.204	249	LOOKING	12
759.204	759.3539999999999	161	FOR	12
759.3539999999999	759.9939999999999	136	EMPLOYMENT	12
766.3219999999999	766.664	98	COFFEE	13
766.664	766.8539999999999	224	IS	13
766.8539999999999	767.664	198	GROWN	13
767.664	767.9839999999999	99999	sp	13
767.9839999999999	768.334	296	ON	13
768.334	768.7539999999999	403	STEEP	13
768.7539999999999	769.314	88888	JUNGLE	13
769.314	769.5239999999999	240	LIKE	13
769.5239999999999	770.012	389	SLOPES	13
770.012	770.207	217	IN	13
770.207	770.924	88888	TEMPERATURE	13
770.924	771.694	496	ZONES	13
779.5699999999999	779.684	475	WE	14
779.684	780.0139999999999	479	WELCOME	14
780.0139999999999	780.304	255	MANY	14
780.304	780.5139999999999	281	NEW	14
780.5139999999999	781.144	407	STUDENTS	14
781.144	781.49	132	EACH	14
781.49	781.9939999999999	490	YEAR	14
789.2909999999999	789.4939999999999	297	ONLY	15
789.4939999999999	789.554	433	THE	15
789.554	789.834	51	BEST	15
789.834	790.2439999999999	329	PLAYERS	15
790.2439999999999	790.6389999999999	139	ENJOY	15
790.6389999999999	791.4739999999999	335	POPULARITY	15
801.7439999999999	801.788	99999	sp	16
801.788	802.3539999999999	75	CALCIUM	16
802.3539999999999	802.673	253	MAKES	16
802.673	803.0559999999999	58	BONES	16
803.0559999999999	803.1969999999999	20	AND	16
803.1969999999999	803.434	429	TEETH	16
803.434	804.0139999999999	405	STRONG	16
810.954	811.0049999999999	99999	sp	17
811.0049999999999	811.4639999999999	285	NOTHING	17
811.4639999999999	811.784	224	IS	17
811.784	812.063	34	AS	17
812.063	812.664	294	OFFENSIVE	17
812.664	813.0139999999999	34	AS	17
813.0139999999999	813.914	219	INNOCENCE	17
820.914	821.3439999999999	404	STEVE	18
821.3439999999999	821.5749999999999	489	WORE	18
821.5749999999999	821.621	1	A	18
821.621	822.034	65	BRIGHT	18
822.034	822.424	355	RED	18
822.424	822.904	78	CASHMERE	18
822.904	823.374	419	SWEATER	18
831.65	832.1039999999999	46	BARB'S	19
832.1039999999999	832.314	188	GOLD	19
832.314	832.794	63	BRACELET	19
832.794	833.0039999999999	471	WAS	19
833.0039999999999	833.054	1	A	19
833.054	833.7539999999999	193	GRADUATION	19
833.7539999999999	834.2239999999999	338	PRESENT	19
841.5039999999999	841.6109999999999	99999	sp	20
841.6109999999999	841.944	130	DRAW	20
841.944	842.304	145	EVERY	20
842.304	842.584	307	OUTER	20
842.584	842.92	243	LINE	20
842.92	843.454	156	FIRST	20
843.454	843.624	435	THEN	20
843.624	843.913	154	FILL	20
843.913	844.054	217	IN	20
844.054	844.164	433	THE	20
844.164	844.864	222	INTERIOR	20
853.387	853.471	433	THE	21
853.471	853.756	474	WATER	21
853.756	854.2579999999999	103	CONTAINED	21
854.2579999999999	854.394	447	TOO	21
854.394	854.5939999999999	268	MUCH	21
854.5939999999999	854.646	99999	sp	21
854.646	855.179	90	CHLORINE	21
855.179	855.334	20	AND	21
855.334	855.7339999999999	408	STUNG	21
855.7339999999999	855.92	208	HIS	21
855.92	856.454	149	EYES	21
862.9279999999999	863.324	229	JOHN'S	22
863.324	863.5939999999999	66	BROTHER	22
863.5939999999999	864.074	362	REPAINTED	22
864.074	864.164	433	THE	22
864.164	864.584	173	GARAGE	22
864.584	864.9739999999999	129	DOOR	22
871.913	872.614	84	CHALLENGE	23
872.614	872.9839999999999	99999	sp	23
872.9839999999999	873.521	132	EACH	23
873.521	874.414	175	GENERAL'S	23
874.414	875.5439999999999	221	INTELLIGENCE	23
886.1859999999999	886.569	99999	sp	24
886.569	887.357	17	AMBIDEXTROUS	24
887.357	888.0039999999999	326	PICKPOCKETS	24
888.0039999999999	888.574	6	ACCOMPLISH	24
888.574	889.054	266	MORE	24
897.324	897.424	1	A	25
897.424	897.9739999999999	270	MUSCULAR	25
897.9739999999999	898.559	2	ABDOMEN	25
898.559	898.7539999999999	224	IS	25
898.7539999999999	898.894	189	GOOD	25
898.894	899.0439999999999	161	FOR	25
899.0439999999999	899.174	495	YOUR	25
899.174	899.7339999999999	43	BACK	25
907.5339999999999	907.6419999999999	437	THEY	26
907.6419999999999	907.7289999999999	316	OWN	26
907.7289999999999	907.7839999999999	1	A	26
907.7839999999999	908.0039999999999	52	BIG	26
908.0039999999999	908.384	209	HOUSE	26
908.384	908.444	217	IN	26
908.444	908.5039999999999	433	THE	26
908.5039999999999	908.8499999999999	360	REMOTE	26
908.8499999999999	909.864	109	COUNTRYSIDE	26
917.624	917.6589999999999	99999	sp	27
917.6589999999999	917.7539999999999	433	THE	27
917.7539999999999	918.454	368	ROSE	27
918.454	919.204	106	CORSAGE	27
919.204	919.7839999999999	392	SMELLED	27
919.7839999999999	920.5939999999999	420	SWEET	27
928.814	928.837	99999	sp	28
928.837	929.192	432	THAT	28
929.192	929.834	325	PICKPOCKET	28
929.834	930.079	471	WAS	28
930.079	930.424	80	CAUGHT	28
930.424	930.7239999999999	355	RED	28
930.7239999999999	931.324	199	HANDED	28
939.374	939.5139999999999	19	AN	29
939.5139999999999	939.8539999999999	9	ADULT	29
939.8539999999999	940.2939999999999	254	MALE	29
940.2939999999999	941.049	42	BABOON'S	29
941.049	941.358	429	TEETH	29
941.358	941.4839999999999	30	ARE	29
941.4839999999999	941.7639999999999	284	NOT	29
941.7639999999999	942.454	88888	SUSTAINABLE	29
942.454	942.634	161	FOR	29
942.634	942.934	135	EATING	29
942.934	943.7339999999999	375	SHELLFISH	29
951.192	951.314	88888	HER1	30
951.314	951.7439999999999	469	WARDROBE	30
951.7439999999999	952.337	102	CONSISTS	30
952.337	952.444	293	OF	30
952.444	952.684	297	ONLY	30
952.684	953.374	384	SKIRTS	30
953.374	953.574	20	AND	30
953.574	954.404	54	BLOUSES	30
962.7539999999999	962.9159999999999	433	THE	31
962.9159999999999	963.154	452	TWO	31
963.154	963.5339999999999	33	ARTISTS	31
963.5339999999999	964.122	147	EXCHANGED	31
964.122	964.9939999999999	39	AUTOGRAPHS	31
971.814	971.864	99999	sp	32
971.864	972.394	71	BUTTERSCOTCH	32
972.394	972.824	169	FUDGE	32
972.824	973.114	186	GOES	32
973.114	973.454	480	WELL	32
973.454	973.684	486	WITH	32
973.684	974.074	462	VANILLA	32
974.074	974.4639999999999	212	ICE	32
974.4639999999999	974.7839999999999	112	CREAM	32
982.9639999999999	983.299	365	RICH	33
983.299	983.7579999999999	348	PURCHASED	33
983.7579999999999	984.2549999999999	373	SEVERAL	33
984.2549999999999	984.7539999999999	381	SIGNED	33
984.7539999999999	985.7739999999999	244	LITHOGRAPHS	33
992.7729999999999	993.0339999999999	24	ANY	34
993.0339999999999	993.834	105	CONTRIBUTIONS	34
993.834	993.911	484	WILL	34
993.911	994.0039999999999	47	BE	34
994.0039999999999	994.364	195	GREATLY	34
994.364	995.2539999999999	28	APPRECIATED	34
1003.323	1003.468	433	THE	35
1003.468	1004.016	111	CRANBERRY	35
1004.016	1004.472	57	BOG	35
1004.472	1004.7939999999999	178	GETS	35
1004.7939999999999	1005.414	339	PRETTY	35
1005.414	1005.779	99999	{LG}	35
1005.779	1006.47	88888	BRUP	35
1006.47	1007.371	99999	{LG}	35
1007.371	1007.4469999999999	433	THE	35
1007.4469999999999	1007.483	99999	sp	35
1007.483	1007.943	111	CRANBERRY	35
1007.943	1008.3439999999999	57	BOG	35
1008.3439999999999	1008.614	178	GETS	35
1008.614	1008.864	464	VERY	35
1008.864	1009.194	339	PRETTY	35
1009.194	1009.324	217	IN	35
1009.324	1009.684	40	AUTUMN	35
1018.384	1018.905	210	HOW	36
1018.905	1019.2839999999999	128	DO	36
1019.2839999999999	1019.7939999999999	317	OYSTERS	36
1019.7939999999999	1019.996	252	MAKE	36
1019.996	1020.058	99999	sp	36
1020.058	1020.7939999999999	319	PEARLS	36
1030.724	1030.901	256	MAY	37
1030.901	1030.984	211	I	37
1030.984	1031.258	303	ORDER	37
1031.258	1031.302	1	A	37
1031.302	1031.884	318	PARFAIT	37
1031.884	1032.164	10	AFTER	37
1032.164	1032.194	211	I	37
1032.194	1032.364	134	EAT	37
1032.364	1032.7939999999999	124	DINNER	37
1039.99	1040.0739999999998	224	IS	38
1040.0739999999998	1040.224	374	SHE	38
1040.224	1040.504	187	GOING	38
1040.504	1040.694	486	WITH	38
1040.694	1040.944	494	YOU	38
1047.974	1048.104	76	CAN	39
1048.104	1048.224	433	THE	39
1048.224	1048.7839999999999	11	AGENCY	39
1048.7839999999999	1049.464	314	OVERTHROW	39
1049.464	1049.874	13	ALIEN	39
1049.874	1050.5739999999998	162	FORCES	39
1059.164	1059.195	99999	sp	40
1059.195	1059.254	1	A	40
1059.254	1059.874	370	SCREWDRIVER	40
1059.874	1060.0339999999999	224	IS	40
1060.0339999999999	1060.316	251	MADE	40
1060.316	1060.5739999999998	166	FROM	40
1060.5739999999998	1060.984	468	VODKA	40
1060.984	1061.154	20	AND	40
1061.154	1061.5439999999999	302	ORANGE	40
1061.5439999999999	1062.124	230	JUICE	40
1070.174	1070.21	99999	sp	41
1070.21	1070.314	210	HOW	41
1070.314	1070.48	268	MUCH	41
1070.48	1070.934	16	ALLOWANCE	41
1070.934	1071.0339999999999	128	DO	41
1071.0339999999999	1071.124	494	YOU	41
1071.124	1071.464	177	GET	41
1079.393	1079.934	115	CYCLICAL	42
1079.934	1080.5439999999999	345	PROGRAMS	42
1080.5439999999999	1080.634	484	WILL	42
1080.634	1080.9489999999998	280	NEVER	42
1080.9489999999998	1081.664	100	COMPILE	42
1089.6589999999999	1089.714	433	THE	43
1089.714	1090.244	61	BOSTON	43
1090.244	1090.7939999999999	45	BALLET	43
1090.7939999999999	1091.504	311	OVERCAME	43
1091.504	1091.674	434	THEIR	43
1091.674	1092.114	170	FUNDING	43
1092.114	1092.854	379	SHORTAGE	43
1099.9889999999998	1100.292	145	EVERY	44
1100.292	1100.8839999999998	74	CAB	44
1100.8839999999998	1101.0449999999998	99999	sp	44
1101.0449999999998	1101.484	279	NEEDS	44
1101.484	1102.0739999999998	363	REPAINTING	44
1102.0739999999998	1102.5939999999998	295	OFTEN	44
1110.724	1110.7479999999998	99999	sp	45
1110.7479999999998	1111.0939999999998	203	HELP	45
1111.0939999999998	1111.404	196	GREG	45
1111.404	1111.5849999999998	445	TO	45
1111.5849999999998	1111.762	324	PICK	45
1111.762	1111.875	1	A	45
1111.875	1112.0910000000001	320	PECK	45
1112.0910000000001	1112.202	293	OF	45
1112.202	1113.014	337	POTATOES	45
1121.194	1121.414	475	WE	46
1121.414	1121.573	240	LIKE	46
1121.573	1121.818	55	BLUE	46
1121.818	1122.323	88	CHEESE	46
1122.323	1122.504	70	BUT	46
1122.504	1122.838	465	VICTOR	46
1122.838	1123.2169999999999	241	LIKES	46
1123.2169999999999	1123.684	64	BRIE	46
1132.331	1132.564	108	COUNT	47
1132.564	1132.624	433	THE	47
1132.624	1132.894	288	NUMBER	47
1132.894	1133.014	293	OF	47
1133.014	1133.584	428	TEASPOONS	47
1133.584	1133.644	293	OF	47
1133.644	1134.3839999999998	394	SOYSAUCE	47
1134.3839999999998	1134.5240000000001	432	THAT	47
1134.5240000000001	1134.704	494	YOU	47
1134.704	1135.174	7	ADD	47
1142.434	1142.479	99999	sp	48
1142.479	1142.994	44	BAGPIPES	48
1142.994	1143.084	20	AND	48
1143.084	1143.684	59	BONGOS	48
1143.684	1143.7740000000001	30	ARE	48
1143.7740000000001	1144.2839999999999	272	MUSICAL	48
1144.2839999999999	1145.174	220	INSTRUMENTS	48
1153.0539999999999	1153.234	210	HOW	49
1153.234	1153.434	189	GOOD	49
1153.434	1153.544	224	IS	49
1153.544	1153.694	495	YOUR	49
1153.694	1154.444	138	ENDURANCE	49
1673.935	1674.0349999999999	30	ARE	0
1674.0349999999999	1674.125	495	YOUR	0
1674.125	1674.425	192	GRADES	0
1674.425	1674.702	206	HIGHER	0
1674.702	1674.8149999999998	301	OR	0
1674.8149999999998	1675.1109999999999	250	LOWER	0
1675.1109999999999	1675.235	431	THAN	0
1675.235	1675.975	274	NANCY'S	0
1683.6049999999998	1683.845	374	SHE	1
1683.845	1684.115	489	WORE	1
1684.115	1684.483	470	WARM	1
1684.483	1684.935	158	FLEECY	1
1684.935	1685.2649999999999	488	WOOLEN	1
1685.2649999999999	1686.135	310	OVERALLS	1
1693.5049999999999	1693.8149999999998	353	READING	2
1693.8149999999998	1693.9399999999998	217	IN	2
1693.9399999999998	1694.175	334	POOR	2
1694.175	1694.415	239	LIGHT	2
1694.415	1694.635	181	GIVES	2
1694.635	1694.785	494	YOU	2
1694.785	1695.5049999999999	150	EYESTRAIN	2
1701.455	1701.6879999999999	142	EVEN	3
1701.6879999999999	1702.45	292	OCCASIONALLY	3
1702.45	1702.575	211	I	3
1702.575	1702.745	177	GET	3
1702.745	1702.8149999999998	433	THE	3
1702.8149999999998	1703.145	264	MONDAY	3
1703.145	1703.7649999999999	56	BLUES	3
1712.8899999999999	1713.0249999999999	475	WE	4
1713.0249999999999	1713.115	30	ARE	4
1713.115	1713.405	300	OPEN	4
1713.405	1713.608	145	EVERY	4
1713.608	1713.954	264	MONDAY	4
1713.954	1714.425	143	EVENING	4
1725.381	1725.465	225	IT	5
1725.465	1725.595	224	IS	5
1725.595	1725.7649999999999	284	NOT	5
1725.7649999999999	1726.1249999999998	133	EASY	5
1726.1249999999998	1726.235	445	TO	5
1726.235	1726.624	113	CREATE	5
1726.624	1727.445	215	ILLUMINATING	5
1727.445	1728.395	146	EXAMPLES	5
1736.148	1736.49	269	MUM	6
1736.49	1737.011	406	STRONGLY	6
1737.011	1737.5179999999998	126	DISLIKES	6
1737.5179999999998	1738.495	27	APPETIZERS	6
1745.732	1746.0449999999998	442	THOSE	7
1746.0449999999998	1746.157	483	WHO	7
1746.157	1746.415	426	TEACH	7
1746.415	1746.8349999999998	461	VALUES	7
1746.8349999999998	1747.135	156	FIRST	7
1747.135	1747.646	4	ABOLISH	7
1747.646	1748.0849999999998	87	CHEATING	7
1755.003	1755.204	99999	sp	8
1755.204	1756.376	471	WAS	8
1756.376	1756.676	176	GENTLY	8
1756.676	1757.186	409	SUBDUED	8
1757.186	1757.366	73	BY	8
1757.366	1757.5359999999998	208	HIS	8
1757.5359999999998	1757.7559999999999	52	BIG	8
1757.7559999999999	1758.2759999999998	66	BROTHER	8
1765.2459999999999	1765.445	142	EVEN	9
1765.445	1765.4979999999998	1	A	9
1765.4979999999998	1765.856	382	SIMPLE	9
1765.856	1766.636	467	VOCABULARY	9
1766.636	1767.146	104	CONTAINS	9
1767.146	1767.7759999999998	421	SYMBOLS	9
1774.8259999999998	1774.934	1	A	10
1774.934	1775.27	110	CRAB	10
1775.27	1775.7669999999998	85	CHALLENGED	10
1775.7669999999998	1775.9759999999999	257	ME	10
1775.9759999999999	1776.0929999999998	70	BUT	10
1776.0929999999998	1776.173	1	A	10
1776.173	1776.366	349	QUICK	10
1776.366	1776.906	401	STAB	10
1776.906	1777.5359999999998	463	VANQUISHED	10
1777.5359999999998	1777.8159999999998	207	HIM	10
1785.2759999999998	1785.734	183	GLUCOSE	11
1785.734	1785.8259999999998	20	AND	11
1785.8259999999998	1786.356	167	FRUCTOSE	11
1786.356	1786.456	30	ARE	11
1786.456	1786.9189999999999	275	NATURAL	11
1786.9189999999999	1787.426	413	SUGARS	11
1787.426	1787.733	163	FOUND	11
1787.733	1787.8509999999999	217	IN	11
1787.8509999999999	1788.2559999999999	168	FRUIT	11
1795.436	1795.5739999999998	30	ARE	12
1795.5739999999998	1795.666	494	YOU	12
1795.666	1795.876	249	LOOKING	12
1795.876	1796.021	161	FOR	12
1796.021	1796.586	136	EMPLOYMENT	12
1802.2559999999999	1802.5059999999999	99999	sp	13
1802.5059999999999	1802.8519999999999	98	COFFEE	13
1802.8519999999999	1803.0259999999998	224	IS	13
1803.0259999999998	1803.406	198	GROWN	13
1803.406	1803.586	296	ON	13
1803.586	1803.961	403	STEEP	13
1803.961	1804.2959999999998	88888	JUNGLE	13
1804.2959999999998	1804.5059999999999	240	LIKE	13
1804.5059999999999	1804.9789999999998	389	SLOPES	13
1804.9789999999998	1805.1309999999999	217	IN	13
1805.1309999999999	1805.636	430	TEMPERATE	13
1805.636	1806.346	496	ZONES	13
1813.348	1813.466	475	WE	14
1813.466	1813.8059999999998	479	WELCOME	14
1813.8059999999998	1814.0079999999998	255	MANY	14
1814.0079999999998	1814.186	281	NEW	14
1814.186	1814.7559999999999	407	STUDENTS	14
1814.7559999999999	1815.01	132	EACH	14
1815.01	1815.3259999999998	490	YEAR	14
1821.84	1822.2269999999999	99999	sp	15
1822.2269999999999	1822.3799999999999	297	ONLY	15
1822.3799999999999	1822.4879999999998	433	THE	15
1822.4879999999998	1822.7259999999999	51	BEST	15
1822.7259999999999	1823.136	329	PLAYERS	15
1823.136	1823.472	139	ENJOY	15
1823.472	1824.3059999999998	335	POPULARITY	15
1832.166	1832.387	99999	sp	16
1832.387	1832.856	75	CALCIUM	16
1832.856	1833.1429999999998	253	MAKES	16
1833.1429999999998	1833.511	58	BONES	16
1833.511	1833.696	20	AND	16
1833.696	1833.9299999999998	429	TEETH	16
1833.9299999999998	1834.5359999999998	405	STRONG	16
1840.656	1841.1509999999998	285	NOTHING	17
1841.1509999999998	1841.646	224	IS	17
1841.646	1841.9959999999999	34	AS	17
1841.9959999999999	1842.5559999999998	294	OFFENSIVE	17
1842.5559999999998	1842.956	34	AS	17
1842.956	1844.0159999999998	219	INNOCENCE	17
1852.2859999999998	1852.336	99999	sp	18
1852.336	1852.716	404	STEVE	18
1852.716	1852.894	489	WORE	18
1852.894	1852.9669999999999	1	A	18
1852.9669999999999	1853.3059999999998	65	BRIGHT	18
1853.3059999999998	1853.597	355	RED	18
1853.597	1854.0459999999998	78	CASHMERE	18
1854.0459999999998	1854.5759999999998	419	SWEATER	18
1862.336	1862.706	46	BARB'S	19
1862.706	1862.946	188	GOLD	19
1862.946	1863.386	63	BRACELET	19
1863.386	1863.5359999999998	471	WAS	19
1863.5359999999998	1863.5759999999998	1	A	19
1863.5759999999998	1864.308	193	GRADUATION	19
1864.308	1864.7559999999999	338	PRESENT	19
1871.636	1871.713	99999	sp	20
1871.713	1872.089	130	DRAW	20
1872.089	1872.446	145	EVERY	20
1872.446	1872.7559999999999	307	OUTER	20
1872.7559999999999	1873.0949999999998	243	LINE	20
1873.0949999999998	1873.5459999999998	156	FIRST	20
1873.5459999999998	1873.692	435	THEN	20
1873.692	1873.956	154	FILL	20
1873.956	1874.0659999999998	217	IN	20
1874.0659999999998	1874.146	433	THE	20
1874.146	1874.936	222	INTERIOR	20
1882.5849999999998	1882.646	433	THE	21
1882.646	1883.032	474	WATER	21
1883.032	1883.5379999999998	103	CONTAINED	21
1883.5379999999998	1883.676	447	TOO	21
1883.676	1883.889	268	MUCH	21
1883.889	1884.3259999999998	90	CHLORINE	21
1884.3259999999998	1884.445	20	AND	21
1884.445	1884.7459999999999	408	STUNG	21
1884.7459999999999	1884.889	208	HIS	21
1884.889	1885.466	149	EYES	21
1890.876	1891.426	229	JOHN'S	22
1891.426	1891.716	66	BROTHER	22
1891.716	1892.2359999999999	362	REPAINTED	22
1892.2359999999999	1892.316	433	THE	22
1892.316	1892.8129999999999	173	GARAGE	22
1892.8129999999999	1893.136	129	DOOR	22
1899.1419999999998	1899.686	84	CHALLENGE	23
1899.686	1899.956	132	EACH	23
1899.956	1900.5759999999998	175	GENERAL'S	23
1900.5759999999998	1901.656	221	INTELLIGENCE	23
1908.0559999999998	1908.186	99999	sp	24
1908.186	1909.0539999999999	17	AMBIDEXTROUS	24
1909.0539999999999	1909.7069999999999	326	PICKPOCKETS	24
1909.7069999999999	1910.2459999999999	6	ACCOMPLISH	24
1910.2459999999999	1910.656	266	MORE	24
1917.933	1918.0059999999999	1	A	25
1918.0059999999999	1918.5459999999998	270	MUSCULAR	25
1918.5459999999998	1919.0349999999999	2	ABDOMEN	25
1919.0349999999999	1919.2259999999999	224	IS	25
1919.2259999999999	1919.376	189	GOOD	25
1919.376	1919.5459999999998	161	FOR	25
1919.5459999999998	1919.6709999999998	495	YOUR	25
1919.6709999999998	1920.2759999999998	43	BACK	25
1927.216	1927.26	99999	sp	26
1927.26	1927.456	437	THEY	26
1927.456	1927.626	316	OWN	26
1927.626	1927.7009999999998	1	A	26
1927.7009999999998	1928.0059999999999	52	BIG	26
1928.0059999999999	1928.5259999999998	209	HOUSE	26
1928.5259999999998	1928.685	217	IN	26
1928.685	1928.7359999999999	433	THE	26
1928.7359999999999	1929.164	360	REMOTE	26
1929.164	1930.116	109	COUNTRYSIDE	26
1937.7259999999999	1937.762	99999	sp	27
1937.762	1937.896	433	THE	27
1937.896	1938.356	368	ROSE	27
1938.356	1939.166	106	CORSAGE	27
1939.166	1939.5439999999999	392	SMELLED	27
1939.5439999999999	1940.336	420	SWEET	27
1947.626	1947.933	432	THAT	28
1947.933	1948.5559999999998	325	PICKPOCKET	28
1948.5559999999998	1948.798	471	WAS	28
1948.798	1949.106	80	CAUGHT	28
1949.106	1949.3819999999998	355	RED	28
1949.3819999999998	1949.9859999999999	199	HANDED	28
1957.7369999999999	1957.809	19	AN	29
1957.809	1958.166	9	ADULT	29
1958.166	1958.52	254	MALE	29
1958.52	1959.156	42	BABOON'S	29
1959.156	1959.396	429	TEETH	29
1959.396	1959.4759999999999	30	ARE	29
1959.4759999999999	1959.7559999999999	284	NOT	29
1959.7559999999999	1960.366	414	SUITABLE	29
1960.366	1960.706	161	FOR	29
1960.706	1961.0559999999998	135	EATING	29
1961.0559999999998	1962.0059999999999	375	SHELLFISH	29
1968.656	1968.876	204	HER	30
1968.876	1969.375	469	WARDROBE	30
1969.375	1970.043	102	CONSISTS	30
1970.043	1970.2559999999999	293	OF	30
1970.2559999999999	1970.616	297	ONLY	30
1970.616	1971.2569999999998	384	SKIRTS	30
1971.2569999999998	1971.474	20	AND	30
1971.474	1972.376	54	BLOUSES	30
1980.0459999999998	1980.089	99999	sp	31
1980.089	1980.2009999999998	433	THE	31
1980.2009999999998	1980.386	452	TWO	31
1980.386	1980.7859999999998	33	ARTISTS	31
1980.7859999999998	1981.328	147	EXCHANGED	31
1981.328	1982.2759999999998	39	AUTOGRAPHS	31
1989.051	1989.586	71	BUTTERSCOTCH	32
1989.586	1990.011	169	FUDGE	32
1990.011	1990.2959999999998	186	GOES	32
1990.2959999999998	1990.5259999999998	480	WELL	32
1990.5259999999998	1990.696	486	WITH	32
1990.696	1991.0259999999998	462	VANILLA	32
1991.0259999999998	1991.366	212	ICE	32
1991.366	1991.626	112	CREAM	32
1999.416	1999.8349999999998	365	RICH	33
1999.8349999999998	2000.2259999999999	348	PURCHASED	33
2000.2259999999999	2000.579	373	SEVERAL	33
2000.579	2000.9959999999999	381	SIGNED	33
2000.9959999999999	2002.096	244	LITHOGRAPHS	33
2007.425	2007.6419999999998	24	ANY	34
2007.6419999999998	2008.47	105	CONTRIBUTIONS	34
2008.47	2008.5459999999998	484	WILL	34
2008.5459999999998	2008.656	47	BE	34
2008.656	2008.995	195	GREATLY	34
2008.995	2009.8259999999998	28	APPRECIATED	34
2017.126	2017.253	433	THE	35
2017.253	2017.7259999999999	111	CRANBERRY	35
2017.7259999999999	2018.1599999999999	57	BOG	35
2018.1599999999999	2018.356	178	GETS	35
2018.356	2018.636	464	VERY	35
2018.636	2018.9759999999999	339	PRETTY	35
2018.9759999999999	2019.086	217	IN	35
2019.086	2019.4669999999999	40	AUTUMN	35
2028.5359999999998	2028.571	99999	sp	36
2028.571	2028.7259999999999	210	HOW	36
2028.7259999999999	2028.8259999999998	128	DO	36
2028.8259999999998	2029.3059999999998	317	OYSTERS	36
2029.3059999999998	2029.5259999999998	252	MAKE	36
2029.5259999999998	2030.156	319	PEARLS	36
2038.7859999999998	2038.8129999999999	99999	sp	37
2038.8129999999999	2038.9419999999998	256	MAY	37
2038.9419999999998	2039.0059999999999	211	I	37
2039.0059999999999	2039.235	303	ORDER	37
2039.235	2039.27	1	A	37
2039.27	2039.896	318	PARFAIT	37
2039.896	2040.216	10	AFTER	37
2040.216	2040.2459999999999	211	I	37
2040.2459999999999	2040.424	134	EAT	37
2040.424	2040.8459999999998	124	DINNER	37
2048.1490000000003	2048.226	224	IS	38
2048.226	2048.356	374	SHE	38
2048.356	2048.5660000000003	187	GOING	38
2048.5660000000003	2048.786	486	WITH	38
2048.786	2049.0860000000002	494	YOU	38
2055.7960000000003	2055.996	76	CAN	39
2055.996	2056.0860000000002	433	THE	39
2056.0860000000002	2056.636	11	AGENCY	39
2056.636	2057.306	314	OVERTHROW	39
2057.306	2057.746	13	ALIEN	39
2057.746	2058.406	162	FORCES	39
2066.4260000000004	2066.539	99999	sp	40
2066.539	2066.596	1	A	40
2066.596	2067.266	370	SCREWDRIVER	40
2067.266	2067.406	224	IS	40
2067.406	2067.666	251	MADE	40
2067.666	2067.916	166	FROM	40
2067.916	2068.3360000000002	468	VODKA	40
2068.3360000000002	2068.576	20	AND	40
2068.576	2068.9660000000003	302	ORANGE	40
2068.9660000000003	2069.446	230	JUICE	40
2076.286	2076.317	99999	sp	41
2076.317	2076.436	210	HOW	41
2076.436	2076.596	268	MUCH	41
2076.596	2077.0750000000003	16	ALLOWANCE	41
2077.0750000000003	2077.2560000000003	128	DO	41
2077.2560000000003	2077.337	494	YOU	41
2077.337	2077.616	177	GET	41
2084.2960000000003	2084.827	115	CYCLICAL	42
2084.827	2085.346	345	PROGRAMS	42
2085.346	2085.436	484	WILL	42
2085.436	2085.741	280	NEVER	42
2085.741	2086.476	100	COMPILE	42
2093.313	2093.398	433	THE	43
2093.398	2093.856	61	BOSTON	43
2093.856	2094.3360000000002	45	BALLET	43
2094.3360000000002	2095.0260000000003	311	OVERCAME	43
2095.0260000000003	2095.156	434	THEIR	43
2095.156	2095.5860000000002	170	FUNDING	43
2095.5860000000002	2096.286	379	SHORTAGE	43
2102.846	2103.2250000000004	145	EVERY	44
2103.2250000000004	2103.656	74	CAB	44
2103.656	2104.0860000000002	279	NEEDS	44
2104.0860000000002	2104.746	363	REPAINTING	44
2104.746	2105.346	295	OFTEN	44
2112.1130000000003	2112.358	203	HELP	45
2112.358	2112.413	99999	sp	45
2112.413	2112.705	196	GREG	45
2112.705	2112.839	445	TO	45
2112.839	2112.9860000000003	324	PICK	45
2112.9860000000003	2113.0460000000003	1	A	45
2113.0460000000003	2113.2560000000003	320	PECK	45
2113.2560000000003	2113.346	293	OF	45
2113.346	2114.246	337	POTATOES	45
2120.398	2120.556	475	WE	46
2120.556	2120.777	240	LIKE	46
2120.777	2120.982	55	BLUE	46
2120.982	2121.386	88	CHEESE	46
2121.386	2121.556	70	BUT	46
2121.556	2121.846	465	VICTOR	46
2121.846	2122.186	241	LIKES	46
2122.186	2122.656	64	BRIE	46
2139.706	2140.226	44	BAGPIPES	48
2140.226	2140.356	20	AND	48
2140.356	2140.8610000000003	59	BONGOS	48
2140.8610000000003	2140.976	30	ARE	48
2140.976	2141.5	272	MUSICAL	48
2141.5	2142.366	220	INSTRUMENTS	48
2149.277	2149.493	210	HOW	49
2149.493	2149.601	189	GOOD	49
2149.601	2149.746	224	IS	49
2149.746	2149.876	495	YOUR	49
2149.876	2151.0260000000003	138	ENDURANCE	49
2630.789	2630.852	30	ARE	0
2630.852	2630.9570000000003	495	YOUR	0
2630.9570000000003	2631.227	192	GRADES	0
2631.227	2631.5170000000003	206	HIGHER	0
2631.5170000000003	2631.5570000000002	301	OR	0
2631.5570000000002	2631.867	250	LOWER	0
2631.867	2632.007	431	THAN	0
2632.007	2632.697	274	NANCY'S	0
2640.177	2640.417	374	SHE	1
2640.417	2640.687	489	WORE	1
2640.687	2641.0170000000003	470	WARM	1
2641.0170000000003	2641.437	158	FLEECY	1
2641.437	2641.7470000000003	488	WOOLEN	1
2641.7470000000003	2642.547	310	OVERALLS	1
2649.516	2649.817	353	READING	2
2649.817	2649.947	217	IN	2
2649.947	2650.167	334	POOR	2
2650.167	2650.427	239	LIGHT	2
2650.427	2650.6440000000002	181	GIVES	2
2650.6440000000002	2650.757	494	YOU	2
2650.757	2651.447	150	EYESTRAIN	2
2656.7670000000003	2657.2980000000002	142	EVEN	3
2657.2980000000002	2657.507	211	I	3
2657.507	2658.227	292	OCCASIONALLY	3
2658.227	2658.427	177	GET	3
2658.427	2658.507	433	THE	3
2658.507	2658.887	264	MONDAY	3
2658.887	2659.687	56	BLUES	3
2667.678	2667.792	475	WE	4
2667.792	2668.007	30	ARE	4
2668.007	2668.107	99999	sp	4
2668.107	2668.5840000000003	300	OPEN	4
2668.5840000000003	2668.857	145	EVERY	4
2668.857	2669.213	264	MONDAY	4
2669.213	2669.817	143	EVENING	4
2676.951	2677.2070000000003	226	IT'S	5
2677.2070000000003	2677.427	284	NOT	5
2677.427	2677.7470000000003	133	EASY	5
2677.7470000000003	2677.8650000000002	445	TO	5
2677.8650000000002	2678.212	113	CREATE	5
2678.212	2679.0170000000003	215	ILLUMINATING	5
2679.0170000000003	2679.897	146	EXAMPLES	5
2687.0570000000002	2687.339	269	MUM	6
2687.339	2687.797	406	STRONGLY	6
2687.797	2688.219	126	DISLIKES	6
2688.219	2689.2870000000003	27	APPETIZERS	6
2695.638	2696.007	442	THOSE	7
2696.007	2696.117	483	WHO	7
2696.117	2696.367	426	TEACH	7
2696.367	2696.897	461	VALUES	7
2696.897	2697.33	156	FIRST	7
2697.33	2697.837	4	ABOLISH	7
2697.837	2698.227	87	CHEATING	7
2704.5170000000003	2704.7670000000003	433	THE	8
2704.7670000000003	2705.168	165	FRIGHTENED	8
2705.168	2705.527	89	CHILD	8
2705.527	2705.697	471	WAS	8
2705.697	2705.9970000000003	176	GENTLY	8
2705.9970000000003	2706.5080000000003	409	SUBDUED	8
2706.5080000000003	2706.677	73	BY	8
2706.677	2706.878	208	HIS	8
2706.878	2707.0370000000003	52	BIG	8
2707.0370000000003	2707.547	66	BROTHER	8
2714.597	2714.8160000000003	142	EVEN	9
2714.8160000000003	2714.887	1	A	9
2714.887	2715.197	382	SIMPLE	9
2715.197	2715.989	467	VOCABULARY	9
2715.989	2716.447	104	CONTAINS	9
2716.447	2717.0170000000003	421	SYMBOLS	9
2725.857	2726.335	99999	sp	10
2726.335	2726.495	1	A	10
2726.495	2726.8430000000003	110	CRAB	10
2726.8430000000003	2727.32	85	CHALLENGED	10
2727.32	2727.487	257	ME	10
2727.487	2727.606	70	BUT	10
2727.606	2727.6710000000003	1	A	10
2727.6710000000003	2727.897	349	QUICK	10
2727.897	2728.257	401	STAB	10
2728.257	2728.797	463	VANQUISHED	10
2728.797	2728.9970000000003	207	HIM	10
2735.7980000000002	2736.167	183	GLUCOSE	11
2736.167	2736.293	20	AND	11
2736.293	2736.7870000000003	167	FRUCTOSE	11
2736.7870000000003	2737.007	30	ARE	11
2737.007	2737.427	275	NATURAL	11
2737.427	2737.877	413	SUGARS	11
2737.877	2738.157	163	FOUND	11
2738.157	2738.2670000000003	217	IN	11
2738.2670000000003	2738.645	168	FRUIT	11
2738.645	2738.797	99999	sp	11
2738.797	2738.987	99999	sp	11
2738.987	2739.047	99999	sp	11
2745.061	2745.119	30	ARE	12
2745.119	2745.206	494	YOU	12
2745.206	2745.436	249	LOOKING	12
2745.436	2745.627	161	FOR	12
2745.627	2746.127	136	EMPLOYMENT	12
2751.7490000000003	2752.0330000000004	98	COFFEE	13
2752.0330000000004	2752.282	224	IS	13
2752.282	2752.597	198	GROWN	13
2752.597	2752.7670000000003	296	ON	13
2752.7670000000003	2753.096	403	STEEP	13
2753.096	2753.407	88888	JUNGLE	13
2753.407	2753.5910000000003	240	LIKE	13
2753.5910000000003	2754.0080000000003	389	SLOPES	13
2754.0080000000003	2754.1420000000003	217	IN	13
2754.1420000000003	2754.567	430	TEMPERATE	13
2754.567	2755.187	496	ZONES	13
2761.909	2761.987	475	WE	14
2761.987	2762.3070000000002	479	WELCOME	14
2762.3070000000002	2762.607	255	MANY	14
2762.607	2762.777	281	NEW	14
2762.777	2763.2780000000002	407	STUDENTS	14
2763.2780000000002	2763.513	132	EACH	14
2763.513	2763.797	490	YEAR	14
2769.556	2769.76	297	ONLY	15
2769.76	2769.846	433	THE	15
2769.846	2770.067	51	BEST	15
2770.067	2770.424	329	PLAYERS	15
2770.424	2770.728	139	ENJOY	15
2770.728	2771.5910000000003	335	POPULARITY	15
2778.946	2779.397	75	CALCIUM	16
2779.397	2779.688	253	MAKES	16
2779.688	2780.003	58	BONES	16
2780.003	2780.147	20	AND	16
2780.147	2780.367	429	TEETH	16
2780.367	2780.837	405	STRONG	16
2786.7110000000002	2787.0460000000003	285	NOTHING	17
2787.0460000000003	2787.353	224	IS	17
2787.353	2787.5370000000003	34	AS	17
2787.5370000000003	2788.007	294	OFFENSIVE	17
2788.007	2788.262	34	AS	17
2788.262	2789.007	219	INNOCENCE	17
2795.014	2795.377	404	STEVE	18
2795.377	2795.6040000000003	489	WORE	18
2795.6040000000003	2795.681	1	A	18
2795.681	2795.927	65	BRIGHT	18
2795.927	2796.2180000000003	355	RED	18
2796.2180000000003	2796.667	78	CASHMERE	18
2796.667	2797.134	419	SWEATER	18
2804.3430000000003	2804.727	46	BARB'S	19
2804.727	2805.107	188	GOLD	19
2805.107	2805.5170000000003	63	BRACELET	19
2805.5170000000003	2805.645	471	WAS	19
2805.645	2805.7160000000003	1	A	19
2805.7160000000003	2806.4320000000002	193	GRADUATION	19
2806.4320000000002	2806.833	338	PRESENT	19
2814.032	2814.376	130	DRAW	20
2814.376	2814.7070000000003	145	EVERY	20
2814.7070000000003	2814.967	307	OUTER	20
2814.967	2815.264	243	LINE	20
2815.264	2815.717	156	FIRST	20
2815.717	2815.8830000000003	435	THEN	20
2815.8830000000003	2816.127	154	FILL	20
2816.127	2816.227	217	IN	20
2816.227	2816.357	433	THE	20
2816.357	2816.947	222	INTERIOR	20
2824.214	2824.308	433	THE	21
2824.308	2824.6130000000003	474	WATER	21
2824.6130000000003	2825.105	103	CONTAINED	21
2825.105	2825.2670000000003	447	TOO	21
2825.2670000000003	2825.5150000000003	268	MUCH	21
2825.5150000000003	2826.043	90	CHLORINE	21
2826.043	2826.197	20	AND	21
2826.197	2826.5240000000003	408	STUNG	21
2826.5240000000003	2826.6820000000002	208	HIS	21
2826.6820000000002	2827.2470000000003	149	EYES	21
2832.911	2833.277	229	JOHN'S	22
2833.277	2833.527	66	BROTHER	22
2833.527	2834.0570000000002	362	REPAINTED	22
2834.0570000000002	2834.157	433	THE	22
2834.157	2834.5860000000002	173	GARAGE	22
2834.5860000000002	2834.947	129	DOOR	22
2840.567	2841.0860000000002	84	CHALLENGE	23
2841.0860000000002	2841.407	132	EACH	23
2841.407	2841.887	175	GENERAL'S	23
2841.887	2842.847	221	INTELLIGENCE	23
2849.437	2850.178	17	AMBIDEXTROUS	24
2850.178	2850.8160000000003	326	PICKPOCKETS	24
2850.8160000000003	2851.337	6	ACCOMPLISH	24
2851.337	2851.657	266	MORE	24
2859.727	2859.8070000000002	1	A	25
2859.8070000000002	2860.297	270	MUSCULAR	25
2860.297	2860.777	2	ABDOMEN	25
2860.777	2860.937	224	IS	25
2860.937	2861.053	189	GOOD	25
2861.053	2861.2070000000003	161	FOR	25
2861.2070000000003	2861.337	495	YOUR	25
2861.337	2861.857	43	BACK	25
2867.858	2867.9970000000003	437	THEY	26
2867.9970000000003	2868.137	316	OWN	26
2868.137	2868.267	1	A	26
2868.267	2868.467	52	BIG	26
2868.467	2868.9170000000004	209	HOUSE	26
2868.9170000000004	2868.996	217	IN	26
2868.996	2869.047	433	THE	26
2869.047	2869.3810000000003	360	REMOTE	26
2869.3810000000003	2870.3070000000002	109	COUNTRYSIDE	26
2876.637	2876.717	433	THE	27
2876.717	2877.147	368	ROSE	27
2877.147	2877.782	106	CORSAGE	27
2877.782	2878.1580000000004	392	SMELLED	27
2878.1580000000004	2878.887	420	SWEET	27
2886.026	2886.324	432	THAT	28
2886.324	2886.967	325	PICKPOCKET	28
2886.967	2887.217	471	WAS	28
2887.217	2887.5750000000003	80	CAUGHT	28
2887.5750000000003	2887.804	355	RED	28
2887.804	2888.567	199	HANDED	28
2895.159	2895.2690000000002	19	AN	29
2895.2690000000002	2895.617	9	ADULT	29
2895.617	2895.925	254	MALE	29
2895.925	2896.527	42	BABOON'S	29
2896.527	2896.789	429	TEETH	29
2896.789	2896.867	30	ARE	29
2896.867	2897.097	284	NOT	29
2897.097	2897.563	414	SUITABLE	29
2897.563	2897.757	161	FOR	29
2897.757	2898.027	135	EATING	29
2898.027	2898.847	375	SHELLFISH	29
2904.981	2905.127	204	HER	30
2905.127	2905.589	469	WARDROBE	30
2905.589	2906.16	102	CONSISTS	30
2906.16	2906.277	293	OF	30
2906.277	2906.527	297	ONLY	30
2906.527	2907.0280000000002	384	SKIRTS	30
2907.0280000000002	2907.177	20	AND	30
2907.177	2907.897	54	BLOUSES	30
2917.534	2917.655	433	THE	31
2917.655	2917.875	452	TWO	31
2917.875	2918.277	33	ARTISTS	31
2918.277	2918.929	147	EXCHANGED	31
2918.929	2919.797	39	AUTOGRAPHS	31
2926.079	2926.608	71	BUTTERSCOTCH	32
2926.608	2927.0170000000003	169	FUDGE	32
2927.0170000000003	2927.2770000000005	186	GOES	32
2927.2770000000005	2927.5170000000003	480	WELL	32
2927.5170000000003	2927.6980000000003	486	WITH	32
2927.6980000000003	2928.0270000000005	462	VANILLA	32
2928.0270000000005	2928.347	212	ICE	32
2928.347	2928.6270000000004	112	CREAM	32
2935.927	2936.3520000000003	365	RICH	33
2936.3520000000003	2936.7480000000005	348	PURCHASED	33
2936.7480000000005	2937.0170000000003	373	SEVERAL	33
2937.0170000000003	2937.3970000000004	381	SIGNED	33
2937.3970000000004	2938.4370000000004	244	LITHOGRAPHS	33
2943.3050000000003	2943.5180000000005	24	ANY	34
2943.5180000000005	2944.2670000000003	105	CONTRIBUTIONS	34
2944.2670000000003	2944.3170000000005	484	WILL	34
2944.3170000000005	2944.4480000000003	47	BE	34
2944.4480000000003	2944.7880000000005	195	GREATLY	34
2944.7880000000005	2945.628	28	APPRECIATED	34
2952.222	2952.3280000000004	433	THE	35
2952.3280000000004	2952.7480000000005	111	CRANBERRY	35
2952.7480000000005	2953.0930000000003	57	BOG	35
2953.0930000000003	2953.3540000000003	178	GETS	35
2953.3540000000003	2953.5640000000003	464	VERY	35
2953.5640000000003	2953.8080000000004	339	PRETTY	35
2953.8080000000004	2953.9280000000003	217	IN	35
2953.9280000000003	2954.347	40	AUTUMN	35
2962.2230000000004	2962.398	210	HOW	36
2962.398	2962.5470000000005	128	DO	36
2962.5470000000005	2963.0270000000005	317	OYSTERS	36
2963.0270000000005	2963.2320000000004	252	MAKE	36
2963.2320000000004	2963.2660000000005	99999	sp	36
2963.2660000000005	2964.0170000000003	319	PEARLS	36
2971.8170000000005	2971.9530000000004	256	MAY	37
2971.9530000000004	2972.0080000000003	211	I	37
2972.0080000000003	2972.1900000000005	303	ORDER	37
2972.1900000000005	2972.3120000000004	1	A	37
2972.3120000000004	2972.7470000000003	318	PARFAIT	37
2972.7470000000003	2973.0080000000003	10	AFTER	37
2973.0080000000003	2973.059	211	I	37
2973.059	2973.2270000000003	134	EAT	37
2973.2270000000003	2973.898	124	DINNER	37
2980.2590000000005	2980.367	224	IS	38
2980.367	2980.4870000000005	374	SHE	38
2980.4870000000005	2980.697	187	GOING	38
2980.697	2980.8970000000004	486	WITH	38
2980.8970000000004	2981.117	494	YOU	38
2987.2360000000003	2987.6670000000004	99999	sp	39
2987.6670000000004	2987.847	76	CAN	39
2987.847	2987.9680000000003	433	THE	39
2987.9680000000003	2988.8840000000005	11	AGENCY	39
2988.8840000000005	2989.668	314	OVERTHROW	39
2989.668	2990.1160000000004	13	ALIEN	39
2990.1160000000004	2990.8280000000004	162	FORCES	39
2998.092	2998.1520000000005	1	A	40
2998.1520000000005	2998.7030000000004	370	SCREWDRIVER	40
2998.7030000000004	2998.858	224	IS	40
2998.858	2999.139	251	MADE	40
2999.139	2999.3370000000004	166	FROM	40
2999.3370000000004	2999.697	468	VODKA	40
2999.697	2999.7950000000005	20	AND	40
2999.7950000000005	3000.1780000000003	302	ORANGE	40
3000.1780000000003	3000.6270000000004	230	JUICE	40
3007.55	3007.6560000000004	210	HOW	41
3007.6560000000004	3007.8160000000003	268	MUCH	41
3007.8160000000003	3008.2610000000004	16	ALLOWANCE	41
3008.2610000000004	3008.3280000000004	128	DO	41
3008.3280000000004	3008.427	494	YOU	41
3008.427	3008.6780000000003	177	GET	41
3008.6780000000003	3009.1420000000003	99999	sp	41
3015.168	3015.659	115	CYCLICAL	42
3015.659	3016.108	345	PROGRAMS	42
3016.108	3016.2180000000003	484	WILL	42
3016.2180000000003	3016.4900000000002	280	NEVER	42
3016.4900000000002	3017.2180000000003	100	COMPILE	42
3023.6240000000003	3023.697	433	THE	43
3023.697	3024.1380000000004	61	BOSTON	43
3024.1380000000004	3024.6470000000004	45	BALLET	43
3024.6470000000004	3025.2480000000005	311	OVERCAME	43
3025.2480000000005	3025.358	434	THEIR	43
3025.358	3025.737	170	FUNDING	43
3025.737	3026.418	379	SHORTAGE	43
3033.3900000000003	3033.706	145	EVERY	44
3033.706	3034.0470000000005	74	CAB	44
3034.0470000000005	3034.5440000000003	279	NEEDS	44
3034.5440000000003	3035.0640000000003	363	REPAINTING	44
3035.0640000000003	3035.597	295	OFTEN	44
3042.4480000000003	3042.7480000000005	203	HELP	45
3042.7480000000005	3042.9970000000003	196	GREG	45
3042.9970000000003	3043.1200000000003	445	TO	45
3043.1200000000003	3043.2480000000005	324	PICK	45
3043.2480000000005	3043.3520000000003	1	A	45
3043.3520000000003	3043.5170000000003	320	PECK	45
3043.5170000000003	3043.6030000000005	293	OF	45
3043.6030000000005	3044.418	337	POTATOES	45
3051.1110000000003	3051.2670000000003	475	WE	46
3051.2670000000003	3051.487	240	LIKE	46
3051.487	3051.6630000000005	55	BLUE	46
3051.6630000000005	3052.0490000000004	88	CHEESE	46
3052.0490000000004	3052.2270000000003	70	BUT	46
3052.2270000000003	3052.476	465	VICTOR	46
3052.476	3052.86	241	LIKES	46
3052.86	3053.358	64	BRIE	46
3060.802	3061.0480000000002	108	COUNT	47
3061.0480000000002	3061.108	433	THE	47
3061.108	3061.405	288	NUMBER	47
3061.405	3061.5360000000005	293	OF	47
3061.5360000000005	3062.0870000000004	428	TEASPOONS	47
3062.0870000000004	3062.168	293	OF	47
3062.168	3062.918	394	SOYSAUCE	47
3062.918	3063.0180000000005	432	THAT	47
3063.0180000000005	3063.1920000000005	494	YOU	47
3063.1920000000005	3063.5980000000004	7	ADD	47
3069.8810000000003	3070.3480000000004	44	BAGPIPES	48
3070.3480000000004	3070.4680000000003	20	AND	48
3070.4680000000003	3070.8920000000003	59	BONGOS	48
3070.8920000000003	3070.9640000000004	30	ARE	48
3070.9640000000004	3071.4310000000005	272	MUSICAL	48
3071.4310000000005	3072.1780000000003	220	INSTRUMENTS	48
3078.6830000000004	3078.858	210	HOW	49
3078.858	3079.0000000000005	189	GOOD	49
3079.0000000000005	3079.1420000000003	224	IS	49
3079.1420000000003	3079.246	495	YOUR	49
3079.246	3079.9680000000003	138	ENDURANCE	49
