68.8524999	68.94162835406387	99999	sp	0
68.94162835406387	69.08219192379424	30	ARE	0
69.08219192379424	69.31817582604396	496	YOUR	0
69.31817582604396	69.8325	192	GRADES	0
69.8325	70.30250000000001	206	HIGHER	0
70.30250000000001	70.37732186066141	302	OR	0
70.37732186066141	70.66865513911605	251	LOWER	0
70.66865513911605	70.8425	432	THAN	0
70.8425	71.38250000000001	275	NANCY'S	0
80.16250000000001	80.46602437910379	375	SHE	1
80.46602437910379	81.08220544390271	490	WORE	1
81.08220544390271	81.45883977216546	471	WARM	1
81.45883977216546	82.01534947251162	158	FLEECY	1
82.01534947251162	82.4625	489	WOOLEN	1
82.4625	83.0325	311	OVERALLS	1
90.41250000000001	90.4336339646896	99999	sp	2
90.4336339646896	90.7825	354	READING	2
90.7825	90.95533441547552	217	IN	2
90.95533441547552	91.05918569379779	99999	sp	2
91.05918569379779	91.60430363564257	335	POOR	2
91.60430363564257	91.79489709680472	99999	sp	2
91.79489709680472	92.156012775023	240	LIGHT	2
92.156012775023	92.39476983862059	181	GIVES	2
92.39476983862059	92.5025	495	YOU	2
92.5025	93.15899869899901	150	EYESTRAIN	2
100.9925	101.02697314789583	99999	sp	3
101.02697314789583	101.2881944743306	142	EVEN	3
101.2881944743306	101.60816697798232	211	I	3
101.60816697798232	102.17285095641041	293	OCCASIONALLY	3
102.17285095641041	102.41536466113176	177	GET	3
102.41536466113176	102.4725	434	THE	3
102.4725	102.8125	265	MONDAY	3
102.8125	103.16093372864782	56	BLUES	3
111.8625	111.90005703443173	99999	sp	4
111.90005703443173	112.00098344994622	476	WE	4
112.00098344994622	112.17679126982921	30	ARE	4
112.17679126982921	112.58568731790093	301	OPEN	4
112.58568731790093	112.94416858717753	145	EVERY	4
112.94416858717753	113.31390116346765	265	MONDAY	4
113.31390116346765	113.93674281514558	143	EVENING	4
240.7383426636057	240.8425	30	ARE	0
240.8425	241.04967441933135	496	YOUR	0
815.1225	815.14690849805	99999	sp	0
815.14690849805	815.2507791196736	30	ARE	0
815.2507791196736	815.4749671537774	496	YOUR	0
815.4749671537774	815.8465760828067	192	GRADES	0
815.8465760828067	816.1524999999999	206	HIGHER	0
816.1524999999999	816.2257692889183	302	OR	0
816.2257692889183	816.4662048854991	251	LOWER	0
816.4662048854991	816.6315866616266	432	THAN	0
816.6315866616266	817.0856956697996	275	NANCY'S	0
824.1524999999999	824.4024999999999	375	SHE	1
824.4024999999999	824.7510814517557	490	WORE	1
824.7510814517557	825.0628945599293	471	WARM	1
825.0628945599293	825.4525	158	FLEECY	1
825.4525	825.7454434897352	489	WOOLEN	1
825.7454434897352	826.2499658006167	311	OVERALLS	1
833.1925	833.2150959562358	99999	sp	2
833.2150959562358	833.463744959919	354	READING	2
833.463744959919	833.5761828830334	217	IN	2
833.5761828830334	833.6247649520344	99999	sp	2
833.6247649520344	833.8525	335	POOR	2
833.8525	834.103403661652	240	LIGHT	2
834.103403661652	834.3051876941711	181	GIVES	2
834.3051876941711	834.4125	495	YOU	2
834.4125	834.9645110028808	150	EYESTRAIN	2
842.1925	842.2710086039217	99999	sp	3
842.2710086039217	842.452327891539	142	EVEN	3
842.452327891539	842.6424999999999	211	I	3
842.6424999999999	843.1511891801183	293	OCCASIONALLY	3
843.1511891801183	843.2485879064636	177	GET	3
843.2485879064636	843.3295891494163	99999	sp	3
843.3295891494163	843.3646594375684	434	THE	3
843.3646594375684	843.7426908005286	265	MONDAY	3
843.7426908005286	844.0381833392289	56	BLUES	3
851.3276744617119	851.417669497955	476	WE	4
851.417669497955	851.5630112880469	30	ARE	4
851.5630112880469	851.8725	301	OPEN	4
851.8725	852.1586868717808	145	EVERY	4
852.1586868717808	852.4961878703516	265	MONDAY	4
852.4961878703516	852.9832750284198	143	EVENING	4
859.8525002	859.8952899478259	99999	sp	5
859.8952899478259	860.0457349864057	226	IT'S	5
860.0457349864057	860.3328042961199	285	NOT	5
860.3328042961199	860.7925	133	EASY	5
860.7925	860.9468643083549	446	TO	5
860.9468643083549	861.2325000000001	113	CREATE	5
861.2325000000001	861.86973440369	215	ILLUMINATING	5
861.86973440369	862.5421222457212	146	EXAMPLES	5
869.568321257319	869.8223222414617	270	MUM	6
869.8223222414617	870.318565354182	407	STRONGLY	6
870.318565354182	870.7540622497635	126	DISLIKES	6
870.7540622497635	871.5429882154504	27	APPETIZERS	6
879.0025	879.0253009634248	99999	sp	7
879.0253009634248	879.3425	443	THOSE	7
879.3425	879.477337324594	484	WHO	7
879.477337324594	879.7307408087466	427	TEACH	7
879.7307408087466	880.2642964302613	462	VALUES	7
880.2642964302613	880.5674412692796	156	FIRST	7
880.5674412692796	881.080642910307	4	ABOLISH	7
881.080642910307	881.5208349779546	87	CHEATING	7
890.2425000000001	890.2737047086275	99999	sp	8
890.2737047086275	890.3553374767118	434	THE	8
890.3553374767118	890.6926157074417	165	FRIGHTENED	8
890.6926157074417	891.0825	89	CHILD	8
891.0825	891.2725480300395	472	WAS	8
891.2725480300395	891.5544405593864	176	GENTLY	8
891.5544405593864	892.0728232851873	410	SUBDUED	8
892.0728232851873	892.2425000000001	73	BY	8
892.2425000000001	892.4607902339183	208	HIS	8
892.4607902339183	892.6988991197752	52	BIG	8
892.6988991197752	893.0649965205529	66	BROTHER	8
901.3024995000001	901.323489074058	99999	sp	9
901.323489074058	901.5922490582838	142	EVEN	9
901.5922490582838	901.655412510656	1	A	9
901.655412510656	902.0125	383	SIMPLE	9
902.0125	902.8609699197705	468	VOCABULARY	9
902.8609699197705	903.3883607348264	104	CONTAINS	9
903.3883607348264	903.8625	422	SYMBOLS	9
911.4825000000001	911.5033037208432	99999	sp	10
911.5033037208432	911.671849037685	1	A	10
911.671849037685	912.0210721341164	110	CRAB	10
912.0210721341164	912.4745085378127	85	CHALLENGED	10
912.4745085378127	912.8719937626308	258	ME	10
912.8719937626308	912.962872994638	70	BUT	10
912.962872994638	913.0216513619872	1	A	10
913.0216513619872	913.065213961531	99999	sp	10
913.065213961531	913.2725	350	QUICK	10
913.2725	913.6825	402	STAB	10
913.6825	914.2766160288859	464	VANQUISHED	10
914.2766160288859	914.4951983975736	207	HIM	10
923.6375624136955	923.7552016359426	20	AND	11
923.7552016359426	924.3225	167	FRUCTOSE	11
924.3225	924.5316483451513	30	ARE	11
924.5316483451513	924.9425	276	NATURAL	11
924.9425	925.3625	414	SUGARS	11
925.3625	925.6070372389328	163	FOUND	11
925.6070372389328	925.7425000000001	217	IN	11
925.7425000000001	926.0268214001801	168	FRUIT	11
934.5325	934.6324999999999	30	ARE	12
934.6324999999999	934.7825	495	YOU	12
934.7825	935.0651161243148	250	LOOKING	12
935.0651161243148	935.2474128460242	161	FOR	12
935.2474128460242	935.756116333936	136	EMPLOYMENT	12
943.8625	943.8942587259689	99999	sp	13
943.8942587259689	944.2425000000001	98	COFFEE	13
944.2425000000001	944.4542929721244	224	IS	13
944.4542929721244	944.8956456520388	198	GROWN	13
944.8956456520388	944.9454739046507	99999	sp	13
944.9454739046507	945.1304683714638	297	ON	13
945.1304683714638	945.5573975791186	404	STEEP	13
945.5573975791186	945.9024999999999	231	JUNGLE	13
945.9024999999999	946.1225	241	LIKE	13
946.1225	946.7250779323913	390	SLOPES	13
946.7250779323913	946.8567094070906	99999	sp	13
946.8567094070906	947.007550020883	217	IN	13
947.007550020883	947.4095579594884	431	TEMPERATE	13
954.9924999	955.0330097722003	99999	sp	14
955.0330097722003	955.1424999999999	476	WE	14
955.1424999999999	955.5607737920354	480	WELCOME	14
955.5607737920354	955.8625	256	MANY	14
955.8625	956.0179556689478	282	NEW	14
956.0179556689478	956.5543315422459	408	STUDENTS	14
956.5543315422459	956.8025	132	EACH	14
956.8025	957.0329657612228	491	YEAR	14
966.7724995	966.7826380966333	99999	sp	15
966.7826380966333	967.0625	298	ONLY	15
967.0625	967.2400707159594	434	THE	15
967.2400707159594	967.5160217133339	51	BEST	15
967.5160217133339	967.9024999999999	330	PLAYERS	15
967.9024999999999	968.0955222819116	99999	sp	15
968.0955222819116	968.439256175591	139	ENJOY	15
968.439256175591	969.0932825874285	336	POPULARITY	15
977.1324998	977.1511583064297	99999	sp	16
977.1511583064297	977.626093558023	75	CALCIUM	16
977.626093558023	977.8824999999999	254	MAKES	16
977.8824999999999	978.0234802971339	99999	sp	16
978.0234802971339	978.3425	58	BONES	16
978.3425	978.4725	20	AND	16
978.4725	978.744564077055	430	TEETH	16
978.744564077055	979.1166073474785	406	STRONG	16
988.3325003	988.352029254379	99999	sp	17
988.352029254379	988.7639701463215	286	NOTHING	17
988.7639701463215	988.9225658911419	224	IS	17
988.9225658911419	989.6687098378117	99999	sp	17
989.6687098378117	989.8452653800058	224	IS	17
989.8452653800058	990.0925	34	AS	17
990.0925	990.6558704050464	295	OFFENSIVE	17
990.6558704050464	990.8997504517481	34	AS	17
990.8997504517481	991.3924999999999	219	INNOCENCE	17
998.6125	998.6378310731504	99999	sp	18
998.6378310731504	998.91885715832	405	STEVE	18
998.91885715832	999.1305901214914	490	WORE	18
999.1305901214914	999.2518349988718	1	A	18
999.2518349988718	999.5500713731584	65	BRIGHT	18
999.5500713731584	999.9108380833793	356	RED	18
999.9108380833793	1000.0235700252033	99999	sp	18
1000.0235700252033	1000.4838677278894	78	CASHMERE	18
1000.4838677278894	1000.8824999999999	420	SWEATER	18
1009.2072981749584	1009.5568366475409	46	BARB'S	19
1009.5568366475409	1009.783302079622	188	GOLD	19
1009.783302079622	1010.2217832527588	63	BRACELET	19
1010.2217832527588	1010.408212615698	472	WAS	19
1010.408212615698	1010.4425	1	A	19
1010.4425	1011.0925	193	GRADUATION	19
1011.0925	1011.4703976180109	339	PRESENT	19
1019.2547942712604	1019.5301766697994	130	DRAW	20
1019.5301766697994	1019.5584796179326	99999	sp	20
1019.5584796179326	1020.0381988831255	145	EVERY	20
1020.0381988831255	1020.329220489306	308	OUTER	20
1020.329220489306	1020.6025	244	LINE	20
1020.6025	1020.9925000000001	156	FIRST	20
1020.9925000000001	1021.0577176586777	99999	sp	20
1021.0577176586777	1021.2625	436	THEN	20
1021.2625	1021.4989541959662	154	FILL	20
1021.4989541959662	1021.7025	217	IN	20
1021.7025	1021.8160558153684	434	THE	20
1021.8160558153684	1022.4013781601477	222	INTERIOR	20
1030.5797291096428	1030.66336809206	434	THE	21
1030.66336809206	1030.963295376754	475	WATER	21
1030.963295376754	1031.3246203572664	103	CONTAINED	21
1031.3246203572664	1031.4825	448	TOO	21
1031.4825	1031.6992611919368	269	MUCH	21
1031.6992611919368	1032.1950273225234	90	CHLORINE	21
1032.1950273225234	1032.3125	20	AND	21
1032.3125	1032.5814292593352	409	STUNG	21
1032.5814292593352	1032.7113521418823	208	HIS	21
1032.7113521418823	1033.0125	149	EYES	21
1042.6025	1042.9825	229	JOHN'S	22
1042.9825	1043.2425	66	BROTHER	22
1043.2425	1043.7227862067996	363	REPAINTED	22
1043.7227862067996	1043.8352949112218	434	THE	22
1043.8352949112218	1044.2552762408463	173	GARAGE	22
1044.2552762408463	1044.5055873306837	129	DOOR	22
1052.0725	1052.0764637684188	99999	sp	23
1052.0764637684188	1052.584970675577	84	CHALLENGE	23
1052.584970675577	1052.9425	132	EACH	23
1052.9425	1053.4425	175	GENERAL'S	23
1053.4425	1054.1025	221	INTELLIGENCE	23
1062.0225001	1062.0591858540606	99999	sp	24
1062.0591858540606	1062.81728547486	17	AMBIDEXTROUS	24
1062.81728547486	1062.904971643185	99999	sp	24
1062.904971643185	1063.5099619423268	327	PICKPOCKETS	24
1063.5099619423268	1064.0499338057862	6	ACCOMPLISH	24
1064.0499338057862	1064.2385096981889	267	MORE	24
1071.4702266440333	1071.5125001000001	1	A	25
1071.5125001000001	1072.0373341876384	271	MUSCULAR	25
1072.0373341876384	1072.4926649034253	2	ABDOMEN	25
1072.4926649034253	1072.6495403257154	224	IS	25
1072.6495403257154	1072.7990553083168	189	GOOD	25
1072.7990553083168	1072.9452361715464	161	FOR	25
1072.9452361715464	1073.0426834710338	496	YOUR	25
1073.0426834710338	1073.3657987662496	43	BACK	25
1080.37312598501	1080.5035945838479	438	THEY	26
1080.5035945838479	1080.7027258205949	317	OWN	26
1080.7027258205949	1080.823340231381	1	A	26
1080.823340231381	1081.0125	52	BIG	26
1081.0125	1081.5125	88888	HUNCH	26
1081.5125	1081.6351696552597	99999	sp	26
1081.6351696552597	1081.9847873414533	209	HOUSE	26
1081.9847873414533	1082.133863144325	217	IN	26
1082.133863144325	1082.1925	434	THE	26
1082.1925	1082.5065044317735	361	REMOTE	26
1082.5065044317735	1083.160644847222	109	COUNTRYSIDE	26
1091.7124997	1091.7375571667949	99999	sp	27
1091.7375571667949	1091.8356357042953	434	THE	27
1091.8356357042953	1092.3562008479514	369	ROSE	27
1092.3562008479514	1092.87695145468	106	CORSAGE	27
1092.87695145468	1093.2509524669454	393	SMELLED	27
1093.2509524669454	1093.331834919104	99999	sp	27
1093.331834919104	1093.6114068733038	421	SWEET	27
1100.5325	1100.5701952237791	99999	sp	28
1100.5701952237791	1100.717829335918	433	THAT	28
1100.717829335918	1100.7862217398522	99999	sp	28
1100.7862217398522	1101.3246974343383	326	PICKPOCKET	28
1101.3246974343383	1101.500260066919	472	WAS	28
1101.500260066919	1101.7264046939706	80	CAUGHT	28
1101.7264046939706	1101.939108132546	356	RED	28
1101.939108132546	1102.4229771152004	199	HANDED	28
1110.0825	1110.1102869195352	99999	sp	29
1110.1102869195352	1110.1812913342774	19	AN	29
1110.1812913342774	1110.560094525274	9	ADULT	29
1110.560094525274	1110.9150053098538	255	MALE	29
1110.9150053098538	1111.5151558279422	42	BABOON'S	29
1111.5151558279422	1111.6001435904627	99999	sp	29
1111.6001435904627	1111.9328841417312	430	TEETH	29
1111.9328841417312	1112.0325	30	ARE	29
1112.0325	1112.188617742148	285	NOT	29
1112.188617742148	1112.8025	415	SUITABLE	29
1112.8025	1113.0009994228901	161	FOR	29
1113.0009994228901	1113.3325	135	EATING	29
1113.3325	1114.0425	376	SHELLFISH	29
1121.1751483983926	1121.32810665768	204	HER	30
1121.32810665768	1121.7740416063968	470	WARDROBE	30
1121.7740416063968	1122.2187790395128	102	CONSISTS	30
1122.2187790395128	1122.3570335995964	294	OF	30
1122.3570335995964	1122.6575578582056	298	ONLY	30
1122.6575578582056	1123.064264750276	385	SKIRTS	30
1123.064264750276	1123.203394173316	20	AND	30
1123.203394173316	1123.6925	54	BLOUSES	30
1131.3124999000001	1131.3498653791426	99999	sp	31
1131.3498653791426	1131.477084186903	434	THE	31
1131.477084186903	1131.6891921005606	453	TWO	31
1131.6891921005606	1132.2556751625652	33	ARTISTS	31
1132.2556751625652	1132.7730018940492	147	EXCHANGED	31
1132.7730018940492	1133.3525	39	AUTOGRAPHS	31
1140.5725	1140.5965663865973	99999	sp	32
1140.5965663865973	1141.2206265034285	71	BUTTERSCOTCH	32
1141.2206265034285	1141.5496086644298	169	FUDGE	32
1141.5496086644298	1141.8242619107862	186	GOES	32
1141.8242619107862	1142.0025	481	WELL	32
1142.0025	1142.1670510539611	487	WITH	32
1142.1670510539611	1142.4484617118549	463	VANILLA	32
1142.4484617118549	1142.7782026433142	212	ICE	32
1142.7782026433142	1143.065721742776	112	CREAM	32
1151.8625000000002	1151.8770834357576	99999	sp	33
1151.8770834357576	1152.1519226275168	366	RICH	33
1152.1519226275168	1152.5625	349	PURCHASED	33
1152.5625	1152.879057188891	374	SEVERAL	33
1152.879057188891	1153.1553855544732	382	SIGNED	33
1153.1553855544732	1153.3525	88888	ODD	33
1153.3525	1153.464722042399	99999	sp	33
1153.464722042399	1154.1830144646844	245	LITHOGRAPHS	33
1163.7202293456116	1163.9518431123279	24	ANY	34
1163.9518431123279	1164.7125	105	CONTRIBUTIONS	34
1164.7125	1164.7906539358237	485	WILL	34
1164.7906539358237	1164.9412108143738	47	BE	34
1164.9412108143738	1165.3425000000002	195	GREATLY	34
1165.3425000000002	1166.2443030776535	28	APPRECIATED	34
1174.571465860033	1174.6416306122098	434	THE	35
1174.6416306122098	1174.6721370261998	99999	sp	35
1174.6721370261998	1175.3575549755362	111	CRANBERRY	35
1175.3575549755362	1175.5880391836013	99999	sp	35
1175.5880391836013	1175.9825	57	BOG	35
1175.9825	1176.1097941667958	99999	sp	35
1176.1097941667958	1176.4155906201195	178	GETS	35
1176.4155906201195	1176.7277527631438	465	VERY	35
1176.7277527631438	1177.068773307652	340	PRETTY	35
1177.068773307652	1177.2477726885018	99999	sp	35
1177.2477726885018	1177.3568588581932	217	IN	35
1177.3568588581932	1177.7466393736931	40	AUTUMN	35
1184.7025	1184.8925	210	HOW	36
1184.8925	1185.0183677661307	128	DO	36
1185.0183677661307	1185.5676500128254	318	OYSTERS	36
1185.5676500128254	1185.7881292529507	253	MAKE	36
1185.7881292529507	1186.1825	320	PEARLS	36
1192.5925000000002	1192.6301058085678	99999	sp	37
1192.6301058085678	1192.7625	257	MAY	37
1192.7625	1192.804180999179	211	I	37
1192.804180999179	1193.152942863067	304	ORDER	37
1193.152942863067	1193.207760746467	1	A	37
1193.207760746467	1193.2506872240917	99999	sp	37
1193.2506872240917	1193.6525000000001	319	PARFAIT	37
1193.6525000000001	1194.0325	10	AFTER	37
1194.0325	1194.0825	211	I	37
1194.0825	1194.3855425914799	134	EAT	37
1194.3855425914799	1194.7462770210727	124	DINNER	37
1202.323511709949	1202.3989027192385	224	IS	38
1202.3989027192385	1202.6696926602708	375	SHE	38
1202.6696926602708	1203.0025	187	GOING	38
1203.0025	1203.1954042470752	487	WITH	38
1203.1954042470752	1203.5587459000403	495	YOU	38
1210.4725	1210.4990290011629	99999	sp	39
1210.4990290011629	1210.6690329902942	76	CAN	39
1210.6690329902942	1210.7201396208209	434	THE	39
1210.7201396208209	1211.2674349600077	11	AGENCY	39
1211.2674349600077	1211.8525	315	OVERTHROW	39
1211.8525	1212.2725	13	ALIEN	39
1212.2725	1212.7925	162	FORCES	39
1220.6092010468028	1220.6925	1	A	40
1220.6925	1221.3225	371	SCREWDRIVER	40
1221.3225	1221.4011730746263	224	IS	40
1221.4011730746263	1221.4615146482595	99999	sp	40
1221.4615146482595	1221.6625	252	MADE	40
1221.6625	1221.8325	166	FROM	40
1221.8325	1222.1685861834655	469	VODKA	40
1222.1685861834655	1222.2826727021156	20	AND	40
1222.2826727021156	1222.6525	303	ORANGE	40
1222.6525	1222.9125	230	JUICE	40
1230.8827528406046	1230.9956799839886	210	HOW	41
1230.9956799839886	1231.1744746814688	269	MUCH	41
1231.1744746814688	1231.6225	16	ALLOWANCE	41
1231.6225	1231.6925	128	DO	41
1231.6925	1231.7962997673646	495	YOU	41
1231.7962997673646	1232.0199632222814	177	GET	41
1240.6225	1240.6612089966272	99999	sp	42
1240.6612089966272	1241.114077763678	115	CYCLICAL	42
1241.114077763678	1241.6773898652154	346	PROGRAMS	42
1241.6773898652154	1241.7913227295348	485	WILL	42
1241.7913227295348	1242.073699768909	281	NEVER	42
1242.073699768909	1242.5579356380215	100	COMPILE	42
1250.2224999	1250.2509109323153	99999	sp	43
1250.2509109323153	1250.361949051685	434	THE	43
1250.361949051685	1250.804954656406	61	BOSTON	43
1250.804954656406	1251.1554269240473	45	BALLET	43
1251.1554269240473	1251.6725	312	OVERCAME	43
1251.6725	1251.801280286296	435	THEIR	43
1251.801280286296	1252.1781407458534	170	FUNDING	43
1252.1781407458534	1252.7392013161125	380	SHORTAGE	43
1260.2872267525797	1260.5427599052127	145	EVERY	44
1260.5427599052127	1260.848468373386	74	CAB	44
1260.848468373386	1261.0310652066985	99999	sp	44
1261.0310652066985	1261.3159761432703	280	NEEDS	44
1261.3159761432703	1261.715070241817	364	REPAINTING	44
1261.715070241817	1262.1461445875386	296	OFTEN	44
1269.7925	1270.0627636343108	203	HELP	45
1270.0627636343108	1270.5634584219847	196	GREG	45
1270.5634584219847	1270.7347990684975	446	TO	45
1270.7347990684975	1270.9425	325	PICK	45
1270.9425	1271.0760261672658	1	A	45
1271.0760261672658	1271.3125	321	PECK	45
1271.3125	1271.4357905495485	294	OF	45
1271.4357905495485	1271.9925	338	POTATOES	45
1280.7324998	1280.766877257737	99999	sp	46
1280.766877257737	1280.8971927441612	476	WE	46
1280.8971927441612	1281.1596573264035	241	LIKE	46
1281.1596573264035	1281.323818018398	55	BLUE	46
1281.323818018398	1281.6325	88	CHEESE	46
1281.6325	1281.7646302894955	70	BUT	46
1281.7646302894955	1282.1979586224231	466	VICTOR	46
1282.1979586224231	1282.4925	242	LIKES	46
1282.4925	1282.5678350315995	99999	sp	46
1282.5678350315995	1282.7825	64	BRIE	46
1290.8825004	1290.9057234326292	99999	sp	47
1290.9057234326292	1291.1125	108	COUNT	47
1291.1125	1291.1922303007327	434	THE	47
1291.1922303007327	1291.5463161685122	289	NUMBER	47
1291.5463161685122	1291.7084119461422	294	OF	47
1291.7084119461422	1292.3330015956988	429	TEASPOONS	47
1292.3330015956988	1292.4225	294	OF	47
1292.4225	1293.0125	395	SOYSAUCE	47
1293.0125	1293.0744601516262	99999	sp	47
1293.0744601516262	1293.2280480812642	433	THAT	47
1293.2280480812642	1293.4366044320998	495	YOU	47
1293.4366044320998	1293.7705777407848	7	ADD	47
1301.1925	1301.2280312560504	99999	sp	48
1301.2280312560504	1301.7884298051315	88888	BAGPIKES	48
1301.7884298051315	1301.9474631329017	20	AND	48
1301.9474631329017	1302.4667072281704	59	BONGOS	48
1302.4667072281704	1302.5425	30	ARE	48
1302.5425	1302.9858067567932	273	MUSICAL	48
1302.9858067567932	1303.5325	220	INSTRUMENTS	48
1311.6935930636614	1311.9216664547703	210	HOW	49
1311.9216664547703	1312.054853431294	189	GOOD	49
1312.054853431294	1312.2169022631556	224	IS	49
1312.2169022631556	1312.3325	496	YOUR	49
1312.3325	1312.8352971696181	138	ENDURANCE	49
1819.1925	1819.2106359815248	99999	sp	0
1819.2106359815248	1819.3125	30	ARE	0
1819.3125	1819.5042396646686	496	YOUR	0
1819.5042396646686	1819.8525	192	GRADES	0
1819.8525	1820.1925	206	HIGHER	0
1820.1925	1820.2590701060444	302	OR	0
1820.2590701060444	1820.5100649079743	251	LOWER	0
1820.5100649079743	1820.6625	432	THAN	0
1820.6625	1821.0925	275	NANCY'S	0
1827.4225	1827.4427929296678	99999	sp	2
1827.4427929296678	1827.6925	354	READING	2
1827.6925	1827.8163724695653	217	IN	2
1827.8163724695653	1828.0447692698779	335	POOR	2
1828.0447692698779	1828.2608884940767	240	LIGHT	2
1828.2608884940767	1828.4877297918833	181	GIVES	2
1828.4877297918833	1828.5673244669856	495	YOU	2
1828.5673244669856	1829.0726603577793	150	EYESTRAIN	2
1836.4025002	1836.4244804026243	99999	sp	3
1836.4244804026243	1836.6337291020175	142	EVEN	3
1836.6337291020175	1836.8125	211	I	3
1836.8125	1837.2470767458713	293	OCCASIONALLY	3
1837.2470767458713	1837.4089642206554	177	GET	3
1837.4089642206554	1837.4625	434	THE	3
1837.4625	1837.8037637735506	265	MONDAY	3
1837.8037637735506	1838.0625	56	BLUES	3
1845.5925002	1845.6332673458337	99999	sp	4
1845.6332673458337	1845.7325	476	WE	4
1845.7325	1845.8551795462638	30	ARE	4
1845.8551795462638	1846.129385701396	301	OPEN	4
1846.129385701396	1846.3625	145	EVERY	4
1846.3625	1846.6914689782348	265	MONDAY	4
1846.6914689782348	1847.1524383398155	143	EVENING	4
1853.8125001	1853.826263943588	99999	sp	5
1853.826263943588	1853.9725	226	IT'S	5
1853.9725	1854.1825	285	NOT	5
1854.1825	1854.4725	133	EASY	5
1854.4725	1854.601499062226	446	TO	5
1854.601499062226	1854.8225	113	CREATE	5
1854.8225	1855.3538001219363	215	ILLUMINATING	5
1855.3538001219363	1855.9825	146	EXAMPLES	5
1863.8225002	1863.8446845802102	99999	sp	6
1863.8446845802102	1864.0483929859804	270	MUM	6
1864.0483929859804	1864.5065984664993	407	STRONGLY	6
1864.5065984664993	1864.8925	126	DISLIKES	6
1864.8925	1865.5625	27	APPETIZERS	6
1872.8052415484674	1873.0500963540785	443	THOSE	7
1873.0500963540785	1873.1580213372679	484	WHO	7
1873.1580213372679	1873.3784389559364	427	TEACH	7
1873.3784389559364	1873.7925	462	VALUES	7
1873.7925	1874.0325	156	FIRST	7
1874.0325	1874.4025	4	ABOLISH	7
1874.4025	1874.8287548991966	87	CHEATING	7
1882.4625001	1882.4952585586457	99999	sp	8
1882.4952585586457	1882.5525	434	THE	8
1882.5525	1882.8536154550522	165	FRIGHTENED	8
1882.8536154550522	1883.1381919317578	89	CHILD	8
1883.1381919317578	1883.2852397213535	472	WAS	8
1883.2852397213535	1883.5625	176	GENTLY	8
1883.5625	1883.9525	410	SUBDUED	8
1883.9525	1884.0825	73	BY	8
1884.0825	1884.2351784065293	208	HIS	8
1884.2351784065293	1884.3925	52	BIG	8
1884.3925	1884.7625	66	BROTHER	8
1892.0225	1892.047284799921	99999	sp	9
1892.047284799921	1892.2525	142	EVEN	9
1892.2525	1892.3071775238493	1	A	9
1892.3071775238493	1892.6525	383	SIMPLE	9
1892.6525	1893.3771827528235	468	VOCABULARY	9
1893.3771827528235	1893.8125	104	CONTAINS	9
1893.8125	1894.1925	422	SYMBOLS	9
1901.2825	1901.2873440434516	99999	sp	10
1901.2873440434516	1901.3996557148625	1	A	10
1901.3996557148625	1901.6845947396757	110	CRAB	10
1901.6845947396757	1902.0725	85	CHALLENGED	10
1902.0725	1902.2603516059562	258	ME	10
1902.2603516059562	1902.34178690795	70	BUT	10
1902.34178690795	1902.4645515763282	1	A	10
1902.4645515763282	1902.6790524804173	350	QUICK	10
1902.6790524804173	1902.9807667353116	402	STAB	10
1902.9807667353116	1903.4457175272798	464	VANQUISHED	10
1903.4457175272798	1903.6045575683936	207	HIM	10
1911.5181932426062	1911.925808887255	183	GLUCOSE	11
1911.925808887255	1912.0155215295313	20	AND	11
1912.0155215295313	1912.489320959474	167	FRUCTOSE	11
1912.489320959474	1912.5566883425145	30	ARE	11
1912.5566883425145	1912.8764221035758	276	NATURAL	11
1912.8764221035758	1913.272940822556	414	SUGARS	11
1913.272940822556	1913.4789772491108	163	FOUND	11
1913.4789772491108	1913.5968756183624	217	IN	11
1913.5968756183624	1913.8616324727195	168	FRUIT	11
1922.0025	1922.0096587449461	99999	sp	12
1922.0096587449461	1922.0725	30	ARE	12
1922.0725	1922.1879338003173	495	YOU	12
1922.1879338003173	1922.4825	250	LOOKING	12
1922.4825	1922.6088412347563	161	FOR	12
1922.6088412347563	1923.1052046904213	136	EMPLOYMENT	12
1931.2425	1931.2717308349986	99999	sp	13
1931.2717308349986	1931.6368510175166	98	COFFEE	13
1931.6368510175166	1931.813768842484	224	IS	13
1931.813768842484	1932.0240318947087	198	GROWN	13
1932.0240318947087	1932.1696627108859	297	ON	13
1932.1696627108859	1932.5125	404	STEEP	13
1932.5125	1932.8303130547108	231	JUNGLE	13
1932.8303130547108	1933.0625	241	LIKE	13
1933.0625	1933.4317003623676	390	SLOPES	13
1933.4317003623676	1933.5411960239062	217	IN	13
1933.5411960239062	1933.9125	431	TEMPERATE	13
1933.9125	1934.2443331943625	497	ZONES	13
1941.4124999	1941.4548080051768	99999	sp	14
1941.4548080051768	1941.5525	476	WE	14
1941.5525	1941.8825	480	WELCOME	14
1941.8825	1942.1425	256	MANY	14
1942.1425	1942.3125	282	NEW	14
1942.3125	1942.777413414422	408	STUDENTS	14
1942.777413414422	1943.0047693837448	132	EACH	14
1943.0047693837448	1943.1739830785048	491	YEAR	14
1952.0525	1952.0765104070103	99999	sp	15
1952.0765104070103	1952.2587565982355	298	ONLY	15
1952.2587565982355	1952.3425	434	THE	15
1952.3425	1952.6325	51	BEST	15
1952.6325	1952.9382561177995	330	PLAYERS	15
1952.9382561177995	1953.2385241152697	139	ENJOY	15
1953.2385241152697	1953.8990646762134	336	POPULARITY	15
1962.1678125115807	1962.5825	75	CALCIUM	16
1962.5825	1962.8462410765226	254	MAKES	16
1962.8462410765226	1963.0825	58	BONES	16
1963.0825	1963.198934473448	20	AND	16
1963.198934473448	1963.4425	430	TEETH	16
1963.4425	1963.7766928772894	406	STRONG	16
1972.4125	1972.4320011242883	99999	sp	17
1972.4320011242883	1972.7253894308078	286	NOTHING	17
1972.7253894308078	1972.8436639558067	224	IS	17
1972.8436639558067	1973.0185513276915	34	AS	17
1973.0185513276915	1973.4325	295	OFFENSIVE	17
1973.4325	1973.5585688573997	34	AS	17
1973.5585688573997	1974.0225	219	INNOCENCE	17
1982.3181059852373	1982.5425	405	STEVE	18
1982.5425	1982.7625	490	WORE	18
1982.7625	1982.8771107473203	1	A	18
1982.8771107473203	1983.0825	65	BRIGHT	18
1983.0825	1983.352667267915	356	RED	18
1983.352667267915	1983.7625	78	CASHMERE	18
1983.7625	1984.1125	420	SWEATER	18
1992.4025429059902	1992.6900333729507	46	BARB'S	19
1992.6900333729507	1992.8859671144119	188	GOLD	19
1992.8859671144119	1993.2525	63	BRACELET	19
1993.2525	1993.4128328465852	472	WAS	19
1993.4128328465852	1993.466395329092	1	A	19
1993.466395329092	1994.0025	193	GRADUATION	19
1994.0025	1994.3256215461922	339	PRESENT	19
2001.8025	2001.8192175015852	99999	sp	20
2001.8192175015852	2002.0267561953042	130	DRAW	20
2002.0267561953042	2002.3125	145	EVERY	20
2002.3125	2002.5825	308	OUTER	20
2002.5825	2002.8127838122612	244	LINE	20
2002.8127838122612	2003.2035361782866	156	FIRST	20
2003.2035361782866	2003.372503366824	436	THEN	20
2003.372503366824	2003.5725	154	FILL	20
2003.5725	2003.6635664191317	217	IN	20
2003.6635664191317	2003.7725	434	THE	20
2003.7725	2004.3025	222	INTERIOR	20
2012.0125001	2012.0424784073568	99999	sp	21
2012.0424784073568	2012.0971154300964	434	THE	21
2012.0971154300964	2012.4743771732233	475	WATER	21
2012.4743771732233	2012.9935556219425	103	CONTAINED	21
2012.9935556219425	2013.1407023639672	448	TOO	21
2013.1407023639672	2013.3642822865102	269	MUCH	21
2013.3642822865102	2013.7525	90	CHLORINE	21
2013.7525	2013.8595869800006	20	AND	21
2013.8595869800006	2014.0825	409	STUNG	21
2014.0825	2014.2147409867273	208	HIS	21
2014.2147409867273	2014.4625	149	EYES	21
2022.1024999	2022.1366447653406	99999	sp	22
2022.1366447653406	2022.492122678721	229	JOHN'S	22
2022.492122678721	2022.7416699324704	66	BROTHER	22
2022.7416699324704	2023.1756215616479	363	REPAINTED	22
2023.1756215616479	2023.2714049842284	434	THE	22
2023.2714049842284	2023.6725	173	GARAGE	22
2023.6725	2023.9081795135887	129	DOOR	22
2031.5625	2031.9925	84	CHALLENGE	23
2031.9925	2032.2125	132	EACH	23
2032.2125	2032.5842660432497	175	GENERAL'S	23
2032.5842660432497	2033.1925	221	INTELLIGENCE	23
2040.6325	2040.656067227431	99999	sp	24
2040.656067227431	2041.3436132972276	17	AMBIDEXTROUS	24
2041.3436132972276	2041.8725	327	PICKPOCKETS	24
2041.8725	2042.3416425268026	6	ACCOMPLISH	24
2042.3416425268026	2042.5425	267	MORE	24
2049.9066725880098	2049.9586114861695	1	A	25
2049.9586114861695	2050.4025	271	MUSCULAR	25
2050.4025	2050.833201516222	2	ABDOMEN	25
2050.833201516222	2050.9762021189476	224	IS	25
2050.9762021189476	2051.112527224965	189	GOOD	25
2051.112527224965	2051.248712701501	161	FOR	25
2051.248712701501	2051.3407379597393	496	YOUR	25
2051.3407379597393	2051.6325	43	BACK	25
2059.369452521623	2059.5055345524934	438	THEY	26
2059.5055345524934	2059.665910651858	317	OWN	26
2059.665910651858	2059.8030027874092	1	A	26
2059.8030027874092	2059.996792059114	52	BIG	26
2059.996792059114	2060.3325	209	HOUSE	26
2060.3325	2060.3925	217	IN	26
2060.3925	2060.4525	434	THE	26
2060.4525	2060.723444262123	361	REMOTE	26
2060.723444262123	2061.3625	109	COUNTRYSIDE	26
2070.0125	2070.0343305980177	99999	sp	27
2070.0343305980177	2070.1697419989005	434	THE	27
2070.1697419989005	2070.5325	369	ROSE	27
2070.5325	2070.9525	106	CORSAGE	27
2070.9525	2071.2425	393	SMELLED	27
2071.2425	2071.4925	421	SWEET	27
2080.0624997	2080.0846035271193	99999	sp	28
2080.0846035271193	2080.235336849543	434	THE	28
2080.235336849543	2080.7059088931546	326	PICKPOCKET	28
2080.7059088931546	2080.864187386416	472	WAS	28
2080.864187386416	2081.0625	80	CAUGHT	28
2081.0625	2081.2435532988356	356	RED	28
2081.2435532988356	2081.6925	199	HANDED	28
2089.0424999	2089.057971815184	99999	sp	29
2089.057971815184	2089.156791191929	19	AN	29
2089.156791191929	2089.4975581220197	9	ADULT	29
2089.4975581220197	2089.8090903944703	255	MALE	29
2089.8090903944703	2090.2925	42	BABOON'S	29
2090.2925	2090.5425	430	TEETH	29
2090.5425	2090.5999587159404	30	ARE	29
2090.5999587159404	2090.772921869462	285	NOT	29
2090.772921869462	2091.2225	415	SUITABLE	29
2091.2225	2091.4779805697576	161	FOR	29
2091.4779805697576	2091.7725	135	EATING	29
2091.7725	2092.4065438873204	376	SHELLFISH	29
2099.3725002	2099.492172944815	204	HER	30
2099.492172944815	2099.9255136591305	470	WARDROBE	30
2099.9255136591305	2100.4172795314726	102	CONSISTS	30
2100.4172795314726	2100.5025	294	OF	30
2100.5025	2100.7813137815792	298	ONLY	30
2100.7813137815792	2101.1525	385	SKIRTS	30
2101.1525	2101.2925	20	AND	30
2101.2925	2101.7525	54	BLOUSES	30
2109.0325002	2109.059604122797	99999	sp	31
2109.059604122797	2109.1894092363177	434	THE	31
2109.1894092363177	2109.3625	453	TWO	31
2109.3625	2109.7672513545735	33	ARTISTS	31
2109.7672513545735	2110.2525	147	EXCHANGED	31
2110.2525	2110.8025	88888	AUTOGRAPH	31
2117.7325	2117.7705748094177	99999	sp	32
2117.7705748094177	2118.3125	71	BUTTERSCOTCH	32
2118.3125	2118.6825	169	FUDGE	32
2118.6825	2118.9395818383437	186	GOES	32
2118.9395818383437	2119.2325	481	WELL	32
2119.2325	2119.425228024171	487	WITH	32
2119.425228024171	2119.7325	463	VANILLA	32
2119.7325	2119.9025	212	ICE	32
2119.9025	2120.1595975565515	112	CREAM	32
2128.5025002	2128.533434239558	99999	sp	33
2128.533434239558	2128.799007712083	366	RICH	33
2128.799007712083	2129.1525	349	PURCHASED	33
2129.1525	2129.4679331405155	374	SEVERAL	33
2129.4679331405155	2129.7825	382	SIGNED	33
2129.7825	2130.4225	245	LITHOGRAPHS	33
2137.7425	2137.768857936955	99999	sp	34
2137.768857936955	2137.954716834261	24	ANY	34
2137.954716834261	2138.6053966554623	105	CONTRIBUTIONS	34
2138.6053966554623	2138.7125	485	WILL	34
2138.7125	2138.856632359051	47	BE	34
2138.856632359051	2139.157277751013	195	GREATLY	34
2139.157277751013	2139.794686613183	28	APPRECIATED	34
2147.1291379082572	2147.2195827615496	434	THE	35
2147.2195827615496	2147.71527837552	111	CRANBERRY	35
2147.71527837552	2147.953114841585	57	BOG	35
2147.953114841585	2148.1425	178	GETS	35
2148.1425	2148.4044254812547	465	VERY	35
2148.4044254812547	2148.6325	340	PRETTY	35
2148.6325	2148.7425	217	IN	35
2148.7425	2149.1325	40	AUTUMN	35
2155.6024998	2155.6201426451307	99999	sp	36
2155.6201426451307	2155.7525	210	HOW	36
2155.7525	2155.8625	128	DO	36
2155.8625	2156.2725	318	OYSTERS	36
2156.2725	2156.4684056964716	253	MAKE	36
2156.4684056964716	2156.7725	320	PEARLS	36
2163.291433584858	2163.4153003575166	257	MAY	37
2163.4153003575166	2163.5425	211	I	37
2163.5425	2163.789641555865	304	ORDER	37
2163.789641555865	2163.9093972412425	1	A	37
2163.9093972412425	2164.2925	319	PARFAIT	37
2164.2925	2164.5825	10	AFTER	37
2164.5825	2164.658003163503	211	I	37
2164.658003163503	2164.8390023245593	134	EAT	37
2164.8390023245593	2165.1425	124	DINNER	37
2172.1876884824296	2172.238279091697	224	IS	38
2172.238279091697	2172.3970515687543	375	SHE	38
2172.3970515687543	2172.6425	187	GOING	38
2172.6425	2172.8166151937485	487	WITH	38
2172.8166151937485	2173.055072284767	495	YOU	38
2179.4725	2179.49712174635	99999	sp	39
2179.49712174635	2179.643753869426	76	CAN	39
2179.643753869426	2179.6925	434	THE	39
2179.6925	2180.2025	11	AGENCY	39
2180.2025	2180.6325	315	OVERTHROW	39
2180.6325	2181.0125	13	ALIEN	39
2181.0125	2181.4925	162	FORCES	39
2188.5724999	2188.592845039177	99999	sp	40
2188.592845039177	2188.659841226801	1	A	40
2188.659841226801	2189.244306489383	371	SCREWDRIVER	40
2189.244306489383	2189.3424999999997	224	IS	40
2189.3424999999997	2189.5374148102374	252	MADE	40
2189.5374148102374	2189.7425	166	FROM	40
2189.7425	2190.0841950172708	469	VODKA	40
2190.0841950172708	2190.15202865724	20	AND	40
2190.15202865724	2190.5125	303	ORANGE	40
2190.5125	2190.863025698398	230	JUICE	40
2198.3441383459754	2198.4940423157836	210	HOW	41
2198.4940423157836	2198.6204976199238	269	MUCH	41
2198.6204976199238	2199.0225	16	ALLOWANCE	41
2199.0225	2199.1125	128	DO	41
2199.1125	2199.1825	495	YOU	41
2199.1825	2199.395170680523	177	GET	41
2207.4525	2207.9125	115	CYCLICAL	42
2207.9125	2208.3357810465286	346	PROGRAMS	42
2208.3357810465286	2208.419526281058	485	WILL	42
2208.419526281058	2208.6882423228076	281	NEVER	42
2208.6882423228076	2209.1925	100	COMPILE	42
2215.3425001	2215.365583489758	99999	sp	43
2215.365583489758	2215.4325	434	THE	43
2215.4325	2215.834480628679	61	BOSTON	43
2215.834480628679	2216.1525	45	BALLET	43
2216.1525	2216.5825	312	OVERCAME	43
2216.5825	2216.6725	435	THEIR	43
2216.6725	2216.9925	170	FUNDING	43
2216.9925	2217.5025	380	SHORTAGE	43
2224.6625	2224.6839149693396	99999	sp	44
2224.6839149693396	2224.946960803576	145	EVERY	44
2224.946960803576	2225.267619254012	74	CAB	44
2225.267619254012	2225.4652580075026	280	NEEDS	44
2225.4652580075026	2225.9056817666833	364	REPAINTING	44
2225.9056817666833	2226.2599241087446	296	OFTEN	44
2233.1625	2233.4047885905	203	HELP	45
2233.4047885905	2233.7225	196	GREG	45
2233.7225	2233.9825	99999	sp	45
2233.9825	2234.258749912763	446	TO	45
2234.258749912763	2234.4720575146234	325	PICK	45
2234.4720575146234	2234.5851135812386	1	A	45
2234.5851135812386	2234.773692925913	321	PECK	45
2234.773692925913	2234.910882543559	294	OF	45
2234.910882543559	2235.4125	338	POTATOES	45
2242.3624998	2242.4028831069277	99999	sp	46
2242.4028831069277	2242.5037744623596	476	WE	46
2242.5037744623596	2242.763567935822	241	LIKE	46
2242.763567935822	2242.9325	55	BLUE	46
2242.9325	2243.253658515305	88	CHEESE	46
2243.253658515305	2243.3625	70	BUT	46
2243.3625	2243.6631727121553	466	VICTOR	46
2243.6631727121553	2243.9425	242	LIKES	46
2243.9425	2244.1725	64	BRIE	46
2251.7825	2251.8125730665924	99999	sp	47
2251.8125730665924	2252.0068620107018	108	COUNT	47
2252.0068620107018	2252.0625	434	THE	47
2252.0625	2252.3987135338552	289	NUMBER	47
2252.3987135338552	2252.5325	294	OF	47
2252.5325	2253.0025	429	TEASPOONS	47
2253.0025	2253.0703503147843	294	OF	47
2253.0703503147843	2253.5725	395	SOYSAUCE	47
2253.5725	2253.7812711814963	433	THAT	47
2253.7812711814963	2253.880851836141	495	YOU	47
2253.880851836141	2254.1689354429236	7	ADD	47
2261.72029443442	2262.2225	88888	BAGPIKES	48
2262.2225	2262.3225	20	AND	48
2262.3225	2262.7725	59	BONGOS	48
2262.7725	2262.8424999999997	30	ARE	48
2262.8424999999997	2263.223545608182	273	MUSICAL	48
2263.223545608182	2263.7925	220	INSTRUMENTS	48
2271.7125	2271.8725	210	HOW	49
2271.8725	2272.0525	189	GOOD	49
2272.0525	2272.1725	224	IS	49
2272.1725	2272.3125	496	YOUR	49
2272.3125	2272.7425	138	ENDURANCE	49
2759.6525003	2759.6753001640172	99999	sp	0
2759.6753001640172	2759.732437850292	30	ARE	0
2759.732437850292	2759.8940045005575	496	YOUR	0
2759.8940045005575	2760.176201056103	192	GRADES	0
2760.176201056103	2760.5325	206	HIGHER	0
2760.5325	2760.582420777182	302	OR	0
2760.582420777182	2760.809849520887	251	LOWER	0
2760.809849520887	2760.9325	432	THAN	0
2760.9325	2761.4425	275	NANCY'S	0
2768.7429159991107	2768.8875903713633	375	SHE	1
2768.8875903713633	2769.1325	490	WORE	1
2769.1325	2769.450873562471	471	WARM	1
2769.450873562471	2769.8025	158	FLEECY	1
2769.8025	2770.1025	489	WOOLEN	1
2770.1025	2770.53742334933	311	OVERALLS	1
2777.946136893993	2778.1825	354	READING	2
2778.1825	2778.3202802606347	217	IN	2
2778.3202802606347	2778.514907740864	335	POOR	2
2778.514907740864	2778.746086085073	240	LIGHT	2
2778.746086085073	2778.9643023451954	181	GIVES	2
2778.9643023451954	2779.056735711784	495	YOU	2
2779.056735711784	2779.636253573733	150	EYESTRAIN	2
2785.7425126466396	2785.956999399533	142	EVEN	3
2785.956999399533	2786.105564171781	211	I	3
2786.105564171781	2786.5167975085674	293	OCCASIONALLY	3
2786.5167975085674	2786.688834987004	177	GET	3
2786.688834987004	2786.7425	434	THE	3
2786.7425	2787.0625	265	MONDAY	3
2787.0625	2787.397534497661	56	BLUES	3
2794.5885891764606	2794.6785996607077	476	WE	4
2794.6785996607077	2794.7713037423828	30	ARE	4
2794.7713037423828	2795.0976382777203	301	OPEN	4
2795.0976382777203	2795.3247071895457	145	EVERY	4
2795.3247071895457	2795.6595521583586	265	MONDAY	4
2795.6595521583586	2796.095056229379	143	EVENING	4
2802.6288996225285	2802.7957725734304	226	IT'S	5
2802.7957725734304	2802.9659989690913	285	NOT	5
2802.9659989690913	2803.2562703900494	133	EASY	5
2803.2562703900494	2803.3225	446	TO	5
2803.3225	2803.5725	113	CREATE	5
2803.5725	2804.1340268583854	215	ILLUMINATING	5
2804.1340268583854	2804.7125	146	EXAMPLES	5
2811.700912511161	2811.9025	270	MUM	6
2811.9025	2812.320708766515	407	STRONGLY	6
2812.320708766515	2812.67771923045	126	DISLIKES	6
2812.67771923045	2813.362116619844	27	APPETIZERS	6
2820.6825002	2820.7109745899766	99999	sp	7
2820.7109745899766	2820.9325	443	THOSE	7
2820.9325	2821.0223197472333	484	WHO	7
2821.0223197472333	2821.2525	427	TEACH	7
2821.2525	2821.6125	462	VALUES	7
2821.6125	2821.8328916404125	156	FIRST	7
2821.8328916404125	2822.207760410788	4	ABOLISH	7
2822.207760410788	2822.5539873146618	87	CHEATING	7
2830.8625	2830.888711158136	99999	sp	8
2830.888711158136	2830.9622716167914	434	THE	8
2830.9622716167914	2831.350966337949	99999	sp	8
2831.350966337949	2831.6588246092338	165	FRIGHTENED	8
2831.6588246092338	2831.7864024981036	99999	sp	8
2831.7864024981036	2832.1625	89	CHILD	8
2832.1625	2832.3325	472	WAS	8
2832.3325	2832.6397771454053	176	GENTLY	8
2832.6397771454053	2832.9725	410	SUBDUED	8
2832.9725	2833.0825	73	BY	8
2833.0825	2833.1825	208	HIS	8
2833.1825	2833.274549993097	99999	sp	8
2833.274549993097	2833.469509939779	52	BIG	8
2833.469509939779	2833.7744388176734	66	BROTHER	8
2841.280870402415	2841.4505449411176	142	EVEN	9
2841.4505449411176	2841.527361395189	1	A	9
2841.527361395189	2841.8125	383	SIMPLE	9
2841.8125	2842.4425	468	VOCABULARY	9
2842.4425	2842.8525	104	CONTAINS	9
2842.8525	2843.2085141251077	422	SYMBOLS	9
2851.1625	2851.1774112628136	99999	sp	10
2851.1774112628136	2851.2773143351164	1	A	10
2851.2773143351164	2851.5508513992268	110	CRAB	10
2851.5508513992268	2851.9325	85	CHALLENGED	10
2851.9325	2852.080842690043	258	ME	10
2852.080842690043	2852.2007188366597	70	BUT	10
2852.2007188366597	2852.3070645755142	1	A	10
2852.3070645755142	2852.5630454149523	350	QUICK	10
2852.5630454149523	2853.0625	402	STAB	10
2853.0625	2853.5102618807678	464	VANQUISHED	10
2853.5102618807678	2853.674655403528	207	HIM	10
2861.750800413676	2861.844030991477	20	AND	11
2861.844030991477	2862.2871421169802	167	FRUCTOSE	11
2862.2871421169802	2862.3976097061873	30	ARE	11
2862.3976097061873	2862.7250784608773	276	NATURAL	11
2862.7250784608773	2863.0725	414	SUGARS	11
2863.0725	2863.3138842246876	163	FOUND	11
2863.3138842246876	2863.438495345598	217	IN	11
2863.438495345598	2863.703630959892	168	FRUIT	11
2871.8751983318607	2871.9747753767538	30	ARE	12
2871.9747753767538	2872.068651155087	495	YOU	12
2872.068651155087	2872.342021434794	250	LOOKING	12
2872.342021434794	2872.493067021247	161	FOR	12
2872.493067021247	2873.0200606679227	136	EMPLOYMENT	12
2880.8225002	2880.8458419122	99999	sp	13
2880.8458419122	2881.1425	98	COFFEE	13
2881.1425	2881.2919189237155	224	IS	13
2881.2919189237155	2881.46142188107	198	GROWN	13
2881.46142188107	2881.591814530845	297	ON	13
2881.591814530845	2881.9273702600894	404	STEEP	13
2881.9273702600894	2882.2525	231	JUNGLE	13
2882.2525	2882.4625	241	LIKE	13
2882.4625	2882.7625	390	SLOPES	13
2882.7625	2882.8634265557275	217	IN	13
2882.8634265557275	2883.2325	431	TEMPERATE	13
2883.2325	2883.474827673008	497	ZONES	13
2890.2925002	2890.327641217309	99999	sp	14
2890.327641217309	2890.4125	476	WE	14
2890.4125	2890.7125	480	WELCOME	14
2890.7125	2890.9525	256	MANY	14
2890.9525	2891.1125	282	NEW	14
2891.1125	2891.5625	408	STUDENTS	14
2891.5625	2891.7825	132	EACH	14
2891.7825	2892.0119271265294	491	YEAR	14
2900.5525	2900.7769528626063	298	ONLY	15
2900.7769528626063	2900.883615577803	434	THE	15
2900.883615577803	2901.2533502073547	51	BEST	15
2901.2533502073547	2901.609170069961	330	PLAYERS	15
2901.609170069961	2901.866843224391	139	ENJOY	15
2901.866843224391	2902.576345641073	336	POPULARITY	15
2910.326699618256	2910.7225	75	CALCIUM	16
2910.7225	2910.9125	254	MAKES	16
2910.9125	2911.1925	58	BONES	16
2911.1925	2911.313638299586	20	AND	16
2911.313638299586	2911.5303434647576	430	TEETH	16
2911.5303434647576	2911.938615995941	406	STRONG	16
2920.1425001	2920.1590104529682	99999	sp	17
2920.1590104529682	2920.4625	286	NOTHING	17
2920.4625	2920.645691759054	224	IS	17
2920.645691759054	2920.9425	34	AS	17
2920.9425	2921.3987510226393	295	OFFENSIVE	17
2921.3987510226393	2921.5425204399794	34	AS	17
2921.5425204399794	2921.9920223330796	219	INNOCENCE	17
2929.5025	2929.78189009761	405	STEVE	18
2929.78189009761	2929.9280221597955	490	WORE	18
2929.9280221597955	2930.0277251780108	1	A	18
2930.0277251780108	2930.2425000000003	65	BRIGHT	18
2930.2425000000003	2930.5325000000003	356	RED	18
2930.5325000000003	2931.0060655994753	78	CASHMERE	18
2931.0060655994753	2931.4245099224577	420	SWEATER	18
2939.005247419124	2939.3409668809863	46	BARB'S	19
2939.3409668809863	2939.6488653018064	188	GOLD	19
2939.6488653018064	2940.0416654384717	63	BRACELET	19
2940.0416654384717	2940.2125	472	WAS	19
2940.2125	2940.2572804391766	1	A	19
2940.2572804391766	2940.8725	193	GRADUATION	19
2940.8725	2941.2863992450625	339	PRESENT	19
2948.3593402456427	2948.609575431632	130	DRAW	20
2948.609575431632	2948.94745517065	145	EVERY	20
2948.94745517065	2949.292362352481	308	OUTER	20
2949.292362352481	2949.5649318122064	244	LINE	20
2949.5649318122064	2949.993375107658	156	FIRST	20
2949.993375107658	2950.142371685368	99999	sp	20
2950.142371685368	2950.301022594571	436	THEN	20
2950.301022594571	2950.5644465632145	154	FILL	20
2950.5644465632145	2950.7025000000003	217	IN	20
2950.7025000000003	2950.8425	434	THE	20
2950.8425	2951.4190175013136	222	INTERIOR	20
2958.8851273936743	2958.950659881676	434	THE	21
2958.950659881676	2959.1925	475	WATER	21
2959.1925	2959.6159838656777	103	CONTAINED	21
2959.6159838656777	2959.7725	448	TOO	21
2959.7725	2959.9625	269	MUCH	21
2959.9625	2960.398696026882	90	CHLORINE	21
2960.398696026882	2960.5625	20	AND	21
2960.5625	2960.8022479082306	409	STUNG	21
2960.8022479082306	2960.9468399696957	208	HIS	21
2960.9468399696957	2961.213099039207	149	EYES	21
2968.7224998	2968.7476209418273	88888	SP	22
2968.7476209418273	2969.0525	229	JOHN'S	22
2969.0525	2969.2925	66	BROTHER	22
2969.2925	2969.7731366620815	363	REPAINTED	22
2969.7731366620815	2969.890462387887	434	THE	22
2969.890462387887	2970.3045815942614	173	GARAGE	22
2970.3045815942614	2970.50254566293	129	DOOR	22
2977.9625	2978.3325	84	CHALLENGE	23
2978.3325	2978.6121114111747	132	EACH	23
2978.6121114111747	2979.09635260816	175	GENERAL'S	23
2979.09635260816	2979.771712107591	221	INTELLIGENCE	23
2987.3024999	2987.341981891367	99999	sp	24
2987.341981891367	2987.9933841495986	17	AMBIDEXTROUS	24
2987.9933841495986	2988.5325000000003	327	PICKPOCKETS	24
2988.5325000000003	2989.022838327107	6	ACCOMPLISH	24
2989.022838327107	2989.2125	267	MORE	24
2997.2725004	2997.3020875045945	99999	sp	25
2997.3020875045945	2997.33663860262	1	A	25
2997.33663860262	2997.7725	271	MUSCULAR	25
2997.7725	2998.2049983911043	2	ABDOMEN	25
2998.2049983911043	2998.3572230833392	224	IS	25
2998.3572230833392	2998.4697751777826	189	GOOD	25
2998.4697751777826	2998.6190396254983	161	FOR	25
2998.6190396254983	2998.732085517666	496	YOUR	25
2998.732085517666	3000.0	43	BACK	25
3006.1225	3006.1454150943273	99999	sp	26
3006.1454150943273	3006.304999888805	438	THEY	26
3006.304999888805	3006.4573885320606	317	OWN	26
3006.4573885320606	3006.616277335206	1	A	26
3006.616277335206	3006.803114732974	52	BIG	26
3006.803114732974	3007.2386847596968	209	HOUSE	26
3007.2386847596968	3007.3204679310343	217	IN	26
3007.3204679310343	3007.3725	434	THE	26
3007.3725	3007.6651851481197	361	REMOTE	26
3007.6651851481197	3008.2893679872304	109	COUNTRYSIDE	26
3016.624210032616	3016.699131142129	434	THE	27
3016.699131142129	3017.0096721787318	369	ROSE	27
3017.0096721787318	3017.4725	106	CORSAGE	27
3017.4725	3017.8425	393	SMELLED	27
3017.8425	3017.8825	99999	sp	27
3017.8825	3018.1925	421	SWEET	27
3025.5925001	3025.6257365006923	99999	sp	28
3025.6257365006923	3025.81303593168	433	THAT	28
3025.81303593168	3026.3250945942586	326	PICKPOCKET	28
3026.3250945942586	3026.5166176632215	472	WAS	28
3026.5166176632215	3026.730821672869	80	CAUGHT	28
3026.730821672869	3026.902388556169	356	RED	28
3026.902388556169	3027.3141105984096	199	HANDED	28
3034.293538892713	3034.3592945295914	434	THE	29
3034.3592945295914	3034.7125	9	ADULT	29
3034.7125	3034.991858828319	255	MALE	29
3034.991858828319	3035.5155740779956	42	BABOON'S	29
3035.5155740779956	3035.706687321426	430	TEETH	29
3035.706687321426	3035.787474228876	30	ARE	29
3035.787474228876	3035.96607249559	285	NOT	29
3035.96607249559	3036.315107596262	415	SUITABLE	29
3036.315107596262	3036.45201863386	161	FOR	29
3036.45201863386	3036.7125	135	EATING	29
3036.7125	3037.2825	376	SHELLFISH	29
3044.3225	3044.4525	204	HER	30
3044.4525	3044.8686413461796	470	WARDROBE	30
3044.8686413461796	3045.3325	102	CONSISTS	30
3045.3325	3045.4514714087823	294	OF	30
3045.4514714087823	3045.7825	298	ONLY	30
3045.7825	3046.1784078076025	385	SKIRTS	30
3046.1784078076025	3046.3125	20	AND	30
3046.3125	3046.7668925847825	54	BLOUSES	30
3054.0725002	3054.092323622677	99999	sp	31
3054.092323622677	3054.2217061094425	434	THE	31
3054.2217061094425	3054.3894241603975	453	TWO	31
3054.3894241603975	3054.864500429534	33	ARTISTS	31
3054.864500429534	3055.3125541948853	147	EXCHANGED	31
3055.3125541948853	3055.8225	39	AUTOGRAPHS	31
3062.8825	3062.9356983754874	99999	sp	32
3062.9356983754874	3063.4325	71	BUTTERSCOTCH	32
3063.4325	3063.917385131429	169	FUDGE	32
3063.917385131429	3064.1225	186	GOES	32
3064.1225	3064.3725	481	WELL	32
3064.3725	3064.5625	487	WITH	32
3064.5625	3064.7970456715016	463	VANILLA	32
3064.7970456715016	3065.0212516224497	212	ICE	32
3065.0212516224497	3065.2905024562438	112	CREAM	32
3072.3925	3072.687453356397	366	RICH	33
3072.687453356397	3073.0425	349	PURCHASED	33
3073.0425	3073.340415981998	374	SEVERAL	33
3073.340415981998	3073.3925	99999	sp	33
3073.3925	3073.6414481457655	382	SIGNED	33
3073.6414481457655	3074.1925	245	LITHOGRAPHS	33
3081.7382817980297	3081.9845417430142	24	ANY	34
3081.9845417430142	3082.6116071992747	105	CONTRIBUTIONS	34
3082.6116071992747	3082.6925	485	WILL	34
3082.6925	3082.7925	47	BE	34
3082.7925	3083.1325	195	GREATLY	34
3083.1325	3083.7592594491516	28	APPRECIATED	34
3090.850176304435	3090.931802133302	434	THE	35
3090.931802133302	3091.3962104389975	111	CRANBERRY	35
3091.3962104389975	3091.633243051904	57	BOG	35
3091.633243051904	3091.8225	178	GETS	35
3091.8225	3092.0832140589564	465	VERY	35
3092.0832140589564	3092.3125	340	PRETTY	35
3092.3125	3092.4047378368928	217	IN	35
3092.4047378368928	3092.809662336617	40	AUTUMN	35
3099.3525	3099.507464896651	210	HOW	36
3099.507464896651	3099.6425	128	DO	36
3099.6425	3100.0652070609476	318	OYSTERS	36
3100.0652070609476	3100.2225	253	MAKE	36
3100.2225	3100.2730167974446	99999	sp	36
3100.2730167974446	3100.5825	320	PEARLS	36
3106.861709249706	3107.000656030858	257	MAY	37
3107.000656030858	3107.0590593407123	211	I	37
3107.0590593407123	3107.3381151210847	304	ORDER	37
3107.3381151210847	3107.4275735797582	1	A	37
3107.4275735797582	3107.8025	319	PARFAIT	37
3107.8025	3108.1025	10	AFTER	37
3108.1025	3108.1325	211	I	37
3108.1325	3108.335353351179	134	EAT	37
3108.335353351179	3108.6525	124	DINNER	37
3115.8425001	3115.869059356633	99999	sp	38
3115.869059356633	3115.945205859492	224	IS	38
3115.945205859492	3116.0981720449295	375	SHE	38
3116.0981720449295	3116.3325	187	GOING	38
3116.3325	3116.5025	487	WITH	38
3116.5025	3116.7520081090333	495	YOU	38
3123.1025002	3123.126993551468	99999	sp	39
3123.126993551468	3123.3125	76	CAN	39
3123.3125	3123.4925	434	THE	39
3123.4925	3123.980599991715	11	AGENCY	39
3123.980599991715	3124.403016582748	315	OVERTHROW	39
3124.403016582748	3124.723386394511	13	ALIEN	39
3124.723386394511	3125.2425	162	FORCES	39
3132.5825002	3132.6016155101934	99999	sp	40
3132.6016155101934	3132.6625	1	A	40
3132.6625	3133.2125	371	SCREWDRIVER	40
3133.2125	3133.3365673192848	224	IS	40
3133.3365673192848	3133.464599922122	252	MADE	40
3133.464599922122	3133.6784085781937	166	FROM	40
3133.6784085781937	3133.973452157156	469	VODKA	40
3133.973452157156	3134.05559832628	20	AND	40
3134.05559832628	3134.3725	303	ORANGE	40
3134.3725	3134.6325	230	JUICE	40
3142.2525	3142.281083253055	99999	sp	41
3142.281083253055	3142.3325	210	HOW	41
3142.3325	3142.5017199368467	269	MUCH	41
3142.5017199368467	3142.9572871566847	16	ALLOWANCE	41
3142.9572871566847	3143.0025	128	DO	41
3143.0025	3143.0925	495	YOU	41
3143.0925	3143.3056824372934	177	GET	41
3151.5725	3152.021988386115	115	CYCLICAL	42
3152.021988386115	3152.5337456430375	346	PROGRAMS	42
3152.5337456430375	3152.642661601797	485	WILL	42
3152.642661601797	3152.9470032248328	281	NEVER	42
3152.9470032248328	3153.4225	100	COMPILE	42
3159.3725	3159.391040465259	99999	sp	43
3159.391040465259	3159.488248712637	434	THE	43
3159.488248712637	3159.8147214574487	61	BOSTON	43
3159.8147214574487	3160.1125	45	BALLET	43
3160.1125	3160.571902644858	312	OVERCAME	43
3160.571902644858	3160.6659461154472	435	THEIR	43
3160.6659461154472	3161.0425	170	FUNDING	43
3161.0425	3161.5825	380	SHORTAGE	43
3168.7727342822955	3169.0688934329664	145	EVERY	44
3169.0688934329664	3169.4025	74	CAB	44
3169.4025	3169.6625	280	NEEDS	44
3169.6625	3170.2925434975878	364	REPAINTING	44
3170.2925434975878	3170.761926233153	296	OFTEN	44
3177.6625	3177.9329466362415	203	HELP	45
3177.9329466362415	3178.2178981246984	196	GREG	45
3178.2178981246984	3178.3854238780423	446	TO	45
3178.3854238780423	3178.5422213106294	325	PICK	45
3178.5422213106294	3178.6618954640685	1	A	45
3178.6618954640685	3178.8625	321	PECK	45
3178.8625	3178.9879414844227	294	OF	45
3178.9879414844227	3179.5025	338	POTATOES	45
3186.8124999	3186.8440849768094	99999	sp	46
3186.8440849768094	3186.9661655284276	476	WE	46
3186.9661655284276	3187.2225	241	LIKE	46
3187.2225	3187.348979367888	99999	sp	46
3187.348979367888	3187.5374262653736	55	BLUE	46
3187.5374262653736	3187.8325	88	CHEESE	46
3187.8325	3187.9825	70	BUT	46
3187.9825	3188.3045215893626	466	VICTOR	46
3188.3045215893626	3188.5825	242	LIKES	46
3188.5825	3188.683537107403	99999	sp	46
3188.683537107403	3188.8742862658987	64	BRIE	46
3196.5225	3196.5309219702676	99999	sp	47
3196.5309219702676	3196.7249997247113	108	COUNT	47
3196.7249997247113	3196.7825	434	THE	47
3196.7825	3197.0525	289	NUMBER	47
3197.0525	3197.1714044952805	294	OF	47
3197.1714044952805	3197.7259057492342	429	TEASPOONS	47
3197.7259057492342	3197.8125	294	OF	47
3197.8125	3198.2625	395	SOYSAUCE	47
3198.2625	3198.4381572948787	433	THAT	47
3198.4381572948787	3198.560869256451	495	YOU	47
3198.560869256451	3198.8625	7	ADD	47
3205.7725	3205.8108926763784	99999	sp	48
3205.8108926763784	3206.275348160382	44	BAGPIPES	48
3206.275348160382	3206.4162214459143	20	AND	48
3206.4162214459143	3206.7635966693892	59	BONGOS	48
3206.7635966693892	3206.828047057873	30	ARE	48
3206.828047057873	3207.1502088308157	273	MUSICAL	48
3207.1502088308157	3207.6925	220	INSTRUMENTS	48
3215.3525	3215.514469633313	210	HOW	49
3215.514469633313	3215.7125	189	GOOD	49
3215.7125	3215.8453887837745	224	IS	49
3215.8453887837745	3215.9625	496	YOUR	49
3215.9625	3216.4225	138	ENDURANCE	49
3678.4273966340406	3678.494427003393	30	ARE	0
3678.494427003393	3678.6590160863993	496	YOUR	0
3678.6590160863993	3678.9425	192	GRADES	0
3678.9425	3679.2125	206	HIGHER	0
3679.2125	3679.2712514336627	302	OR	0
3679.2712514336627	3679.509447359683	251	LOWER	0
3679.509447359683	3679.6325	432	THAN	0
3679.6325	3680.123001061511	275	NANCY'S	0
3686.3725	3686.5225	375	SHE	1
3686.5225	3686.7325	490	WORE	1
3686.7325	3687.0075294950234	471	WARM	1
3687.0075294950234	3687.389723102862	158	FLEECY	1
3687.389723102862	3687.5925	489	WOOLEN	1
3687.5925	3688.0725	311	OVERALLS	1
3688.0725	3688.4925	99999	sp	1
3694.1324999	3694.1999528472447	99999	sp	2
3694.1999528472447	3694.430030060967	354	READING	2
3694.430030060967	3694.5748227180975	217	IN	2
3694.5748227180975	3694.7425	335	POOR	2
3694.7425	3694.96487142495	240	LIGHT	2
3694.96487142495	3695.148259538008	181	GIVES	2
3695.148259538008	3695.2425	495	YOU	2
3695.2425	3695.712459256287	150	EYESTRAIN	2
3701.8124999	3701.8407553214743	99999	sp	3
3701.8407553214743	3702.0376640326926	142	EVEN	3
3702.0376640326926	3702.15597922059	211	I	3
3702.15597922059	3702.5725	293	OCCASIONALLY	3
3702.5725	3702.7247490902914	177	GET	3
3702.7247490902914	3702.76822824879	434	THE	3
3702.76822824879	3703.1305545696127	265	MONDAY	3
3703.1305545696127	3703.385188600042	56	BLUES	3
3703.385188600042	3703.8125	99999	sp	3
3709.4842746431295	3709.5458701176694	476	WE	4
3709.5458701176694	3709.646415671698	30	ARE	4
3709.646415671698	3709.8791735182617	301	OPEN	4
3709.8791735182617	3710.0925	145	EVERY	4
3710.0925	3710.398160333415	265	MONDAY	4
3710.398160333415	3710.830691804011	143	EVENING	4
3717.3824998	3717.4113149108093	99999	sp	5
3717.4113149108093	3717.5444698337114	226	IT'S	5
3717.5444698337114	3717.6839654672285	285	NOT	5
3717.6839654672285	3717.9520044906467	133	EASY	5
3717.9520044906467	3718.051644228873	446	TO	5
3718.051644228873	3718.2525	113	CREATE	5
3718.2525	3718.8070121537985	215	ILLUMINATING	5
3718.8070121537985	3719.4625	146	EXAMPLES	5
3725.6424998	3725.6725184554675	99999	sp	6
3725.6725184554675	3725.861833958097	270	MUM	6
3725.861833958097	3726.2413707791593	407	STRONGLY	6
3726.2413707791593	3726.5925	126	DISLIKES	6
3726.5925	3727.3525	27	APPETIZERS	6
3733.8867020324087	3734.1125	443	THOSE	7
3734.1125	3734.1825	484	WHO	7
3734.1825	3734.411992743612	427	TEACH	7
3734.411992743612	3734.719750625282	462	VALUES	7
3734.719750625282	3734.9225	156	FIRST	7
3734.9225	3735.242507582021	4	ABOLISH	7
3735.242507582021	3735.622446305464	87	CHEATING	7
3742.9525001	3742.982984092613	99999	sp	8
3742.982984092613	3743.0527319093717	434	THE	8
3743.0527319093717	3743.3377716711366	165	FRIGHTENED	8
3743.3377716711366	3743.573728874324	89	CHILD	8
3743.573728874324	3743.7025	472	WAS	8
3743.7025	3743.9939479766617	176	GENTLY	8
3743.9939479766617	3744.3792342470574	410	SUBDUED	8
3744.3792342470574	3744.5025	73	BY	8
3744.5025	3744.6725	208	HIS	8
3744.6725	3744.959932373096	88888	BABY	8
3744.959932373096	3745.3125	66	BROTHER	8
3752.0925002	3752.1599674131508	99999	sp	9
3752.1599674131508	3752.3373589084254	142	EVEN	9
3752.3373589084254	3752.4075267968333	1	A	9
3752.4075267968333	3752.703374440395	383	SIMPLE	9
3752.703374440395	3753.5475120139313	468	VOCABULARY	9
3753.5475120139313	3754.0225	104	CONTAINS	9
3754.0225	3754.5150355514793	422	SYMBOLS	9
3761.0916176468836	3761.2566384367924	1	A	10
3761.2566384367924	3761.5488282774095	110	CRAB	10
3761.5488282774095	3761.970855987178	85	CHALLENGED	10
3761.970855987178	3762.2325	88888	NE	10
3762.2325	3762.3467695450313	70	BUT	10
3762.3467695450313	3762.440095714147	1	A	10
3762.440095714147	3762.6325	350	QUICK	10
3762.6325	3762.9025	402	STAB	10
3762.9025	3763.378750541038	464	VANQUISHED	10
3763.378750541038	3763.608434603726	207	HIM	10
3770.7673960708717	3771.156896865756	183	GLUCOSE	11
3771.156896865756	3771.2525	20	AND	11
3771.2525	3771.7428772356966	167	FRUCTOSE	11
3771.7428772356966	3771.942156712149	30	ARE	11
3771.942156712149	3772.292707427545	276	NATURAL	11
3772.292707427545	3772.5825	88888	SHOOTS	11
3772.5825	3772.8491910179905	163	FOUND	11
3772.8491910179905	3773.017238407368	99999	sp	11
3773.017238407368	3773.6025	414	SUGARS	11
3773.6025	3773.826994488249	163	FOUND	11
3773.826994488249	3773.9725	217	IN	11
3773.9725	3774.1585230718015	168	FRUIT	11
3781.5525	3781.601857401193	99999	sp	12
3781.601857401193	3781.6725	30	ARE	12
3781.6725	3781.7767441530486	495	YOU	12
3781.7767441530486	3782.050236223211	250	LOOKING	12
3782.050236223211	3782.1914610343415	161	FOR	12
3782.1914610343415	3782.7225	136	EMPLOYMENT	12
3789.5524999	3789.5841521328075	99999	sp	13
3789.5841521328075	3789.9364320258173	98	COFFEE	13
3789.9364320258173	3790.1293707916557	224	IS	13
3790.1293707916557	3790.325932820702	198	GROWN	13
3790.325932820702	3790.4825	297	ON	13
3790.4825	3790.7962058723997	404	STEEP	13
3790.7962058723997	3791.0625	231	JUNGLE	13
3791.0625	3791.2925	241	LIKE	13
3791.2925	3791.635660016486	390	SLOPES	13
3791.635660016486	3791.755443050735	217	IN	13
3791.755443050735	3792.083240840114	431	TEMPERATE	13
3792.083240840114	3792.4636353405276	497	ZONES	13
3799.3125002	3799.340746517169	99999	sp	14
3799.340746517169	3799.4525	476	WE	14
3799.4525	3799.9013923401644	480	WELCOME	14
3799.9013923401644	3800.040792318207	282	NEW	14
3800.040792318207	3800.3125	256	MANY	14
3800.3125	3800.4425	282	NEW	14
3800.4425	3800.902236347447	408	STUDENTS	14
3800.902236347447	3801.109668166118	132	EACH	14
3801.109668166118	3801.3049517457016	491	YEAR	14
3808.9625	3808.9895232581102	99999	sp	15
3808.9895232581102	3809.2313760772595	298	ONLY	15
3809.2313760772595	3809.335544894496	434	THE	15
3809.335544894496	3809.654530102762	51	BEST	15
3809.654530102762	3809.9460647450824	330	PLAYERS	15
3809.9460647450824	3810.2072806575625	139	ENJOY	15
3810.2072806575625	3810.8711319581053	336	POPULARITY	15
3818.3225001	3818.3675976867044	99999	sp	16
3818.3675976867044	3818.7625	75	CALCIUM	16
3818.7625	3819.0251375050075	254	MAKES	16
3819.0251375050075	3819.2825	58	BONES	16
3819.2825	3819.394478430793	20	AND	16
3819.394478430793	3819.593704509043	430	TEETH	16
3819.593704509043	3819.963094265527	406	STRONG	16
3827.2315406332887	3827.5125	286	NOTHING	17
3827.5125	3827.6625	224	IS	17
3827.6625	3827.8525	34	AS	17
3827.8525	3828.2745036357196	295	OFFENSIVE	17
3828.2745036357196	3828.4025	34	AS	17
3828.4025	3828.9030454007006	219	INNOCENCE	17
3836.4025	3836.4528401321973	99999	sp	18
3836.4528401321973	3836.6681462836045	405	STEVE	18
3836.6681462836045	3836.859542364895	490	WORE	18
3836.859542364895	3836.970498765365	1	A	18
3836.970498765365	3837.1828520247145	99999	sp	18
3837.1828520247145	3837.4125	65	BRIGHT	18
3837.4125	3837.768145244953	356	RED	18
3837.768145244953	3838.1872407644532	78	CASHMERE	18
3838.1872407644532	3838.564128485068	420	SWEATER	18
3846.2425	3846.2733904823885	99999	sp	19
3846.2733904823885	3846.5602821820776	46	BARB'S	19
3846.5602821820776	3846.76388264658	188	GOLD	19
3846.76388264658	3847.0694627767134	63	BRACELET	19
3847.0694627767134	3847.2180677297756	472	WAS	19
3847.2180677297756	3847.2625	1	A	19
3847.2625	3847.7825	193	GRADUATION	19
3847.7825	3848.186062343678	339	PRESENT	19
3855.790877490529	3855.96298249292	130	DRAW	20
3855.96298249292	3856.2925	145	EVERY	20
3856.2925	3856.5525	308	OUTER	20
3856.5525	3856.7745109975726	244	LINE	20
3856.7745109975726	3857.133493374391	156	FIRST	20
3857.133493374391	3857.2822113657635	436	THEN	20
3857.2822113657635	3857.4725	154	FILL	20
3857.4725	3857.580604607413	217	IN	20
3857.580604607413	3857.6725	434	THE	20
3857.6725	3858.201890723862	222	INTERIOR	20
3858.201890723862	3858.6525	99999	sp	20
3865.2325	3865.2848135878066	99999	sp	21
3865.2848135878066	3865.373583536408	434	THE	21
3865.373583536408	3865.5725	475	WATER	21
3865.5725	3865.9598359124493	103	CONTAINED	21
3865.9598359124493	3866.1025	448	TOO	21
3866.1025	3866.2725	269	MUCH	21
3866.2725	3866.7025	90	CHLORINE	21
3866.7025	3866.815477085312	20	AND	21
3866.815477085312	3867.0325	409	STUNG	21
3867.0325	3867.1625	208	HIS	21
3867.1625	3867.4025	149	EYES	21
3874.7925	3874.802853274094	99999	sp	22
3874.802853274094	3875.18327122087	229	JOHN'S	22
3875.18327122087	3875.4225	66	BROTHER	22
3875.4225	3875.858407051939	363	REPAINTED	22
3875.858407051939	3875.9425	434	THE	22
3875.9425	3876.3561576034685	173	GARAGE	22
3876.3561576034685	3876.5870291307574	129	DOOR	22
3883.7325	3884.1225	84	CHALLENGE	23
3884.1225	3884.3424999999997	132	EACH	23
3884.3424999999997	3884.761825715492	175	GENERAL'S	23
3884.761825715492	3885.4882075347514	221	INTELLIGENCE	23
3892.5125	3892.543852400872	99999	sp	24
3892.543852400872	3893.251294542278	17	AMBIDEXTROUS	24
3893.251294542278	3893.7625	327	PICKPOCKETS	24
3893.7625	3894.2023186804477	6	ACCOMPLISH	24
3894.2023186804477	3894.4048791935456	267	MORE	24
3901.118467913052	3901.153794729332	1	A	25
3901.153794729332	3901.5625	271	MUSCULAR	25
3901.5625	3901.9625	2	ABDOMEN	25
3901.9625	3902.092219900263	224	IS	25
3902.092219900263	3902.2225	189	GOOD	25
3902.2225	3902.351983989153	161	FOR	25
3902.351983989153	3902.4508405038873	496	YOUR	25
3902.4508405038873	3902.7525	43	BACK	25
3910.0125002	3910.0445405564096	99999	sp	26
3910.0445405564096	3910.1925	438	THEY	26
3910.1925	3910.3377645305522	317	OWN	26
3910.3377645305522	3910.4025	1	A	26
3910.4025	3910.5825	52	BIG	26
3910.5825	3910.865500487851	209	HOUSE	26
3910.865500487851	3910.9325	217	IN	26
3910.9325	3910.9925	434	THE	26
3910.9925	3911.2925	361	REMOTE	26
3911.2925	3911.865446892397	109	COUNTRYSIDE	26
3919.5004323900007	3919.5774267331753	434	THE	27
3919.5774267331753	3919.8591354476152	369	ROSE	27
3919.8591354476152	3920.2842397897125	106	CORSAGE	27
3920.2842397897125	3920.5825	393	SMELLED	27
3920.5825	3920.8496358768034	421	SWEET	27
3927.5724999	3927.603200923279	99999	sp	28
3927.603200923279	3927.793422241711	433	THAT	28
3927.793422241711	3928.271429822412	326	PICKPOCKET	28
3928.271429822412	3928.4301282965666	472	WAS	28
3928.4301282965666	3928.6325	80	CAUGHT	28
3928.6325	3928.7825	356	RED	28
3928.7825	3929.2576170602306	199	HANDED	28
3936.3124999	3936.3426749114333	99999	sp	29
3936.3426749114333	3936.444126281264	19	AN	29
3936.444126281264	3936.7877874218243	9	ADULT	29
3936.7877874218243	3937.0425	255	MALE	29
3937.0425	3937.4725	42	BABOON'S	29
3937.4725	3937.7238791015893	430	TEETH	29
3937.7238791015893	3937.7925	30	ARE	29
3937.7925	3937.9555746291753	285	NOT	29
3937.9555746291753	3938.2854848988645	415	SUITABLE	29
3938.2854848988645	3938.4025	161	FOR	29
3938.4025	3938.6948311874044	135	EATING	29
3938.6948311874044	3939.3125	376	SHELLFISH	29
3946.261356765865	3946.372772109518	204	HER	30
3946.372772109518	3946.7504972989755	470	WARDROBE	30
3946.7504972989755	3947.1125	102	CONSISTS	30
3947.1125	3947.1925	294	OF	30
3947.1925	3947.383580090623	298	ONLY	30
3947.383580090623	3947.7181224329433	385	SKIRTS	30
3947.7181224329433	3947.8225	20	AND	30
3947.8225	3948.2425	54	BLOUSES	30
3954.9211106032603	3955.022983128267	434	THE	31
3955.022983128267	3955.2025	453	TWO	31
3955.2025	3955.535262077233	33	ARTISTS	31
3955.535262077233	3955.928795347197	147	EXCHANGED	31
3955.928795347197	3956.469981530965	39	AUTOGRAPHS	31
3963.4125	3963.4453950053407	99999	sp	32
3963.4453950053407	3963.920562686763	71	BUTTERSCOTCH	32
3963.920562686763	3964.2674901389505	169	FUDGE	32
3964.2674901389505	3964.4725	186	GOES	32
3964.4725	3964.6125	481	WELL	32
3964.6125	3964.7125	487	WITH	32
3964.7125	3965.071772117187	463	VANILLA	32
3965.071772117187	3965.3825	212	ICE	32
3965.3825	3965.7025	112	CREAM	32
3972.8424999	3972.8901141886295	99999	sp	33
3972.8901141886295	3973.1319670077787	366	RICH	33
3973.1319670077787	3973.5125	349	PURCHASED	33
3973.5125	3973.76686143103	374	SEVERAL	33
3973.76686143103	3974.153336827893	382	SIGNED	33
3974.153336827893	3974.8325	245	LITHOGRAPHS	33
3981.4225	3981.4819408010285	99999	sp	34
3981.4819408010285	3981.6431760137943	24	ANY	34
3981.6431760137943	3982.2625	105	CONTRIBUTIONS	34
3982.2625	3982.3525	485	WILL	34
3982.3525	3982.4550298455288	47	BE	34
3982.4550298455288	3982.7137678378353	195	GREATLY	34
3982.7137678378353	3983.3661179127025	28	APPRECIATED	34
3990.4325	3990.475785142546	99999	sp	35
3990.475785142546	3990.56825948739	434	THE	35
3990.56825948739	3990.9525	111	CRANBERRY	35
3990.9525	3991.1825	57	BOG	35
3991.1825	3991.3625	178	GETS	35
3991.3625	3991.611741203527	465	VERY	35
3991.611741203527	3991.810956313822	340	PRETTY	35
3991.810956313822	3991.9125	217	IN	35
3991.9125	3992.232369436558	40	AUTUMN	35
3998.3925	3998.412570843237	99999	sp	36
3998.412570843237	3998.5163680422193	210	HOW	36
3998.5163680422193	3998.6325	128	DO	36
3998.6325	3998.9925	318	OYSTERS	36
3998.9925	3999.1938821885637	253	MAKE	36
3999.1938821885637	3999.5225	320	PEARLS	36
4005.8524999	4005.8788502415246	99999	sp	37
4005.8788502415246	4006.0156284276354	257	MAY	37
4006.0156284276354	4006.0825	211	I	37
4006.0825	4006.3353814057614	304	ORDER	37
4006.3353814057614	4006.4495141968205	1	A	37
4006.4495141968205	4006.7725	319	PARFAIT	37
4006.7725	4007.0425	10	AFTER	37
4007.0425	4007.091536372233	211	I	37
4007.091536372233	4007.269195043692	134	EAT	37
4007.269195043692	4007.6095684109573	124	DINNER	37
4014.810523700804	4014.8837288596615	224	IS	38
4014.8837288596615	4015.0225	375	SHE	38
4015.0225	4015.269606391338	187	GOING	38
4015.269606391338	4015.4117370182707	487	WITH	38
4015.4117370182707	4015.6131229105745	495	YOU	38
4021.8025001	4021.8262298044956	99999	sp	39
4021.8262298044956	4021.975689411835	76	CAN	39
4021.975689411835	4022.058942011634	434	THE	39
4022.058942011634	4022.4325	11	AGENCY	39
4022.4325	4022.8361319697988	315	OVERTHROW	39
4022.8361319697988	4023.115123236832	13	ALIEN	39
4023.115123236832	4023.5725	162	FORCES	39
4030.575667766472	4030.6580970044597	1	A	40
4030.6580970044597	4031.1525	371	SCREWDRIVER	40
4031.1525	4031.2518703698183	224	IS	40
4031.2518703698183	4031.3930675211614	252	MADE	40
4031.3930675211614	4031.5525	166	FROM	40
4031.5525	4031.8625	469	VODKA	40
4031.8625	4031.966100225886	20	AND	40
4031.966100225886	4032.2725	303	ORANGE	40
4032.2725	4032.4712209585236	230	JUICE	40
4039.4625	4039.5924999999997	210	HOW	41
4039.5924999999997	4039.7420064182706	269	MUCH	41
4039.7420064182706	4040.0525	16	ALLOWANCE	41
4040.0525	4040.1234040437357	128	DO	41
4040.1234040437357	4040.2325	495	YOU	41
4040.2325	4040.448152415019	177	GET	41
4048.0125	4048.4712091577167	115	CYCLICAL	42
4048.4712091577167	4048.941327558984	346	PROGRAMS	42
4048.941327558984	4049.0325	485	WILL	42
4049.0325	4049.3126295838374	281	NEVER	42
4049.3126295838374	4049.7625	100	COMPILE	42
4049.7625	4050.0725	99999	sp	42
4055.9225002	4055.934471434753	99999	sp	43
4055.934471434753	4055.980142066351	434	THE	43
4055.980142066351	4056.3625	61	BOSTON	43
4056.3625	4056.6925	45	BALLET	43
4056.6925	4057.1825	312	OVERCAME	43
4057.1825	4057.295304156947	435	THEIR	43
4057.295304156947	4057.7291136897065	170	FUNDING	43
4057.7291136897065	4058.2509934325567	380	SHORTAGE	43
4065.0825002	4065.0999208664025	99999	sp	44
4065.0999208664025	4065.405144121664	145	EVERY	44
4065.405144121664	4065.6657953196163	74	CAB	44
4065.6657953196163	4065.8971037899323	280	NEEDS	44
4065.8971037899323	4066.283878090647	364	REPAINTING	44
4066.283878090647	4066.7525	296	OFTEN	44
4073.3825	4073.4083403088507	99999	sp	45
4073.4083403088507	4073.701126076223	203	HELP	45
4073.701126076223	4073.9804027805208	196	GREG	45
4073.9804027805208	4074.101754776208	446	TO	45
4074.101754776208	4074.276960457886	325	PICK	45
4074.276960457886	4074.389059785503	1	A	45
4074.389059785503	4074.5625	321	PECK	45
4074.5625	4074.6525	294	OF	45
4074.6525	4075.212585727421	338	POTATOES	45
4082.0825	4082.17048554089	99999	sp	46
4082.17048554089	4082.2774677842253	476	WE	46
4082.2774677842253	4082.5525	241	LIKE	46
4082.5525	4082.7517000044954	55	BLUE	46
4082.7517000044954	4082.9925	88	CHEESE	46
4082.9925	4083.1349953338586	70	BUT	46
4083.1349953338586	4083.4325	466	VICTOR	46
4083.4325	4083.768058757466	242	LIKES	46
4083.768058757466	4083.9861668630674	64	BRIE	46
4090.7325	4090.7795220535477	99999	sp	47
4090.7795220535477	4090.9725	108	COUNT	47
4090.9725	4091.0525	434	THE	47
4091.0525	4091.2725	289	NUMBER	47
4091.2725	4091.3861537592566	294	OF	47
4091.3861537592566	4091.9025	429	TEASPOONS	47
4091.9025	4092.0025	294	OF	47
4092.0025	4092.5093284397617	395	SOYSAUCE	47
4092.5093284397617	4092.636817634969	433	THAT	47
4092.636817634969	4092.7525	495	YOU	47
4092.7525	4093.0924999999997	7	ADD	47
4099.91038316929	4100.3325	88888	BAGPACKS	48
4100.3325	4100.4525	20	AND	48
4100.4525	4100.8125	59	BONGOS	48
4100.8125	4100.8763363640555	30	ARE	48
4100.8763363640555	4101.2425	273	MUSICAL	48
4101.2425	4101.652415452408	220	INSTRUMENTS	48
