25.13034013605442	25.455447475807993	375	SHE	1
25.455447475807993	25.84822344176815	490	WORE	1
25.84822344176815	26.388236583968652	471	WARM	1
26.388236583968652	26.977164161089583	158	FLEECY	1
26.977164161089583	27.39460039322578	489	WOOLEN	1
27.39460039322578	27.468217280629755	99999	sp	1
27.468217280629755	28.160340136054423	311	OVERALLS	1
38.12009070294785	38.52317434264727	88888	READ	2
38.52317434264727	38.74029049576333	496	YOUR	2
38.74029049576333	38.815006142680794	99999	sp	2
38.815006142680794	39.333570680498255	335	POOR	2
39.333570680498255	39.419273922550644	99999	sp	2
39.419273922550644	40.03317434264727	240	LIGHT	2
40.03317434264727	40.09317434264727	99999	sp	2
40.09317434264727	40.484596277303936	181	GIVES	2
40.484596277303936	40.63770664870838	495	YOU	2
40.63770664870838	41.42317434264727	150	EYESTRAIN	2
49.50585888862372	49.53460317460318	99999	sp	3
49.53460317460318	49.83774361868798	142	EVEN	3
49.83774361868798	50.19585918862372	211	I	3
50.19585918862372	50.846866581066315	293	OCCASIONALLY	3
50.846866581066315	51.08585918862372	177	GET	3
51.08585918862372	51.1307982375757	99999	sp	3
51.1307982375757	51.190002589408685	434	THE	3
51.190002589408685	51.56585918862372	265	MONDAY	3
51.56585918862372	51.96470645577541	56	BLUES	3
59.43621320381534	59.47773242630385	99999	sp	4
59.47773242630385	59.59749626065886	476	WE	4
59.59749626065886	59.82078788972559	30	ARE	4
59.82078788972559	60.26549209231125	301	OPEN	4
60.26549209231125	60.62621340381534	145	EVERY	4
60.62621340381534	60.95621340381535	265	MONDAY	4
60.95621340381535	61.485630951934354	143	EVENING	4
252.73886621315194	252.99277846869623	375	SHE	1
252.99277846869623	253.344898083813	490	WORE	1
253.344898083813	253.65789005753942	471	WARM	1
253.65789005753942	254.10886621315194	158	FLEECY	1
254.10886621315194	254.42619960130213	489	WOOLEN	1
254.42619960130213	254.91166693331235	311	OVERALLS	1
263.2675482606382	263.2897052154195	99999	sp	2
263.2897052154195	263.67082245771604	354	READING	2
263.67082245771604	263.84567493790985	217	IN	2
263.84567493790985	264.141628018669	335	POOR	2
264.141628018669	264.46926816358996	240	LIGHT	2
264.46926816358996	264.7189024815873	181	GIVES	2
264.7189024815873	264.81750997636476	495	YOU	2
264.81750997636476	265.53754836063814	150	EYESTRAIN	2
273.27068479996944	273.2900680272109	99999	sp	3
273.2900680272109	273.52068489996947	142	EVEN	3
273.52068489996947	273.7279876741616	211	I	3
273.7279876741616	274.27121301271995	293	OCCASIONALLY	3
274.27121301271995	274.47550207303925	177	GET	3
274.47550207303925	274.5158851441266	434	THE	3
274.5158851441266	274.9246857861492	265	MONDAY	3
274.9246857861492	275.3444660791078	56	BLUES	3
282.7115502754323	282.74657596371884	99999	sp	4
282.74657596371884	282.81105089891696	476	WE	4
282.81105089891696	282.98432380567203	30	ARE	4
282.98432380567203	283.3915502754323	301	OPEN	4
283.3915502754323	283.7480797052613	145	EVERY	4
283.7480797052613	284.1289017276359	265	MONDAY	4
284.1289017276359	284.6873358847218	143	EVENING	4
293.3708843537415	293.5450917867048	226	IT'S	5
293.5450917867048	293.82811338340366	285	NOT	5
293.82811338340366	294.28882867770307	133	EASY	5
294.28882867770307	294.4384727985406	446	TO	5
294.4384727985406	294.9256262885711	113	CREATE	5
294.9256262885711	295.541085852399	215	ILLUMINATING	5
295.541085852399	296.2422323071524	146	EXAMPLES	5
353.8356462585034	354.16982561643584	270	MUM	6
354.16982561643584	354.6544244533449	407	STRONGLY	6
354.6544244533449	355.0957882890471	126	DISLIKES	6
355.0957882890471	355.8665429211538	27	APPETIZERS	6
364.295517473586	364.32544217687075	99999	sp	7
364.32544217687075	364.57301000193354	443	THOSE	7
364.57301000193354	364.6993933785994	484	WHO	7
364.6993933785994	365.00100769469157	427	TEACH	7
365.00100769469157	365.7753827189094	462	VALUES	7
365.7753827189094	366.1311616607026	99999	sp	7
366.1311616607026	366.50910227363613	156	FIRST	7
366.50910227363613	366.9935884900355	4	ABOLISH	7
366.9935884900355	367.39392837849033	87	CHEATING	7
375.791711898814	375.8863278071501	434	THE	8
375.8863278071501	376.23666859275903	165	FRIGHTENED	8
376.23666859275903	376.7071262191481	89	CHILD	8
376.7071262191481	376.94906608562434	472	WAS	8
376.94906608562434	377.2476898981196	176	GENTLY	8
377.2476898981196	377.7581864714354	410	SUBDUED	8
377.7581864714354	377.95170804824795	73	BY	8
377.95170804824795	378.14795408188184	208	HIS	8
378.14795408188184	378.4032023685398	52	BIG	8
378.4032023685398	378.95478870602585	66	BROTHER	8
387.1998214855098	387.23002267573696	99999	sp	9
387.23002267573696	387.4535397979722	142	EVEN	9
387.4535397979722	387.53052883244294	1	A	9
387.53052883244294	387.97982178550984	383	SIMPLE	9
387.97982178550984	389.0626643465425	468	VOCABULARY	9
389.0626643465425	389.59982178550985	104	CONTAINS	9
389.59982178550985	390.2198217855098	422	SYMBOLS	9
399.03502901406654	399.1943506570458	1	A	10
399.1943506570458	399.5647109161181	110	CRAB	10
399.5647109161181	400.1185830152712	85	CHALLENGED	10
400.1185830152712	400.4238799855875	258	ME	10
400.4238799855875	400.73084524535915	99999	sp	10
400.73084524535915	400.88226413621703	70	BUT	10
400.88226413621703	400.9606737406152	1	A	10
400.9606737406152	401.27264386875265	350	QUICK	10
401.27264386875265	401.90304061033254	402	STAB	10
401.90304061033254	402.09950331648264	99999	sp	10
402.09950331648264	402.6049950214326	464	VANQUISHED	10
402.6049950214326	402.95217265506517	207	HIM	10
411.10526506049905	411.61050219747256	183	GLUCOSE	11
411.61050219747256	411.70559469642353	20	AND	11
411.70559469642353	412.4046079781861	167	FRUCTOSE	11
412.4046079781861	412.5063736349582	30	ARE	11
412.5063736349582	412.9050948147702	276	NATURAL	11
412.9050948147702	413.30214770512697	414	SUGARS	11
413.30214770512697	413.5857569125247	163	FOUND	11
413.5857569125247	413.73256638458935	217	IN	11
421.32290249433106	421.37577580898596	30	ARE	12
421.37577580898596	421.497624703556	495	YOU	12
421.497624703556	421.795775808986	250	LOOKING	12
421.795775808986	421.96125082147717	161	FOR	12
421.96125082147717	422.595775808986	136	EMPLOYMENT	12
432.0195207749459	432.42183310164484	98	COFFEE	13
432.42183310164484	432.65706191483935	224	IS	13
432.65706191483935	433.0910218553752	198	GROWN	13
433.0910218553752	433.26035323508614	297	ON	13
433.26035323508614	433.759833760739	404	STEEP	13
433.759833760739	434.1835353016449	231	JUNGLE	13
434.1835353016449	434.29447655042105	241	LIKE	13
434.29447655042105	434.84668036011885	390	SLOPES	13
434.84668036011885	434.98749970406965	217	IN	13
434.98749970406965	435.55490945788273	431	TEMPERATE	13
443.6248390632619	443.7628996020936	476	WE	14
443.7628996020936	444.13242571643826	480	WELCOME	14
444.13242571643826	444.4496781350609	256	MANY	14
444.4496781350609	444.6173412253165	282	NEW	14
444.6173412253165	445.1545304299168	408	STUDENTS	14
445.1545304299168	445.4389737820421	132	EACH	14
445.4389737820421	445.7167439763463	491	YEAR	14
453.64221765915653	453.65868480725624	99999	sp	15
453.65868480725624	453.939608113277	298	ONLY	15
453.939608113277	454.1196283871796	434	THE	15
454.1196283871796	454.40325719945287	51	BEST	15
454.40325719945287	454.7523969407316	330	PLAYERS	15
454.7523969407316	455.0540112568238	139	ENJOY	15
455.0540112568238	455.889793037123	336	POPULARITY	15
462.72984971766846	462.75356009070293	99999	sp	16
462.75356009070293	463.25984951766844	75	CALCIUM	16
463.25984951766844	463.60032786040193	254	MAKES	16
463.60032786040193	464.01822104877874	58	BONES	16
464.01822104877874	464.16398837892103	20	AND	16
464.16398837892103	464.49984951766845	430	TEETH	16
464.49984951766845	464.9679366926075	406	STRONG	16
474.23407307552725	474.2583219954648	99999	sp	17
474.2583219954648	474.66611945622367	286	NOTHING	17
474.66611945622367	474.7842678742689	224	IS	17
474.7842678742689	475.94458017705404	99999	sp	17
475.94458017705404	476.22407307552726	34	AS	17
476.22407307552726	476.71407307552727	295	OFFENSIVE	17
476.71407307552727	476.89709753467076	34	AS	17
476.89709753467076	477.0107534670921	99999	sp	17
477.0107534670921	477.54407307552725	217	IN	17
477.54407307552725	477.6118846035636	99999	sp	17
477.6118846035636	478.4940730755273	219	INNOCENCE	17
486.4527891156463	486.74171132935186	405	STEVE	18
486.74171132935186	486.98850379627544	490	WORE	18
486.98850379627544	487.15520579617214	1	A	18
487.15520579617214	487.6237506908654	65	BRIGHT	18
487.6237506908654	487.93466930462625	356	RED	18
487.93466930462625	488.47377178997345	78	CASHMERE	18
488.47377178997345	488.9896209992573	420	SWEATER	18
496.99657907178073	497.41288044442285	46	BARBS	19
497.41288044442285	497.7715626773081	188	GOLD	19
497.7715626773081	498.3524258810484	63	BRACELET	19
498.3524258810484	498.5693035102349	472	WAS	19
498.5693035102349	498.6276936411697	1	A	19
498.6276936411697	499.3762830887153	193	GRADUATION	19
499.3762830887153	499.83685916384064	339	PRESENT	19
509.12698412698415	509.48569902703707	130	DRAW	20
509.48569902703707	509.6404639539938	99999	sp	20
509.6404639539938	510.0384837476193	145	EVERY	20
510.0384837476193	510.37263061596553	308	OUTER	20
510.37263061596553	510.69902613813	244	LINE	20
510.69902613813	511.3884837476193	156	FIRST	20
511.3884837476193	511.6196350822694	99999	sp	20
511.6196350822694	511.8384837476193	436	THEN	20
511.8384837476193	512.1818260251798	154	FILL	20
512.1818260251798	512.4284837476193	217	IN	20
512.4284837476193	512.5365566969248	434	THE	20
512.5365566969248	513.0984837476193	222	INTERIOR	20
521.0723718220744	521.1010430839002	99999	sp	21
521.1010430839002	521.1623722220744	434	THE	21
521.1623722220744	521.5223722220744	475	WATER	21
521.5223722220744	521.9923722220744	103	CONTAINED	21
521.9923722220744	522.2078127691818	448	TOO	21
522.2078127691818	522.4654602500524	269	MUCH	21
522.4654602500524	522.9523722220744	90	CHLORINE	21
522.9523722220744	523.1123722220743	20	AND	21
523.1123722220743	523.4423722220744	409	STUNG	21
523.4423722220744	523.5775521001708	208	HIS	21
523.5775521001708	523.9423722220744	149	EYES	21
531.4998639455782	531.9312077068613	229	JOHN'S	22
531.9312077068613	532.3358247560595	66	BROTHER	22
532.3358247560595	532.9570475641472	363	REPAINTED	22
532.9570475641472	533.0781906732371	434	THE	22
533.0781906732371	533.5250235520983	173	GARAGE	22
533.5250235520983	533.7770475641472	129	DOOR	22
541.028843537415	541.665372599631	84	CHALLENGE	23
541.665372599631	541.9435449720897	132	EACH	23
541.9435449720897	542.3635449720898	175	GENERAL'S	23
542.3635449720898	543.135908488697	221	INTELLIGENCE	23
550.5114197920896	550.5641723356009	99999	sp	24
550.5641723356009	551.3014199920896	17	AMBIDEXTROUS	24
551.3014199920896	551.3839544672859	99999	sp	24
551.3839544672859	552.0128231301555	327	PICKPOCKETS	24
552.0128231301555	552.578234280144	6	ACCOMPLISH	24
552.578234280144	552.8683466199794	267	MORE	24
560.2914059809988	560.3736874593008	1	A	25
560.3736874593008	560.9456440767663	271	MUSCULAR	25
560.9456440767663	561.4303020526186	2	ABDOMEN	25
561.4303020526186	561.5627551640316	224	IS	25
561.5627551640316	561.7534073698534	189	GOOD	25
561.7534073698534	561.9691453922308	161	FOR	25
561.9691453922308	562.0735023891017	496	YOUR	25
562.0735023891017	562.3163330933589	43	BACK	25
569.9648072562359	570.1110843055327	438	THEY	26
570.1110843055327	570.2710843055328	317	OWN	26
570.2710843055328	570.3328340421932	1	A	26
570.3328340421932	570.5810843055327	52	BIG	26
570.5810843055327	571.1357251101754	209	HOUSE	26
571.1357251101754	571.2868640598465	217	IN	26
571.2868640598465	571.3410843055327	434	THE	26
571.3410843055327	571.6610843055328	361	REMOTE	26
571.6610843055328	572.3610843055327	109	COUNTRYSIDE	26
579.0651909064684	579.0819954648526	99999	sp	27
579.0819954648526	579.1751911064683	434	THE	27
579.1751911064683	579.6474598269378	369	ROSE	27
579.6474598269378	580.1753332278548	106	CORSAGE	27
580.1753332278548	580.6051911064683	393	SMELLED	27
580.6051911064683	580.9251911064683	421	SWEET	27
588.0514085581387	588.1594960862826	434	THE	28
588.1594960862826	588.3842650026199	99999	sp	28
588.3842650026199	588.5839481024017	88888	PI	28
588.5839481024017	588.6571986867438	99999	sp	28
588.6571986867438	588.8595039899891	433	THAT	28
588.8595039899891	589.455745765271	326	PICKPOCKET	28
589.455745765271	589.5996981395731	472	WAS	28
589.5996981395731	589.872631823697	80	CAUGHT	28
589.872631823697	590.0151192617323	356	RED	28
590.0151192617323	590.4685659299097	199	HANDED	28
600.278444982914	600.3009523809524	99999	sp	29
600.3009523809524	600.3691838971891	19	AN	29
600.3691838971891	600.858444982914	9	ADULT	29
600.858444982914	601.3855559470071	255	MALE	29
601.3855559470071	601.5049752498004	99999	sp	29
601.5049752498004	602.1814510210194	42	BABOON'S	29
602.1814510210194	602.328444982914	99999	sp	29
602.328444982914	602.780683316588	430	TEETH	29
602.780683316588	603.0070878931919	30	ARE	29
603.0070878931919	603.318444982914	285	NOT	29
603.318444982914	603.768444982914	415	SUITABLE	29
603.768444982914	603.9895619141071	161	FOR	29
603.9895619141071	604.238444982914	135	EATING	29
604.238444982914	604.8171000271026	376	SHELLFISH	29
612.6704761904762	612.8315991228986	204	HER	30
612.8315991228986	613.3107014174836	470	WARDROBE	30
613.3107014174836	613.8089961667287	102	CONSISTS	30
613.8089961667287	613.9365803085576	294	OF	30
613.9365803085576	614.2969615100138	298	ONLY	30
614.2969615100138	614.7770743579789	385	SKIRTS	30
614.7770743579789	614.9579500269315	20	AND	30
614.9579500269315	615.4196513177603	54	BLOUSES	30
622.4593559498381	622.4830839002268	99999	sp	31
622.4830839002268	622.5775313213304	434	THE	31
622.5775313213304	622.6547577178283	99999	sp	31
622.6547577178283	622.867240094626	453	TWO	31
622.867240094626	623.4032757308665	33	ARTISTS	31
623.4032757308665	624.0009125939886	147	EXCHANGED	31
624.0009125939886	624.6279728751866	39	AUTOGRAPHS	31
633.9595401541101	634.0003628117914	99999	sp	32
634.0003628117914	634.5795401541101	71	BUTTERSCOTCH	32
634.5795401541101	634.644277431577	99999	sp	32
634.644277431577	635.1186461646695	169	FUDGE	32
635.1186461646695	635.5623855496317	99999	sp	32
635.5623855496317	636.0113501166907	186	GOES	32
636.0113501166907	636.253551087148	481	WELL	32
636.253551087148	636.5600261324175	487	WITH	32
636.5600261324175	636.8441073961015	212	ICE	32
636.8441073961015	637.11954015411	463	VANILLA	32
637.11954015411	637.4043167355948	212	ICE	32
637.4043167355948	637.719367389425	112	CREAM	32
646.5836965332974	646.6010884353741	99999	sp	33
646.6010884353741	646.9236962332974	366	RICH	33
646.9236962332974	646.9799258147223	99999	sp	33
646.9799258147223	647.5036962332973	349	PURCHASED	33
647.5036962332973	647.8836962332974	374	SEVERAL	33
647.8836962332974	648.3936962332974	382	SIGNED	33
648.3936962332974	649.1200791770652	245	LITHOGRAPHS	33
656.5897711425586	656.8009275573221	24	ANY	34
656.8009275573221	657.6516430792105	105	CONTRIBUTIONS	34
657.6516430792105	657.7850720883937	485	WILL	34
657.7850720883937	657.9169621735791	47	BE	34
657.9169621735791	658.2598993728137	195	GREATLY	34
658.2598993728137	658.9616430792105	88888	ACCEPTED	34
666.9557227730116	667.0761346924777	434	THE	35
667.0761346924777	667.7093007023386	111	CRANBERRY	35
667.7093007023386	668.1046531712533	57	BOG	35
668.1046531712533	668.4295800332123	178	GETS	35
668.4295800332123	668.7986089929217	465	VERY	35
668.7986089929217	669.159844751321	340	PRETTY	35
669.159844751321	669.3414660631828	99999	sp	35
669.3414660631828	669.6023830250542	340	PRETTY	35
669.6023830250542	669.6967056953029	217	IN	35
669.6967056953029	670.159232196828	40	AUTUMN	35
676.7989115646259	677.1684409259241	210	HOW	36
677.1684409259241	677.3170063551963	128	DO	36
677.3170063551963	677.7570063551964	318	OYSTERS	36
677.7570063551964	678.0302519288658	253	MAKE	36
678.0302519288658	678.4170063551963	320	PEARLS	36
685.4131256072384	685.438820861678	99999	sp	37
685.438820861678	685.5431018828691	257	MAY	37
685.5431018828691	685.6415328960176	211	I	37
685.6415328960176	685.965771483492	304	ORDER	37
685.965771483492	686.0611654042452	1	A	37
686.0611654042452	686.4943584243041	319	PARFAIT	37
686.4943584243041	686.7931256072385	10	AFTER	37
686.7931256072385	686.8231256072385	211	I	37
686.8231256072385	686.9941826013234	134	EAT	37
686.9941826013234	687.0320319510552	99999	sp	37
687.0320319510552	687.3696297681626	124	DINNER	37
693.3314455156307	693.3482086167801	99999	sp	38
693.3482086167801	693.4765106246932	224	IS	38
693.4765106246932	693.7495756666924	375	SHE	38
693.7495756666924	694.0514455156307	187	GOING	38
694.0514455156307	694.227039864588	487	WITH	38
694.227039864588	694.4917686923608	495	YOU	38
702.3282562289872	702.3591836734694	99999	sp	39
702.3591836734694	702.5582561289873	76	CAN	39
702.5582561289873	702.6992553850567	434	THE	39
702.6992553850567	703.2882561289873	11	AGENCY	39
703.2882561289873	703.7682561289873	315	OVERTHROW	39
703.7682561289873	704.2110671998474	13	ALIEN	39
704.2110671998474	704.7882561289873	162	FORCES	39
712.7084858563022	712.8222303555897	1	A	40
712.8222303555897	713.5284441758689	371	SCREWDRIVER	40
713.5284441758689	713.7052510983434	224	IS	40
713.7052510983434	713.9902259744139	252	MADE	40
713.9902259744139	714.2408988193694	166	FROM	40
714.2408988193694	714.7195361992483	469	VODKA	40
714.7195361992483	714.8443988832742	20	AND	40
714.8443988832742	715.213662102971	303	ORANGE	40
715.213662102971	715.590921297903	230	JUICE	40
721.8026303854875	721.9409275733288	210	HOW	41
721.9409275733288	722.1047660472506	269	MUCH	41
722.1047660472506	722.6762542075406	16	ALLOWANCE	41
722.6762542075406	722.7450534633933	128	DO	41
722.7450534633933	722.8868370113304	495	YOU	41
722.8868370113304	723.170584074509	177	GET	41
732.5170068027211	732.8858420997259	115	CYCLICAL	42
732.8858420997259	732.9129250995124	99999	sp	42
732.9129250995124	733.4795134158392	346	PROGRAMS	42
733.4795134158392	733.5996339967903	485	WILL	42
733.5996339967903	733.9109858652471	281	NEVER	42
733.9109858652471	733.9685987920658	99999	sp	42
733.9685987920658	734.5116907770471	100	COMPILE	42
743.7433390585696	743.7632653061224	99999	sp	43
743.7632653061224	743.8908842427779	434	THE	43
743.8908842427779	743.9414477397139	99999	sp	43
743.9414477397139	744.46600099825	61	BOSTON	43
744.46600099825	744.8686806251396	88888	BAL	43
744.8686806251396	745.0331762269334	99999	sp	43
745.0331762269334	745.1903431315695	88888	BA	43
745.1903431315695	745.4188383048408	99999	sp	43
745.4188383048408	745.9059006258219	45	BALLET	43
745.9059006258219	746.5121142161463	312	OVERCAME	43
746.5121142161463	746.6238787116098	435	THEIR	43
746.6238787116098	747.032068159322	170	FUNDING	43
747.032068159322	747.6933390585696	380	SHORTAGE	43
754.7634912635806	755.1016165846833	145	EVERY	44
755.1016165846833	755.656514846891	74	CAB	44
755.656514846891	756.0950149202812	280	NEEDS	44
756.0950149202812	756.5542479244436	364	REPAINTING	44
764.8099773242631	765.1665802410428	203	HELP	45
765.1665802410428	765.6011016104596	196	GREG	45
765.6011016104596	765.8419196255475	446	TO	45
765.8419196255475	766.2950690353105	99999	sp	45
766.2950690353105	766.6211016104596	325	PICK	45
766.6211016104596	766.840708450318	1	A	45
766.840708450318	767.1871883958669	321	PECK	45
767.1871883958669	767.3766391425305	294	OF	45
767.3766391425305	768.230012712088	338	POTATOES	45
775.5476152384665	775.5851247165533	99999	sp	46
775.5851247165533	775.7476152384664	476	WE	46
775.7476152384664	776.119199157766	241	LIKE	46
776.119199157766	776.3547824018988	55	BLUE	46
776.3547824018988	776.7776152384665	88	CHEESE	46
776.7776152384665	776.9276152384665	70	BUT	46
776.9276152384665	777.3281068673757	466	VICTOR	46
777.3281068673757	777.7820834621496	242	LIKES	46
777.7820834621496	778.0683932647033	64	BRIE	46
786.0377423984646	786.0666666666667	99999	sp	47
786.0666666666667	786.3477702062569	108	COUNT	47
786.3477702062569	786.3997272857483	434	THE	47
786.3997272857483	786.7377423984647	289	NUMBER	47
786.7377423984647	786.8975170776214	294	OF	47
786.8975170776214	787.4477423984646	429	TEASPOONS	47
787.4477423984646	787.541343200118	294	OF	47
787.541343200118	788.1816307640166	395	SOYSAUCE	47
788.1816307640166	788.3358909819792	433	THAT	47
788.3358909819792	788.4864364409171	495	YOU	47
788.4864364409171	788.8142314653605	7	ADD	47
796.1299667825117	796.1726077097505	99999	sp	48
796.1726077097505	796.7658102580699	44	BAGPIPES	48
796.7658102580699	796.9442549920817	20	AND	48
796.9442549920817	797.3310774734914	59	BONGOS	48
797.3310774734914	797.3958186637869	30	ARE	48
797.3958186637869	797.8168485275394	273	MUSICAL	48
797.8168485275394	798.3899667825118	220	INSTRUMENTS	48
805.0753741496599	805.4877271888907	210	HOW	49
805.4877271888907	805.893387729275	189	GOOD	49
805.893387729275	806.0124080564541	99999	sp	49
806.0124080564541	806.1734064473807	224	IS	49
806.1734064473807	806.3653741496599	496	YOUR	49
806.3653741496599	806.8353741496599	138	ENDURANCE	49
819.3960854228246	819.4311111111111	99999	sp	4
1343.6117006802722	1343.7717006802723	375	SHE	1
1343.7717006802723	1344.0117006802723	490	WORE	1
1344.0117006802723	1344.400676341238	471	WARM	1
1344.400676341238	1344.8017006802722	158	FLEECY	1
1344.8017006802722	1345.143240997376	489	WOOLEN	1
1345.143240997376	1345.6417006802724	311	OVERALLS	1
1352.5711028259018	1352.583492063492	99999	sp	2
1352.583492063492	1352.8411029259019	354	READING	2
1352.8411029259019	1353.0067995082577	217	IN	2
1353.0067995082577	1353.247767768863	335	POOR	2
1353.247767768863	1353.5178188677553	240	LIGHT	2
1353.5178188677553	1353.7491308312187	181	GIVES	2
1353.7491308312187	1353.8611029259018	495	YOU	2
1353.8611029259018	1354.5165976761768	150	EYESTRAIN	2
1361.5361451247165	1361.7820432104736	142	EVEN	3
1361.7820432104736	1362.0065557018677	211	I	3
1362.0065557018677	1362.4928170450687	293	OCCASIONALLY	3
1362.4928170450687	1362.6649489653557	177	GET	3
1362.6649489653557	1362.7146188221088	434	THE	3
1362.7146188221088	1363.1117069240524	265	MONDAY	3
1363.1117069240524	1363.3846188221087	56	BLUES	3
1369.9887103142821	1370.030566893424	99999	sp	4
1370.030566893424	1370.128710314282	476	WE	4
1370.128710314282	1370.2404982085452	30	ARE	4
1370.2404982085452	1370.578710314282	301	OPEN	4
1370.578710314282	1370.8334696954419	145	EVERY	4
1370.8334696954419	1371.1887103142822	265	MONDAY	4
1371.1887103142822	1371.6687103142822	143	EVENING	4
1380.3957369614513	1380.5503540499005	226	IT'S	5
1380.5503540499005	1380.8234308576968	285	NOT	5
1380.8234308576968	1381.1439699839864	133	EASY	5
1381.1439699839864	1381.314325419075	446	TO	5
1381.314325419075	1381.6407594068805	113	CREATE	5
1381.6407594068805	1382.1835604750815	215	ILLUMINATING	5
1382.1835604750815	1382.8035040673176	146	EXAMPLES	5
1389.665773343996	1389.693514739229	99999	sp	6
1389.693514739229	1389.975773343996	270	MUM	6
1389.975773343996	1390.4285770073075	407	STRONGLY	6
1390.4285770073075	1390.8193608479378	126	DISLIKES	6
1390.8193608479378	1391.4821716585711	27	APPETIZERS	6
1398.6216494941898	1398.645260770975	99999	sp	7
1398.645260770975	1398.884394852336	443	THOSE	7
1398.884394852336	1398.971001012008	484	WHO	7
1398.971001012008	1399.2316492941898	427	TEACH	7
1399.2316492941898	1399.6216492941896	462	VALUES	7
1399.6216492941896	1399.8538910263683	156	FIRST	7
1399.8538910263683	1400.295042614464	4	ABOLISH	7
1400.295042614464	1400.7092497589078	87	CHEATING	7
1408.5183464272334	1408.592778748468	434	THE	8
1408.592778748468	1408.898825710445	165	FRIGHTENED	8
1408.898825710445	1409.2951816120217	89	CHILD	8
1409.2951816120217	1409.4476229512263	472	WAS	8
1409.4476229512263	1409.7356081252835	176	GENTLY	8
1409.7356081252835	1410.200886195113	410	SUBDUED	8
1410.200886195113	1410.3343427391883	73	BY	8
1410.3343427391883	1410.5219846470234	208	HIS	8
1410.5219846470234	1410.721667746805	52	BIG	8
1410.721667746805	1411.2923622019264	66	BROTHER	8
1418.548953406764	1418.5526530612244	99999	sp	9
1418.5526530612244	1418.808953406764	142	EVEN	9
1418.808953406764	1418.8570144709527	1	A	9
1418.8570144709527	1419.1589534067639	383	SIMPLE	9
1419.1589534067639	1419.868953406764	468	VOCABULARY	9
1419.868953406764	1420.338953406764	104	CONTAINS	9
1420.338953406764	1420.713306443587	422	SYMBOLS	9
1429.006208225106	1429.1461223990652	1	A	10
1429.1461223990652	1429.5906430684286	110	CRAB	10
1429.5906430684286	1430.0432646081724	85	CHALLENGED	10
1430.0432646081724	1430.3031536676874	258	ME	10
1430.3031536676874	1430.4325964811137	70	BUT	10
1430.4325964811137	1430.537593285818	1	A	10
1430.537593285818	1430.7764102594265	350	QUICK	10
1430.7764102594265	1431.1015224419857	402	STAB	10
1431.1015224419857	1431.564104899269	464	VANQUISHED	10
1431.564104899269	1431.8260008241084	207	HIM	10
1440.3340323671837	1440.7387968082094	183	GLUCOSE	11
1440.7387968082094	1440.828102315147	20	AND	11
1440.828102315147	1441.3789868467056	167	FRUCTOSE	11
1441.3789868467056	1441.4639639375541	30	ARE	11
1441.4639639375541	1441.8521874826865	276	NATURAL	11
1441.8521874826865	1442.2144266737478	414	SUGARS	11
1442.2144266737478	1442.4492299167073	163	FOUND	11
1442.4492299167073	1442.579676162796	217	IN	11
1442.579676162796	1442.7915787587535	168	FRUIT	11
1449.3753233007449	1449.397641723356	99999	sp	12
1449.397641723356	1449.4853233007448	30	ARE	12
1449.4853233007448	1449.6075846443857	495	YOU	12
1449.6075846443857	1449.8553233007449	250	LOOKING	12
1449.8553233007449	1450.0284261160068	161	FOR	12
1450.0284261160068	1450.6253233007449	136	EMPLOYMENT	12
1464.1463346779954	1464.2791514142361	476	WE	14
1464.2791514142361	1464.639383739973	480	WELCOME	14
1464.639383739973	1464.9296274926662	256	MANY	14
1464.9296274926662	1465.0850791298583	282	NEW	14
1465.0850791298583	1465.5938194896037	408	STUDENTS	14
1465.5938194896037	1465.8266158672386	132	EACH	14
1465.8266158672386	1466.0533916489003	491	YEAR	14
1473.5094196114974	1473.5389569160998	99999	sp	15
1473.5389569160998	1473.734057799981	298	ONLY	15
1473.734057799981	1473.8997537555645	434	THE	15
1473.8997537555645	1474.1496484001214	51	BEST	15
1474.1496484001214	1474.4954346040154	330	PLAYERS	15
1474.4954346040154	1474.8061572701358	139	ENJOY	15
1474.8061572701358	1475.4627371494971	336	POPULARITY	15
1483.5323910182228	1483.5525623582766	99999	sp	16
1483.5525623582766	1484.082012977685	75	CALCIUM	16
1484.082012977685	1484.4285426040042	254	MAKES	16
1484.4285426040042	1484.828841050736	58	BONES	16
1484.828841050736	1484.972600293347	20	AND	16
1484.972600293347	1485.2028382450123	430	TEETH	16
1485.2028382450123	1485.639455405611	406	STRONG	16
1492.7553764127358	1492.7725170068027	99999	sp	17
1492.7725170068027	1493.1253766127356	286	NOTHING	17
1493.1253766127356	1493.3511623117445	224	IS	17
1493.3511623117445	1493.6553766127356	34	AS	17
1493.6553766127356	1494.1553766127356	295	OFFENSIVE	17
1494.1553766127356	1494.3053766127357	34	AS	17
1494.3053766127357	1494.8653766127356	219	INNOCENCE	17
1502.5190929705216	1502.8190929705215	405	STEVE	18
1502.8190929705215	1503.0500576804438	490	WORE	18
1503.0500576804438	1503.1130375685675	1	A	18
1503.1130375685675	1503.3890929705217	65	BRIGHT	18
1503.3890929705217	1503.6653552153593	356	RED	18
1503.6653552153593	1504.112878458142	78	CASHMERE	18
1504.112878458142	1504.5590929705215	420	SWEATER	18
1512.0143263812636	1512.3124437607198	46	BARBS	19
1512.3124437607198	1512.5442367056926	188	GOLD	19
1512.5442367056926	1512.9716990197983	63	BRACELET	19
1512.9716990197983	1513.1166792964573	472	WAS	19
1513.1166792964573	1513.1718680928795	1	A	19
1513.1718680928795	1513.731783518398	193	GRADUATION	19
1513.731783518398	1514.0959246796374	339	PRESENT	19
1522.7215619380606	1522.7403174603176	99999	sp	20
1522.7403174603176	1523.0615618380607	130	DRAW	20
1523.0615618380607	1523.0794796447212	99999	sp	20
1523.0794796447212	1523.4578282562863	145	EVERY	20
1523.4578282562863	1523.734816231948	308	OUTER	20
1523.734816231948	1523.9715618380608	244	LINE	20
1523.9715618380608	1524.3415618380607	156	FIRST	20
1524.3415618380607	1524.5361358917198	99999	sp	20
1524.5361358917198	1524.6817123544317	436	THEN	20
1524.6817123544317	1524.9115618380606	154	FILL	20
1524.9115618380606	1525.029317722911	217	IN	20
1525.029317722911	1525.1615618380606	434	THE	20
1525.1615618380606	1525.7515618380605	222	INTERIOR	20
1534.461133786848	1534.5359701909974	434	THE	21
1534.5359701909974	1534.8410780299546	475	WATER	21
1534.8410780299546	1535.2483351426356	103	CONTAINED	21
1535.2483351426356	1535.430628910682	448	TOO	21
1535.430628910682	1535.6644609282223	269	MUCH	21
1535.6644609282223	1536.1644609282223	90	CHLORINE	21
1536.1644609282223	1536.2872413274456	20	AND	21
1536.2872413274456	1536.6044609282224	409	STUNG	21
1536.6044609282224	1536.7780832387466	208	HIS	21
1536.7780832387466	1537.1544609282223	149	EYES	21
1545.2172335600908	1545.6430393289506	229	JOHN'S	22
1545.6430393289506	1545.8839210315607	66	BROTHER	22
1545.8839210315607	1546.4077166615061	363	REPAINTED	22
1546.4077166615061	1546.5328722139168	434	THE	22
1546.5328722139168	1546.987716661506	173	GARAGE	22
1546.987716661506	1547.3119820745205	129	DOOR	22
1555.0824489795918	1555.6177310828746	84	CHALLENGE	23
1555.6177310828746	1555.9548283529134	132	EACH	23
1555.9548283529134	1556.3544465438313	175	GENERAL'S	23
1556.3544465438313	1556.9844465438314	221	INTELLIGENCE	23
1565.4539682539682	1566.2917603116812	17	AMBIDEXTROUS	24
1566.2917603116812	1566.9787666750021	327	PICKPOCKETS	24
1566.9787666750021	1567.5558632941704	6	ACCOMPLISH	24
1567.5558632941704	1567.787649931609	267	MORE	24
1575.7734920645185	1575.8332539739674	1	A	25
1575.8332539739674	1576.296839863913	271	MUSCULAR	25
1576.296839863913	1576.8306660402138	2	ABDOMEN	25
1576.8306660402138	1576.9420470657203	224	IS	25
1576.9420470657203	1577.0959288714978	189	GOOD	25
1577.0959288714978	1577.2524643668041	161	FOR	25
1577.2524643668041	1577.4049861314616	496	YOUR	25
1577.4049861314616	1577.6195109308862	43	BACK	25
1586.4448857171012	1586.6188117064296	438	THEY	26
1586.6188117064296	1586.8516080840645	99999	sp	26
1586.8516080840645	1587.1135040089039	99999	{CG}	26
1587.1135040089039	1587.2650223408991	438	THEY	26
1587.2650223408991	1587.4576814120453	317	OWN	26
1587.4576814120453	1587.5600315435918	1	A	26
1587.5600315435918	1587.8229309010933	52	BIG	26
1587.8229309010933	1588.2403588885768	209	HOUSE	26
1588.2403588885768	1588.4287454993923	217	IN	26
1588.4287454993923	1588.5033071854666	434	THE	26
1588.5033071854666	1588.7842683308882	361	REMOTE	26
1588.7842683308882	1589.4013968714773	109	COUNTRYSIDE	26
1596.985581263012	1597.0169614512472	99999	sp	27
1597.0169614512472	1597.0955812630118	434	THE	27
1597.0955812630118	1597.4650478683893	369	ROSE	27
1597.4650478683893	1597.925581263012	106	CORSAGE	27
1597.925581263012	1598.2655812630119	393	SMELLED	27
1598.2655812630119	1598.520641445811	421	SWEET	27
1606.5965396992776	1606.8062571256814	433	THAT	28
1606.8062571256814	1607.3731965798356	326	PICKPOCKET	28
1607.3731965798356	1607.5377595364398	472	WAS	28
1607.5377595364398	1607.7785833753726	80	CAUGHT	28
1607.7785833753726	1607.9110364867856	356	RED	28
1607.9110364867856	1608.3133080891887	199	HANDED	28
1617.4545124716553	1617.581416661407	19	AN	29
1617.581416661407	1617.9615160100277	9	ADULT	29
1617.9615160100277	1618.2442072267106	255	MALE	29
1618.2442072267106	1618.8215160100278	42	BABOON'S	29
1618.8215160100278	1619.1289760862207	430	TEETH	29
1619.1289760862207	1619.241516010028	30	ARE	29
1619.241516010028	1619.4350526950209	285	NOT	29
1619.4350526950209	1619.8515160100278	415	SUITABLE	29
1619.8515160100278	1620.0015160100277	161	FOR	29
1620.0015160100277	1620.2818823370437	135	EATING	29
1620.2818823370437	1620.9215160100277	376	SHELLFISH	29
1629.1286167800454	1629.2538146499953	204	HER	30
1629.2538146499953	1629.6890647395842	470	WARDROBE	30
1629.6890647395842	1630.2386167800453	102	CONSISTS	30
1630.2386167800453	1630.3386167800452	294	OF	30
1630.3386167800452	1630.6086167800452	298	ONLY	30
1630.6086167800452	1631.0409735283417	385	SKIRTS	30
1631.0409735283417	1631.2066359603416	20	AND	30
1631.2066359603416	1631.8637480111424	54	BLOUSES	30
1639.1710657596373	1639.313028622211	434	THE	31
1639.313028622211	1639.5301964111827	453	TWO	31
1639.5301964111827	1640.0333705746768	33	ARTISTS	31
1640.0333705746768	1640.4707885149178	147	EXCHANGED	31
1640.4707885149178	1641.0692449076494	39	AUTOGRAPHS	31
1649.1213842750444	1649.1551020408162	99999	sp	32
1649.1551020408162	1649.7413840750444	71	BUTTERSCOTCH	32
1649.7413840750444	1650.2881299069147	169	FUDGE	32
1650.2881299069147	1650.5013840750444	186	GOES	32
1650.5013840750444	1650.7213840750444	481	WELL	32
1650.7213840750444	1650.8925866414154	487	WITH	32
1650.8925866414154	1651.1165829042184	463	VANILLA	32
1651.1165829042184	1651.3913840750445	212	ICE	32
1651.3913840750445	1651.7013840750444	112	CREAM	32
1660.5031635001874	1660.5213605442177	99999	sp	33
1660.5213605442177	1660.9090012704237	366	RICH	33
1660.9090012704237	1661.3331635001873	349	PURCHASED	33
1661.3331635001873	1661.6586234715826	374	SEVERAL	33
1661.6586234715826	1662.0531635001873	382	SIGNED	33
1662.0531635001873	1662.7931635001873	245	LITHOGRAPHS	33
1671.011660543477	1671.201672941464	24	ANY	34
1671.201672941464	1671.9482268421557	105	CONTRIBUTIONS	34
1671.9482268421557	1672.0522202141983	485	WILL	34
1672.0522202141983	1672.1816630276246	47	BE	34
1672.1816630276246	1672.557869850504	195	GREATLY	34
1672.557869850504	1673.303906291833	28	APPRECIATED	34
1681.7195237356082	1681.8278385073695	434	THE	35
1681.8278385073695	1682.3215273771816	111	CRANBERRY	35
1682.3215273771816	1682.5392722648835	57	BOG	35
1682.5392722648835	1682.8212368429672	178	GETS	35
1682.8212368429672	1683.0761087391709	465	VERY	35
1683.0761087391709	1683.331984068037	340	PRETTY	35
1683.331984068037	1683.4463753915302	217	IN	35
1683.4463753915302	1683.8564401952437	40	AUTUMN	35
1691.4998639455782	1691.7090752409927	210	HOW	36
1691.7090752409927	1691.8298639455782	128	DO	36
1691.8298639455782	1692.2498639455782	318	OYSTERS	36
1692.2498639455782	1692.4822917790402	253	MAKE	36
1692.4822917790402	1692.8921772804354	320	PEARLS	36
1700.211019599669	1700.2409977324262	99999	sp	37
1700.2409977324262	1700.3705711088116	257	MAY	37
1700.3705711088116	1700.431019599669	211	I	37
1700.431019599669	1700.7071052044914	304	ORDER	37
1700.7071052044914	1700.8031237224504	1	A	37
1700.8031237224504	1701.221019599669	319	PARFAIT	37
1701.221019599669	1701.541019599669	10	AFTER	37
1701.541019599669	1701.6010195996691	211	I	37
1701.6010195996691	1701.8096749837302	134	EAT	37
1701.8096749837302	1702.151019599669	124	DINNER	37
1708.4087074829931	1708.489110368651	224	IS	38
1708.489110368651	1708.6569664895815	375	SHE	38
1708.6569664895815	1708.889110368651	187	GOING	38
1708.889110368651	1709.059110368651	487	WITH	38
1709.059110368651	1709.333511306067	495	YOU	38
1717.5725239985163	1717.5961904761905	99999	sp	39
1717.5961904761905	1717.7325240985163	76	CAN	39
1717.7325240985163	1717.7925240985164	434	THE	39
1717.7925240985164	1718.328671601313	11	AGENCY	39
1718.328671601313	1718.7736134011502	315	OVERTHROW	39
1718.7736134011502	1719.0569759519383	13	ALIEN	39
1719.0569759519383	1719.5948861439451	162	FORCES	39
1726.564894650992	1726.6403548745816	1	A	40
1726.6403548745816	1727.1551158303002	371	SCREWDRIVER	40
1727.1551158303002	1727.267500288469	224	IS	40
1727.267500288469	1727.4330666777353	252	MADE	40
1727.4330666777353	1727.6568321614102	166	FROM	40
1727.6568321614102	1727.9628791233872	469	VODKA	40
1727.9628791233872	1728.0401434383782	20	AND	40
1728.0401434383782	1728.3948656111345	303	ORANGE	40
1728.3948656111345	1728.7684502305506	230	JUICE	40
1734.6731972789116	1734.7831972789118	210	HOW	41
1734.7831972789118	1734.9677688720499	269	MUCH	41
1734.9677688720499	1735.4236038706958	16	ALLOWANCE	41
1735.4236038706958	1735.4631972789116	128	DO	41
1735.4631972789116	1735.5431972789115	495	YOU	41
1735.5431972789115	1735.7931972789115	177	GET	41
1743.351183934168	1743.384036281179	99999	sp	42
1743.384036281179	1743.8188353944358	115	CYCLICAL	42
1743.8188353944358	1744.299397267054	346	PROGRAMS	42
1744.299397267054	1744.4011839341679	485	WILL	42
1744.4011839341679	1744.7231739946426	281	NEVER	42
1744.7231739946426	1745.191183934168	100	COMPILE	42
1753.026394557823	1753.1564372170317	434	THE	43
1753.1564372170317	1753.544124889006	61	BOSTON	43
1753.544124889006	1753.8558800123092	45	BALLET	43
1753.8558800123092	1754.3491976893345	312	OVERCAME	43
1754.3491976893345	1754.4422687461185	435	THEIR	43
1754.4422687461185	1754.7791976893343	170	FUNDING	43
1754.7791976893343	1755.2991976893343	380	SHORTAGE	43
1762.3987077589102	1762.6690366928942	145	EVERY	44
1762.6690366928942	1763.0463273738887	74	CAB	44
1763.0463273738887	1763.3503674705414	280	NEEDS	44
1763.3503674705414	1763.8892108101534	364	REPAINTING	44
1763.8892108101534	1764.2807278526477	296	OFTEN	44
1771.68589569161	1771.94589569161	203	HELP	45
1771.94589569161	1772.2558189103215	196	GREG	45
1772.2558189103215	1772.444223178633	446	TO	45
1772.444223178633	1772.63403013839	325	PICK	45
1772.63403013839	1772.7668188023608	1	A	45
1772.7668188023608	1772.9896215564286	321	PECK	45
1772.9896215564286	1773.1379871594172	294	OF	45
1773.1379871594172	1773.68589569161	338	POTATOES	45
1781.7758559313172	1781.8118820861678	99999	sp	46
1781.8118820861678	1781.9403378731752	476	WE	46
1781.9403378731752	1782.2052013268767	241	LIKE	46
1782.2052013268767	1782.3745243047829	55	BLUE	46
1782.3745243047829	1782.7755866743698	88	CHEESE	46
1782.7755866743698	1782.9058559313173	70	BUT	46
1782.9058559313173	1783.2132063217875	466	VICTOR	46
1783.2132063217875	1783.495855931317	242	LIKES	46
1783.495855931317	1783.5627883301474	99999	sp	46
1783.5627883301474	1783.7619495052693	64	BRIE	46
1791.5797732426304	1791.8238189202243	108	COUNT	47
1791.8238189202243	1791.882957134525	434	THE	47
1791.882957134525	1792.2283399577045	289	NUMBER	47
1792.2283399577045	1792.3497732426304	294	OF	47
1792.3497732426304	1792.9208254509726	429	TEASPOONS	47
1792.9208254509726	1792.9995385271554	294	OF	47
1792.9995385271554	1793.7768848939322	395	SOYSAUCE	47
1793.7768848939322	1793.904089229544	433	THAT	47
1793.904089229544	1794.0697732426304	495	YOU	47
1794.0697732426304	1794.4097732426303	7	ADD	47
1801.5416780045352	1802.0714527001387	88888	BAGPIKES	48
1802.0714527001387	1802.2119371279773	20	AND	48
1802.2119371279773	1802.6159646700526	59	BONGOS	48
1802.6159646700526	1802.6859646700525	30	ARE	48
1802.6859646700525	1803.0804251728498	273	MUSICAL	48
1803.0804251728498	1803.8476481911632	220	INSTRUMENTS	48
1809.9259863945579	1810.1690024731283	210	HOW	49
1810.1690024731283	1810.3077606447273	189	GOOD	49
1810.3077606447273	1810.4678308887037	224	IS	49
1810.4678308887037	1810.5575871754545	496	YOUR	49
1810.5575871754545	1811.0992356848367	138	ENDURANCE	49
2299.0100680272108	2299.2012678230244	375	SHE	1
2299.2012678230244	2299.597833578047	490	WORE	1
2299.597833578047	2299.9735338763426	471	WARM	1
2299.9735338763426	2300.3600680272107	158	FLEECY	1
2300.3600680272107	2300.620808364812	489	WOOLEN	1
2300.620808364812	2301.1300680272107	311	OVERALLS	1
2308.196586986576	2308.2214058956915	99999	sp	2
2308.2214058956915	2308.4665867865765	354	READING	2
2308.4665867865765	2308.5848104969073	217	IN	2
2308.5848104969073	2308.766586786576	335	POOR	2
2308.766586786576	2309.0152345445886	240	LIGHT	2
2309.0152345445886	2309.2287848926394	181	GIVES	2
2309.2287848926394	2309.3165867865764	495	YOU	2
2309.3165867865764	2309.8658967414317	150	EYESTRAIN	2
2316.5552984442975	2316.5679818594103	99999	sp	3
2316.5679818594103	2316.7882475123974	142	EVEN	3
2316.7882475123974	2316.9555215828514	211	I	3
2316.9555215828514	2317.394904448204	293	OCCASIONALLY	3
2317.394904448204	2317.545154869077	177	GET	3
2317.545154869077	2317.5988252081997	434	THE	3
2317.5988252081997	2317.9286745675613	265	MONDAY	3
2317.9286745675613	2318.2029427717616	56	BLUES	3
2325.225501278827	2325.258866213152	99999	sp	4
2325.258866213152	2325.345501078827	476	WE	4
2325.345501078827	2325.505501078827	30	ARE	4
2325.505501078827	2325.7955881930984	301	OPEN	4
2325.7955881930984	2326.056035872486	145	EVERY	4
2326.056035872486	2326.3893419059145	265	MONDAY	4
2326.3893419059145	2326.9155010788268	143	EVENING	4
2334.795786884123	2334.8233106575963	99999	sp	5
2334.8233106575963	2334.965787084123	226	IT'S	5
2334.965787084123	2335.1547612549325	285	NOT	5
2335.1547612549325	2335.4457870841234	133	EASY	5
2335.4457870841234	2335.5257870841233	446	TO	5
2335.5257870841233	2335.8407390826874	113	CREATE	5
2335.8407390826874	2336.4193424788423	215	ILLUMINATING	5
2336.4193424788423	2337.0857870841232	146	EXAMPLES	5
2343.863934809394	2343.884081632653	99999	sp	6
2343.884081632653	2344.0939348093934	270	MUM	6
2344.0939348093934	2344.4842013341854	407	STRONGLY	6
2344.4842013341854	2344.8439348093934	126	DISLIKES	6
2344.8439348093934	2345.5563216173214	27	APPETIZERS	6
2352.779590626259	2352.8030839002267	99999	sp	7
2352.8030839002267	2353.0698118299397	443	THOSE	7
2353.0698118299397	2353.135759349033	484	WHO	7
2353.135759349033	2353.3895906262587	427	TEACH	7
2353.3895906262587	2353.779590626259	462	VALUES	7
2353.779590626259	2354.0311306479057	156	FIRST	7
2354.0311306479057	2354.419590626259	4	ABOLISH	7
2354.419590626259	2354.82804296981	87	CHEATING	7
2362.7760348135394	2362.859263768748	434	THE	8
2362.859263768748	2363.188389681956	165	FRIGHTENED	8
2363.188389681956	2363.6078245347635	89	CHILD	8
2363.6078245347635	2363.774394356692	472	WAS	8
2363.774394356692	2364.053348636789	176	GENTLY	8
2364.053348636789	2364.4115740972015	410	SUBDUED	8
2364.4115740972015	2364.5380066126413	73	BY	8
2364.5380066126413	2364.709593597881	208	HIS	8
2364.709593597881	2364.845235311509	52	BIG	8
2364.845235311509	2365.219201009075	66	BROTHER	8
2372.4483870398863	2372.469206349206	99999	sp	9
2372.469206349206	2372.7051869030956	142	EVEN	9
2372.7051869030956	2372.73282283049	1	A	9
2372.73282283049	2373.038387039886	383	SIMPLE	9
2373.038387039886	2373.735999953209	468	VOCABULARY	9
2373.735999953209	2374.188387039886	104	CONTAINS	9
2374.188387039886	2374.558387039886	422	SYMBOLS	9
2382.4136395544224	2382.519073393037	1	A	10
2382.519073393037	2382.828130653001	110	CRAB	10
2382.828130653001	2383.267634159053	85	CHALLENGED	10
2383.267634159053	2383.463303528186	258	ME	10
2383.463303528186	2383.595756639599	70	BUT	10
2383.595756639599	2383.683055281212	1	A	10
2383.683055281212	2383.942451351057	350	QUICK	10
2383.942451351057	2384.1943129492743	402	STAB	10
2384.1943129492743	2384.6546298115513	464	VANQUISHED	10
2384.6546298115513	2384.8333142345095	207	HIM	10
2392.8420096395694	2392.865484792479	99999	sp	11
2392.865484792479	2393.300046085253	183	GLUCOSE	11
2393.300046085253	2393.3955156526167	20	AND	11
2393.3955156526167	2393.863651513638	167	FRUCTOSE	11
2393.863651513638	2393.9432094864414	30	ARE	11
2393.9432094864414	2394.2781139501253	276	NATURAL	11
2394.2781139501253	2394.642009639569	414	SUGARS	11
2394.642009639569	2394.9220096395693	163	FOUND	11
2394.9220096395693	2395.0320096395694	217	IN	11
2395.0320096395694	2395.2820096395694	88888	SHUG	11
2395.2820096395694	2395.423672584047	99999	sp	11
2395.423672584047	2395.7320096395692	168	FRUIT	11
2401.705850340136	2401.7922403819343	30	ARE	12
2401.7922403819343	2401.952240381934	495	YOU	12
2401.952240381934	2402.2122403819344	250	LOOKING	12
2402.2122403819344	2402.3571266630056	161	FOR	12
2402.3571266630056	2402.9232865975428	136	EMPLOYMENT	12
2411.0587510441746	2411.4551069457516	98	COFFEE	13
2411.4551069457516	2411.5955875184623	224	IS	13
2411.5955875184623	2411.8063083775282	198	GROWN	13
2411.8063083775282	2411.92471343167	297	ON	13
2411.92471343167	2412.2367809896205	404	STEEP	13
2412.2367809896205	2412.5428279515977	231	JUNGLE	13
2412.5428279515977	2412.77170847736	241	LIKE	13
2412.77170847736	2413.10183782323	390	SLOPES	13
2413.10183782323	2413.3115552496342	217	IN	13
2413.3115552496342	2413.726249122136	431	TEMPERATE	13
2413.726249122136	2414.0736955529446	497	ZONES	13
2421.317328948141	2421.4168470859295	476	WE	14
2421.4168470859295	2421.8101926895197	480	WELCOME	14
2421.8101926895197	2422.0369684711814	256	MANY	14
2422.0369684711814	2422.1804593418788	282	NEW	14
2422.1804593418788	2422.593873598713	408	STUDENTS	14
2422.593873598713	2422.8025875924545	132	EACH	14
2422.8025875924545	2423.0258600864604	491	YEAR	14
2430.523026245118	2430.542403628118	99999	sp	15
2430.542403628118	2430.769093377033	298	ONLY	15
2430.769093377033	2430.8632003111375	434	THE	15
2430.8632003111375	2431.1530262451183	51	BEST	15
2431.1530262451183	2431.4918663481303	330	PLAYERS	15
2431.4918663481303	2431.7991670782985	139	ENJOY	15
2431.7991670782985	2432.480201707668	336	POPULARITY	15
2439.755918367347	2440.2069675588405	75	CALCIUM	16
2440.2069675588405	2440.49352679896	254	MAKES	16
2440.49352679896	2440.729266590115	58	BONES	16
2440.729266590115	2440.892930988611	20	AND	16
2440.892930988611	2441.105571014476	430	TEETH	16
2441.105571014476	2441.4667106208244	406	STRONG	16
2449.0458903393815	2449.0692063492065	99999	sp	17
2449.0692063492065	2449.4258905393817	286	NOTHING	17
2449.4258905393817	2449.595890539382	224	IS	17
2449.595890539382	2449.8552746558703	34	AS	17
2449.8552746558703	2450.3166615689674	295	OFFENSIVE	17
2450.3166615689674	2450.4658905393817	34	AS	17
2450.4658905393817	2450.9463222874765	219	INNOCENCE	17
2458.7655215744694	2458.8297505668934	99999	sp	18
2458.8297505668934	2459.025521574469	405	STEVE	18
2459.025521574469	2459.1953202357463	490	WORE	18
2459.1953202357463	2459.343711862741	1	A	18
2459.343711862741	2459.565521574469	65	BRIGHT	18
2459.565521574469	2459.8384029360072	356	RED	18
2459.8384029360072	2460.295521574469	78	CASHMERE	18
2460.295521574469	2460.6955215744692	420	SWEATER	18
2468.655945655257	2468.91861075277	46	BARBS	19
2468.91861075277	2469.138362505796	188	GOLD	19
2469.138362505796	2469.4614678230305	63	BRACELET	19
2469.4614678230305	2469.5969312324305	472	WAS	19
2469.5969312324305	2469.641082269568	1	A	19
2469.641082269568	2470.1909633684645	193	GRADUATION	19
2470.1909633684645	2470.568764492452	339	PRESENT	19
2478.830657596372	2479.0164022279205	130	DRAW	20
2479.0164022279205	2479.387494091662	145	EVERY	20
2479.387494091662	2479.6521486164684	308	OUTER	20
2479.6521486164684	2479.9015450400743	244	LINE	20
2479.9015450400743	2480.311732246358	156	FIRST	20
2480.311732246358	2480.4532420001724	436	THEN	20
2480.4532420001724	2480.692432223682	154	FILL	20
2480.692432223682	2480.830657596372	217	IN	20
2480.830657596372	2480.950657596372	434	THE	20
2480.950657596372	2481.580657596372	222	INTERIOR	20
2489.513779781551	2489.537142857143	99999	sp	21
2489.537142857143	2489.5869287687246	434	THE	21
2489.5869287687246	2489.8815618894455	475	WATER	21
2489.8815618894455	2490.2881359368535	103	CONTAINED	21
2490.2881359368535	2490.414739851698	448	TOO	21
2490.414739851698	2490.643779981551	269	MUCH	21
2490.643779981551	2491.100940573815	90	CHLORINE	21
2491.100940573815	2491.212339186348	20	AND	21
2491.212339186348	2491.483779981551	409	STUNG	21
2491.483779981551	2491.6152390813336	208	HIS	21
2491.6152390813336	2491.909976850137	149	EYES	21
2499.2863679408006	2499.307573696145	99999	sp	22
2499.307573696145	2499.6063678408004	229	JOHN'S	22
2499.6063678408004	2499.854297207562	66	BROTHER	22
2499.854297207562	2500.3363678408004	363	REPAINTED	22
2500.3363678408004	2500.456603826666	434	THE	22
2500.456603826666	2500.845598708476	173	GARAGE	22
2500.845598708476	2501.0763678408002	129	DOOR	22
2508.4848733769086	2508.498049886621	99999	sp	23
2508.498049886621	2508.9530326731488	84	CHALLENGE	23
2508.9530326731488	2509.2048731769087	132	EACH	23
2509.2048731769087	2509.5348731769086	175	GENERAL'S	23
2509.5348731769086	2510.1849657341536	221	INTELLIGENCE	23
2517.6321995464855	2518.348341396349	17	AMBIDEXTROUS	24
2518.348341396349	2518.8821995464855	327	PICKPOCKETS	24
2518.8821995464855	2519.363624183541	6	ACCOMPLISH	24
2519.363624183541	2519.5821995464853	267	MORE	24
2527.9769256685145	2528.0047070976166	1	A	25
2528.0047070976166	2528.418121354451	271	MUSCULAR	25
2528.418121354451	2528.864648889139	2	ABDOMEN	25
2528.864648889139	2529.0051294618497	224	IS	25
2529.0051294618497	2529.116510487356	189	GOOD	25
2529.116510487356	2529.2780631459736	161	FOR	25
2529.2780631459736	2529.385430440831	496	YOUR	25
2529.385430440831	2529.5529477396635	43	BACK	25
2538.512174538632	2538.5385034013607	99999	sp	26
2538.5385034013607	2538.6821743386317	438	THEY	26
2538.6821743386317	2538.8595257098477	317	OWN	26
2538.8595257098477	2538.962690528725	1	A	26
2538.962690528725	2539.1484676121677	52	BIG	26
2539.1484676121677	2539.4921743386317	209	HOUSE	26
2539.4921743386317	2539.5485106734495	99999	sp	26
2539.5485106734495	2539.622174338632	217	IN	26
2539.622174338632	2539.68028321489	434	THE	26
2539.68028321489	2539.9781461973203	361	REMOTE	26
2539.9781461973203	2540.6226656827644	109	COUNTRYSIDE	26
2547.7534930497177	2547.770975056689	99999	sp	27
2547.770975056689	2547.853047084386	434	THE	27
2547.853047084386	2548.2109196042	369	ROSE	27
2548.2109196042	2548.7534931497175	106	CORSAGE	27
2548.7534931497175	2549.104234239131	393	SMELLED	27
2549.104234239131	2549.1734931497176	99999	sp	27
2549.1734931497176	2549.4334931497174	421	SWEET	27
2556.241025503858	2556.3337783426914	434	THE	28
2556.3337783426914	2556.8876731722366	326	PICKPOCKET	28
2556.8876731722366	2556.971850650565	472	WAS	28
2556.971850650565	2557.2058861520422	80	CAUGHT	28
2557.2058861520422	2557.354380956881	356	RED	28
2557.354380956881	2557.754397716038	199	HANDED	28
2566.3591039731664	2566.3726077097504	99999	sp	29
2566.3726077097504	2566.458663230245	19	AN	29
2566.458663230245	2566.859092074387	9	ADULT	29
2566.859092074387	2567.1664129965293	255	MALE	29
2567.1664129965293	2567.6590920743865	42	BABOON'S	29
2567.6590920743865	2567.9090920743865	430	TEETH	29
2567.9090920743865	2567.9655991048626	30	ARE	29
2567.9655991048626	2568.1990920743865	285	NOT	29
2568.1990920743865	2568.239092074387	99999	sp	29
2568.239092074387	2568.5353984088115	415	SUITABLE	29
2568.5353984088115	2568.661627518846	161	FOR	29
2568.661627518846	2568.9296303295123	135	EATING	29
2568.9296303295123	2569.5390920743866	376	SHELLFISH	29
2576.899319727891	2577.032449398763	204	HER	30
2577.032449398763	2577.451074960022	470	WARDROBE	30
2577.451074960022	2577.845280139061	102	CONSISTS	30
2577.845280139061	2577.939319727891	294	OF	30
2577.939319727891	2578.139319727891	298	ONLY	30
2578.139319727891	2578.4915947513605	385	SKIRTS	30
2578.4915947513605	2578.6209654910626	20	AND	30
2578.6209654910626	2579.069319727891	54	BLOUSES	30
2585.816870748299	2585.979421071075	434	THE	31
2585.979421071075	2586.1539869982857	453	TWO	31
2586.1539869982857	2586.527984563554	33	ARTISTS	31
2586.527984563554	2586.9287373291904	88888	EXCHANGE	31
2586.9287373291904	2587.513986998286	39	AUTOGRAPHS	31
2594.786575963719	2595.2890189700634	71	BUTTERSCOTCH	32
2595.2890189700634	2595.6090189700635	169	FUDGE	32
2595.6090189700635	2595.8271719548366	186	GOES	32
2595.8271719548366	2596.0890189700635	481	WELL	32
2596.0890189700635	2596.2090189700634	487	WITH	32
2596.2090189700634	2596.5290189700636	463	VANILLA	32
2596.5290189700636	2596.8018272948707	212	ICE	32
2596.8018272948707	2597.0304786312677	112	CREAM	32
2604.590727265364	2604.609433106576	99999	sp	33
2604.609433106576	2604.848013420224	366	RICH	33
2604.848013420224	2604.9215564114725	99999	sp	33
2604.9215564114725	2605.2907274653644	88888	PURCHASE	33
2605.2907274653644	2605.5843674058287	374	SEVERAL	33
2605.5843674058287	2605.9112585752373	382	SIGNED	33
2605.9112585752373	2606.4508943511614	245	LITHOGRAPHS	33
2613.4225787819973	2613.6115383627593	24	ANY	34
2613.6115383627593	2614.2334532594805	105	CONTRIBUTIONS	34
2614.2334532594805	2614.3132728883816	485	WILL	34
2614.3132728883816	2614.410301441295	47	BE	34
2614.410301441295	2614.7390541087284	195	GREATLY	34
2614.7390541087284	2615.353440175792	28	APPRECIATED	34
2622.430316222214	2622.549765426738	434	THE	35
2622.549765426738	2622.981794001333	111	CRANBERRY	35
2622.981794001333	2623.2525870149066	57	BOG	35
2623.2525870149066	2623.5156624015954	178	GETS	35
2623.5156624015954	2623.7659741717002	465	VERY	35
2623.7659741717002	2623.9942428846402	340	PRETTY	35
2623.9942428846402	2624.1182288381947	217	IN	35
2624.1182288381947	2624.4320730717573	40	AUTUMN	35
2630.858321995465	2630.998346204548	210	HOW	36
2630.998346204548	2631.0938922027444	128	DO	36
2631.0938922027444	2631.518346204548	318	OYSTERS	36
2631.518346204548	2631.6665250104493	253	MAKE	36
2631.6665250104493	2631.735655190708	99999	sp	36
2631.735655190708	2632.0178319409074	320	PEARLS	36
2639.234890366776	2639.264126984127	99999	sp	37
2639.264126984127	2639.392199559832	257	MAY	37
2639.392199559832	2639.422655762252	211	I	37
2639.422655762252	2639.74007693447	304	ORDER	37
2639.74007693447	2639.803074702442	1	A	37
2639.803074702442	2640.184089080444	319	PARFAIT	37
2640.184089080444	2640.4244675312684	10	AFTER	37
2640.4244675312684	2640.454467531268	211	I	37
2640.454467531268	2640.631660849048	134	EAT	37
2640.631660849048	2640.9190992328718	124	DINNER	37
2647.204798445848	2647.235914286005	99999	sp	38
2647.235914286005	2647.3300016859525	224	IS	38
2647.3300016859525	2647.4556839473403	375	SHE	38
2647.4556839473403	2647.6947982458482	187	GOING	38
2647.6947982458482	2647.8747982458485	487	WITH	38
2647.8747982458485	2648.117962791634	495	YOU	38
2656.1438548752835	2656.24003271385	76	CAN	39
2656.24003271385	2656.3026310587347	434	THE	39
2656.3026310587347	2656.7775480481228	11	AGENCY	39
2656.7775480481228	2657.254997727631	315	OVERTHROW	39
2657.254997727631	2657.6070178086	13	ALIEN	39
2657.6070178086	2658.092347235518	162	FORCES	39
2665.9126445770876	2666.0141411983673	1	A	40
2666.0141411983673	2666.581037085956	371	SCREWDRIVER	40
2666.581037085956	2666.7065677079063	224	IS	40
2666.7065677079063	2666.8915855068153	252	MADE	40
2666.8915855068153	2667.0995383300083	166	FROM	40
2667.0995383300083	2667.424956196068	469	VODKA	40
2667.424956196068	2667.492927619007	20	AND	40
2667.492927619007	2667.8302847484465	303	ORANGE	40
2667.8302847484465	2668.0828162649864	230	JUICE	40
2674.260589569161	2674.3559913770105	210	HOW	41
2674.3559913770105	2674.5222495573794	269	MUCH	41
2674.5222495573794	2674.9005895691607	16	ALLOWANCE	41
2674.9005895691607	2674.970589569161	128	DO	41
2674.970589569161	2675.050589569161	495	YOU	41
2675.050589569161	2675.264233931411	177	GET	41
2682.4819954648524	2682.894753214615	115	CYCLICAL	42
2682.894753214615	2683.3615413408343	346	PROGRAMS	42
2683.3615413408343	2683.4647532146146	485	WILL	42
2683.4647532146146	2683.74138698739	281	NEVER	42
2683.74138698739	2684.2060285446196	100	COMPILE	42
2691.461133786848	2691.518117693823	434	THE	43
2691.518117693823	2691.954334151974	61	BOSTON	43
2691.954334151974	2692.3009729734536	45	BALLET	43
2692.3009729734536	2692.858117693823	312	OVERCAME	43
2692.858117693823	2692.958117693823	435	THEIR	43
2692.958117693823	2693.308117693823	170	FUNDING	43
2693.308117693823	2693.788117693823	380	SHORTAGE	43
2700.6701543203794	2700.9508161260705	145	EVERY	44
2700.9508161260705	2701.2681096121914	74	CAB	44
2701.2681096121914	2701.4636998567526	99999	sp	44
2701.4636998567526	2701.716019715665	280	NEEDS	44
2701.716019715665	2702.13125135076	364	REPAINTING	44
2702.13125135076	2702.5241767357056	296	OFTEN	44
2709.220589569161	2709.4805895691607	203	HELP	45
2709.4805895691607	2709.5259278314315	99999	sp	45
2709.5259278314315	2709.867206543692	196	GREG	45
2709.867206543692	2710.0309333409277	446	TO	45
2710.0309333409277	2710.2025112747256	325	PICK	45
2710.2025112747256	2710.3271351082003	1	A	45
2710.3271351082003	2710.517019408176	321	PECK	45
2710.517019408176	2710.677361097177	294	OF	45
2710.677361097177	2711.15983525601	338	POTATOES	45
2718.0960258198147	2718.127074829932	99999	sp	46
2718.127074829932	2718.2960257198147	476	WE	46
2718.2960257198147	2718.518885030693	241	LIKE	46
2718.518885030693	2718.773823139867	55	BLUE	46
2718.773823139867	2719.113100693507	88	CHEESE	46
2719.113100693507	2719.1960257198148	70	BUT	46
2719.1960257198148	2719.516025719815	466	VICTOR	46
2719.516025719815	2719.7560257198147	242	LIKES	46
2719.7560257198147	2719.8710908736534	99999	sp	46
2719.8710908736534	2720.0432421833643	64	BRIE	46
2728.418866213152	2728.6296768037214	108	COUNT	47
2728.6296768037214	2728.6833937218526	434	THE	47
2728.6833937218526	2728.968452621899	289	NUMBER	47
2728.968452621899	2729.049283134865	294	OF	47
2729.049283134865	2729.5449261748518	429	TEASPOONS	47
2729.5449261748518	2729.614698859166	294	OF	47
2729.614698859166	2730.0984526218986	395	SOYSAUCE	47
2730.0984526218986	2730.298452621899	433	THAT	47
2730.298452621899	2730.418504506118	495	YOU	47
2730.418504506118	2730.7303294921594	7	ADD	47
2738.7902947845805	2739.2537617279404	44	BAGPIPES	48
2739.2537617279404	2739.3554951224005	20	AND	48
2739.3554951224005	2739.7760829307817	59	BONGOS	48
2739.7760829307817	2739.8454951224007	30	ARE	48
2739.8454951224007	2740.194923026101	273	MUSICAL	48
2740.194923026101	2740.609480254397	220	INSTRUMENTS	48
2747.229569160998	2747.3695691609983	210	HOW	49
2747.3695691609983	2747.565787774125	189	GOOD	49
2747.565787774125	2747.699569160998	224	IS	49
2747.699569160998	2747.8095691609983	496	YOUR	49
2747.8095691609983	2748.3095691609983	138	ENDURANCE	49
3246.4366439909295	3246.6066439909296	375	SHE	1
3246.6066439909296	3246.8218883023137	490	WORE	1
3246.8218883023137	3247.1366439909298	471	WARM	1
3247.1366439909298	3247.4866439909297	158	FLEECY	1
3247.4866439909297	3247.7741522304937	489	WOOLEN	1
3247.7741522304937	3248.2666439909294	311	OVERALLS	1
3255.2057133767157	3255.227573696145	99999	sp	2
3255.227573696145	3255.4610766310707	354	READING	2
3255.4610766310707	3255.599449499076	217	IN	2
3255.599449499076	3255.7757134767157	335	POOR	2
3255.7757134767157	3255.994558721795	240	LIGHT	2
3255.994558721795	3256.1990355408384	181	GIVES	2
3256.1990355408384	3256.2757134767157	495	YOU	2
3256.2757134767157	3256.7954827866965	150	EYESTRAIN	2
3263.7730985727367	3263.795283446712	99999	sp	3
3263.795283446712	3263.981786058605	142	EVEN	3
3263.981786058605	3264.133098572737	211	I	3
3264.133098572737	3264.5555132593145	293	OCCASIONALLY	3
3264.5555132593145	3264.699026872608	177	GET	3
3264.699026872608	3264.7530985727367	434	THE	3
3264.7530985727367	3265.095769282652	265	MONDAY	3
3265.095769282652	3265.363098572737	56	BLUES	3
3271.794595739718	3271.824126984127	99999	sp	4
3271.824126984127	3271.917172122109	476	WE	4
3271.917172122109	3272.004595739718	30	ARE	4
3272.004595739718	3272.284595739718	301	OPEN	4
3272.284595739718	3272.505504794087	145	EVERY	4
3272.505504794087	3272.824595739718	265	MONDAY	4
3272.824595739718	3273.3374043336016	143	EVENING	4
3280.3832024648545	3280.4407256235827	99999	sp	5
3280.4407256235827	3280.5806580937224	226	IT'S	5
3280.5806580937224	3280.7971979107956	285	NOT	5
3280.7971979107956	3281.122925492371	133	EASY	5
3281.122925492371	3281.2533706823147	446	TO	5
3281.2533706823147	3281.457050796735	113	CREATE	5
3281.457050796735	3282.033202664855	215	ILLUMINATING	5
3282.033202664855	3282.663202664855	146	EXAMPLES	5
3289.504226611097	3289.5324263038547	99999	sp	6
3289.5324263038547	3289.7614665538194	270	MUM	6
3289.7614665538194	3290.170531855722	407	STRONGLY	6
3290.170531855722	3290.5177062585058	126	DISLIKES	6
3290.5177062585058	3291.214226611097	27	APPETIZERS	6
3298.791125935593	3298.822857142857	99999	sp	7
3298.822857142857	3299.0448515962257	443	THOSE	7
3299.0448515962257	3299.1420207905953	484	WHO	7
3299.1420207905953	3299.3777021864757	427	TEACH	7
3299.3777021864757	3299.720960954706	462	VALUES	7
3299.720960954706	3299.981125935593	156	FIRST	7
3299.981125935593	3300.3911259355928	4	ABOLISH	7
3300.3911259355928	3300.7373869384733	87	CHEATING	7
3308.2709705860234	3308.353845261117	434	THE	8
3308.353845261117	3308.6441069508337	165	FRIGHTENED	8
3308.6441069508337	3308.957435794701	89	CHILD	8
3308.957435794701	3309.064252929407	472	WAS	8
3309.064252929407	3309.321355585034	176	GENTLY	8
3309.321355585034	3309.6953501100065	410	SUBDUED	8
3309.6953501100065	3309.822700023541	73	BY	8
3309.822700023541	3309.951611750773	208	HIS	8
3309.951611750773	3310.1202903154926	52	BIG	8
3310.1202903154926	3310.494771121276	66	BROTHER	8
3317.79783719716	3317.8145124716552	99999	sp	9
3317.8145124716552	3318.02783719716	142	EVEN	9
3318.02783719716	3318.077081015917	1	A	9
3318.077081015917	3318.3416488030016	383	SIMPLE	9
3318.3416488030016	3319.072987128468	468	VOCABULARY	9
3319.072987128468	3319.4581767734594	104	CONTAINS	9
3319.4581767734594	3319.84783719716	422	SYMBOLS	9
3327.8046545131556	3327.930505479098	1	A	10
3327.930505479098	3328.2044279346255	110	CRAB	10
3328.2044279346255	3328.7342230062704	85	CHALLENGED	10
3328.7342230062704	3329.0498917131317	258	ME	10
3329.0498917131317	3329.161382958189	70	BUT	10
3329.161382958189	3329.2892134374347	1	A	10
3329.2892134374347	3329.5444109755163	350	QUICK	10
3329.5444109755163	3329.781158219338	402	STAB	10
3329.781158219338	3330.1660283886495	464	VANQUISHED	10
3330.1660283886495	3330.416528955977	207	HIM	10
3338.0512265275306	3338.4120779653267	183	GLUCOSE	11
3338.4120779653267	3338.519878695595	20	AND	11
3338.519878695595	3339.0055876038805	167	FRUCTOSE	11
3339.0055876038805	3339.0927971834226	30	ARE	11
3339.0927971834226	3339.446480478234	276	NATURAL	11
3339.446480478234	3339.852247271939	414	SUGARS	11
3339.852247271939	3340.0036527919783	163	FOUND	11
3340.0036527919783	3340.133255917132	217	IN	11
3340.133255917132	3340.3768019917425	168	FRUIT	11
3346.56951290733	3346.6164172335602	99999	sp	12
3346.6164172335602	3346.6895129073305	30	ARE	12
3346.6895129073305	3346.798431112187	495	YOU	12
3346.798431112187	3347.055912318903	250	LOOKING	12
3347.055912318903	3347.1967046505188	161	FOR	12
3347.1967046505188	3347.7239933097126	136	EMPLOYMENT	12
3355.0204959895354	3355.4119418398145	98	COFFEE	13
3355.4119418398145	3355.5282212792044	224	IS	13
3355.5282212792044	3355.7377665189388	198	GROWN	13
3355.7377665189388	3355.871003376573	297	ON	13
3355.871003376573	3356.1614746649666	404	STEEP	13
3356.1614746649666	3356.472764414167	231	JUNGLE	13
3356.472764414167	3356.665352235657	241	LIKE	13
3356.665352235657	3357.0577953435986	390	SLOPES	13
3357.0577953435986	3357.159539853065	217	IN	13
3357.159539853065	3357.490238174961	431	TEMPERATE	13
3357.490238174961	3357.860437591435	497	ZONES	13
3364.0394327045015	3364.1171663172554	476	WE	14
3364.1171663172554	3364.4635821471047	480	WELCOME	14
3364.4635821471047	3364.699774758366	256	MANY	14
3364.699774758366	3364.8657152083288	282	NEW	14
3364.8657152083288	3365.261792048751	408	STUDENTS	14
3365.261792048751	3365.465281067684	132	EACH	14
3365.465281067684	3365.6816524758046	491	YEAR	14
3372.443537414966	3372.639190547241	298	ONLY	15
3372.639190547241	3372.78168180408	434	THE	15
3372.78168180408	3373.016915880641	51	BEST	15
3373.016915880641	3373.296915880641	330	PLAYERS	15
3373.296915880641	3373.5539694040926	139	ENJOY	15
3373.5539694040926	3374.211846179051	336	POPULARITY	15
3380.4066414492777	3380.43074829932	99999	sp	16
3380.43074829932	3380.8366414492775	75	CALCIUM	16
3380.8366414492775	3381.0266414492776	254	MAKES	16
3381.0266414492776	3381.0760277683985	99999	sp	16
3381.0760277683985	3381.316641449278	58	BONES	16
3381.316641449278	3381.4445787464083	20	AND	16
3381.4445787464083	3381.6417664575447	430	TEETH	16
3381.6417664575447	3381.9947087176934	406	STRONG	16
3388.4420504198933	3388.464308390023	99999	sp	17
3388.464308390023	3388.7653594406866	286	NOTHING	17
3388.7653594406866	3388.9020504198934	224	IS	17
3388.9020504198934	3389.1020504198937	34	AS	17
3389.1020504198937	3389.6220504198936	295	OFFENSIVE	17
3389.6220504198936	3389.7520504198937	34	AS	17
3389.7520504198937	3390.2120504198933	219	INNOCENCE	17
3397.147120181406	3397.425464658691	405	STEVE	18
3397.425464658691	3397.596434635816	490	WORE	18
3397.596434635816	3397.721149493901	1	A	18
3397.721149493901	3397.9878540626655	65	BRIGHT	18
3397.9878540626655	3398.2031807872872	356	RED	18
3398.2031807872872	3398.649298042101	78	CASHMERE	18
3398.649298042101	3399.0278540626655	420	SWEATER	18
3405.759579455897	3406.0487821678707	46	BARBS	19
3406.0487821678707	3406.2474262101623	188	GOLD	19
3406.2474262101623	3406.6453695778123	63	BRACELET	19
3406.6453695778123	3406.7081976199156	472	WAS	19
3406.7081976199156	3406.794195955298	1	A	19
3406.794195955298	3407.312608455912	193	GRADUATION	19
3407.312608455912	3407.634172785616	339	PRESENT	19
3414.845170068027	3415.0851700680273	130	DRAW	20
3415.0851700680273	3415.3951700680273	145	EVERY	20
3415.3951700680273	3415.608443025924	308	OUTER	20
3415.608443025924	3415.81860338214	244	LINE	20
3415.81860338214	3416.1651700680272	156	FIRST	20
3416.1651700680272	3416.2868347215044	436	THEN	20
3416.2868347215044	3416.4955532439676	154	FILL	20
3416.4955532439676	3416.620749134875	217	IN	20
3416.620749134875	3416.725170068027	434	THE	20
3416.725170068027	3417.250878524064	222	INTERIOR	20
3424.238185941043	3424.316666477653	434	THE	21
3424.316666477653	3424.5250636510636	475	WATER	21
3424.5250636510636	3424.884539250102	103	CONTAINED	21
3424.884539250102	3425.0006339732768	448	TOO	21
3425.0006339732768	3425.2050636510635	269	MUCH	21
3425.2050636510635	3425.5850636510636	90	CHLORINE	21
3425.5850636510636	3425.6950636510637	20	AND	21
3425.6950636510637	3425.9250636510637	409	STUNG	21
3425.9250636510637	3426.0650636510636	208	HIS	21
3426.0650636510636	3426.3750636510636	149	EYES	21
3432.55999793167	3432.5685260770974	99999	sp	22
3432.5685260770974	3432.902993538258	229	JOHN'S	22
3432.902993538258	3433.1244085129456	66	BROTHER	22
3433.1244085129456	3433.549535736621	363	REPAINTED	22
3433.549535736621	3433.6294068918733	434	THE	22
3433.6294068918733	3433.95999793167	173	GARAGE	22
3433.95999793167	3434.1727022043697	129	DOOR	22
3441.6256856359682	3441.6549659863945	99999	sp	23
3441.6549659863945	3442.025685635968	84	CHALLENGE	23
3442.025685635968	3442.175685635968	132	EACH	23
3442.175685635968	3442.575685635968	175	GENERAL'S	23
3442.575685635968	3443.1878223008766	221	INTELLIGENCE	23
3449.8873278442243	3449.903401360544	99999	sp	24
3449.903401360544	3450.5529544762617	17	AMBIDEXTROUS	24
3450.5529544762617	3451.0718435569925	327	PICKPOCKETS	24
3451.0718435569925	3451.5150535006483	6	ACCOMPLISH	24
3451.5150535006483	3451.7273279442243	267	MORE	24
3458.41	3458.462426753114	1	A	25
3458.462426753114	3458.9424267531144	271	MUSCULAR	25
3458.9424267531144	3459.3124267531143	2	ABDOMEN	25
3459.3124267531143	3459.459613739689	224	IS	25
3459.459613739689	3459.5824267531143	189	GOOD	25
3459.5824267531143	3459.665823620734	161	FOR	25
3459.665823620734	3459.7924267531143	496	YOUR	25
3459.7924267531143	3460.072426753114	43	BACK	25
3467.243537414966	3467.3628997170404	438	THEY	26
3467.3628997170404	3467.5365971841943	317	OWN	26
3467.5365971841943	3467.5928997170404	1	A	26
3467.5928997170404	3467.8328997170406	52	BIG	26
3467.8328997170406	3468.1228997170406	209	HOUSE	26
3468.1228997170406	3468.2108210161587	217	IN	26
3468.2108210161587	3468.2628997170405	434	THE	26
3468.2628997170405	3468.494832021895	361	REMOTE	26
3468.494832021895	3469.110236635755	109	COUNTRYSIDE	26
3476.0171278155317	3476.0432653061225	99999	sp	27
3476.0432653061225	3476.1158501727286	434	THE	27
3476.1158501727286	3476.374942822083	369	ROSE	27
3476.374942822083	3476.7471278155317	106	CORSAGE	27
3476.7471278155317	3476.9971278155317	393	SMELLED	27
3476.9971278155317	3477.0451582217747	99999	sp	27
3477.0451582217747	3477.2747584562726	421	SWEET	27
3492.4211337868483	3492.4576767505014	19	AN	29
3492.4576767505014	3492.814993269743	9	ADULT	29
3492.814993269743	3493.099429207501	255	MALE	29
3493.099429207501	3493.541530000527	42	BABOON'S	29
3493.541530000527	3493.7711171393116	430	TEETH	29
3493.7711171393116	3493.8307475512133	30	ARE	29
3493.8307475512133	3494.011530000527	285	NOT	29
3494.011530000527	3494.381530000527	415	SUITABLE	29
3494.381530000527	3494.4777377950404	161	FOR	29
3494.4777377950404	3494.711530000527	135	EATING	29
3494.711530000527	3495.251530000527	376	SHELLFISH	29
3501.96335600907	3502.0722181134543	204	HER	30
3502.0722181134543	3502.490939700506	470	WARDROBE	30
3502.490939700506	3502.85335600907	102	CONSISTS	30
3502.85335600907	3502.93335600907	294	OF	30
3502.93335600907	3503.16335600907	298	ONLY	30
3503.16335600907	3503.52335600907	385	SKIRTS	30
3503.52335600907	3503.642955999163	20	AND	30
3503.642955999163	3504.0533560090703	54	BLOUSES	30
3511.1736054421767	3511.3265306581816	434	THE	31
3511.3265306581816	3511.558257671213	453	TWO	31
3511.558257671213	3511.9041151129254	33	ARTISTS	31
3511.9041151129254	3512.363605442177	147	EXCHANGED	31
3512.363605442177	3512.9036054421767	39	AUTOGRAPHS	31
3519.885787371496	3519.919365079365	99999	sp	32
3519.919365079365	3520.435787371496	71	BUTTERSCOTCH	32
3520.435787371496	3520.4746924064757	99999	sp	32
3520.4746924064757	3520.783733597876	169	FUDGE	32
3520.783733597876	3520.9833623373006	186	GOES	32
3520.9833623373006	3521.095787371496	481	WELL	32
3521.095787371496	3521.245787371496	487	WITH	32
3521.245787371496	3521.4728998815363	463	VANILLA	32
3521.4728998815363	3521.7100320547443	212	ICE	32
3521.7100320547443	3521.745787371496	99999	sp	32
3521.745787371496	3522.011692334725	112	CREAM	32
3529.3185430895455	3529.3474829931974	99999	sp	33
3529.3474829931974	3529.607005417303	366	RICH	33
3529.607005417303	3530.038543189545	349	PURCHASED	33
3530.038543189545	3530.3453869636273	374	SEVERAL	33
3530.3453869636273	3530.428543189545	99999	sp	33
3530.428543189545	3530.8019016087424	382	SIGNED	33
3530.8019016087424	3531.4085431895455	245	LITHOGRAPHS	33
3538.291	3538.4882924834974	24	ANY	34
3538.4882924834974	3539.1347671720177	105	CONTRIBUTIONS	34
3539.1347671720177	3539.201513826093	485	WILL	34
3539.201513826093	3539.304934884016	47	BE	34
3539.304934884016	3539.6691933084644	195	GREATLY	34
3539.6691933084644	3540.344721089444	28	APPRECIATED	34
3547.494	3547.602748645177	434	THE	35
3547.602748645177	3548.114256749771	111	CRANBERRY	35
3548.114256749771	3548.3287429739885	57	BOG	35
3548.3287429739885	3548.515027690811	178	GETS	35
3548.515027690811	3548.739707007313	465	VERY	35
3548.739707007313	3548.9787429739886	340	PRETTY	35
3548.9787429739886	3549.0887429739887	217	IN	35
3549.0887429739887	3549.4687429739884	40	AUTUMN	35
3556.7827457344365	3557.4005313047955	210	HOW	36
3557.4005313047955	3557.665355808295	128	DO	36
3557.665355808295	3558.01156462585	318	OYSTERS	36
3558.01156462585	3558.17954222015	253	MAKE	36
3558.17954222015	3558.417110208984	320	PEARLS	36
3565.110566893424	3565.2117939677005	257	MAY	37
3565.2117939677005	3565.2490700601566	211	I	37
3565.2490700601566	3565.5408838012877	304	ORDER	37
3565.5408838012877	3565.6027398184933	1	A	37
3565.6027398184933	3565.9624967152927	319	PARFAIT	37
3565.9624967152927	3566.2624967152924	10	AFTER	37
3566.2624967152924	3566.2924967152926	211	I	37
3566.2924967152926	3566.4613774757204	134	EAT	37
3566.4613774757204	3566.7824967152924	124	DINNER	37
3572.5811483856064	3572.615691609977	99999	sp	38
3572.615691609977	3572.670324383553	224	IS	38
3572.670324383553	3572.8241699172736	375	SHE	38
3572.8241699172736	3573.0611482856066	187	GOING	38
3573.0611482856066	3573.2189031480407	487	WITH	38
3573.2189031480407	3573.4564330280496	495	YOU	38
3580.6881632653062	3580.862666496508	76	CAN	39
3580.862666496508	3580.9181632653062	434	THE	39
3580.9181632653062	3581.356819037652	11	AGENCY	39
3581.356819037652	3581.7981632653064	315	OVERTHROW	39
3581.7981632653064	3582.1281632653063	13	ALIEN	39
3582.1281632653063	3582.5663230088367	162	FORCES	39
3589.0830002000002	3589.1630002	1	A	40
3589.1630002	3589.6130002	371	SCREWDRIVER	40
3589.6130002	3589.7430002	224	IS	40
3589.7430002	3589.8847098838955	252	MADE	40
3589.8847098838955	3590.0530002000005	166	FROM	40
3590.0530002000005	3590.3358888161756	469	VODKA	40
3590.3358888161756	3590.4230002000004	20	AND	40
3590.4230002000004	3590.7398006132976	303	ORANGE	40
3590.7398006132976	3590.9730002	230	JUICE	40
3597.679311434518	3597.7827437641727	210	HOW	41
3597.7827437641727	3597.9252859095295	269	MUCH	41
3597.9252859095295	3598.272743764173	16	ALLOWANCE	41
3598.272743764173	3598.352743764173	128	DO	41
3598.352743764173	3598.4227437641725	495	YOU	41
3598.4227437641725	3598.6531241158923	177	GET	41
3605.585487528345	3606.0281472674733	115	CYCLICAL	42
3606.0281472674733	3606.4116510832673	346	PROGRAMS	42
3606.4116510832673	3606.6516510832676	281	NEVER	42
3606.6516510832676	3607.136733279636	100	COMPILE	42
3614.623862896143	3614.6514285714284	99999	sp	43
3614.6514285714284	3614.7038628961427	434	THE	43
3614.7038628961427	3615.0538628961426	61	BOSTON	43
3615.0538628961426	3615.318658706966	45	BALLET	43
3615.318658706966	3615.850555665559	312	OVERCAME	43
3615.850555665559	3615.946186230541	435	THEIR	43
3615.946186230541	3616.293862896143	170	FUNDING	43
3616.293862896143	3616.7638628961427	380	SHORTAGE	43
3622.941	3623.226353604074	145	EVERY	44
3623.226353604074	3623.599294556598	74	CAB	44
3623.599294556598	3623.8284422717966	280	NEEDS	44
3623.8284422717966	3624.2484422717966	364	REPAINTING	44
3624.2484422717966	3624.645012266834	296	OFTEN	44
3631.717061392177	3631.965131831456	203	HELP	45
3631.965131831456	3632.340298530707	196	GREG	45
3632.340298530707	3632.494287217057	446	TO	45
3632.494287217057	3632.655131831456	325	PICK	45
3632.655131831456	3632.7660319576735	1	A	45
3632.7660319576735	3632.9562532761056	321	PECK	45
3632.9562532761056	3633.096020344114	294	OF	45
3633.096020344114	3633.6051318314558	88888	POTATO	45
3641.4699319727893	3641.5834402085447	476	WE	46
3641.5834402085447	3641.8369444503815	241	LIKE	46
3641.8369444503815	3641.9983411599865	55	BLUE	46
3641.9983411599865	3642.3186908847383	88	CHEESE	46
3642.3186908847383	3642.478690884738	70	BUT	46
3642.478690884738	3642.7586908847384	466	VICTOR	46
3642.7586908847384	3643.0423731844216	242	LIKES	46
3643.0423731844216	3643.272847685738	64	BRIE	46
3650.7017375468545	3650.729342403628	99999	sp	47
3650.729342403628	3650.9217376468546	108	COUNT	47
3650.9217376468546	3650.9817376468545	434	THE	47
3650.9817376468545	3651.325286747391	289	NUMBER	47
3651.325286747391	3651.4412311700544	294	OF	47
3651.4412311700544	3651.9217376468546	429	TEASPOONS	47
3651.9217376468546	3652.0017376468545	294	OF	47
3652.0017376468545	3652.4817376468545	395	SOYSAUCE	47
3652.4817376468545	3652.6780591687925	433	THAT	47
3652.6780591687925	3652.7817376468543	495	YOU	47
3652.7817376468543	3653.067005626766	7	ADD	47
3659.507845804989	3659.9712765436384	44	BAGPIPES	48
3659.9712765436384	3660.0912765436383	20	AND	48
3660.0912765436383	3660.4576089037764	59	BONGOS	48
3660.4576089037764	3660.5312765436383	30	ARE	48
3660.5312765436383	3660.8732959029303	273	MUSICAL	48
3660.8732959029303	3661.4012765436382	220	INSTRUMENTS	48
3667.118185941043	3667.307487507421	210	HOW	49
3667.307487507421	3667.4315842723026	189	GOOD	49
3667.4315842723026	3667.559304300393	224	IS	49
3667.559304300393	3667.6689080124415	496	YOUR	49
3667.6689080124415	3668.128602672531	138	ENDURANCE	49
