5.730983519608566	5.818821450556137	30	ARE	0
5.818821450556137	6.0062755765579965	496	YOUR	0
6.0062755765579965	6.3825	192	GRADES	0
6.3825	6.7925	206	HIGHER	0
6.7925	6.906184177879871	302	OR	0
6.906184177879871	7.160730133531411	251	LOWER	0
7.160730133531411	7.3425	432	THAN	0
7.3425	7.9325	275	NANCY'S	0
18.842499999999998	19.16760733975357	375	SHE	1
19.16760733975357	19.560383305713724	490	WORE	1
19.560383305713724	20.10039644791423	471	WARM	1
20.10039644791423	20.68932402503516	158	FLEECY	1
20.68932402503516	21.106760257171356	489	WOOLEN	1
21.106760257171356	21.18037714457533	99999	sp	1
21.18037714457533	21.8725	311	OVERALLS	1
32.34941636030058	32.752500000000005	88888	READ	2
32.752500000000005	32.969616153116064	496	YOUR	2
32.969616153116064	33.044331800033525	99999	sp	2
33.044331800033525	33.56289633785099	335	POOR	2
33.56289633785099	33.648599579903376	99999	sp	2
33.648599579903376	34.2625	240	LIGHT	2
34.2625	34.322500000000005	99999	sp	2
34.322500000000005	34.71392193465667	181	GIVES	2
34.71392193465667	34.86703230606111	495	YOU	2
34.86703230606111	35.6525	150	EYESTRAIN	2
44.4324997	44.46124398597946	99999	sp	3
44.46124398597946	44.76438443006426	142	EVEN	3
44.76438443006426	45.1225	211	I	3
45.1225	45.773507392442596	293	OCCASIONALLY	3
45.773507392442596	46.0125	177	GET	3
46.0125	46.057439048951984	99999	sp	3
46.057439048951984	46.116643400784966	434	THE	3
46.116643400784966	46.4925	265	MONDAY	3
46.4925	46.891347267151694	56	BLUES	3
54.8024998	54.84401902248851	99999	sp	4
54.84401902248851	54.963782856843515	476	WE	4
54.963782856843515	55.187074485910244	30	ARE	4
55.187074485910244	55.631778688495906	301	OPEN	4
55.631778688495906	55.9925	145	EVERY	4
55.9925	56.322500000000005	265	MONDAY	4
56.322500000000005	56.85191754811901	143	EVENING	4
241.04967441933135	241.42249999999999	192	GRADES	0
241.42249999999999	241.77249999999998	206	HIGHER	0
241.77249999999998	241.88379593876328	302	OR	0
241.88379593876328	242.14615836289389	251	LOWER	0
242.14615836289389	242.2825	432	THAN	0
242.2825	242.7925	275	NANCY'S	0
247.80249999999998	248.05641225554427	375	SHE	1
248.05641225554427	248.40853187066105	490	WORE	1
248.40853187066105	248.72152384438746	471	WARM	1
248.72152384438746	249.17249999999999	158	FLEECY	1
249.17249999999999	249.48983338815017	489	WOOLEN	1
249.48983338815017	249.9753007201604	311	OVERALLS	1
258.3324999	258.3546568547813	99999	sp	2
258.3546568547813	258.73577409707787	354	READING	2
258.73577409707787	258.91062657727167	217	IN	2
258.91062657727167	259.2065796580308	335	POOR	2
259.2065796580308	259.5342198029518	240	LIGHT	2
259.5342198029518	259.7838541209491	181	GIVES	2
259.7838541209491	259.8824616157266	495	YOU	2
259.8824616157266	260.60249999999996	150	EYESTRAIN	2
268.6824999	268.70188312724144	99999	sp	3
268.70188312724144	268.9325	142	EVEN	3
268.9325	269.13980277419216	211	I	3
269.13980277419216	269.6830281127505	293	OCCASIONALLY	3
269.6830281127505	269.8873171730698	177	GET	3
269.8873171730698	269.92770024415717	434	THE	3
269.92770024415717	270.33650088617975	265	MONDAY	3
270.33650088617975	270.75628117913834	56	BLUES	3
278.2725	278.30752568828655	99999	sp	4
278.30752568828655	278.37200062348467	476	WE	4
278.37200062348467	278.54527353023974	30	ARE	4
278.54527353023974	278.9525	301	OPEN	4
278.9525	279.309029429829	145	EVERY	4
279.309029429829	279.6898514522036	265	MONDAY	4
279.6898514522036	280.2482856092895	143	EVENING	4
287.7852709703378	287.95947840330115	226	IT'S	5
287.95947840330115	288.2425	285	NOT	5
288.2425	288.7032152942994	133	EASY	5
288.7032152942994	288.85285941513695	446	TO	5
288.85285941513695	289.34001290516744	113	CREATE	5
289.34001290516744	289.95547246899537	215	ILLUMINATING	5
289.95547246899537	290.65661892374874	146	EXAMPLES	5
349.15235796945626	349.4865373273887	270	MUM	6
349.4865373273887	349.9711361642978	407	STRONGLY	6
349.9711361642978	350.41249999999997	126	DISLIKES	6
350.41249999999997	351.18325463210664	27	APPETIZERS	6
358.8124999	358.8424246032847	99999	sp	7
358.8424246032847	359.0899924283475	443	THOSE	7
359.0899924283475	359.21637580501334	484	WHO	7
359.21637580501334	359.5179901211055	427	TEACH	7
359.5179901211055	360.29236514532334	462	VALUES	7
360.29236514532334	360.6481440871166	99999	sp	7
360.6481440871166	361.0260847000501	156	FIRST	7
361.0260847000501	361.51057091644947	4	ABOLISH	7
361.51057091644947	361.9109108049043	87	CHEATING	7
370.1841514756277	370.2425	434	THE	8
370.2425	370.6005109506298	165	FRIGHTENED	8
370.6005109506298	371.0625	89	CHILD	8
371.0625	371.3125	472	WAS	8
371.3125	371.6125	176	GENTLY	8
371.6125	372.1539450418475	410	SUBDUED	8
372.1539450418475	372.3052052976801	73	BY	8
372.3052052976801	372.5605267041334	208	HIS	8
372.5605267041334	372.82337311327285	52	BIG	8
372.82337311327285	373.2625	66	BROTHER	8
381.83249969999997	381.86270089022713	99999	sp	9
381.86270089022713	382.0862180124624	142	EVEN	9
382.0862180124624	382.1632070469331	1	A	9
382.1632070469331	382.6125	383	SIMPLE	9
382.6125	383.69534256103265	468	VOCABULARY	9
383.69534256103265	384.2325	104	CONTAINS	9
384.2325	384.85249999999996	422	SYMBOLS	9
392.78249999999997	392.83518126336276	99999	sp	10
392.83518126336276	392.9578408281837	1	A	10
392.9578408281837	393.3393170325985	110	CRAB	10
393.3393170325985	393.8768688016676	85	CHALLENGED	10
393.8768688016676	394.21206964857583	258	ME	10
394.21206964857583	394.5598304382939	99999	sp	10
394.5598304382939	394.6607263692408	70	BUT	10
394.6607263692408	394.7850417612048	1	A	10
394.7850417612048	395.0725	350	QUICK	10
395.0725	395.7125	402	STAB	10
395.7125	395.8710084157356	99999	sp	10
395.8710084157356	396.3990189059957	464	VANQUISHED	10
396.3990189059957	396.6697733291105	207	HIM	10
406.19886909480954	406.3025	20	AND	11
406.3025	407.01089764510397	167	FRUCTOSE	11
407.01089764510397	407.1125	30	ARE	11
407.1125	407.5125	276	NATURAL	11
407.5125	407.91441845580664	414	SUGARS	11
407.91441845580664	408.19199666958815	163	FOUND	11
408.19199666958815	408.3398697323012	217	IN	11
408.3398697323012	408.6325	168	FRUIT	11
416.98962668534506	417.04249999999996	30	ARE	12
417.04249999999996	417.16434889457	495	YOU	12
417.16434889457	417.4625	250	LOOKING	12
417.4625	417.62797501249116	161	FOR	12
417.62797501249116	418.2625	136	EMPLOYMENT	12
425.9425	425.9577249303498	99999	sp	13
425.9577249303498	426.3625	98	COFFEE	13
426.3625	426.6125	224	IS	13
426.6125	426.6679665429322	99999	sp	13
426.6679665429322	427.02727609404616	198	GROWN	13
427.02727609404616	427.18891613484556	297	ON	13
427.18891613484556	427.5725	404	STEEP	13
427.5725	427.69664469689246	99999	sp	13
427.69664469689246	428.04249999999996	231	JUNGLE	13
428.04249999999996	428.2725	241	LIKE	13
428.2725	428.78027717456035	390	SLOPES	13
428.78027717456035	428.9361241605103	217	IN	13
428.9361241605103	429.3725	431	TEMPERATE	13
439.03249999999997	439.0674094453159	99999	sp	14
439.0674094453159	439.2025	476	WE	14
439.2025	439.60249999999996	480	WELCOME	14
439.60249999999996	439.8925	256	MANY	14
439.8925	440.0525	282	NEW	14
440.0525	440.59396042922293	408	STUDENTS	14
440.59396042922293	440.8825	132	EACH	14
440.8825	441.106680189733	491	YEAR	14
448.6824999	448.6989670480997	99999	sp	15
448.6989670480997	448.97989035412047	298	ONLY	15
448.97989035412047	449.15991062802306	434	THE	15
449.15991062802306	449.4435394402963	51	BEST	15
449.4435394402963	449.79267918157507	330	PLAYERS	15
449.79267918157507	450.09429349766725	139	ENJOY	15
450.09429349766725	450.93007527796647	336	POPULARITY	15
458.5125002	458.53621057303445	99999	sp	16
458.53621057303445	459.04249999999996	75	CALCIUM	16
459.04249999999996	459.38297834273345	254	MAKES	16
459.38297834273345	459.80087153111026	58	BONES	16
459.80087153111026	459.94663886125255	20	AND	16
459.94663886125255	460.28249999999997	430	TEETH	16
460.28249999999997	460.750587174939	406	STRONG	16
467.60249999999996	467.62674891993754	99999	sp	17
467.62674891993754	468.0345463806964	286	NOTHING	17
468.0345463806964	468.1526947987416	224	IS	17
468.1526947987416	469.31300710152675	99999	sp	17
469.31300710152675	469.5925	34	AS	17
469.5925	470.0825	295	OFFENSIVE	17
470.0825	470.2655244591435	34	AS	17
470.2655244591435	470.37918039156483	99999	sp	17
470.37918039156483	470.91249999999997	217	IN	17
470.91249999999997	470.98031152803634	99999	sp	17
470.98031152803634	471.8625	219	INNOCENCE	17
481.5025	481.635668116389	99999	sp	18
481.635668116389	481.9245903300946	405	STEVE	18
481.9245903300946	482.17138279701817	490	WORE	18
482.17138279701817	482.33808479691487	1	A	18
482.33808479691487	482.8066296916081	65	BRIGHT	18
482.8066296916081	483.117548305369	356	RED	18
483.117548305369	483.6566507907162	78	CASHMERE	18
483.6566507907162	484.1725	420	SWEATER	18
491.6425	491.6732043800372	99999	sp	19
491.6732043800372	492.10249999999996	46	BARB'S	19
492.10249999999996	492.1687204325966	99999	sp	19
492.1687204325966	492.5037813174418	188	GOLD	19
492.5037813174418	493.02089540731896	63	BRACELET	19
493.02089540731896	493.24459932887385	472	WAS	19
493.24459932887385	493.3225	1	A	19
493.3225	494.1147797395973	193	GRADUATION	19
494.1147797395973	494.5525	339	PRESENT	19
502.66100037936485	503.01971527941777	130	DRAW	20
503.01971527941777	503.1744802063745	99999	sp	20
503.1744802063745	503.5725	145	EVERY	20
503.5725	503.90664686834623	308	OUTER	20
503.90664686834623	504.2330423905107	244	LINE	20
504.2330423905107	504.9225	156	FIRST	20
504.9225	505.1536513346501	99999	sp	20
505.1536513346501	505.3725	436	THEN	20
505.3725	505.71584227756045	154	FILL	20
505.71584227756045	505.9625	217	IN	20
505.9625	506.0705729493055	434	THE	20
506.0705729493055	506.6325	222	INTERIOR	20
515.7824996	515.8111708618259	99999	sp	21
515.8111708618259	515.8725000000001	434	THE	21
515.8725000000001	516.2325000000001	475	WATER	21
516.2325000000001	516.7025000000001	103	CONTAINED	21
516.7025000000001	516.9179405471075	448	TOO	21
516.9179405471075	517.175588027978	269	MUCH	21
517.175588027978	517.6625	90	CHLORINE	21
517.6625	517.8225	20	AND	21
517.8225	518.1525	409	STUNG	21
518.1525	518.2876798780965	208	HIS	21
518.2876798780965	518.6525	149	EYES	21
526.8225001000001	526.8253163814311	99999	sp	22
526.8253163814311	527.2566601427142	229	JOHN'S	22
527.2566601427142	527.6612771919124	66	BROTHER	22
527.6612771919124	528.2825	363	REPAINTED	22
528.2825	528.40364310909	434	THE	22
528.40364310909	528.8504759879512	173	GARAGE	22
528.8504759879512	529.1025000000001	129	DOOR	22
536.5177985653253	537.1543276275413	84	CHALLENGE	23
537.1543276275413	537.4325	132	EACH	23
537.4325	537.8525000000001	175	GENERAL'S	23
537.8525000000001	538.6248635166073	221	INTELLIGENCE	23
545.7324998	545.7852523435114	99999	sp	24
545.7852523435114	546.5225	17	AMBIDEXTROUS	24
546.5225	546.6050344751964	99999	sp	24
546.6050344751964	547.233903138066	327	PICKPOCKETS	24
547.233903138066	547.7993142880545	6	ACCOMPLISH	24
547.7993142880545	548.0894266278899	267	MORE	24
555.758951115083	555.8415141977578	1	A	25
555.8415141977578	556.3925	271	MUSCULAR	25
556.3925	556.9025	2	ABDOMEN	25
556.9025	557.0678122730217	224	IS	25
557.0678122730217	557.2174563938592	189	GOOD	25
557.2174563938592	557.3825	161	FOR	25
557.3825	557.5309211089838	496	YOUR	25
557.5309211089838	557.8525000000001	43	BACK	25
565.3962229507032	565.5425	438	THEY	26
565.5425	565.7025000000001	317	OWN	26
565.7025000000001	565.7642497366605	1	A	26
565.7642497366605	566.0125	52	BIG	26
566.0125	566.5671408046427	209	HOUSE	26
566.5671408046427	566.7182797543138	217	IN	26
566.7182797543138	566.7725	434	THE	26
566.7725	567.0925000000001	361	REMOTE	26
567.0925000000001	567.7925	109	COUNTRYSIDE	26
574.7824998000001	574.7993043583843	99999	sp	27
574.7993043583843	574.8925	434	THE	27
574.8925	575.3647687204696	369	ROSE	27
575.3647687204696	575.8926421213865	106	CORSAGE	27
575.8926421213865	576.3225	393	SMELLED	27
576.3225	576.6425	421	SWEET	27
583.9225	584.1088972246915	88888	PIH	28
584.1088972246915	584.1901356071438	99999	sp	28
584.1901356071438	584.4221419128695	433	THAT	28
584.4221419128695	584.9825000000001	326	PICKPOCKET	28
584.9825000000001	585.1647412340261	472	WAS	28
585.1647412340261	585.3830392258625	80	CAUGHT	28
585.3830392258625	585.5478273598998	356	RED	28
585.5478273598998	586.0035543158102	199	HANDED	28
586.0035543158102	586.2425000000001	99999	sp	28
586.2425000000001	586.3025	99999	sp	28
593.2225000000001	593.2450073980384	99999	sp	29
593.2450073980384	593.3132389142752	19	AN	29
593.3132389142752	593.8025	9	ADULT	29
593.8025	594.3296109640931	255	MALE	29
594.3296109640931	594.4490302668864	99999	sp	29
594.4490302668864	595.1255060381054	42	BABOON'S	29
595.1255060381054	595.2725	99999	sp	29
595.2725	595.724738333674	430	TEETH	29
595.724738333674	595.9511429102779	30	ARE	29
595.9511429102779	596.2625	285	NOT	29
596.2625	596.7125000000001	415	SUITABLE	29
596.7125000000001	596.9336169311931	161	FOR	29
596.9336169311931	597.1825	135	EATING	29
597.1825	597.7611550441886	376	SHELLFISH	29
607.5025	607.6636229324225	204	HER	30
607.6636229324225	608.1427252270075	470	WARDROBE	30
608.1427252270075	608.6410199762526	102	CONSISTS	30
608.6410199762526	608.7686041180815	294	OF	30
608.7686041180815	609.1289853195377	298	ONLY	30
609.1289853195377	609.6090981675028	385	SKIRTS	30
609.6090981675028	609.7899738364554	20	AND	30
609.7899738364554	610.2516751272842	54	BLOUSES	30
617.9425	617.9662279503887	99999	sp	31
617.9662279503887	618.0606753714923	434	THE	31
618.0606753714923	618.1379017679901	99999	sp	31
618.1379017679901	618.3503841447879	453	TWO	31
618.3503841447879	618.8864197810284	33	ARTISTS	31
618.8864197810284	619.4840566441504	147	EXCHANGED	31
619.4840566441504	620.1111169253485	39	AUTOGRAPHS	31
627.7925	627.8333226576814	99999	sp	32
627.8333226576814	628.4125	71	BUTTERSCOTCH	32
628.4125	628.477237277467	99999	sp	32
628.477237277467	628.9516060105594	169	FUDGE	32
628.9516060105594	629.3953453955216	99999	sp	32
629.3953453955216	629.8443099625806	186	GOES	32
629.8443099625806	630.086510933038	481	WELL	32
630.086510933038	630.3929859783075	487	WITH	32
630.3929859783075	630.6770672419915	212	ICE	32
630.6770672419915	630.9525	463	VANILLA	32
630.9525	631.2372765814847	212	ICE	32
631.2372765814847	631.5523272353149	112	CREAM	32
640.9525003	640.9698922020767	99999	sp	33
640.9698922020767	641.2925	366	RICH	33
641.2925	641.3487295814249	99999	sp	33
641.3487295814249	641.8725	349	PURCHASED	33
641.8725	642.2525	374	SEVERAL	33
642.2525	642.7625	382	SIGNED	33
642.7625	643.4888829437679	245	LITHOGRAPHS	33
652.120628063348	652.3317844781116	24	ANY	34
652.3317844781116	653.1825	105	CONTRIBUTIONS	34
653.1825	653.3159290091832	485	WILL	34
653.3159290091832	653.4478190943686	47	BE	34
653.4478190943686	653.7907562936032	195	GREATLY	34
653.7907562936032	654.4925	88888	ACCEPTED	34
661.535792739676	661.6225	434	THE	35
661.6225	662.3192480409172	111	CRANBERRY	35
662.3192480409172	662.6749017438968	57	BOG	35
662.6749017438968	663.0025	178	GETS	35
663.0025	663.2970416728604	465	VERY	35
663.2970416728604	663.3846816587745	99999	sp	35
663.3846816587745	663.725680876695	340	PRETTY	35
663.725680876695	663.9106999136446	99999	sp	35
663.9106999136446	664.1525	340	PRETTY	35
664.1525	664.2706896802969	217	IN	35
664.2706896802969	664.690434459341	40	AUTUMN	35
672.7144052094295	673.0839345707277	210	HOW	36
673.0839345707277	673.2325	128	DO	36
673.2325	673.6725	318	OYSTERS	36
673.6725	673.9457455736695	253	MAKE	36
673.9457455736695	674.3325	320	PEARLS	36
681.1125	681.1381952544396	99999	sp	37
681.1381952544396	681.2424762756307	257	MAY	37
681.2424762756307	681.3409072887791	211	I	37
681.3409072887791	681.6651458762535	304	ORDER	37
681.6651458762535	681.7605397970068	1	A	37
681.7605397970068	682.1937328170657	319	PARFAIT	37
682.1937328170657	682.4925000000001	10	AFTER	37
682.4925000000001	682.5225	211	I	37
682.5225	682.6935569940849	134	EAT	37
682.6935569940849	682.7314063438167	99999	sp	37
682.7314063438167	683.0690041609241	124	DINNER	37
689.9525	689.9692631011494	99999	sp	38
689.9692631011494	690.0975651090625	224	IS	38
690.0975651090625	690.3706301510617	375	SHE	38
690.3706301510617	690.6725	187	GOING	38
690.6725	690.8480943489574	487	WITH	38
690.8480943489574	691.1128231767301	495	YOU	38
697.3125001	697.3434275444821	99999	sp	39
697.3434275444821	697.5425	76	CAN	39
697.5425	697.6834992560695	434	THE	39
697.6834992560695	698.2725	11	AGENCY	39
698.2725	698.7525	315	OVERTHROW	39
698.7525	699.1953110708602	13	ALIEN	39
699.1953110708602	699.7725	162	FORCES	39
707.5725	707.5944808151115	99999	sp	40
707.5944808151115	707.7060455867403	1	A	40
707.7060455867403	708.3925	371	SCREWDRIVER	40
708.3925	708.5925	224	IS	40
708.5925	708.8701791142018	252	MADE	40
708.8701791142018	709.1472334367222	166	FROM	40
709.1472334367222	709.5396154698943	469	VODKA	40
709.5396154698943	709.6871050895294	20	AND	40
709.6871050895294	710.101434659417	303	ORANGE	40
710.101434659417	710.3766650983033	230	JUICE	40
718.0000769220942	718.1383741099355	210	HOW	41
718.1383741099355	718.3022125838572	269	MUCH	41
718.3022125838572	718.8737007441473	16	ALLOWANCE	41
718.8737007441473	718.9425	128	DO	41
718.9425	719.084283547937	495	YOU	41
719.084283547937	719.3680306111156	177	GET	41
726.8125	726.8170775649954	99999	sp	42
726.8170775649954	727.1859128620002	115	CYCLICAL	42
727.1859128620002	727.2129958617868	99999	sp	42
727.2129958617868	727.7795841781135	346	PROGRAMS	42
727.7795841781135	727.8997047590647	485	WILL	42
727.8997047590647	728.2110566275214	281	NEVER	42
728.2110566275214	728.2686695543401	99999	sp	42
728.2686695543401	728.8117615393214	100	COMPILE	42
737.6625	737.6824262475528	99999	sp	43
737.6824262475528	737.8100451842083	434	THE	43
737.8100451842083	737.8606086811443	99999	sp	43
737.8606086811443	738.3851619396804	61	BOSTON	43
738.3851619396804	738.78784156657	88888	BAL	43
738.78784156657	738.9523371683638	99999	sp	43
738.9523371683638	739.1095040729999	88888	BA	43
739.1095040729999	739.3379992462712	99999	sp	43
739.3379992462712	739.8250615672523	45	BALLET	43
739.8250615672523	740.4312751575767	312	OVERCAME	43
740.4312751575767	740.5430396530402	435	THEIR	43
740.5430396530402	740.9512291007524	170	FUNDING	43
740.9512291007524	741.6125	380	SHORTAGE	43
750.2224997	750.2481514930894	99999	sp	44
750.2481514930894	750.540861380395	145	EVERY	44
750.540861380395	750.5875291861208	99999	sp	44
750.5875291861208	751.0781154916536	74	CAB	44
751.0781154916536	751.1391438260923	99999	sp	44
751.1391438260923	751.5489292794058	280	NEEDS	44
751.5489292794058	752.0225	364	REPAINTING	44
759.4613757138035	759.8179786305832	203	HELP	45
759.8179786305832	760.2525	196	GREG	45
760.2525	760.4933180150879	446	TO	45
760.4933180150879	760.9464674248509	99999	sp	45
760.9464674248509	761.2725	325	PICK	45
761.2725	761.4921068398584	1	A	45
761.4921068398584	761.8385867854073	321	PECK	45
761.8385867854073	762.0280375320709	294	OF	45
762.0280375320709	762.8814111016284	338	POTATOES	45
770.5425	770.5800094780868	99999	sp	46
770.5800094780868	770.7425	476	WE	46
770.7425	771.1140839192996	241	LIKE	46
771.1140839192996	771.3496671634323	55	BLUE	46
771.3496671634323	771.7725	88	CHEESE	46
771.7725	771.9225	70	BUT	46
771.9225	772.3229916289092	466	VICTOR	46
772.3229916289092	772.7769682236831	242	LIKES	46
772.7769682236831	773.0632780262368	64	BRIE	46
780.9625	780.9914242682021	99999	sp	47
780.9914242682021	781.2725278077922	108	COUNT	47
781.2725278077922	781.3244848872837	434	THE	47
781.3244848872837	781.6625	289	NUMBER	47
781.6625	781.8222746791567	294	OF	47
781.8222746791567	782.3725	429	TEASPOONS	47
782.3725	782.4661008016534	294	OF	47
782.4661008016534	783.106388365552	395	SOYSAUCE	47
783.106388365552	783.2606485835146	433	THAT	47
783.2606485835146	783.4111940424525	495	YOU	47
783.4111940424525	783.7389890668959	7	ADD	47
791.4024999999999	791.4451409272388	99999	sp	48
791.4451409272388	792.0383434755581	44	BAGPIPES	48
792.0383434755581	792.2167882095699	20	AND	48
792.2167882095699	792.6036106909796	59	BONGOS	48
792.6036106909796	792.6683518812752	30	ARE	48
792.6683518812752	793.0893817450276	273	MUSICAL	48
793.0893817450276	793.6625	220	INSTRUMENTS	48
800.8725	801.2848530392308	210	HOW	49
801.2848530392308	801.6905135796151	189	GOOD	49
801.6905135796151	801.8095339067942	99999	sp	49
801.8095339067942	801.9705322977208	224	IS	49
801.9705322977208	802.1625	496	YOUR	49
802.1625	802.6324999999999	138	ENDURANCE	49
1329.7125	1329.7573619554375	99999	sp	0
1329.7573619554375	1329.8325	30	ARE	0
1329.8325	1330.048663881489	496	YOUR	0
1330.048663881489	1330.4614530363838	192	GRADES	0
1330.4614530363838	1330.8125	206	HIGHER	0
1330.8125	1330.8977195209452	302	OR	0
1330.8977195209452	1331.1403880891326	251	LOWER	0
1331.1403880891326	1331.2625	432	THAN	0
1331.2625	1331.7425	275	NANCY'S	0
1339.1625	1339.3225	375	SHE	1
1339.3225	1339.5625	490	WORE	1
1339.5625	1339.9514756609658	471	WARM	1
1339.9514756609658	1340.3525	158	FLEECY	1
1340.3525	1340.6940403171038	489	WOOLEN	1
1340.6940403171038	1341.1925	311	OVERALLS	1
1348.2924999	1348.3048891375902	99999	sp	2
1348.3048891375902	1348.5625	354	READING	2
1348.5625	1348.7281965823558	217	IN	2
1348.7281965823558	1348.9691648429612	335	POOR	2
1348.9691648429612	1349.2392159418534	240	LIGHT	2
1349.2392159418534	1349.4705279053169	181	GIVES	2
1349.4705279053169	1349.5825	495	YOU	2
1349.5825	1350.237994750275	150	EYESTRAIN	2
1357.3240263026078	1357.5699243883648	142	EVEN	3
1357.5699243883648	1357.794436879759	211	I	3
1357.794436879759	1358.28069822296	293	OCCASIONALLY	3
1358.28069822296	1358.452830143247	177	GET	3
1358.452830143247	1358.5025	434	THE	3
1358.5025	1358.8995881019437	265	MONDAY	3
1358.8995881019437	1359.1725	56	BLUES	3
1365.7825	1365.824356579142	99999	sp	4
1365.824356579142	1365.9225	476	WE	4
1365.9225	1366.0342878942631	30	ARE	4
1366.0342878942631	1366.3725	301	OPEN	4
1366.3725	1366.6272593811598	145	EVERY	4
1366.6272593811598	1366.9825	265	MONDAY	4
1366.9825	1367.4625	143	EVENING	4
1367.4625	1367.8184911823637	99999	sp	4
1375.6174775545708	1375.77209464302	226	IT'S	5
1375.77209464302	1376.0451714508163	285	NOT	5
1376.0451714508163	1376.3657105771058	133	EASY	5
1376.3657105771058	1376.5360660121944	446	TO	5
1376.5360660121944	1376.8625	113	CREATE	5
1376.8625	1377.405301068201	215	ILLUMINATING	5
1377.405301068201	1378.025244660437	146	EXAMPLES	5
1385.5725	1385.6002413952328	99999	sp	6
1385.6002413952328	1385.8825	270	MUM	6
1385.8825	1386.3353036633114	407	STRONGLY	6
1386.3353036633114	1386.7260875039417	126	DISLIKES	6
1386.7260875039417	1387.388898314575	27	APPETIZERS	6
1394.1525002	1394.1761114767853	99999	sp	7
1394.1761114767853	1394.4152455581464	443	THOSE	7
1394.4152455581464	1394.5018517178182	484	WHO	7
1394.5018517178182	1394.7625	427	TEACH	7
1394.7625	1395.1525	462	VALUES	7
1395.1525	1395.3847417321786	156	FIRST	7
1395.3847417321786	1395.8258933202742	4	ABOLISH	7
1395.8258933202742	1396.2401004647181	87	CHEATING	7
1403.4125	1403.439862799338	99999	sp	8
1403.439862799338	1403.5098048301966	434	THE	8
1403.5098048301966	1403.822836988632	165	FRIGHTENED	8
1403.822836988632	1404.2125	89	CHILD	8
1404.2125	1404.3889416154766	472	WAS	8
1404.3889416154766	1404.6478799206584	176	GENTLY	8
1404.6478799206584	1405.1009866026125	410	SUBDUED	8
1405.1009866026125	1405.222979441252	73	BY	8
1405.222979441252	1405.3825	208	HIS	8
1405.3825	1405.44263718138	99999	sp	8
1405.44263718138	1405.6209916850498	52	BIG	8
1405.6209916850498	1405.9410064658118	66	BROTHER	8
1413.7225	1413.7261996544605	99999	sp	9
1413.7261996544605	1413.9825	142	EVEN	9
1413.9825	1414.0305610641888	1	A	9
1414.0305610641888	1414.3325	383	SIMPLE	9
1414.3325	1415.0425	468	VOCABULARY	9
1415.0425	1415.5125	104	CONTAINS	9
1415.5125	1415.8868530368231	422	SYMBOLS	9
1423.5025	1423.6900225089294	1	A	10
1423.6900225089294	1424.0766307779531	110	CRAB	10
1424.0766307779531	1424.5325	85	CHALLENGED	10
1424.5325	1424.7910442023747	258	ME	10
1424.7910442023747	1424.924587571663	70	BUT	10
1424.924587571663	1425.0263974941834	1	A	10
1425.0263974941834	1425.2725	350	QUICK	10
1425.2725	1425.6125	402	STAB	10
1425.6125	1426.1099527460437	464	VANQUISHED	10
1426.1099527460437	1426.2877296714162	207	HIM	10
1434.954491477232	1435.3580837831157	183	GLUCOSE	11
1435.3580837831157	1435.44712742331	20	AND	11
1435.44712742331	1435.9932503270077	167	FRUCTOSE	11
1435.9932503270077	1436.0825	30	ARE	11
1436.0825	1436.4671012279405	276	NATURAL	11
1436.4671012279405	1436.8434318709087	414	SUGARS	11
1436.8434318709087	1437.0865285915852	163	FOUND	11
1437.0865285915852	1437.195716248302	217	IN	11
1437.195716248302	1437.4293043761272	168	FRUIT	11
1445.8125	1445.834818422611	99999	sp	12
1445.834818422611	1445.9225	30	ARE	12
1445.9225	1446.0447613436409	495	YOU	12
1446.0447613436409	1446.2925	250	LOOKING	12
1446.2925	1446.465602815262	161	FOR	12
1446.465602815262	1447.0625	136	EMPLOYMENT	12
1453.2225	1453.2536908411635	99999	sp	13
1453.2536908411635	1453.6767041390856	98	COFFEE	13
1453.6767041390856	1453.851336817842	224	IS	13
1453.851336817842	1454.0726045227507	198	GROWN	13
1454.0726045227507	1454.2199512544446	297	ON	13
1454.2199512544446	1454.6099515403982	404	STEEP	13
1454.6099515403982	1454.9125	231	JUNGLE	13
1454.9125	1455.1025	241	LIKE	13
1455.1025	1455.479233542173	390	SLOPES	13
1455.479233542173	1455.6092759013916	217	IN	13
1455.6092759013916	1456.0076923423453	431	TEMPERATE	13
1456.0076923423453	1456.3918314998484	497	ZONES	13
1458.9577681977812	1459.0725	476	WE	14
1459.0725	1459.4565982866088	480	WELCOME	14
1459.4565982866088	1459.735242975185	256	MANY	14
1459.735242975185	1459.8986833612294	282	NEW	14
1459.8986833612294	1460.3995004614135	408	STUDENTS	14
1460.3995004614135	1460.6394481885245	132	EACH	14
1460.6394481885245	1460.8425	491	YEAR	14
1469.0625	1469.0920373046024	99999	sp	15
1469.0920373046024	1469.2871381884836	298	ONLY	15
1469.2871381884836	1469.452834144067	434	THE	15
1469.452834144067	1469.702728788624	51	BEST	15
1469.702728788624	1470.048514992518	330	PLAYERS	15
1470.048514992518	1470.3592376586384	139	ENJOY	15
1470.3592376586384	1471.0158175379997	336	POPULARITY	15
1478.9325	1478.9526713400537	99999	sp	16
1478.9526713400537	1479.4821219594621	75	CALCIUM	16
1479.4821219594621	1479.8286515857812	254	MAKES	16
1479.8286515857812	1480.228950032513	58	BONES	16
1480.228950032513	1480.3727092751242	20	AND	16
1480.3727092751242	1480.6029472267894	430	TEETH	16
1480.6029472267894	1481.039564387388	406	STRONG	16
1488.2624998000001	1488.279640394067	99999	sp	17
1488.279640394067	1488.6325	286	NOTHING	17
1488.6325	1488.8582856990088	224	IS	17
1488.8582856990088	1489.1625	34	AS	17
1489.1625	1489.6625	295	OFFENSIVE	17
1489.6625	1489.8125	34	AS	17
1489.8125	1490.3725	219	INNOCENCE	17
1497.8225	1498.1225	405	STEVE	18
1498.1225	1498.3534647099223	490	WORE	18
1498.3534647099223	1498.416444598046	1	A	18
1498.416444598046	1498.6925	65	BRIGHT	18
1498.6925	1498.9687622448378	356	RED	18
1498.9687622448378	1499.4162854876204	78	CASHMERE	18
1499.4162854876204	1499.8625	420	SWEATER	18
1507.4218153675083	1507.7325	46	BARB'S	19
1507.7325	1507.9586461565646	188	GOLD	19
1507.9586461565646	1508.3725	63	BRACELET	19
1508.3725	1508.5125	472	WAS	19
1508.5125	1508.576008605845	1	A	19
1508.576008605845	1509.1371018386965	193	GRADUATION	19
1509.1371018386965	1509.5025	339	PRESENT	19
1516.9225001	1516.941255622257	99999	sp	20
1516.941255622257	1517.2625	130	DRAW	20
1517.2625	1517.2804178066606	99999	sp	20
1517.2804178066606	1517.6587664182257	145	EVERY	20
1517.6587664182257	1517.9357543938872	308	OUTER	20
1517.9357543938872	1518.1725000000001	244	LINE	20
1518.1725000000001	1518.5425	156	FIRST	20
1518.5425	1518.7370740536592	99999	sp	20
1518.7370740536592	1518.882650516371	436	THEN	20
1518.882650516371	1519.1125	154	FILL	20
1519.1125	1519.2302558848503	217	IN	20
1519.2302558848503	1519.3625	434	THE	20
1519.3625	1519.9524999999999	222	INTERIOR	20
1528.8991728586257	1528.974009262775	434	THE	21
1528.974009262775	1529.2791171017323	475	WATER	21
1529.2791171017323	1529.6863742144133	103	CONTAINED	21
1529.6863742144133	1529.8686679824596	448	TOO	21
1529.8686679824596	1530.1025	269	MUCH	21
1530.1025	1530.6025	90	CHLORINE	21
1530.6025	1530.7252803992233	20	AND	21
1530.7252803992233	1531.0425	409	STUNG	21
1531.0425	1531.2161223105243	208	HIS	21
1531.2161223105243	1531.5925	149	EYES	21
1540.3720168985847	1540.7978226674445	229	JOHN'S	22
1540.7978226674445	1541.0387043700546	66	BROTHER	22
1541.0387043700546	1541.5625	363	REPAINTED	22
1541.5625	1541.6876555524107	434	THE	22
1541.6876555524107	1542.1425	173	GARAGE	22
1542.1425	1542.4667654130144	129	DOOR	22
1550.3105024357606	1550.8457845390433	84	CHALLENGE	23
1550.8457845390433	1551.1828818090821	132	EACH	23
1551.1828818090821	1551.5825	175	GENERAL'S	23
1551.5825	1552.2125	221	INTELLIGENCE	23
1560.1887236613077	1561.0265157190206	17	AMBIDEXTROUS	24
1561.0265157190206	1561.7135220823416	327	PICKPOCKETS	24
1561.7135220823416	1562.2906187015099	6	ACCOMPLISH	24
1562.2906187015099	1562.5224053389484	267	MORE	24
1571.0725	1571.0910482202246	99999	sp	25
1571.0910482202246	1571.1425	1	A	25
1571.1425	1571.6195935312771	271	MUSCULAR	25
1571.6195935312771	1572.1440606546905	2	ABDOMEN	25
1572.1440606546905	1572.2999616892262	224	IS	25
1572.2999616892262	1572.4631237036074	189	GOOD	25
1572.4631237036074	1572.5658194136824	161	FOR	25
1572.5658194136824	1572.7588419610147	496	YOUR	25
1572.7588419610147	1573.0861308878211	43	BACK	25
1581.3238712421526	1581.5850829092883	99999	{CG}	26
1581.5850829092883	1581.7150270359916	438	THEY	26
1581.7150270359916	1581.9371035627132	317	OWN	26
1581.9371035627132	1582.0320788924369	1	A	26
1582.0320788924369	1582.139045713051	99999	sp	26
1582.139045713051	1582.3265934894177	52	BIG	26
1582.3265934894177	1582.7769605347908	209	HOUSE	26
1582.7769605347908	1582.8925	217	IN	26
1582.8925	1582.9524999999999	434	THE	26
1582.9524999999999	1583.243876536512	361	REMOTE	26
1583.243876536512	1583.8762926758425	109	COUNTRYSIDE	26
1592.2325	1592.2638801882354	99999	sp	27
1592.2638801882354	1592.3425	434	THE	27
1592.3425	1592.7119666053775	369	ROSE	27
1592.7119666053775	1593.1725000000001	106	CORSAGE	27
1593.1725000000001	1593.5125	393	SMELLED	27
1593.5125	1593.7675601827991	421	SWEET	27
1602.0425003	1602.0781360142446	99999	sp	28
1602.0781360142446	1602.2887103336768	433	THAT	28
1602.2887103336768	1602.8725	326	PICKPOCKET	28
1602.8725	1603.0005426151424	472	WAS	28
1603.0005426151424	1603.2275077389788	80	CAUGHT	28
1603.2275077389788	1603.382749707212	356	RED	28
1603.382749707212	1603.8325	199	HANDED	28
1611.3854964616276	1611.5124006513793	19	AN	29
1611.5124006513793	1611.8925	9	ADULT	29
1611.8925	1612.1751912166828	255	MALE	29
1612.1751912166828	1612.7525	42	BABOON'S	29
1612.7525	1613.059960076193	430	TEETH	29
1613.059960076193	1613.1725000000001	30	ARE	29
1613.1725000000001	1613.366036684993	285	NOT	29
1613.366036684993	1613.7825	415	SUITABLE	29
1613.7825	1613.9325	161	FOR	29
1613.9325	1614.212866327016	135	EATING	29
1614.212866327016	1614.8525	376	SHELLFISH	29
1623.7425	1623.86769786995	204	HER	30
1623.86769786995	1624.3029479595389	470	WARDROBE	30
1624.3029479595389	1624.8525	102	CONSISTS	30
1624.8525	1624.9524999999999	294	OF	30
1624.9524999999999	1625.2224999999999	298	ONLY	30
1625.2224999999999	1625.6548567482964	385	SKIRTS	30
1625.6548567482964	1625.8205191802963	20	AND	30
1625.8205191802963	1626.4776312310971	54	BLOUSES	30
1634.7933693484545	1634.9353322110283	434	THE	31
1634.9353322110283	1635.1525	453	TWO	31
1635.1525	1635.655674163494	33	ARTISTS	31
1635.655674163494	1636.093092103735	147	EXCHANGED	31
1636.093092103735	1636.6915484964666	39	AUTOGRAPHS	31
1643.9725002	1644.0062179657718	99999	sp	32
1644.0062179657718	1644.5925	71	BUTTERSCOTCH	32
1644.5925	1645.1392458318703	169	FUDGE	32
1645.1392458318703	1645.3525	186	GOES	32
1645.3525	1645.5725	481	WELL	32
1645.5725	1645.743702566371	487	WITH	32
1645.743702566371	1645.967698829174	463	VANILLA	32
1645.967698829174	1646.2425	212	ICE	32
1646.2425	1646.5525	112	CREAM	32
1655.0225	1655.0406970440304	99999	sp	33
1655.0406970440304	1655.4283377702363	366	RICH	33
1655.4283377702363	1655.8525	349	PURCHASED	33
1655.8525	1656.1779599713952	374	SEVERAL	33
1656.1779599713952	1656.5725	382	SIGNED	33
1656.5725	1657.3125	245	LITHOGRAPHS	33
1666.0025	1666.018682554201	99999	sp	34
1666.018682554201	1666.2200479592116	24	ANY	34
1666.2200479592116	1666.9625	105	CONTRIBUTIONS	34
1666.9625	1667.1023765272157	485	WILL	34
1667.1023765272157	1667.2273038462806	47	BE	34
1667.2273038462806	1667.5733035486207	195	GREATLY	34
1667.5733035486207	1668.325228168179	28	APPRECIATED	34
1676.6025002000001	1676.6269811678062	99999	sp	35
1676.6269811678062	1676.7395190006828	434	THE	35
1676.7395190006828	1677.2391813311747	111	CRANBERRY	35
1677.2391813311747	1677.5055552842223	57	BOG	35
1677.5055552842223	1677.7125	178	GETS	35
1677.7125	1677.9874701683202	465	VERY	35
1677.9874701683202	1678.2525	340	PRETTY	35
1678.2525	1678.3525	217	IN	35
1678.3525	1678.7625	40	AUTUMN	35
1687.1725000000001	1687.3817112954146	210	HOW	36
1687.3817112954146	1687.5025	128	DO	36
1687.5025	1687.9225000000001	318	OYSTERS	36
1687.9225000000001	1688.1549278334621	253	MAKE	36
1688.1549278334621	1688.5648133348573	320	PEARLS	36
1695.8925	1695.922478132757	99999	sp	37
1695.922478132757	1696.0520515091425	257	MAY	37
1696.0520515091425	1696.1125	211	I	37
1696.1125	1696.3885856048223	304	ORDER	37
1696.3885856048223	1696.4846041227813	1	A	37
1696.4846041227813	1696.9025	319	PARFAIT	37
1696.9025	1697.2224999999999	10	AFTER	37
1697.2224999999999	1697.2825	211	I	37
1697.2825	1697.4911553840611	134	EAT	37
1697.4911553840611	1697.8325	124	DINNER	37
1704.872097114342	1704.9524999999999	224	IS	38
1704.9524999999999	1705.1203561209304	375	SHE	38
1705.1203561209304	1705.3525	187	GOING	38
1705.3525	1705.5225	487	WITH	38
1705.5225	1705.796900937416	495	YOU	38
1712.8724999	1712.8961663776743	99999	sp	39
1712.8961663776743	1713.0325	76	CAN	39
1713.0325	1713.0925000000002	434	THE	39
1713.0925000000002	1713.6286475027969	11	AGENCY	39
1713.6286475027969	1714.073589302634	315	OVERTHROW	39
1714.073589302634	1714.356951853422	13	ALIEN	39
1714.356951853422	1714.894862045429	162	FORCES	39
1722.0723618650482	1722.1225	1	A	40
1722.1225	1722.6725000000001	371	SCREWDRIVER	40
1722.6725000000001	1722.7725	224	IS	40
1722.7725	1722.9328679807727	252	MADE	40
1722.9328679807727	1723.1325000000002	166	FROM	40
1723.1325000000002	1723.4526632263205	469	VODKA	40
1723.4526632263205	1723.5373247152734	20	AND	40
1723.5373247152734	1723.8893456686883	303	ORANGE	40
1723.8893456686883	1724.1425	230	JUICE	40
1731.2725	1731.3825000000002	210	HOW	41
1731.3825000000002	1731.5670715931383	269	MUCH	41
1731.5670715931383	1732.0229065917842	16	ALLOWANCE	41
1732.0229065917842	1732.0625	128	DO	41
1732.0625	1732.1425	495	YOU	41
1732.1425	1732.3925	177	GET	41
1738.7725	1738.8053523470112	99999	sp	42
1738.8053523470112	1739.240151460268	115	CYCLICAL	42
1739.240151460268	1739.7207133328861	346	PROGRAMS	42
1739.7207133328861	1739.8225	485	WILL	42
1739.8225	1740.1444900604747	281	NEVER	42
1740.1444900604747	1740.6125000000002	100	COMPILE	42
1748.1396968684887	1748.2697395276973	434	THE	43
1748.2697395276973	1748.6574271996717	61	BOSTON	43
1748.6574271996717	1748.9691823229748	45	BALLET	43
1748.9691823229748	1749.4625	312	OVERCAME	43
1749.4625	1749.5555710567842	435	THEIR	43
1749.5555710567842	1749.8925	170	FUNDING	43
1749.8925	1750.4125	380	SHORTAGE	43
1758.0524999	1758.070009336007	99999	sp	44
1758.070009336007	1758.335350831872	145	EVERY	44
1758.335350831872	1758.7025	74	CAB	44
1758.7025	1759.058023913752	280	NEEDS	44
1759.058023913752	1759.4625	364	REPAINTING	44
1759.4625	1759.9425	88888	OFEN	44
1767.0325	1767.2925	203	HELP	45
1767.2925	1767.6024232187115	196	GREG	45
1767.6024232187115	1767.7908274870229	446	TO	45
1767.7908274870229	1767.98063444678	325	PICK	45
1767.98063444678	1768.1134231107508	1	A	45
1768.1134231107508	1768.3362258648185	321	PECK	45
1768.3362258648185	1768.4845914678071	294	OF	45
1768.4845914678071	1769.0325	338	POTATOES	45
1776.9625	1776.9985261548507	99999	sp	46
1776.9985261548507	1777.126981941858	476	WE	46
1777.126981941858	1777.3918453955596	241	LIKE	46
1777.3918453955596	1777.5611683734658	55	BLUE	46
1777.5611683734658	1777.9622307430527	88	CHEESE	46
1777.9622307430527	1778.0925000000002	70	BUT	46
1778.0925000000002	1778.3998503904704	466	VICTOR	46
1778.3998503904704	1778.6825	242	LIKES	46
1778.6825	1778.7494323988303	99999	sp	46
1778.7494323988303	1778.9485935739522	64	BRIE	46
1786.4625	1786.706545677594	108	COUNT	47
1786.706545677594	1786.7656838918947	434	THE	47
1786.7656838918947	1787.1110667150742	289	NUMBER	47
1787.1110667150742	1787.2325	294	OF	47
1787.2325	1787.8035522083424	429	TEASPOONS	47
1787.8035522083424	1787.8822652845251	294	OF	47
1787.8822652845251	1788.659611651302	395	SOYSAUCE	47
1788.659611651302	1788.7868159869138	433	THAT	47
1788.7868159869138	1788.9525	495	YOU	47
1788.9525	1789.2925	7	ADD	47
1797.0982133344828	1797.6279880300863	88888	BAGPIKES	48
1797.6279880300863	1797.7684724579249	20	AND	48
1797.7684724579249	1798.1725000000001	59	BONGOS	48
1798.1725000000001	1798.2425	30	ARE	48
1798.2425	1798.6369605027974	273	MUSICAL	48
1798.6369605027974	1800.0	220	INSTRUMENTS	48
1806.3725	1806.6155160785704	210	HOW	49
1806.6155160785704	1806.7542742501694	189	GOOD	49
1806.7542742501694	1806.9143444941458	224	IS	49
1806.9143444941458	1807.0041007808966	496	YOUR	49
1807.0041007808966	1807.5457492902788	138	ENDURANCE	49
2285.594978493992	2285.6996993471885	30	ARE	0
2285.6996993471885	2285.854386064056	496	YOUR	0
2285.854386064056	2286.1625	192	GRADES	0
2286.1625	2286.4325	206	HIGHER	0
2286.4325	2286.5148435842257	302	OR	0
2286.5148435842257	2286.7925	251	LOWER	0
2286.7925	2286.9025	432	THAN	0
2286.9025	2287.4025	275	NANCY'S	0
2294.3125	2294.5036997958136	375	SHE	1
2294.5036997958136	2294.900265550836	490	WORE	1
2294.900265550836	2295.275965849132	471	WARM	1
2295.275965849132	2295.6625	158	FLEECY	1
2295.6625	2295.9232403376013	489	WOOLEN	1
2295.9232403376013	2296.4325	311	OVERALLS	1
2303.9825002	2304.007319109115	99999	sp	2
2304.007319109115	2304.2525	354	READING	2
2304.2525	2304.370723710331	217	IN	2
2304.370723710331	2304.5525	335	POOR	2
2304.5525	2304.801147758012	240	LIGHT	2
2304.801147758012	2305.014698106063	181	GIVES	2
2305.014698106063	2305.1025	495	YOU	2
2305.1025	2305.6518099548553	150	EYESTRAIN	2
2312.652276861446	2312.6649602765588	99999	sp	3
2312.6649602765588	2312.885225929546	142	EVEN	3
2312.885225929546	2313.0525	211	I	3
2313.0525	2313.4918828653526	293	OCCASIONALLY	3
2313.4918828653526	2313.6421332862255	177	GET	3
2313.6421332862255	2313.695803625348	434	THE	3
2313.695803625348	2314.0256529847097	265	MONDAY	3
2314.0256529847097	2314.29992118891	56	BLUES	3
2320.9125002	2320.9458651343252	99999	sp	4
2320.9458651343252	2321.0325000000003	476	WE	4
2321.0325000000003	2321.1925	30	ARE	4
2321.1925	2321.4825871142716	301	OPEN	4
2321.4825871142716	2321.7430347936593	145	EVERY	4
2321.7430347936593	2322.0763408270877	265	MONDAY	4
2322.0763408270877	2322.6025	143	EVENING	4
2330.0524998	2330.080023573473	99999	sp	5
2330.080023573473	2330.2225	226	IT'S	5
2330.2225	2330.4114741708095	285	NOT	5
2330.4114741708095	2330.7025000000003	133	EASY	5
2330.7025000000003	2330.7825000000003	446	TO	5
2330.7825000000003	2331.0974519985643	113	CREATE	5
2331.0974519985643	2331.6760553947192	215	ILLUMINATING	5
2331.6760553947192	2332.3425	146	EXAMPLES	5
2339.7425000000003	2339.7626468232593	99999	sp	6
2339.7626468232593	2339.9725	270	MUM	6
2339.9725	2340.362766524792	407	STRONGLY	6
2340.362766524792	2340.7225	126	DISLIKES	6
2340.7225	2341.434886807928	27	APPETIZERS	6
2348.2825000000003	2348.305993273968	99999	sp	7
2348.305993273968	2348.572721203681	443	THOSE	7
2348.572721203681	2348.638668722774	484	WHO	7
2348.638668722774	2348.8925	427	TEACH	7
2348.8925	2349.2825000000003	462	VALUES	7
2349.2825000000003	2349.534040021647	156	FIRST	7
2349.534040021647	2349.9225	4	ABOLISH	7
2349.9225	2350.3309523435514	87	CHEATING	7
2357.6825	2357.715079484741	99999	sp	8
2357.715079484741	2357.7625	434	THE	8
2357.7625	2358.107114188389	165	FRIGHTENED	8
2358.107114188389	2358.5125	89	CHILD	8
2358.5125	2358.649783308142	472	WAS	8
2358.649783308142	2358.9525000000003	176	GENTLY	8
2358.9525000000003	2359.3425	410	SUBDUED	8
2359.3425	2359.4425	73	BY	8
2359.4425	2359.5525	208	HIS	8
2359.5525	2359.7425000000003	52	BIG	8
2359.7425000000003	2360.1125	66	BROTHER	8
2367.9525000000003	2367.9733193093202	99999	sp	9
2367.9733193093202	2368.2092998632097	142	EVEN	9
2368.2092998632097	2368.236935790604	1	A	9
2368.236935790604	2368.5425	383	SIMPLE	9
2368.5425	2369.240112913323	468	VOCABULARY	9
2369.240112913323	2369.6925	104	CONTAINS	9
2369.6925	2370.0625	422	SYMBOLS	9
2377.276988320655	2377.46903297485	1	A	10
2377.46903297485	2377.741181090862	110	CRAB	10
2377.741181090862	2378.1758188580716	85	CHALLENGED	10
2378.1758188580716	2378.3825	258	ME	10
2378.3825	2378.524960311615	70	BUT	10
2378.524960311615	2378.5725	1	A	10
2378.5725	2378.8325	350	QUICK	10
2378.8325	2379.1125	402	STAB	10
2379.1125	2379.5524381648497	464	VANQUISHED	10
2379.5524381648497	2379.7825000000003	207	HIM	10
2387.6725	2387.69597515291	99999	sp	11
2387.69597515291	2388.130536445684	183	GLUCOSE	11
2388.130536445684	2388.2260060130475	20	AND	11
2388.2260060130475	2388.694141874069	167	FRUCTOSE	11
2388.694141874069	2388.773699846872	30	ARE	11
2388.773699846872	2389.108604310556	276	NATURAL	11
2389.108604310556	2389.4725	414	SUGARS	11
2389.4725	2389.7525	163	FOUND	11
2389.7525	2389.8625	217	IN	11
2389.8625	2390.1125	88888	SHUG	11
2390.1125	2390.2541629444777	99999	sp	11
2390.2541629444777	2390.5625	168	FRUIT	11
2398.3061099582014	2398.3925	30	ARE	12
2398.3925	2398.5525	495	YOU	12
2398.5525	2398.8125	250	LOOKING	12
2398.8125	2398.957386281071	161	FOR	12
2398.957386281071	2400.0	136	EMPLOYMENT	12
2405.4625	2405.4779838339014	99999	sp	13
2405.4779838339014	2405.8664392994533	98	COFFEE	13
2405.8664392994533	2406.017580980997	224	IS	13
2406.017580980997	2406.2165091265388	198	GROWN	13
2406.2165091265388	2406.349062978268	297	ON	13
2406.349062978268	2406.6805302385637	404	STEEP	13
2406.6805302385637	2406.9725	231	JUNGLE	13
2406.9725	2407.1791648701746	241	LIKE	13
2407.1791648701746	2407.5908352103925	390	SLOPES	13
2407.5908352103925	2407.7374430693826	217	IN	13
2407.7374430693826	2408.087865129607	431	TEMPERATE	13
2408.087865129607	2408.1565543690076	99999	sp	13
2408.1565543690076	2408.5649961141303	497	ZONES	13
2417.0240881119475	2417.127919368062	476	WE	14
2417.127919368062	2417.4825	480	WELCOME	14
2417.4825	2417.7361648373553	256	MANY	14
2417.7361648373553	2417.8725	282	NEW	14
2417.8725	2418.2825	408	STUDENTS	14
2418.2825	2418.5061526080094	132	EACH	14
2418.5061526080094	2418.7125	491	YEAR	14
2425.8925	2425.9118773829996	99999	sp	15
2425.9118773829996	2426.138567131915	298	ONLY	15
2426.138567131915	2426.232674066019	434	THE	15
2426.232674066019	2426.5225	51	BEST	15
2426.5225	2426.861340103012	330	PLAYERS	15
2426.861340103012	2427.1686408331802	139	ENJOY	15
2427.1686408331802	2427.84967546255	336	POPULARITY	15
2435.3614508085066	2435.8125	75	CALCIUM	16
2435.8125	2436.0990592401195	254	MAKES	16
2436.0990592401195	2436.3347990312745	58	BONES	16
2436.3347990312745	2436.4984634297707	20	AND	16
2436.4984634297707	2436.7111034556356	430	TEETH	16
2436.7111034556356	2437.072243061984	406	STRONG	16
2444.3124998	2444.335815809825	99999	sp	17
2444.335815809825	2444.6925	286	NOTHING	17
2444.6925	2444.8625	224	IS	17
2444.8625	2445.1218841164887	34	AS	17
2445.1218841164887	2445.583271029586	295	OFFENSIVE	17
2445.583271029586	2445.7325	34	AS	17
2445.7325	2446.212931748095	219	INNOCENCE	17
2454.3425	2454.406728992424	99999	sp	18
2454.406728992424	2454.6025	405	STEVE	18
2454.6025	2454.772298661277	490	WORE	18
2454.772298661277	2454.920690288272	1	A	18
2454.920690288272	2455.1425	65	BRIGHT	18
2455.1425	2455.415381361538	356	RED	18
2455.415381361538	2455.8725	78	CASHMERE	18
2455.8725	2456.2725	420	SWEATER	18
2463.8492390583992	2464.138736626835	46	BARB'S	19
2464.138736626835	2464.326812569546	188	GOLD	19
2464.326812569546	2464.653322644502	63	BRACELET	19
2464.653322644502	2464.7725	472	WAS	19
2464.7725	2464.8096466771285	1	A	19
2464.8096466771285	2465.3751396344237	193	GRADUATION	19
2465.3751396344237	2465.7400566038596	339	PRESENT	19
2473.5825	2473.7682446315484	130	DRAW	20
2473.7682446315484	2474.13933649529	145	EVERY	20
2474.13933649529	2474.4039910200963	308	OUTER	20
2474.4039910200963	2474.6533874437023	244	LINE	20
2474.6533874437023	2475.063574649986	156	FIRST	20
2475.063574649986	2475.2050844038004	436	THEN	20
2475.2050844038004	2475.44427462731	154	FILL	20
2475.44427462731	2475.5825	217	IN	20
2475.5825	2475.7025	434	THE	20
2475.7025	2476.3325	222	INTERIOR	20
2484.4124998	2484.435862875592	99999	sp	21
2484.435862875592	2484.485648787174	434	THE	21
2484.485648787174	2484.7802819078947	475	WATER	21
2484.7802819078947	2485.1868559553027	103	CONTAINED	21
2485.1868559553027	2485.313459870147	448	TOO	21
2485.313459870147	2485.5425	269	MUCH	21
2485.5425	2485.9996605922643	90	CHLORINE	21
2485.9996605922643	2486.111059204797	20	AND	21
2486.111059204797	2486.3825	409	STUNG	21
2486.3825	2486.513959099783	208	HIS	21
2486.513959099783	2486.808696868586	149	EYES	21
2494.7625001	2494.7837058553446	99999	sp	22
2494.7837058553446	2495.0825	229	JOHN'S	22
2495.0825	2495.3304293667616	66	BROTHER	22
2495.3304293667616	2495.8125	363	REPAINTED	22
2495.8125	2495.9327359858657	434	THE	22
2495.9327359858657	2496.3217308676753	173	GARAGE	22
2496.3217308676753	2496.5525	129	DOOR	22
2504.1025002	2504.1156767097127	99999	sp	23
2504.1156767097127	2504.5706594962403	84	CHALLENGE	23
2504.5706594962403	2504.8225	132	EACH	23
2504.8225	2505.1525	175	GENERAL'S	23
2505.1525	2505.802592557245	221	INTELLIGENCE	23
2513.1125	2513.8286418498637	17	AMBIDEXTROUS	24
2513.8286418498637	2514.3625	327	PICKPOCKETS	24
2514.3625	2514.843924637056	6	ACCOMPLISH	24
2514.843924637056	2515.0625	267	MORE	24
2522.575662295049	2522.6025872961386	1	A	25
2522.6025872961386	2523.0325	271	MUSCULAR	25
2523.0325	2523.469759998164	2	ABDOMEN	25
2523.469759998164	2523.6061576643683	224	IS	25
2523.6061576643683	2523.7425	189	GOOD	25
2523.7425	2523.8255469995647	161	FOR	25
2523.8255469995647	2523.936274526508	496	YOUR	25
2523.936274526508	2524.25356263978	43	BACK	25
2533.8325002	2533.858829062729	99999	sp	26
2533.858829062729	2534.0025	438	THEY	26
2534.0025	2534.179851371216	317	OWN	26
2534.179851371216	2534.2830161900933	1	A	26
2534.2830161900933	2534.468793273536	52	BIG	26
2534.468793273536	2534.8125	209	HOUSE	26
2534.8125	2534.868836334818	99999	sp	26
2534.868836334818	2534.9425	217	IN	26
2534.9425	2535.0006088762584	434	THE	26
2535.0006088762584	2535.2984718586886	361	REMOTE	26
2535.2984718586886	2535.9429913441327	109	COUNTRYSIDE	26
2543.5424999	2543.5599819069716	99999	sp	27
2543.5599819069716	2543.6420539346686	434	THE	27
2543.6420539346686	2543.9999264544826	369	ROSE	27
2543.9999264544826	2544.5425	106	CORSAGE	27
2544.5425	2544.8932410894136	393	SMELLED	27
2544.8932410894136	2544.9625	99999	sp	27
2544.9625	2545.2225	421	SWEET	27
2552.1964251733443	2552.3235353062623	434	THE	28
2552.3235353062623	2552.8083842168226	326	PICKPOCKET	28
2552.8083842168226	2552.9541766752423	472	WAS	28
2552.9541766752423	2553.1625	80	CAUGHT	28
2553.1625	2553.316733203384	356	RED	28
2553.316733203384	2553.686623498779	199	HANDED	28
2560.6925118987797	2560.7060156353637	99999	sp	29
2560.7060156353637	2560.792071155858	19	AN	29
2560.792071155858	2561.1925	9	ADULT	29
2561.1925	2561.4998209221426	255	MALE	29
2561.4998209221426	2561.9925	42	BABOON'S	29
2561.9925	2562.2425	430	TEETH	29
2562.2425	2562.299007030476	30	ARE	29
2562.299007030476	2562.5325	285	NOT	29
2562.5325	2562.5725	99999	sp	29
2562.5725	2562.868806334425	415	SUITABLE	29
2562.868806334425	2562.9950354444595	161	FOR	29
2562.9950354444595	2563.2630382551256	135	EATING	29
2563.2630382551256	2563.8725	376	SHELLFISH	29
2572.1525	2572.2856296708724	204	HER	30
2572.2856296708724	2572.7042552321313	470	WARDROBE	30
2572.7042552321313	2573.09846041117	102	CONSISTS	30
2573.09846041117	2573.1925	294	OF	30
2573.1925	2573.3925	298	ONLY	30
2573.3925	2573.7447750234696	385	SKIRTS	30
2573.7447750234696	2573.874145763172	20	AND	30
2573.874145763172	2574.3225	54	BLOUSES	30
2581.7653837500134	2581.9279340727894	434	THE	31
2581.9279340727894	2582.1025	453	TWO	31
2582.1025	2582.4764975652683	33	ARTISTS	31
2582.4764975652683	2582.8772503309046	88888	EXCHANGE	31
2582.8772503309046	2583.4625	39	AUTOGRAPHS	31
2590.2200569936554	2590.7225	71	BUTTERSCOTCH	32
2590.7225	2591.0425	169	FUDGE	32
2591.0425	2591.260652984773	186	GOES	32
2591.260652984773	2591.5225	481	WELL	32
2591.5225	2591.6425	487	WITH	32
2591.6425	2591.9625	463	VANILLA	32
2591.9625	2592.235308324807	212	ICE	32
2592.235308324807	2592.463959661204	112	CREAM	32
2599.9124997999998	2599.931205641212	99999	sp	33
2599.931205641212	2600.16978595486	366	RICH	33
2600.16978595486	2600.2433289461082	99999	sp	33
2600.2433289461082	2600.6125	88888	PURCHASE	33
2600.6125	2600.9061399404645	374	SEVERAL	33
2600.9061399404645	2601.233031109873	382	SIGNED	33
2601.233031109873	2601.772666885797	245	LITHOGRAPHS	33
2609.1625	2609.208208949819	99999	sp	34
2609.208208949819	2609.3925	24	ANY	34
2609.3925	2610.018523930882	105	CONTRIBUTIONS	34
2610.018523930882	2610.0925	485	WILL	34
2610.0925	2610.1825	47	BE	34
2610.1825	2610.5225	195	GREATLY	34
2610.5225	2611.1405975778093	28	APPRECIATED	34
2611.1405975778093	2611.5825	99999	sp	34
2617.9246699711066	2618.0434443077384	434	THE	35
2618.0434443077384	2618.467604509255	111	CRANBERRY	35
2618.467604509255	2618.7725	57	BOG	35
2618.7725	2618.9625	178	GETS	35
2618.9625	2619.1925	465	VERY	35
2619.1925	2619.4525	340	PRETTY	35
2619.4525	2619.5725	217	IN	35
2619.5725	2619.9135317189493	40	AUTUMN	35
2627.1424757909167	2627.2825	210	HOW	36
2627.2825	2627.3780459981963	128	DO	36
2627.3780459981963	2627.8025	318	OYSTERS	36
2627.8025	2627.950678805901	253	MAKE	36
2627.950678805901	2628.0198089861597	99999	sp	36
2628.0198089861597	2628.3019857363593	320	PEARLS	36
2634.902922835508	2634.9321594528587	99999	sp	37
2634.9321594528587	2635.060232028564	257	MAY	37
2635.060232028564	2635.0906882309837	211	I	37
2635.0906882309837	2635.4081094032017	304	ORDER	37
2635.4081094032017	2635.4711071711736	1	A	37
2635.4711071711736	2635.852121549176	319	PARFAIT	37
2635.852121549176	2636.0925	10	AFTER	37
2636.0925	2636.1225	211	I	37
2636.1225	2636.2996933177797	134	EAT	37
2636.2996933177797	2636.5871317016035	124	DINNER	37
2643.6525002	2643.6836160401567	99999	sp	38
2643.6836160401567	2643.7777034401042	224	IS	38
2643.7777034401042	2643.903385701492	375	SHE	38
2643.903385701492	2644.1425	187	GOING	38
2644.1425	2644.3225	487	WITH	38
2644.3225	2644.5656645457857	495	YOU	38
2651.3129149925608	2651.409092831127	76	CAN	39
2651.409092831127	2651.471691176012	434	THE	39
2651.471691176012	2651.9466081654	11	AGENCY	39
2651.9466081654	2652.424057844908	315	OVERTHROW	39
2652.424057844908	2652.7760779258774	13	ALIEN	39
2652.7760779258774	2653.2614073527952	162	FORCES	39
2661.1525	2661.167425940676	99999	sp	40
2661.167425940676	2661.266177915318	1	A	40
2661.266177915318	2661.8325	371	SCREWDRIVER	40
2661.8325	2661.9425	224	IS	40
2661.9425	2662.122297354464	252	MADE	40
2662.122297354464	2662.3225	166	FROM	40
2662.3225	2662.702036009129	469	VODKA	40
2662.702036009129	2662.7415629049497	20	AND	40
2662.7415629049497	2663.0825	303	ORANGE	40
2663.0825	2663.3742979382605	230	JUICE	40
2670.6925	2670.7879018078497	210	HOW	41
2670.7879018078497	2670.9541599882186	269	MUCH	41
2670.9541599882186	2671.3325	16	ALLOWANCE	41
2671.3325	2671.4025	128	DO	41
2671.4025	2671.4825	495	YOU	41
2671.4825	2671.6961443622504	177	GET	41
2678.2997422502376	2678.7125	115	CYCLICAL	42
2678.7125	2679.1792881262195	346	PROGRAMS	42
2679.1792881262195	2679.2825	485	WILL	42
2679.2825	2679.559133772775	281	NEVER	42
2679.559133772775	2680.023775330005	100	COMPILE	42
2686.8655160930252	2686.9225	434	THE	43
2686.9225	2687.358716458151	61	BOSTON	43
2687.358716458151	2687.7053552796306	45	BALLET	43
2687.7053552796306	2688.2625	312	OVERCAME	43
2688.2625	2688.3625	435	THEIR	43
2688.3625	2688.7125	170	FUNDING	43
2688.7125	2689.1925	380	SHORTAGE	43
2696.4218116499565	2696.7023781973694	145	EVERY	44
2696.7023781973694	2697.014255530041	74	CAB	44
2697.014255530041	2697.2171603911243	99999	sp	44
2697.2171603911243	2697.4668411361677	280	NEEDS	44
2697.4668411361677	2697.8670748412856	364	REPAINTING	44
2697.8670748412856	2698.273005305242	296	OFTEN	44
2705.0425	2705.3025	203	HELP	45
2705.3025	2705.3478382622707	99999	sp	45
2705.3478382622707	2705.6891169745313	196	GREG	45
2705.6891169745313	2705.852843771767	446	TO	45
2705.852843771767	2706.0244217055647	325	PICK	45
2706.0244217055647	2706.1490455390394	1	A	45
2706.1490455390394	2706.3389298390152	321	PECK	45
2706.3389298390152	2706.499271528016	294	OF	45
2706.499271528016	2706.981745686849	338	POTATOES	45
2713.7125001	2713.7435491101173	99999	sp	46
2713.7435491101173	2713.9125	476	WE	46
2713.9125	2714.1353593108784	241	LIKE	46
2714.1353593108784	2714.3902974200523	55	BLUE	46
2714.3902974200523	2714.7295749736923	88	CHEESE	46
2714.7295749736923	2714.8125	70	BUT	46
2714.8125	2715.1325	466	VICTOR	46
2715.1325	2715.3725	242	LIKES	46
2715.3725	2715.4875651538387	99999	sp	46
2715.4875651538387	2715.6597164635496	64	BRIE	46
2723.022913591253	2723.2337241818227	108	COUNT	47
2723.2337241818227	2723.287441099954	434	THE	47
2723.287441099954	2723.5725	289	NUMBER	47
2723.5725	2723.6533305129665	294	OF	47
2723.6533305129665	2724.148973552953	429	TEASPOONS	47
2724.148973552953	2724.218746237267	294	OF	47
2724.218746237267	2724.7025	395	SOYSAUCE	47
2724.7025	2724.9025	433	THAT	47
2724.9025	2725.0225518842194	495	YOU	47
2725.0225518842194	2725.3343768702607	7	ADD	47
2734.17729966218	2734.6407666055397	44	BAGPIPES	48
2734.6407666055397	2734.7425	20	AND	48
2734.7425	2735.163087808381	59	BONGOS	48
2735.163087808381	2735.2325	30	ARE	48
2735.2325	2735.5819279037005	273	MUSICAL	48
2735.5819279037005	2735.9964851319965	220	INSTRUMENTS	48
2743.5325	2743.6725	210	HOW	49
2743.6725	2743.868718613127	189	GOOD	49
2743.868718613127	2744.0025	224	IS	49
2744.0025	2744.1125	496	YOUR	49
2744.1125	2744.6125	138	ENDURANCE	49
3233.1424993	3233.1724361926344	99999	sp	0
3233.1724361926344	3233.2725	30	ARE	0
3233.2725	3233.4428911386735	496	YOUR	0
3233.4428911386735	3233.7725	192	GRADES	0
3233.7725	3234.1125	206	HIGHER	0
3234.1125	3234.173087679281	302	OR	0
3234.173087679281	3234.421328996999	251	LOWER	0
3234.421328996999	3234.5425	432	THAN	0
3234.5425	3235.0225	275	NANCY'S	0
3241.9725	3242.1425	375	SHE	1
3242.1425	3242.357744311384	490	WORE	1
3242.357744311384	3242.6725	471	WARM	1
3242.6725	3243.0225	158	FLEECY	1
3243.0225	3243.310008239564	489	WOOLEN	1
3243.310008239564	3243.8025	311	OVERALLS	1
3251.1124999	3251.1343602194293	99999	sp	2
3251.1343602194293	3251.367863154355	354	READING	2
3251.367863154355	3251.50623602236	217	IN	2
3251.50623602236	3251.6825	335	POOR	2
3251.6825	3251.901345245079	240	LIGHT	2
3251.901345245079	3252.1058220641225	181	GIVES	2
3252.1058220641225	3252.1825	495	YOU	2
3252.1825	3252.7022693099807	150	EYESTRAIN	2
3259.8325	3259.854684873975	99999	sp	3
3259.854684873975	3260.0411874858682	142	EVEN	3
3260.0411874858682	3260.1925	211	I	3
3260.1925	3260.614914686578	293	OCCASIONALLY	3
3260.614914686578	3260.7584282998714	177	GET	3
3260.7584282998714	3260.8125	434	THE	3
3260.8125	3261.155170709915	265	MONDAY	3
3261.155170709915	3261.4225	56	BLUES	3
3268.0325	3268.062031244409	99999	sp	4
3268.062031244409	3268.155076382391	476	WE	4
3268.155076382391	3268.2425	30	ARE	4
3268.2425	3268.5225	301	OPEN	4
3268.5225	3268.743409054369	145	EVERY	4
3268.743409054369	3269.0625	265	MONDAY	4
3269.0625	3269.5753085938836	143	EVENING	4
3275.8524998	3275.910022958728	99999	sp	5
3275.910022958728	3276.0499554288676	226	IT'S	5
3276.0499554288676	3276.266495245941	285	NOT	5
3276.266495245941	3276.5922228275163	133	EASY	5
3276.5922228275163	3276.72266801746	446	TO	5
3276.72266801746	3276.9263481318803	113	CREATE	5
3276.9263481318803	3277.5025	215	ILLUMINATING	5
3277.5025	3278.1325	146	EXAMPLES	5
3285.1925	3285.220699692758	99999	sp	6
3285.220699692758	3285.4497399427228	270	MUM	6
3285.4497399427228	3285.8588052446253	407	STRONGLY	6
3285.8588052446253	3286.205979647409	126	DISLIKES	6
3286.205979647409	3286.9025	27	APPETIZERS	6
3294.2725	3294.3042312072644	99999	sp	7
3294.3042312072644	3294.526225660633	443	THOSE	7
3294.526225660633	3294.6233948550025	484	WHO	7
3294.6233948550025	3294.859076250883	427	TEACH	7
3294.859076250883	3295.202335019113	462	VALUES	7
3295.202335019113	3295.4625	156	FIRST	7
3295.4625	3295.8725	4	ABOLISH	7
3295.8725	3296.2187610028805	87	CHEATING	7
3303.5625	3303.594424074829	99999	sp	8
3303.594424074829	3303.6607431440293	434	THE	8
3303.6607431440293	3303.9664149107725	165	FRIGHTENED	8
3303.9664149107725	3304.2725	89	CHILD	8
3304.2725	3304.3725	472	WAS	8
3304.3725	3304.6425	176	GENTLY	8
3304.6425	3305.0025	410	SUBDUED	8
3305.0025	3305.1225	73	BY	8
3305.1225	3305.2325	208	HIS	8
3305.2325	3305.4509853672366	52	BIG	8
3305.4509853672366	3305.8025	66	BROTHER	8
3313.1825	3313.1991752744952	99999	sp	9
3313.1991752744952	3313.4125	142	EVEN	9
3313.4125	3313.461743818757	1	A	9
3313.461743818757	3313.7263116058416	383	SIMPLE	9
3313.7263116058416	3314.457649931308	468	VOCABULARY	9
3314.457649931308	3314.8428395762994	104	CONTAINS	9
3314.8428395762994	3315.2325	422	SYMBOLS	9
3322.9125	3322.937799624921	99999	sp	10
3322.937799624921	3323.0676576984606	1	A	10
3323.0676576984606	3323.340885478878	110	CRAB	10
3323.340885478878	3323.8783472991963	85	CHALLENGED	10
3323.8783472991963	3324.1830042162856	258	ME	10
3324.1830042162856	3324.296995697725	70	BUT	10
3324.296995697725	3324.4029178403257	1	A	10
3324.4029178403257	3324.606237794374	350	QUICK	10
3324.606237794374	3324.8725	402	STAB	10
3324.8725	3325.350843250347	464	VANQUISHED	10
3325.350843250347	3325.5361799210114	207	HIM	10
3333.0625	3333.0704727960647	99999	sp	11
3333.0704727960647	3333.4325	183	GLUCOSE	11
3333.4325	3333.5325	20	AND	11
3333.5325	3334.0228300383365	167	FRUCTOSE	11
3334.0228300383365	3334.122383979928	30	ARE	11
3334.122383979928	3334.4725	276	NATURAL	11
3334.4725	3334.8325	414	SUGARS	11
3334.8325	3335.0301982939354	163	FOUND	11
3335.0301982939354	3335.1625	217	IN	11
3335.1625	3335.4225	168	FRUIT	11
3343.0525	3343.09940432623	99999	sp	12
3343.09940432623	3343.1725	30	ARE	12
3343.1725	3343.2814182048564	495	YOU	12
3343.2814182048564	3343.538899411573	250	LOOKING	12
3343.538899411573	3343.6796917431884	161	FOR	12
3343.6796917431884	3344.206980402382	136	EMPLOYMENT	12
3350.2837772721114	3350.6625	98	COFFEE	13
3350.6625	3350.8171093124524	224	IS	13
3350.8171093124524	3351.0124852910885	198	GROWN	13
3351.0124852910885	3351.138778018332	297	ON	13
3351.138778018332	3351.4625	404	STEEP	13
3351.4625	3351.7525	231	JUNGLE	13
3351.7525	3351.9386898685334	241	LIKE	13
3351.9386898685334	3352.3264666711457	390	SLOPES	13
3352.3264666711457	3352.4225	217	IN	13
3352.4225	3352.7439089620857	431	TEMPERATE	13
3352.7439089620857	3353.1025	497	ZONES	13
3360.1325002	3360.1603090158774	99999	sp	14
3360.1603090158774	3360.2325	476	WE	14
3360.2325	3360.5825	480	WELCOME	14
3360.5825	3360.8225	256	MANY	14
3360.8225	3360.9525	282	NEW	14
3360.9525	3361.3725	408	STUDENTS	14
3361.3725	3361.5709963091967	132	EACH	14
3361.5709963091967	3361.7825	491	YEAR	14
3368.309121534325	3368.5047746666	298	ONLY	15
3368.5047746666	3368.647265923439	434	THE	15
3368.647265923439	3368.8825	51	BEST	15
3368.8825	3369.1625	330	PLAYERS	15
3369.1625	3369.4195535234517	139	ENJOY	15
3369.4195535234517	3370.07743029841	336	POPULARITY	15
3376.6625	3376.686606850042	99999	sp	16
3376.686606850042	3377.0924999999997	75	CALCIUM	16
3377.0924999999997	3377.2825	254	MAKES	16
3377.2825	3377.3318863191207	99999	sp	16
3377.3318863191207	3377.5725	58	BONES	16
3377.5725	3377.7004372971305	20	AND	16
3377.7004372971305	3377.897625008267	430	TEETH	16
3377.897625008267	3378.2505672684156	406	STRONG	16
3384.5125	3384.5347579701292	99999	sp	17
3384.5347579701292	3384.835809020793	286	NOTHING	17
3384.835809020793	3384.9725	224	IS	17
3384.9725	3385.1725	34	AS	17
3385.1725	3385.6925	295	OFFENSIVE	17
3385.6925	3385.8225	34	AS	17
3385.8225	3386.2825	219	INNOCENCE	17
3393.1417661187406	3393.4201105960256	405	STEVE	18
3393.4201105960256	3393.5910805731505	490	WORE	18
3393.5910805731505	3393.7157954312356	1	A	18
3393.7157954312356	3393.9825	65	BRIGHT	18
3393.9825	3394.197826724622	356	RED	18
3394.197826724622	3394.6439439794353	78	CASHMERE	18
3394.6439439794353	3395.0225	420	SWEATER	18
3401.601899525041	3401.8825	46	BARB'S	19
3401.8825	3402.0971192941356	188	GOLD	19
3402.0971192941356	3402.405664949754	63	BRACELET	19
3402.405664949754	3402.5425	472	WAS	19
3402.5425	3402.5988177511417	1	A	19
3402.5988177511417	3403.1479008218266	193	GRADUATION	19
3403.1479008218266	3403.5125	339	PRESENT	19
3410.2825	3410.5225	130	DRAW	20
3410.5225	3410.8325	145	EVERY	20
3410.8325	3411.0457729578966	308	OUTER	20
3411.0457729578966	3411.2559333141126	244	LINE	20
3411.2559333141126	3411.6025	156	FIRST	20
3411.6025	3411.724164653477	436	THEN	20
3411.724164653477	3411.9328831759403	154	FILL	20
3411.9328831759403	3412.0580790668478	217	IN	20
3412.0580790668478	3412.1625	434	THE	20
3412.1625	3412.6882084560366	222	INTERIOR	20
3419.7556222899793	3419.8341028265895	434	THE	21
3419.8341028265895	3420.0425	475	WATER	21
3420.0425	3420.4019755990385	103	CONTAINED	21
3420.4019755990385	3420.518070322213	448	TOO	21
3420.518070322213	3420.7225	269	MUCH	21
3420.7225	3421.1025	90	CHLORINE	21
3421.1025	3421.2125	20	AND	21
3421.2125	3421.4425	409	STUNG	21
3421.4425	3421.5825	208	HIS	21
3421.5825	3421.8925	149	EYES	21
3428.8125	3428.8210281454276	99999	sp	22
3428.8210281454276	3429.1554956065884	229	JOHN'S	22
3429.1554956065884	3429.3769105812758	66	BROTHER	22
3429.3769105812758	3429.802037804951	363	REPAINTED	22
3429.802037804951	3429.8819089602034	434	THE	22
3429.8819089602034	3430.2125	173	GARAGE	22
3430.2125	3430.4252042727	129	DOOR	22
3437.1125	3437.1417803504264	99999	sp	23
3437.1417803504264	3437.5125	84	CHALLENGE	23
3437.5125	3437.6625	132	EACH	23
3437.6625	3438.0625	175	GENERAL'S	23
3438.0625	3438.6746366649086	221	INTELLIGENCE	23
3445.8024999	3445.81857341632	99999	sp	24
3445.81857341632	3446.4681265320373	17	AMBIDEXTROUS	24
3446.4681265320373	3446.987015612768	327	PICKPOCKETS	24
3446.987015612768	3447.430225556424	6	ACCOMPLISH	24
3447.430225556424	3447.6425	267	MORE	24
3454.2525	3454.2900732468856	99999	sp	25
3454.2900732468856	3454.3424999999997	1	A	25
3454.3424999999997	3454.8225	271	MUSCULAR	25
3454.8225	3455.1925	2	ABDOMEN	25
3455.1925	3455.3396869865746	224	IS	25
3455.3396869865746	3455.4625	189	GOOD	25
3455.4625	3455.54589686762	161	FOR	25
3455.54589686762	3455.6725	496	YOUR	25
3455.6725	3455.9525	43	BACK	25
3462.8625	3462.8931376979253	99999	sp	26
3462.8931376979253	3463.0125	438	THEY	26
3463.0125	3463.1861974671538	317	OWN	26
3463.1861974671538	3463.2425	1	A	26
3463.2425	3463.4825	52	BIG	26
3463.4825	3463.7725	209	HOUSE	26
3463.7725	3463.860421299118	217	IN	26
3463.860421299118	3463.9125	434	THE	26
3463.9125	3464.1444323048545	361	REMOTE	26
3464.1444323048545	3464.7598369187144	109	COUNTRYSIDE	26
3472.0825	3472.108637490591	99999	sp	27
3472.108637490591	3472.181222357197	434	THE	27
3472.181222357197	3472.4403150065514	369	ROSE	27
3472.4403150065514	3472.8125	106	CORSAGE	27
3472.8125	3473.0625	393	SMELLED	27
3473.0625	3473.110530406243	99999	sp	27
3473.110530406243	3473.340130640741	421	SWEET	27
3479.7125	3479.735090316225	99999	sp	28
3479.735090316225	3479.8412413219394	434	THE	28
3479.8412413219394	3480.3025	326	PICKPOCKET	28
3480.3025	3480.4581038295164	472	WAS	28
3480.4581038295164	3480.6625	80	CAUGHT	28
3480.6625	3480.807282114477	356	RED	28
3480.807282114477	3481.2008032819863	199	HANDED	28
3487.502103786321	3487.5386467499743	19	AN	29
3487.5386467499743	3487.895963269216	9	ADULT	29
3487.895963269216	3488.180399206974	255	MALE	29
3488.180399206974	3488.6225	42	BABOON'S	29
3488.6225	3488.8520871387846	430	TEETH	29
3488.8520871387846	3488.9117175506863	30	ARE	29
3488.9117175506863	3489.0924999999997	285	NOT	29
3489.0924999999997	3489.4625	415	SUITABLE	29
3489.4625	3489.5587077945133	161	FOR	29
3489.5587077945133	3489.7925	135	EATING	29
3489.7925	3490.3325	376	SHELLFISH	29
3497.5625	3497.671362104384	204	HER	30
3497.671362104384	3498.0900836914357	470	WARDROBE	30
3498.0900836914357	3498.4525	102	CONSISTS	30
3498.4525	3498.5325	294	OF	30
3498.5325	3498.7625	298	ONLY	30
3498.7625	3499.1225	385	SKIRTS	30
3499.1225	3499.242099990093	20	AND	30
3499.242099990093	3499.6525	54	BLOUSES	30
3506.7725	3506.925425216005	434	THE	31
3506.925425216005	3507.1571522290365	453	TWO	31
3507.1571522290365	3507.5030096707487	33	ARTISTS	31
3507.5030096707487	3507.9625	147	EXCHANGED	31
3507.9625	3508.5025	39	AUTOGRAPHS	31
3515.6425	3515.676077707869	99999	sp	32
3515.676077707869	3516.1925	71	BUTTERSCOTCH	32
3516.1925	3516.2314050349796	99999	sp	32
3516.2314050349796	3516.54044622638	169	FUDGE	32
3516.54044622638	3516.7400749658045	186	GOES	32
3516.7400749658045	3516.8525	481	WELL	32
3516.8525	3517.0025	487	WITH	32
3517.0025	3517.22961251004	463	VANILLA	32
3517.22961251004	3517.466744683248	212	ICE	32
3517.466744683248	3517.5025	99999	sp	32
3517.5025	3517.768404963229	112	CREAM	32
3524.6524999000003	3524.681439803652	99999	sp	33
3524.681439803652	3524.9409622277576	366	RICH	33
3524.9409622277576	3525.3725	349	PURCHASED	33
3525.3725	3525.679343774082	374	SEVERAL	33
3525.679343774082	3525.7625	99999	sp	33
3525.7625	3526.135858419197	382	SIGNED	33
3526.135858419197	3526.7425000000003	245	LITHOGRAPHS	33
3533.9325001	3533.964306691536	99999	sp	34
3533.964306691536	3534.161599175033	24	ANY	34
3534.161599175033	3534.8080738635535	105	CONTRIBUTIONS	34
3534.8080738635535	3534.874820517629	485	WILL	34
3534.874820517629	3534.9782415755517	47	BE	34
3534.9782415755517	3535.3425	195	GREATLY	34
3535.3425	3536.01802778098	28	APPRECIATED	34
3542.9625	3542.9977570260116	99999	sp	35
3542.9977570260116	3543.1065056711886	434	THE	35
3543.1065056711886	3543.6180137757824	111	CRANBERRY	35
3543.6180137757824	3543.8325	57	BOG	35
3543.8325	3544.0187847168227	178	GETS	35
3544.0187847168227	3544.2434640333245	465	VERY	35
3544.2434640333245	3544.4825	340	PRETTY	35
3544.4825	3544.5925	217	IN	35
3544.5925	3544.9725	40	AUTUMN	35
3552.5725	3553.1814666789455	210	HOW	36
3553.1814666789455	3553.446291182445	128	DO	36
3553.446291182445	3553.7925	318	OYSTERS	36
3553.7925	3553.9604775943	253	MAKE	36
3553.9604775943	3554.198045583134	320	PEARLS	36
3554.198045583134	3554.5725	99999	sp	36
3554.5725	3554.6525	99999	sp	36
3560.930570178132	3561.031797252408	257	MAY	37
3561.031797252408	3561.069073344864	211	I	37
3561.069073344864	3561.3608870859953	304	ORDER	37
3561.3608870859953	3561.422743103201	1	A	37
3561.422743103201	3561.7825000000003	319	PARFAIT	37
3561.7825000000003	3562.0825	10	AFTER	37
3562.0825	3562.1125	211	I	37
3562.1125	3562.281380760428	134	EAT	37
3562.281380760428	3562.6025	124	DINNER	37
3569.2725001	3569.3070433243706	99999	sp	38
3569.3070433243706	3569.3616760979467	224	IS	38
3569.3616760979467	3569.515521631667	375	SHE	38
3569.515521631667	3569.7525	187	GOING	38
3569.7525	3569.910254862434	487	WITH	38
3569.910254862434	3570.147784742443	495	YOU	38
3576.3525	3576.527003231202	76	CAN	39
3576.527003231202	3576.5825	434	THE	39
3576.5825	3577.0211557723455	11	AGENCY	39
3577.0211557723455	3577.4625	315	OVERTHROW	39
3577.4625	3577.7925	13	ALIEN	39
3577.7925	3578.2306597435304	162	FORCES	39
3584.9825	3585.0625	1	A	40
3585.0625	3585.5125	371	SCREWDRIVER	40
3585.5125	3585.6425	224	IS	40
3585.6425	3585.7842096838954	252	MADE	40
3585.7842096838954	3585.9525000000003	166	FROM	40
3585.9525000000003	3586.2353886161754	469	VODKA	40
3586.2353886161754	3586.3225	20	AND	40
3586.3225	3586.6393004132974	303	ORANGE	40
3586.6393004132974	3586.8725	230	JUICE	40
3594.0125	3594.1225	210	HOW	41
3594.1225	3594.265042145357	269	MUCH	41
3594.265042145357	3594.6125	16	ALLOWANCE	41
3594.6125	3594.6925	128	DO	41
3594.6925	3594.7625	495	YOU	41
3594.7625	3594.9928803517196	177	GET	41
3601.5663364450775	3602.008996184206	115	CYCLICAL	42
3602.008996184206	3602.3925	346	PROGRAMS	42
3602.3925	3602.6325	281	NEVER	42
3602.6325	3603.1175821963684	100	COMPILE	42
3610.1525	3610.1800656752857	99999	sp	43
3610.1800656752857	3610.2325	434	THE	43
3610.2325	3610.5825	61	BOSTON	43
3610.5825	3610.847295810823	45	BALLET	43
3610.847295810823	3611.3791927694165	312	OVERCAME	43
3611.3791927694165	3611.4748233343985	435	THEIR	43
3611.4748233343985	3611.8225	170	FUNDING	43
3611.8225	3612.2925	380	SHORTAGE	43
3618.9924998	3619.0150577282034	99999	sp	44
3619.0150577282034	3619.3004113322777	145	EVERY	44
3619.3004113322777	3619.6733522848017	74	CAB	44
3619.6733522848017	3619.9025	280	NEEDS	44
3619.9025	3620.3225	364	REPAINTING	44
3620.3225	3620.7190699950374	296	OFTEN	44
3627.498207170812	3627.7525	203	HELP	45
3627.7525	3628.127666699251	196	GREG	45
3628.127666699251	3628.281655385601	446	TO	45
3628.281655385601	3628.4425	325	PICK	45
3628.4425	3628.5534001262176	1	A	45
3628.5534001262176	3628.7436214446498	321	PECK	45
3628.7436214446498	3628.8833885126583	294	OF	45
3628.8833885126583	3629.3925	88888	POTATO	45
3636.653741088051	3636.7672493238065	476	WE	46
3636.7672493238065	3637.020753565643	241	LIKE	46
3637.020753565643	3637.182150275248	55	BLUE	46
3637.182150275248	3637.5025	88	CHEESE	46
3637.5025	3637.6625	70	BUT	46
3637.6625	3637.9425	466	VICTOR	46
3637.9425	3638.2261822996834	242	LIKES	46
3638.2261822996834	3638.4566568009996	64	BRIE	46
3646.1224999	3646.1501047567735	99999	sp	47
3646.1501047567735	3646.3425	108	COUNT	47
3646.3425	3646.4025	434	THE	47
3646.4025	3646.7460491005368	289	NUMBER	47
3646.7460491005368	3646.8619935232	294	OF	47
3646.8619935232	3647.3425	429	TEASPOONS	47
3647.3425	3647.4225	294	OF	47
3647.4225	3647.9025	395	SOYSAUCE	47
3647.9025	3648.098821521938	433	THAT	47
3648.098821521938	3648.2025	495	YOU	47
3648.2025	3648.4877679799115	7	ADD	47
3655.6090692613507	3656.0725	44	BAGPIPES	48
3656.0725	3656.1925	20	AND	48
3656.1925	3656.5588323601382	59	BONGOS	48
3656.5588323601382	3656.6325	30	ARE	48
3656.6325	3656.974519359292	273	MUSICAL	48
3656.974519359292	3657.5025	220	INSTRUMENTS	48
3663.6625	3663.8518015663776	210	HOW	49
3663.8518015663776	3663.9758983312595	189	GOOD	49
3663.9758983312595	3664.1036183593496	224	IS	49
3664.1036183593496	3664.2132220713984	496	YOUR	49
3664.2132220713984	3664.672916731488	138	ENDURANCE	49
