74.60617634894118	74.63492063492063	99999	sp	3
74.63492063492063	74.93806107900544	142	EVEN	3
74.93806107900544	75.29617664894118	211	I	3
75.29617664894118	75.94718404138376	293	OCCASIONALLY	3
75.94718404138376	76.18617664894117	177	GET	3
76.18617664894117	76.23111569789316	99999	sp	3
76.23111569789316	76.29032004972615	434	THE	3
76.29032004972615	76.66617664894117	265	MONDAY	3
76.66617664894117	77.06502391609287	56	BLUES	3
95.75639460971104	95.79791383219954	99999	sp	4
95.79791383219954	95.91767766655454	476	WE	4
95.91767766655454	96.14096929562128	30	ARE	4
96.14096929562128	96.58567349820694	301	OPEN	4
96.58567349820694	96.94639480971102	145	EVERY	4
96.94639480971102	97.27639480971104	265	MONDAY	4
97.27639480971104	97.80581235783004	143	EVENING	4
105.94984126984127	106.35292490954069	88888	READ	2
106.35292490954069	106.57004106265676	496	YOUR	2
106.57004106265676	106.64475670957421	99999	sp	2
106.64475670957421	107.16332124739168	335	POOR	2
107.16332124739168	107.24902448944407	99999	sp	2
107.24902448944407	107.8629249095407	240	LIGHT	2
107.8629249095407	107.9229249095407	99999	sp	2
107.9229249095407	108.31434684419736	181	GIVES	2
108.31434684419736	108.4674572156018	495	YOU	2
108.4674572156018	109.2529249095407	150	EYESTRAIN	2
116.5750566893424	116.90016402909598	375	SHE	1
116.90016402909598	117.29293999505613	490	WORE	1
117.29293999505613	117.83295313725662	471	WARM	1
117.83295313725662	118.42188071437756	158	FLEECY	1
118.42188071437756	118.83931694651376	489	WOOLEN	1
118.83931694651376	118.91293383391773	99999	sp	1
118.91293383391773	119.6050566893424	311	OVERALLS	1
819.4311111111111	819.4955860463092	476	WE	4
819.4955860463092	819.6688589530643	30	ARE	4
819.6688589530643	820.0760854228246	301	OPEN	4
820.0760854228246	820.4326148526536	145	EVERY	4
820.4326148526536	820.8134368750282	265	MONDAY	4
820.8134368750282	821.3718710321141	143	EVENING	4
828.4005980169882	828.4243083900227	99999	sp	16
828.4243083900227	828.9305978169882	75	CALCIUM	16
828.9305978169882	829.2710761597217	254	MAKES	16
829.2710761597217	829.6889693480985	58	BONES	16
829.6889693480985	829.8347366782408	20	AND	16
829.8347366782408	830.1705978169882	430	TEETH	16
830.1705978169882	830.6386849919272	406	STRONG	16
837.1355322374853	837.2442910595277	434	THE	28
837.2442910595277	837.4680565432028	99999	sp	28
837.4680565432028	837.6777739696067	88888	PI	28
837.6777739696067	837.9433444699607	433	THAT	28
837.9433444699607	838.521937021539	326	PICKPOCKET	28
838.521937021539	838.6744587861965	472	WAS	28
838.6744587861965	838.9539479789806	80	CAUGHT	28
838.9539479789806	839.0934251190292	356	RED	28
846.5246213602924	846.5274376417234	99999	sp	22
846.5274376417234	846.9587814030065	229	JOHN'S	22
846.9587814030065	847.3633984522047	66	BROTHER	22
847.3633984522047	847.9846212602923	363	REPAINTED	22
847.9846212602923	848.1057643693823	434	THE	22
848.1057643693823	848.5525972482435	173	GARAGE	22
848.5525972482435	848.8046212602924	129	DOOR	22
855.5243537414966	855.8938831027948	210	HOW	36
855.8938831027948	856.042448532067	128	DO	36
856.042448532067	856.4824485320671	318	OYSTERS	36
856.4824485320671	856.7556941057366	253	MAKE	36
856.7556941057366	857.1424485320671	320	PEARLS	36
865.0208764555758	865.1569307334207	476	WE	14
865.1569307334207	865.5382351450644	480	WELCOME	14
865.5382351450644	865.846288972366	256	MANY	14
865.846288972366	866.0168725249433	282	NEW	14
866.0168725249433	866.5517021339067	408	STUDENTS	14
866.5517021339067	866.8366770099772	132	EACH	14
866.8366770099772	867.0945592041678	491	YEAR	14
873.9703943159358	874.3097398763656	145	EVERY	44
874.3097398763656	874.8710887520872	74	CAB	44
874.8710887520872	875.3025647968418	280	NEEDS	44
875.3025647968418	875.7621369561386	364	REPAINTING	44
884.083117875427	884.1440685381407	434	THE	8
884.1440685381407	884.5043008638777	165	FRIGHTENED	8
884.5043008638777	884.9237357166857	89	CHILD	8
884.9237357166857	885.2207517847029	472	WAS	8
885.2207517847029	885.5100969998801	176	GENTLY	8
885.5100969998801	886.0278682535858	410	SUBDUED	8
886.0278682535858	886.2109545017146	73	BY	8
886.2109545017146	886.4076273035097	208	HIS	8
886.4076273035097	886.6640620147568	52	BIG	8
886.6640620147568	887.2444586577368	66	BROTHER	8
895.798	896.2272956199628	46	BARB'S	19
896.2272956199628	896.2935160525594	99999	sp	19
896.2935160525594	896.6285769374047	188	GOLD	19
896.6285769374047	897.1456910272818	63	BRACELET	19
897.1456910272818	897.3693949488367	472	WAS	19
897.3693949488367	897.4472956199628	1	A	19
897.4472956199628	898.2395753595601	193	GRADUATION	19
898.2395753595601	898.6772956199628	339	PRESENT	19
906.3206260662089	906.4341530634124	1	A	40
906.4341530634124	907.1646520415086	371	SCREWDRIVER	40
907.1646520415086	907.3201841041526	224	IS	40
907.3201841041526	907.5559907797744	252	MADE	40
907.5559907797744	907.8546500882876	166	FROM	40
907.8546500882876	908.3092050842733	469	VODKA	40
908.3092050842733	908.4563705304853	20	AND	40
908.4563705304853	908.8266371828445	303	ORANGE	40
908.8266371828445	909.1992987950509	230	JUICE	40
916.8727721651456	916.8926984126985	99999	sp	43
916.8926984126985	917.020317349354	434	THE	43
917.020317349354	917.0708808462899	99999	sp	43
917.0708808462899	917.595434104826	61	BOSTON	43
917.595434104826	917.9981137317156	88888	BAL	43
917.9981137317156	918.1626093335094	99999	sp	43
918.1626093335094	918.3197762381456	88888	BA	43
918.3197762381456	918.5482714114169	99999	sp	43
918.5482714114169	919.0353337323979	45	BALLET	43
919.0353337323979	919.6415473227223	312	OVERCAME	43
919.6415473227223	919.7533118181858	435	THEIR	43
919.7533118181858	920.161501265898	170	FUNDING	43
920.161501265898	920.8227721651456	380	SHORTAGE	43
928.1307722670017	928.2084246765148	1	A	10
928.2084246765148	928.6358869906206	110	CRAB	10
928.6358869906206	929.1786391657349	85	CHALLENGED	10
929.1786391657349	929.5147891075786	258	ME	10
929.5147891075786	929.8328772615024	99999	sp	10
929.8328772615024	929.9655016607745	70	BUT	10
929.9655016607745	930.0417625431032	1	A	10
930.0417625431032	930.3366423809549	350	QUICK	10
930.3366423809549	930.9366951129625	402	STAB	10
930.9366951129625	931.1704144978073	99999	sp	10
931.1704144978073	931.730329923326	464	VANQUISHED	10
931.730329923326	931.9774505412373	207	HIM	10
938.4721995464853	938.6333224789078	204	HER	30
938.6333224789078	939.1124247734928	470	WARDROBE	30
939.1124247734928	939.6107195227378	102	CONSISTS	30
939.6107195227378	939.7383036645667	294	OF	30
939.7383036645667	940.098684866023	298	ONLY	30
940.098684866023	940.578797713988	385	SKIRTS	30
940.578797713988	940.7596733829406	20	AND	30
940.7596733829406	941.2213746737694	54	BLOUSES	30
949.9793559498381	950.0030839002268	99999	sp	31
950.0030839002268	950.0975313213304	434	THE	31
950.0975313213304	950.1747577178282	99999	sp	31
950.1747577178282	950.387240094626	453	TWO	31
950.387240094626	950.9232757308665	33	ARTISTS	31
950.9232757308665	951.5209125939886	147	EXCHANGED	31
951.5209125939886	952.1479728751866	39	AUTOGRAPHS	31
959.8654744613721	959.8879818594104	99999	sp	29
959.8879818594104	959.9562133756472	19	AN	29
959.9562133756472	960.445474461372	9	ADULT	29
960.445474461372	960.9725854254651	255	MALE	29
960.9725854254651	961.0920047282584	99999	sp	29
961.0920047282584	961.7684804994774	42	BABOON'S	29
961.7684804994774	961.915474461372	99999	sp	29
961.915474461372	962.367712795046	430	TEETH	29
962.367712795046	962.5941173716499	30	ARE	29
962.5941173716499	962.905474461372	285	NOT	29
962.905474461372	963.3554744613721	415	SUITABLE	29
963.3554744613721	963.5765913925651	161	FOR	29
963.5765913925651	963.825474461372	135	EATING	29
963.825474461372	964.4041295055606	376	SHELLFISH	29
971.5282586648176	972.0191155408722	183	GLUCOSE	11
972.0191155408722	972.1234725377432	20	AND	11
972.1234725377432	972.8229385123925	167	FRUCTOSE	11
972.8229385123925	972.9303058072501	30	ARE	11
972.9303058072501	973.3156239495426	276	NATURAL	11
973.3156239495426	973.7109764184573	414	SUGARS	11
973.7109764184573	974.0100238214931	163	FOUND	11
974.0100238214931	974.1534097970438	217	IN	11
981.7727891156462	982.1315040156992	130	DRAW	20
982.1315040156992	982.2862689426559	99999	sp	20
982.2862689426559	982.6842887362814	145	EVERY	20
982.6842887362814	983.0184356046276	308	OUTER	20
983.0184356046276	983.3448311267921	244	LINE	20
983.3448311267921	984.0342887362814	156	FIRST	20
984.0342887362814	984.2654400709314	99999	sp	20
984.2654400709314	984.4842887362813	436	THEN	20
984.4842887362813	984.8276310138418	154	FILL	20
984.8276310138418	985.0742887362813	217	IN	20
985.0742887362813	985.1823616855868	434	THE	20
985.1823616855868	985.7442887362813	222	INTERIOR	20
993.8252154195011	993.9714924687979	438	THEY	26
993.9714924687979	994.131492468798	317	OWN	26
994.131492468798	994.1932422054584	1	A	26
994.1932422054584	994.441492468798	52	BIG	26
994.441492468798	994.9961332734406	209	HOUSE	26
994.9961332734406	995.1472722231117	217	IN	26
995.1472722231117	995.2014924687979	434	THE	26
995.2014924687979	995.521492468798	361	REMOTE	26
995.521492468798	996.2214924687979	109	COUNTRYSIDE	26
1003.7790706829572	1003.796462585034	99999	sp	33
1003.796462585034	1004.1190703829573	366	RICH	33
1004.1190703829573	1004.1752999643821	99999	sp	33
1004.1752999643821	1004.6990703829572	349	PURCHASED	33
1004.6990703829572	1005.0790703829573	374	SEVERAL	33
1005.0790703829573	1005.5890703829573	382	SIGNED	33
1005.5890703829573	1006.3154533267251	245	LITHOGRAPHS	33
1014.0881141046797	1014.1256235827665	99999	sp	46
1014.1256235827665	1014.2881141046796	476	WE	46
1014.2881141046796	1014.6596980239792	241	LIKE	46
1014.6596980239792	1014.895281268112	55	BLUE	46
1014.895281268112	1015.3181141046797	88	CHEESE	46
1015.3181141046797	1015.4681141046797	70	BUT	46
1015.4681141046797	1015.8686057335889	466	VICTOR	46
1015.8686057335889	1016.3225823283627	242	LIKES	46
1016.3225823283627	1016.6088921309165	64	BRIE	46
1024.9249758361452	1025.0412446601217	434	THE	35
1025.0412446601217	1025.7095308131602	111	CRANBERRY	35
1025.7095308131602	1026.0256121017594	57	BOG	35
1026.0256121017594	1026.3918650234696	178	GETS	35
1026.3918650234696	1026.678790809106	465	VERY	35
1026.678790809106	1027.1182943151582	340	PRETTY	35
1027.1182943151582	1027.29991562702	99999	sp	35
1027.29991562702	1027.5445678760025	340	PRETTY	35
1027.5445678760025	1027.6589591994955	217	IN	35
1027.6589591994955	1028.118734132715	40	AUTUMN	35
1035.7375900407314	1035.7784126984127	99999	sp	32
1035.7784126984127	1036.3575900407313	71	BUTTERSCOTCH	32
1036.3575900407313	1036.4223273181983	99999	sp	32
1036.4223273181983	1036.8966960512907	169	FUDGE	32
1036.8966960512907	1037.3404354362528	99999	sp	32
1037.3404354362528	1037.789400003312	186	GOES	32
1037.789400003312	1038.0316009737694	481	WELL	32
1038.0316009737694	1038.338076019039	487	WITH	32
1038.338076019039	1038.6221572827228	212	ICE	32
1038.6221572827228	1038.8975900407313	463	VANILLA	32
1038.8975900407313	1039.182366622216	212	ICE	32
1039.182366622216	1039.4974172760462	112	CREAM	32
1046.9114197920896	1046.964172335601	99999	sp	24
1046.964172335601	1047.7014199920895	17	AMBIDEXTROUS	24
1047.7014199920895	1047.783954467286	99999	sp	24
1047.783954467286	1048.4128231301556	327	PICKPOCKETS	24
1048.4128231301556	1048.978234280144	6	ACCOMPLISH	24
1048.978234280144	1049.2683466199796	267	MORE	24
1056.5213605442177	1056.695567977181	226	IT'S	5
1056.695567977181	1056.9785895738798	285	NOT	5
1056.9785895738798	1057.4393048681793	133	EASY	5
1057.4393048681793	1057.588948989017	446	TO	5
1057.588948989017	1058.0761024790472	113	CREATE	5
1058.0761024790472	1058.6915620428754	215	ILLUMINATING	5
1058.6915620428754	1059.3927084976285	146	EXAMPLES	5
1066.5871286294964	1066.666675992817	1	A	25
1066.666675992817	1067.185450679185	271	MUSCULAR	25
1067.185450679185	1067.729311182108	2	ABDOMEN	25
1067.729311182108	1067.8587539955342	224	IS	25
1067.8587539955342	1068.0433856053828	189	GOOD	25
1068.0433856053828	1068.2380515418533	161	FOR	25
1068.2380515418533	1068.3705046532664	496	YOUR	25
1068.3705046532664	1068.5906864238334	43	BACK	25
1084.747665164158	1085.17145290275	98	COFFEE	13
1085.17145290275	1085.381170329154	224	IS	13
1085.381170329154	1085.8174292772314	198	GROWN	13
1085.8174292772314	1085.9778176522816	297	ON	13
1085.9778176522816	1086.3701598232094	404	STEEP	13
1086.3701598232094	1086.4925786080003	99999	sp	13
1086.4925786080003	1086.847793770426	231	JUNGLE	13
1086.847793770426	1087.0825970133856	241	LIKE	13
1087.0825970133856	1087.5772578297956	390	SLOPES	13
1087.5772578297956	1087.7046937778975	217	IN	13
1087.7046937778975	1088.277653828025	431	TEMPERATE	13
1095.8857804756294	1095.9025850340136	99999	sp	27
1095.9025850340136	1095.9957806756292	434	THE	27
1095.9957806756292	1096.4680493960986	369	ROSE	27
1096.4680493960986	1096.9959227970157	106	CORSAGE	27
1096.9959227970157	1097.425780675629	393	SMELLED	27
1097.425780675629	1097.7457806756292	421	SWEET	27
1104.7913197206044	1104.8107029478458	99999	sp	3
1104.8107029478458	1105.0413198206043	142	EVEN	3
1105.0413198206043	1105.2486225947964	211	I	3
1105.2486225947964	1105.7918479333548	293	OCCASIONALLY	3
1105.7918479333548	1105.996136993674	177	GET	3
1105.996136993674	1106.0365200647616	434	THE	3
1106.0365200647616	1106.445320706784	265	MONDAY	3
1106.445320706784	1106.8651009997427	56	BLUES	3
1116.3874829931972	1117.024012055413	84	CHALLENGE	23
1117.024012055413	1117.302184427872	132	EACH	23
1117.302184427872	1117.722184427872	175	GENERAL'S	23
1117.722184427872	1118.494547944479	221	INTELLIGENCE	23
1126.0425142470326	1126.064671201814	99999	sp	2
1126.064671201814	1126.4457884441106	354	READING	2
1126.4457884441106	1126.6206409243043	217	IN	2
1126.6206409243043	1126.9165940050634	335	POOR	2
1126.9165940050634	1127.2442341499845	240	LIGHT	2
1127.2442341499845	1127.4938684679819	181	GIVES	2
1127.4938684679819	1127.5924759627592	495	YOU	2
1127.5924759627592	1128.3125143470327	150	EYESTRAIN	2
1136.0332616616602	1136.0589569160998	99999	sp	37
1136.0589569160998	1136.163237937291	257	MAY	37
1136.163237937291	1136.2616689504393	211	I	37
1136.2616689504393	1136.5859075379137	304	ORDER	37
1136.5859075379137	1136.681301458667	1	A	37
1136.681301458667	1137.1144944787259	319	PARFAIT	37
1137.1144944787259	1137.4132616616603	10	AFTER	37
1137.4132616616603	1137.4432616616602	211	I	37
1137.4432616616602	1137.6143186557451	134	EAT	37
1137.6143186557451	1137.652168005477	99999	sp	37
1137.652168005477	1137.9897658225843	124	DINNER	37
1146.6073045211724	1146.6118820861677	99999	sp	42
1146.6118820861677	1146.9807173831725	115	CYCLICAL	42
1146.9807173831725	1147.007800382959	99999	sp	42
1147.007800382959	1147.574388699286	346	PROGRAMS	42
1147.574388699286	1147.694509280237	485	WILL	42
1147.694509280237	1148.0058611486938	281	NEVER	42
1148.0058611486938	1148.0634740755124	99999	sp	42
1148.0634740755124	1148.6065660604936	100	COMPILE	42
1156.5910798782484	1156.6153287981858	99999	sp	17
1156.6153287981858	1157.0231262589446	286	NOTHING	17
1157.0231262589446	1157.14127467699	224	IS	17
1157.14127467699	1158.301586979775	99999	sp	17
1158.301586979775	1158.5810798782481	34	AS	17
1158.5810798782481	1159.0710798782484	295	OFFENSIVE	17
1159.0710798782484	1159.2541043373917	34	AS	17
1159.2541043373917	1159.367760269813	99999	sp	17
1159.367760269813	1159.9010798782483	217	IN	17
1159.9010798782483	1159.9688914062847	99999	sp	17
1159.9688914062847	1160.8510798782484	219	INNOCENCE	17
1168.8039909297052	1169.160593846485	203	HELP	45
1169.160593846485	1169.5951152159018	196	GREG	45
1169.5951152159018	1169.8359332309897	446	TO	45
1169.8359332309897	1170.2890826407524	99999	sp	45
1170.2890826407524	1170.6151152159018	325	PICK	45
1170.6151152159018	1170.83472205576	1	A	45
1170.83472205576	1171.181202001309	321	PECK	45
1171.181202001309	1171.3706527479726	294	OF	45
1171.3706527479726	1172.22402631753	338	POTATOES	45
1180.230022675737	1180.6423757149678	210	HOW	49
1180.6423757149678	1181.0480362553521	189	GOOD	49
1181.0480362553521	1181.1670565825311	99999	sp	49
1181.1670565825311	1181.3280549734577	224	IS	49
1181.3280549734577	1181.520022675737	496	YOUR	49
1181.520022675737	1181.990022675737	138	ENDURANCE	49
1188.6967062866056	1188.7134693877551	99999	sp	38
1188.7134693877551	1188.8417713956683	224	IS	38
1188.8417713956683	1189.1148364376675	375	SHE	38
1189.1148364376675	1189.4167062866059	187	GOING	38
1189.4167062866059	1189.592300635563	487	WITH	38
1189.592300635563	1189.857029463336	495	YOU	38
1197.486027182966	1197.5024943310657	99999	sp	15
1197.5024943310657	1197.7834176370866	298	ONLY	15
1197.7834176370866	1197.9634379109891	434	THE	15
1197.9634379109891	1198.2470667232624	51	BEST	15
1198.2470667232624	1198.596206464541	330	PLAYERS	15
1198.596206464541	1198.8978207806333	139	ENJOY	15
1198.8978207806333	1199.7336025609325	336	POPULARITY	15
1206.1616326530611	1206.2999298409025	210	HOW	41
1206.2999298409025	1206.4637683148242	269	MUCH	41
1206.4637683148242	1207.0352564751142	16	ALLOWANCE	41
1207.0352564751142	1207.104055730967	128	DO	41
1207.104055730967	1207.245839278904	495	YOU	41
1207.245839278904	1207.5295863420824	177	GET	41
1215.3139229024944	1215.5678351580386	375	SHE	1
1215.5678351580386	1215.9199547731555	490	WORE	1
1215.9199547731555	1216.232946746882	471	WARM	1
1216.232946746882	1216.6839229024943	158	FLEECY	1
1216.6839229024943	1217.0012562906445	489	WOOLEN	1
1217.0012562906445	1217.4867236226548	311	OVERALLS	1
1225.813154188171	1225.8440816326531	99999	sp	39
1225.8440816326531	1226.043154088171	76	CAN	39
1226.043154088171	1226.1841533442405	434	THE	39
1226.1841533442405	1226.773154088171	11	AGENCY	39
1226.773154088171	1227.253154088171	315	OVERTHROW	39
1227.253154088171	1227.6959651590312	13	ALIEN	39
1227.6959651590312	1228.273154088171	162	FORCES	39
1234.9395111059475	1234.9684353741497	99999	sp	47
1234.9684353741497	1235.2495389137398	108	COUNT	47
1235.2495389137398	1235.3014959932314	434	THE	47
1235.3014959932314	1235.6395111059478	289	NUMBER	47
1235.6395111059478	1235.7992857851045	294	OF	47
1235.7992857851045	1236.3495111059476	429	TEASPOONS	47
1236.3495111059476	1236.4431119076012	294	OF	47
1236.4431119076012	1237.0833994714997	395	SOYSAUCE	47
1237.0833994714997	1237.2376596894624	433	THAT	47
1237.2376596894624	1237.3882051484002	495	YOU	47
1237.3882051484002	1237.7160001728435	7	ADD	47
1245.6013605442176	1245.6542338588727	30	ARE	12
1245.6542338588727	1245.7760827534426	495	YOU	12
1245.7760827534426	1246.0742338588725	250	LOOKING	12
1246.0742338588725	1246.2397088713637	161	FOR	12
1246.2397088713637	1246.8742338588727	136	EMPLOYMENT	12
1255.3512925170069	1255.6402147307124	405	STEVE	18
1255.6402147307124	1255.887007197636	490	WORE	18
1255.887007197636	1256.0537091975327	1	A	18
1256.0537091975327	1256.522254092226	65	BRIGHT	18
1256.522254092226	1256.8331727059867	356	RED	18
1256.8331727059867	1257.372275191334	78	CASHMERE	18
1257.372275191334	1257.888124400618	420	SWEATER	18
1265.027029478458	1265.3612088363905	270	MUM	6
1265.3612088363905	1265.8458076732995	407	STRONGLY	6
1265.8458076732995	1266.2871715090016	126	DISLIKES	6
1266.2871715090016	1267.0579261411083	27	APPETIZERS	6
1274.3723428704116	1274.4022675736962	99999	sp	7
1274.4022675736962	1274.649835398759	443	THOSE	7
1274.649835398759	1274.776218775425	484	WHO	7
1274.776218775425	1275.077833091517	427	TEACH	7
1275.077833091517	1275.8522081157348	462	VALUES	7
1275.8522081157348	1276.207987057528	99999	sp	7
1276.207987057528	1276.5859276704616	156	FIRST	7
1276.5859276704616	1277.070413886861	4	ABOLISH	7
1277.070413886861	1277.4707537753159	87	CHEATING	7
1285.2486196714508	1285.278820861678	99999	sp	9
1285.278820861678	1285.502337983913	142	EVEN	9
1285.502337983913	1285.579327018384	1	A	9
1285.579327018384	1286.0286199714508	383	SIMPLE	9
1286.0286199714508	1287.1114625324835	468	VOCABULARY	9
1287.1114625324835	1287.648619971451	104	CONTAINS	9
1287.648619971451	1288.2686199714508	422	SYMBOLS	9
1296.3611090110394	1296.572265425803	24	ANY	34
1296.572265425803	1297.4229809476913	105	CONTRIBUTIONS	34
1297.4229809476913	1297.5564099568744	485	WILL	34
1297.5564099568744	1297.6883000420598	47	BE	34
1297.6883000420598	1298.0312372412945	195	GREATLY	34
1298.0312372412945	1298.7329809476912	88888	ACCEPTED	34
1306.0159545885142	1306.04462585034	99999	sp	21
1306.04462585034	1306.1059549885142	434	THE	21
1306.1059549885142	1306.465954988514	475	WATER	21
1306.465954988514	1306.9359549885144	103	CONTAINED	21
1306.9359549885144	1307.1513955356218	448	TOO	21
1307.1513955356218	1307.4090430164922	269	MUCH	21
1307.4090430164922	1307.8959549885142	90	CHLORINE	21
1307.8959549885142	1308.0559549885143	20	AND	21
1308.0559549885143	1308.3859549885142	409	STUNG	21
1308.3859549885142	1308.5211348666107	208	HIS	21
1308.5211348666107	1308.8859549885142	149	EYES	21
1315.7370416124436	1315.7796825396824	99999	sp	48
1315.7796825396824	1316.3728850880018	44	BAGPIPES	48
1316.3728850880018	1316.5513298220135	20	AND	48
1316.5513298220135	1316.9381523034233	59	BONGOS	48
1316.9381523034233	1317.0028934937188	30	ARE	48
1317.0028934937188	1317.4239233574713	273	MUSICAL	48
1317.4239233574713	1317.9970416124438	220	INSTRUMENTS	48
1334.3917820354923	1334.4366439909297	99999	sp	0
1334.4366439909297	1334.5117820354922	30	ARE	0
1334.5117820354922	1334.727945916981	496	YOUR	0
1334.727945916981	1335.140735071876	192	GRADES	0
1335.140735071876	1335.4917820354922	206	HIGHER	0
1335.4917820354922	1335.5770015564374	302	OR	0
1335.5770015564374	1335.8196701246247	251	LOWER	0
1335.8196701246247	1335.9417820354922	432	THAN	0
1335.9417820354922	1336.4217820354922	275	NANCY'S	0
1823.34753117596	1823.389387755102	99999	sp	4
1823.389387755102	1823.48753117596	476	WE	4
1823.48753117596	1823.5993190702231	30	ARE	4
1823.5993190702231	1823.93753117596	301	OPEN	4
1823.93753117596	1824.1922905571198	145	EVERY	4
1824.1922905571198	1824.54753117596	265	MONDAY	4
1824.54753117596	1825.0275311759601	143	EVENING	4
1831.6768967223493	1831.8335860521902	433	THAT	28
1831.8335860521902	1832.4664688626754	326	PICKPOCKET	28
1832.4664688626754	1832.6220009253195	472	WAS	28
1832.6220009253195	1832.8558007356166	80	CAUGHT	28
1832.8558007356166	1832.990260712354	356	RED	28
1832.990260712354	1833.4118981880392	199	HANDED	28
1840.5862131519275	1841.0120189207873	229	JOHN'S	22
1841.0120189207873	1841.2529006233974	66	BROTHER	22
1841.2529006233974	1841.7766962533428	363	REPAINTED	22
1841.7766962533428	1841.9018518057535	434	THE	22
1841.9018518057535	1842.3566962533428	173	GARAGE	22
1842.3566962533428	1842.6809616663572	129	DOOR	22
1849.5448526077098	1849.7540639031242	210	HOW	36
1849.7540639031242	1849.8748526077097	128	DO	36
1849.8748526077097	1850.2948526077098	318	OYSTERS	36
1850.2948526077098	1850.5272804411718	253	MAKE	36
1850.5272804411718	1850.937165942567	320	PEARLS	36
1859.3912518400134	1859.5131531654408	476	WE	14
1859.5131531654408	1859.8854266831245	480	WELCOME	14
1859.8854266831245	1860.1683946938704	256	MANY	14
1860.1683946938704	1860.326937054501	282	NEW	14
1860.326937054501	1860.8256430876243	408	STUDENTS	14
1860.8256430876243	1861.0694772245438	132	EACH	14
1861.0694772245438	1861.3014729434399	491	YEAR	14
1868.105569220629	1868.378405025976	145	EVERY	44
1868.378405025976	1868.752888182908	74	CAB	44
1868.752888182908	1869.062948875534	280	NEEDS	44
1869.062948875534	1869.5035292233301	364	REPAINTING	44
1869.5035292233301	1869.9867152465454	296	OFTEN	44
1877.4118231354378	1877.4857624670028	434	THE	8
1877.4857624670028	1877.7898025636555	165	FRIGHTENED	8
1877.7898025636555	1878.1560554853656	89	CHILD	8
1878.1560554853656	1878.339368977112	472	WAS	8
1878.339368977112	1878.6203301225335	176	GENTLY	8
1878.6203301225335	1879.07087138787	410	SUBDUED	8
1879.07087138787	1879.2003142012964	73	BY	8
1879.2003142012964	1879.3518325332916	208	HIS	8
1879.3518325332916	1879.5936598048866	52	BIG	8
1879.5936598048866	1879.8946896035525	66	BROTHER	8
1887.1943273657446	1887.4821027495082	46	BARBS	19
1887.4821027495082	1887.7399849436986	188	GOLD	19
1887.7399849436986	1888.1232962206666	63	BRACELET	19
1888.1232962206666	1888.2888626099327	472	WAS	19
1888.2888626099327	1888.3320102144082	1	A	19
1888.3320102144082	1888.9099314720881	193	GRADUATION	19
1888.9099314720881	1889.2479833841096	339	PRESENT	19
1896.5228678841056	1896.5911502445242	1	A	40
1896.5911502445242	1897.1119317962164	371	SCREWDRIVER	40
1897.1119317962164	1897.2323437156826	224	IS	40
1897.2323437156826	1897.37583458638	252	MADE	40
1897.37583458638	1897.6166584253128	166	FROM	40
1897.6166584253128	1897.9357500118988	469	VODKA	40
1897.9357500118988	1898.0029800002674	20	AND	40
1898.0029800002674	1898.3270887501644	303	ORANGE	40
1898.3270887501644	1898.7200707289269	230	JUICE	40
1906.3810430839003	1906.5110857431089	434	THE	43
1906.5110857431089	1906.8987734150833	61	BOSTON	43
1906.8987734150833	1907.2105285383864	45	BALLET	43
1907.2105285383864	1907.7038462154117	312	OVERCAME	43
1907.7038462154117	1907.7969172721957	435	THEIR	43
1907.7969172721957	1908.1338462154115	170	FUNDING	43
1908.1338462154115	1908.6538462154115	380	SHORTAGE	43
1916.3375138074514	1916.4696277637308	1	A	10
1916.4696277637308	1916.8599630693343	110	CRAB	10
1916.8599630693343	1917.3787377557019	85	CHALLENGED	10
1917.3787377557019	1917.6316027865814	258	ME	10
1917.6316027865814	1917.76204903267	70	BUT	10
1917.76204903267	1917.8661158137938	1	A	10
1917.8661158137938	1918.190532232761	350	QUICK	10
1918.190532232761	1918.4444006963026	402	STAB	10
1918.4444006963026	1918.9511341907235	464	VANQUISHED	10
1918.9511341907235	1919.144796694532	207	HIM	10
1925.681814058957	1925.8070119289068	204	HER	30
1925.8070119289068	1926.2422620184957	470	WARDROBE	30
1926.2422620184957	1926.7918140589568	102	CONSISTS	30
1926.7918140589568	1926.8918140589567	294	OF	30
1926.8918140589567	1927.1618140589567	298	ONLY	30
1927.1618140589567	1927.5941708072532	385	SKIRTS	30
1927.5941708072532	1927.759833239253	20	AND	30
1927.759833239253	1928.416945290054	54	BLOUSES	30
1936.9084807256236	1937.0504435881974	434	THE	31
1937.0504435881974	1937.267611377169	453	TWO	31
1937.267611377169	1937.7707855406632	33	ARTISTS	31
1937.7707855406632	1938.208203480904	147	EXCHANGED	31
1938.208203480904	1938.8066598736357	39	AUTOGRAPHS	31
1945.772879818594	1945.8997840083457	19	AN	29
1945.8997840083457	1946.2798833569664	9	ADULT	29
1946.2798833569664	1946.5625745736493	255	MALE	29
1946.5625745736493	1947.1398833569665	42	BABOON'S	29
1947.1398833569665	1947.4473434331594	430	TEETH	29
1947.4473434331594	1947.5598833569666	30	ARE	29
1947.5598833569666	1947.7534200419595	285	NOT	29
1947.7534200419595	1948.1698833569665	415	SUITABLE	29
1948.1698833569665	1948.3198833569663	161	FOR	29
1948.3198833569663	1948.6002496839824	135	EATING	29
1948.6002496839824	1949.2398833569664	376	SHELLFISH	29
1956.618384754296	1957.022565343247	183	GLUCOSE	11
1957.022565343247	1957.10986398486	20	AND	11
1957.10986398486	1957.6607485164188	167	FRUCTOSE	11
1957.6607485164188	1957.7661089459518	30	ARE	11
1957.7661089459518	1958.131253539853	276	NATURAL	11
1958.131253539853	1958.4916641698194	414	SUGARS	11
1958.4916641698194	1958.7454522079083	163	FOUND	11
1958.7454522079083	1958.8688744253614	217	IN	11
1958.8688744253614	1959.0843292483628	168	FRUIT	11
1966.3511310990582	1966.3698866213151	99999	sp	20
1966.3698866213151	1966.6911309990583	130	DRAW	20
1966.6911309990583	1966.7090488057188	99999	sp	20
1966.7090488057188	1967.087397417284	145	EVERY	20
1967.087397417284	1967.3643853929455	308	OUTER	20
1967.3643853929455	1967.6011309990583	244	LINE	20
1967.6011309990583	1967.9711309990582	156	FIRST	20
1967.9711309990582	1968.1657050527174	99999	sp	20
1968.1657050527174	1968.3112815154293	436	THEN	20
1968.3112815154293	1968.5411309990582	154	FILL	20
1968.5411309990582	1968.6588868839085	217	IN	20
1968.6588868839085	1968.7911309990582	434	THE	20
1968.7911309990582	1969.381130999058	222	INTERIOR	20
1976.9650297617952	1977.0949738884985	438	THEY	26
1977.0949738884985	1977.3170504152201	317	OWN	26
1977.3170504152201	1977.4120257449438	1	A	26
1977.4120257449438	1977.518992565558	99999	sp	26
1977.518992565558	1977.7065403419247	52	BIG	26
1977.7065403419247	1978.1569073872977	209	HOUSE	26
1978.1569073872977	1978.2724468525068	217	IN	26
1978.2724468525068	1978.3324468525068	434	THE	26
1978.3324468525068	1978.623823389019	361	REMOTE	26
1978.623823389019	1979.2562395283494	109	COUNTRYSIDE	26
1987.1264741577838	1987.1446712018142	99999	sp	33
1987.1446712018142	1987.5323119280201	366	RICH	33
1987.5323119280201	1987.9564741577838	349	PURCHASED	33
1987.9564741577838	1988.281934129179	374	SEVERAL	33
1988.281934129179	1988.6764741577838	382	SIGNED	33
1988.6764741577838	1989.4164741577838	245	LITHOGRAPHS	33
1997.1514568383468	1997.1874829931974	99999	sp	46
1997.1874829931974	1997.3159387802048	476	WE	46
1997.3159387802048	1997.5808022339063	241	LIKE	46
1997.5808022339063	1997.7501252118125	55	BLUE	46
1997.7501252118125	1998.1511875813994	88	CHEESE	46
1998.1511875813994	1998.281456838347	70	BUT	46
1998.281456838347	1998.5888072288171	466	VICTOR	46
1998.5888072288171	1998.8714568383466	242	LIKES	46
1998.8714568383466	1998.938389237177	99999	sp	46
1998.938389237177	1999.1375504122989	64	BRIE	46
2007.0389513919301	2007.1643734583379	434	THE	35
2007.1643734583379	2007.645017703541	111	CRANBERRY	35
2007.645017703541	2007.9039033303939	57	BOG	35
2007.9039033303939	2008.1316825447177	178	GETS	35
2008.1316825447177	2008.3919526823843	465	VERY	35
2008.3919526823843	2008.6809412891037	340	PRETTY	35
2008.6809412891037	2008.7762673920145	217	IN	35
2008.7762673920145	2009.1836610528758	40	AUTUMN	35
2016.9604772455662	2016.994195011338	99999	sp	32
2016.994195011338	2017.580477045566	71	BUTTERSCOTCH	32
2017.580477045566	2018.1272228774365	169	FUDGE	32
2018.1272228774365	2018.340477045566	186	GOES	32
2018.340477045566	2018.5604770455661	481	WELL	32
2018.5604770455661	2018.7316796119371	487	WITH	32
2018.7316796119371	2018.95567587474	463	VANILLA	32
2018.95567587474	2019.2304770455662	212	ICE	32
2019.2304770455662	2019.5404770455661	112	CREAM	32
2026.2664852607709	2027.1042773184838	17	AMBIDEXTROUS	24
2027.1042773184838	2027.7912836818048	327	PICKPOCKETS	24
2027.7912836818048	2028.368380300973	6	ACCOMPLISH	24
2028.368380300973	2028.6001669384116	267	MORE	24
2035.60716553288	2035.761782621329	226	IT'S	5
2035.761782621329	2036.0348594291254	285	NOT	5
2036.0348594291254	2036.355398555415	133	EASY	5
2036.355398555415	2036.5257539905035	446	TO	5
2036.5257539905035	2036.852187978309	113	CREATE	5
2036.852187978309	2037.39498904651	215	ILLUMINATING	5
2037.39498904651	2038.0149326387461	146	EXAMPLES	5
2045.1279987796033	2045.1907954567364	1	A	25
2045.1907954567364	2045.6895014898594	271	MUSCULAR	25
2045.6895014898594	2046.186200657658	2	ABDOMEN	25
2046.186200657658	2046.3066125771245	224	IS	25
2046.3066125771245	2046.4561240437952	189	GOOD	25
2046.4561240437952	2046.6447693842924	161	FOR	25
2046.6447693842924	2046.7772224957052	496	YOUR	25
2046.7772224957052	2046.935555066043	43	BACK	25
2054.387428293996	2054.432290249433	99999	sp	0
2054.432290249433	2054.507428293996	30	ARE	0
2054.507428293996	2054.7235921754846	496	YOUR	0
2054.7235921754846	2055.1363813303797	192	GRADES	0
2055.1363813303797	2055.4874282939954	206	HIGHER	0
2055.4874282939954	2055.572647814941	302	OR	0
2055.572647814941	2055.8153163831284	251	LOWER	0
2055.8153163831284	2055.9374282939957	432	THAN	0
2055.9374282939957	2056.4174282939957	275	NANCY'S	0
2063.9337578435016	2064.3998121023765	98	COFFEE	13
2064.3998121023765	2064.507179397234	224	IS	13
2064.507179397234	2064.7520169668155	198	GROWN	13
2064.7520169668155	2064.895507837513	297	ON	13
2064.895507837513	2065.2400173794176	404	STEEP	13
2065.2400173794176	2065.6199302638765	231	JUNGLE	13
2065.6199302638765	2065.7784726245072	241	LIKE	13
2065.7784726245072	2066.1453408843577	390	SLOPES	13
2066.1453408843577	2066.289859657411	217	IN	13
2066.289859657411	2066.685568734783	431	TEMPERATE	13
2066.685568734783	2066.908330785796	497	ZONES	13
2074.4004565464584	2074.4318367346937	99999	sp	27
2074.4318367346937	2074.510456546458	434	THE	27
2074.510456546458	2074.879923151836	369	ROSE	27
2074.879923151836	2075.3404565464584	106	CORSAGE	27
2075.3404565464584	2075.680456546458	393	SMELLED	27
2075.680456546458	2075.9355167292574	421	SWEET	27
2084.132426303855	2084.3783243896123	142	EVEN	3
2084.3783243896123	2084.602836881006	211	I	3
2084.602836881006	2085.089098224207	293	OCCASIONALLY	3
2085.089098224207	2085.261230144494	177	GET	3
2085.261230144494	2085.3109000012473	434	THE	3
2085.3109000012473	2085.707988103191	265	MONDAY	3
2085.707988103191	2085.9809000012474	56	BLUES	3
2094.564807256236	2095.1000893595183	84	CHALLENGE	23
2095.1000893595183	2095.4371866295573	132	EACH	23
2095.4371866295573	2095.836804820475	175	GENERAL'S	23
2095.836804820475	2096.4668048204753	221	INTELLIGENCE	23
2104.2853885401873	2104.297777777778	99999	sp	2
2104.297777777778	2104.5553886401876	354	READING	2
2104.5553886401876	2104.7210852225435	217	IN	2
2104.7210852225435	2104.962053483149	335	POOR	2
2104.962053483149	2105.232104582041	240	LIGHT	2
2105.232104582041	2105.4634165455045	181	GIVES	2
2105.4634165455045	2105.5753886401876	495	YOU	2
2105.5753886401876	2106.2308833904626	150	EYESTRAIN	2
2113.2365071280137	2113.266485260771	99999	sp	37
2113.266485260771	2113.3960586371563	257	MAY	37
2113.3960586371563	2113.456507128014	211	I	37
2113.456507128014	2113.732592732836	304	ORDER	37
2113.732592732836	2113.828611250795	1	A	37
2113.828611250795	2114.246507128014	319	PARFAIT	37
2114.246507128014	2114.5665071280137	10	AFTER	37
2114.5665071280137	2114.626507128014	211	I	37
2114.626507128014	2114.835162512075	134	EAT	37
2114.835162512075	2115.176507128014	124	DINNER	37
2123.009233820789	2123.0420861678003	99999	sp	42
2123.0420861678003	2123.476885281057	115	CYCLICAL	42
2123.476885281057	2123.9574471536753	346	PROGRAMS	42
2123.9574471536753	2124.059233820789	485	WILL	42
2124.059233820789	2124.381223881264	281	NEVER	42
2124.381223881264	2124.8492338207893	100	COMPILE	42
2132.850614507974	2132.867755102041	99999	sp	17
2132.867755102041	2133.220614707974	286	NOTHING	17
2133.220614707974	2133.446400406983	224	IS	17
2133.446400406983	2133.750614707974	34	AS	17
2133.750614707974	2134.250614707974	295	OFFENSIVE	17
2134.250614707974	2134.400614707974	34	AS	17
2134.400614707974	2134.960614707974	219	INNOCENCE	17
2142.241632653061	2142.5016326530613	203	HELP	45
2142.5016326530613	2142.8115558717727	196	GREG	45
2142.8115558717727	2142.999960140084	446	TO	45
2142.999960140084	2143.189767099841	325	PICK	45
2143.189767099841	2143.3225557638116	1	A	45
2143.3225557638116	2143.5453585178793	321	PECK	45
2143.5453585178793	2143.693724120868	294	OF	45
2143.693724120868	2144.241632653061	338	POTATOES	45
2151.7584580498865	2152.0014741284567	210	HOW	49
2152.0014741284567	2152.1402323000557	189	GOOD	49
2152.1402323000557	2152.300302544032	224	IS	49
2152.300302544032	2152.3900588307833	496	YOUR	49
2152.3900588307833	2152.9317073401653	138	ENDURANCE	49
2159.2829931972788	2159.3633960829366	224	IS	38
2159.3633960829366	2159.531252203867	375	SHE	38
2159.531252203867	2159.7633960829367	187	GOING	38
2159.7633960829367	2159.9333960829367	487	WITH	38
2159.9333960829367	2160.2077970203527	495	YOU	38
2167.521845915352	2167.5513832199545	99999	sp	15
2167.5513832199545	2167.7464841038354	298	ONLY	15
2167.7464841038354	2167.9121800594194	434	THE	15
2167.9121800594194	2168.162074703976	51	BEST	15
2168.162074703976	2168.50786090787	330	PLAYERS	15
2168.50786090787	2168.8185835739905	139	ENJOY	15
2168.8185835739905	2169.475163453352	336	POPULARITY	15
2175.4002721088436	2175.5102721088438	210	HOW	41
2175.5102721088438	2175.694843701982	269	MUCH	41
2175.694843701982	2176.150678700628	16	ALLOWANCE	41
2176.150678700628	2176.1902721088436	128	DO	41
2176.1902721088436	2176.2702721088435	495	YOU	41
2176.2702721088435	2176.5202721088435	177	GET	41
2184.0502494331067	2184.2102494331066	375	SHE	1
2184.2102494331066	2184.450249433107	490	WORE	1
2184.450249433107	2184.8392250940724	471	WARM	1
2184.8392250940724	2185.240249433107	158	FLEECY	1
2185.240249433107	2185.5817897502106	489	WOOLEN	1
2185.5817897502106	2186.080249433107	311	OVERALLS	1
2193.919281368131	2193.942947845805	99999	sp	39
2193.942947845805	2194.079281468131	76	CAN	39
2194.079281468131	2194.1392814681312	434	THE	39
2194.1392814681312	2194.675428970928	11	AGENCY	39
2194.675428970928	2195.1203707707646	315	OVERTHROW	39
2195.1203707707646	2195.403733321553	13	ALIEN	39
2195.403733321553	2195.94164351356	162	FORCES	39
2202.0045351473923	2202.248580824986	108	COUNT	47
2202.248580824986	2202.307719039287	434	THE	47
2202.307719039287	2202.6531018624664	289	NUMBER	47
2202.6531018624664	2202.7745351473923	294	OF	47
2202.7745351473923	2203.3455873557346	429	TEASPOONS	47
2203.3455873557346	2203.4243004319173	294	OF	47
2203.4243004319173	2204.201646798694	395	SOYSAUCE	47
2204.201646798694	2204.328851134306	433	THAT	47
2204.328851134306	2204.4945351473925	495	YOU	47
2204.4945351473925	2204.834535147392	7	ADD	47
2211.4226702395204	2211.4449886621314	99999	sp	12
2211.4449886621314	2211.5326702395205	30	ARE	12
2211.5326702395205	2211.654931583161	495	YOU	12
2211.654931583161	2211.9026702395204	250	LOOKING	12
2211.9026702395204	2212.075773054782	161	FOR	12
2212.075773054782	2212.6726702395204	136	EMPLOYMENT	12
2219.9837641723357	2220.2837641723354	405	STEVE	18
2220.2837641723354	2220.514728882258	490	WORE	18
2220.514728882258	2220.577708770382	1	A	18
2220.577708770382	2220.853764172336	65	BRIGHT	18
2220.853764172336	2221.130026417173	356	RED	18
2221.130026417173	2221.5775496599563	78	CASHMERE	18
2221.5775496599563	2222.0237641723356	420	SWEATER	18
2228.873664500459	2228.901405895692	99999	sp	6
2228.901405895692	2229.1836645004587	270	MUM	6
2229.1836645004587	2229.6364681637706	407	STRONGLY	6
2229.6364681637706	2230.027252004401	126	DISLIKES	6
2230.027252004401	2230.6900628150343	27	APPETIZERS	6
2237.7598807867066	2237.783492063492	99999	sp	7
2237.783492063492	2238.022626144853	443	THOSE	7
2238.022626144853	2238.109232304525	484	WHO	7
2238.109232304525	2238.3698805867066	427	TEACH	7
2238.3698805867066	2238.7598805867065	462	VALUES	7
2238.7598805867065	2238.992122318885	156	FIRST	7
2238.992122318885	2239.4332739069805	4	ABOLISH	7
2239.4332739069805	2239.8474810514244	87	CHEATING	7
2246.820155220823	2246.8238548752834	99999	sp	9
2246.8238548752834	2247.080155220823	142	EVEN	9
2247.080155220823	2247.1282162850116	1	A	9
2247.1282162850116	2247.4301552208226	383	SIMPLE	9
2247.4301552208226	2248.1401552208226	468	VOCABULARY	9
2248.1401552208226	2248.610155220823	104	CONTAINS	9
2248.610155220823	2248.9845082576458	422	SYMBOLS	9
2256.6799520081327	2256.8952285269047	24	ANY	34
2256.8952285269047	2257.6347583989605	105	CONTRIBUTIONS	34
2257.6347583989605	2257.742125693818	485	WILL	34
2257.742125693818	2257.8976577564617	47	BE	34
2257.8976577564617	2258.211732179737	195	GREATLY	34
2258.211732179737	2258.9366895187877	28	APPRECIATED	34
2266.0901587301587	2266.164995134308	434	THE	21
2266.164995134308	2266.470102973265	475	WATER	21
2266.470102973265	2266.8773600859463	103	CONTAINED	21
2266.8773600859463	2267.0596538539926	448	TOO	21
2267.0596538539926	2267.293485871533	269	MUCH	21
2267.293485871533	2267.793485871533	90	CHLORINE	21
2267.793485871533	2267.9162662707563	20	AND	21
2267.9162662707563	2268.233485871533	409	STUNG	21
2268.233485871533	2268.4071081820575	208	HIS	21
2268.4071081820575	2268.7834858715332	149	EYES	21
2275.311020408163	2275.8407951037666	88888	BAGPIKES	48
2275.8407951037666	2275.981279531605	20	AND	48
2275.981279531605	2276.3853070736805	59	BONGOS	48
2276.3853070736805	2276.45530707368	30	ARE	48
2276.45530707368	2276.8497675764775	273	MUSICAL	48
2276.8497675764775	2278.2128070736803	220	INSTRUMENTS	48
2289.763628117914	2289.86834897111	30	ARE	0
2289.86834897111	2290.023035687978	496	YOUR	0
2290.023035687978	2290.3311496239216	192	GRADES	0
2290.3311496239216	2290.6011496239216	206	HIGHER	0
2290.6011496239216	2290.6834932081474	302	OR	0
2290.6834932081474	2290.9611496239218	251	LOWER	0
2290.9611496239218	2291.071149623922	432	THAN	0
2291.071149623922	2291.571149623922	275	NANCY'S	0
2763.771260916015	2763.80462585034	99999	sp	4
2763.80462585034	2763.891260716015	476	WE	4
2763.891260716015	2764.051260716015	30	ARE	4
2764.051260716015	2764.3413478302864	301	OPEN	4
2764.3413478302864	2764.601795509674	145	EVERY	4
2764.601795509674	2764.9351015431025	265	MONDAY	4
2764.9351015431025	2765.4612607160147	143	EVENING	4
2773.2073469387756	2773.658396130269	75	CALCIUM	16
2773.658396130269	2773.9449553703885	254	MAKES	16
2773.9449553703885	2774.1806951615436	58	BONES	16
2774.1806951615436	2774.3443595600397	20	AND	16
2774.3443595600397	2774.5569995859046	430	TEETH	16
2774.5569995859046	2774.918139192253	406	STRONG	16
2781.494610062019	2781.6172515746025	434	THE	28
2781.6172515746025	2782.134826560936	326	PICKPOCKET	28
2782.134826560936	2782.2169231867315	472	WAS	28
2782.2169231867315	2782.479792630896	80	CAUGHT	28
2782.479792630896	2782.6144768617664	356	RED	28
2782.6144768617664	2782.9862687856066	199	HANDED	28
2789.966277237853	2789.9874829931973	99999	sp	22
2789.9874829931973	2790.2862771378527	229	JOHN'S	22
2790.2862771378527	2790.5342065046143	66	BROTHER	22
2790.5342065046143	2791.0162771378527	363	REPAINTED	22
2791.0162771378527	2791.1365131237185	434	THE	22
2791.1365131237185	2791.525508005528	173	GARAGE	22
2791.525508005528	2791.7562771378525	129	DOOR	22
2798.4250340136055	2798.5650582226885	210	HOW	36
2798.5650582226885	2798.660604220885	128	DO	36
2798.660604220885	2799.0850582226885	318	OYSTERS	36
2799.0850582226885	2799.23323702859	253	MAKE	36
2799.23323702859	2799.3023672088484	99999	sp	36
2799.3023672088484	2799.584543959048	320	PEARLS	36
2807.1772405308266	2807.2778904221454	476	WE	14
2807.2778904221454	2807.6229366029684	480	WELCOME	14
2807.6229366029684	2807.8920648315816	256	MANY	14
2807.8920648315816	2808.02373983652	282	NEW	14
2808.02373983652	2808.4432564578565	408	STUDENTS	14
2808.4432564578565	2808.662394422279	132	EACH	14
2808.662394422279	2808.8719210724717	491	YEAR	14
2815.873624904236	2816.156048751046	145	EVERY	44
2816.156048751046	2816.4737026863163	74	CAB	44
2816.4737026863163	2816.6721763251458	99999	sp	44
2816.6721763251458	2816.92239655419	280	NEEDS	44
2816.92239655419	2817.3099556054453	364	REPAINTING	44
2817.3099556054453	2817.7449075800096	296	OFTEN	44
2825.2646219684925	2825.3388464607806	434	THE	8
2825.3388464607806	2825.655539264628	165	FRIGHTENED	8
2825.655539264628	2826.065856556246	89	CHILD	8
2826.065856556246	2826.2093110864857	472	WAS	8
2826.2093110864857	2826.523120496064	176	GENTLY	8
2826.523120496064	2826.9246903487133	410	SUBDUED	8
2826.9246903487133	2827.006701148547	73	BY	8
2827.006701148547	2827.1317397745875	208	HIS	8
2827.1317397745875	2827.2705317241343	52	BIG	8
2827.2705317241343	2827.6816384952504	66	BROTHER	8
2836.5033501141	2836.7761569315817	46	BARBS	19
2836.7761569315817	2836.9832807532175	188	GOLD	19
2836.9832807532175	2837.3316908940205	63	BRACELET	19
2837.3316908940205	2837.430206864868	472	WAS	19
2837.430206864868	2837.454933088877	1	A	19
2837.454933088877	2838.0530084972497	193	GRADUATION	19
2838.0530084972497	2838.3994963752066	339	PRESENT	19
2845.7415093367513	2845.835225365586	1	A	40
2845.835225365586	2846.3911597828746	371	SCREWDRIVER	40
2846.3911597828746	2846.5194708278327	224	IS	40
2846.5194708278327	2846.736509162385	252	MADE	40
2846.736509162385	2846.9253714869856	166	FROM	40
2846.9253714869856	2847.27469122385	469	VODKA	40
2847.27469122385	2847.3294757149556	20	AND	40
2847.3294757149556	2847.663703402437	303	ORANGE	40
2847.663703402437	2847.9097530467006	230	JUICE	40
2856.125351473923	2856.1823353808977	434	THE	43
2856.1823353808977	2856.6185518390485	61	BOSTON	43
2856.6185518390485	2856.965190660528	45	BALLET	43
2856.965190660528	2857.5223353808974	312	OVERCAME	43
2857.5223353808974	2857.6223353808978	435	THEIR	43
2857.6223353808978	2857.9723353808977	170	FUNDING	43
2857.9723353808977	2858.4523353808977	380	SHORTAGE	43
2866.7529925187328	2866.869878672976	1	A	10
2866.869878672976	2867.138995471389	110	CRAB	10
2867.138995471389	2867.5639356768747	85	CHALLENGED	10
2867.5639356768747	2867.7673179440812	258	ME	10
2867.7673179440812	2867.9184215200016	70	BUT	10
2867.9184215200016	2868.006193393273	1	A	10
2868.006193393273	2868.2322652201797	350	QUICK	10
2868.2322652201797	2868.519386037742	402	STAB	10
2868.519386037742	2868.9175976455126	464	VANQUISHED	10
2868.9175976455126	2869.1462668133036	207	HIM	10
2875.7526530612245	2875.8857827320967	204	HER	30
2875.8857827320967	2876.3044082933557	470	WARDROBE	30
2876.3044082933557	2876.6986134723943	102	CONSISTS	30
2876.6986134723943	2876.7926530612244	294	OF	30
2876.7926530612244	2876.9926530612242	298	ONLY	30
2876.9926530612242	2877.344928084694	385	SKIRTS	30
2877.344928084694	2877.474298824396	20	AND	30
2877.474298824396	2877.9226530612245	54	BLOUSES	30
2885.9008616780047	2886.0634120007808	434	THE	31
2886.0634120007808	2886.2379779279913	453	TWO	31
2886.2379779279913	2886.6119754932597	33	ARTISTS	31
2886.6119754932597	2887.012728258896	88888	EXCHANGE	31
2887.012728258896	2887.5979779279915	39	AUTOGRAPHS	31
2894.8181515922142	2894.831655328798	99999	sp	29
2894.831655328798	2894.9177108492927	19	AN	29
2894.9177108492927	2895.3181396934347	9	ADULT	29
2895.3181396934347	2895.625460615577	255	MALE	29
2895.625460615577	2896.1181396934344	42	BABOON'S	29
2896.1181396934344	2896.3681396934344	430	TEETH	29
2896.3681396934344	2896.4246467239104	30	ARE	29
2896.4246467239104	2896.6581396934344	285	NOT	29
2896.6581396934344	2896.6981396934348	99999	sp	29
2896.6981396934348	2896.9944460278593	415	SUITABLE	29
2896.9944460278593	2897.120675137894	161	FOR	29
2897.120675137894	2897.38867794856	135	EATING	29
2897.38867794856	2897.9981396934345	376	SHELLFISH	29
2904.9724404785716	2904.9959156314812	99999	sp	11
2904.9959156314812	2905.4304769242553	183	GLUCOSE	11
2905.4304769242553	2905.525946491619	20	AND	11
2905.525946491619	2905.9940823526404	167	FRUCTOSE	11
2905.9940823526404	2906.0736403254436	30	ARE	11
2906.0736403254436	2906.4085447891275	276	NATURAL	11
2906.4085447891275	2906.7724404785713	414	SUGARS	11
2906.7724404785713	2907.0524404785715	163	FOUND	11
2907.0524404785715	2907.1624404785716	217	IN	11
2907.1624404785716	2907.4124404785716	88888	SHUG	11
2907.4124404785716	2907.554103423049	99999	sp	11
2907.554103423049	2907.8624404785714	168	FRUIT	11
2914.54358276644	2914.7293273979885	130	DRAW	20
2914.7293273979885	2915.10041926173	145	EVERY	20
2915.10041926173	2915.3650737865364	308	OUTER	20
2915.3650737865364	2915.6144702101424	244	LINE	20
2915.6144702101424	2916.024657416426	156	FIRST	20
2916.024657416426	2916.1661671702404	436	THEN	20
2916.1661671702404	2916.40535739375	154	FILL	20
2916.40535739375	2916.54358276644	217	IN	20
2916.54358276644	2916.66358276644	434	THE	20
2916.66358276644	2917.29358276644	222	INTERIOR	20
2924.4410634275205	2924.4673922902493	99999	sp	26
2924.4673922902493	2924.6110632275204	438	THEY	26
2924.6110632275204	2924.7884145987364	317	OWN	26
2924.7884145987364	2924.8915794176137	1	A	26
2924.8915794176137	2925.0773565010563	52	BIG	26
2925.0773565010563	2925.4210632275203	209	HOUSE	26
2925.4210632275203	2925.477399562338	99999	sp	26
2925.477399562338	2925.5510632275204	217	IN	26
2925.5510632275204	2925.6091721037787	434	THE	26
2925.6091721037787	2925.907035086209	361	REMOTE	26
2925.907035086209	2926.551554571653	109	COUNTRYSIDE	26
2933.9786637733005	2933.9973696145125	99999	sp	33
2933.9973696145125	2934.2359499281606	366	RICH	33
2934.2359499281606	2934.309492919409	99999	sp	33
2934.309492919409	2934.678663973301	88888	PURCHASE	33
2934.678663973301	2934.9723039137652	374	SEVERAL	33
2934.9723039137652	2935.299195083174	382	SIGNED	33
2935.299195083174	2935.838830859098	245	LITHOGRAPHS	33
2943.6666380647125	2943.69768707483	99999	sp	46
2943.69768707483	2943.8666379647125	476	WE	46
2943.8666379647125	2944.089497275591	241	LIKE	46
2944.089497275591	2944.344435384765	55	BLUE	46
2944.344435384765	2944.683712938405	88	CHEESE	46
2944.683712938405	2944.7666379647126	70	BUT	46
2944.7666379647126	2945.0866379647127	466	VICTOR	46
2945.0866379647127	2945.3266379647125	242	LIKES	46
2945.3266379647125	2945.4417031185512	99999	sp	46
2945.4417031185512	2945.613854428262	64	BRIE	46
2953.8419073815953	2953.965601566665	434	THE	35
2953.965601566665	2954.3923667788345	111	CRANBERRY	35
2954.3923667788345	2954.7001404917883	57	BOG	35
2954.7001404917883	2954.925354158535	178	GETS	35
2954.925354158535	2955.1743100574654	465	VERY	35
2955.1743100574654	2955.409787256077	340	PRETTY	35
2955.409787256077	2955.4900417298895	217	IN	35
2955.4900417298895	2955.8424508035523	40	AUTUMN	35
2963.7415873015875	2964.244030307932	71	BUTTERSCOTCH	32
2964.244030307932	2964.564030307932	169	FUDGE	32
2964.564030307932	2964.782183292705	186	GOES	32
2964.782183292705	2965.044030307932	481	WELL	32
2965.044030307932	2965.164030307932	487	WITH	32
2965.164030307932	2965.4840303079322	463	VANILLA	32
2965.4840303079322	2965.7568386327393	212	ICE	32
2965.7568386327393	2965.9854899691363	112	CREAM	32
2972.942857142857	2973.6589989927206	17	AMBIDEXTROUS	24
2973.6589989927206	2974.192857142857	327	PICKPOCKETS	24
2974.192857142857	2974.6742817799127	6	ACCOMPLISH	24
2974.6742817799127	2974.892857142857	267	MORE	24
2982.2996417594068	2982.32716553288	99999	sp	5
2982.32716553288	2982.4696419594065	226	IT'S	5
2982.4696419594065	2982.658616130216	285	NOT	5
2982.658616130216	2982.949641959407	133	EASY	5
2982.949641959407	2983.029641959407	446	TO	5
2983.029641959407	2983.344593957971	113	CREATE	5
2983.344593957971	2983.923197354126	215	ILLUMINATING	5
2983.923197354126	2984.589641959407	146	EXAMPLES	5
2991.733492913524	2991.77193817044	1	A	25
2991.77193817044	2992.215019756399	271	MUSCULAR	25
2992.215019756399	2992.6321507939397	2	ABDOMEN	25
2992.6321507939397	2992.75133109038	224	IS	25
2992.75133109038	2992.87723930678	189	GOOD	25
2992.87723930678	2993.0185256259474	161	FOR	25
2993.0185256259474	2993.124250082467	496	YOUR	25
2993.124250082467	2993.3164763670475	43	BACK	25
3001.424761904762	3001.5294827579582	30	ARE	0
3001.5294827579582	3001.684169474826	496	YOUR	0
3001.684169474826	3001.9922834107697	192	GRADES	0
3001.9922834107697	3002.2622834107697	206	HIGHER	0
3002.2622834107697	3002.3446269949955	302	OR	0
3002.3446269949955	3002.62228341077	251	LOWER	0
3002.62228341077	3002.73228341077	432	THAN	0
3002.73228341077	3003.23228341077	275	NANCY'S	0
3010.718708703326	3011.0440745503784	98	COFFEE	13
3011.0440745503784	3011.193049920929	224	IS	13
3011.193049920929	3011.3988750223943	198	GROWN	13
3011.3988750223943	3011.541122472984	297	ON	13
3011.541122472984	3011.858507500167	404	STEEP	13
3011.858507500167	3012.1607833326702	231	JUNGLE	13
3012.1607833326702	3012.3568770033444	241	LIKE	13
3012.3568770033444	3012.772978228799	390	SLOPES	13
3012.772978228799	3012.920992467926	217	IN	13
3012.920992467926	3013.3332777431906	431	TEMPERATE	13
3013.3332777431906	3013.676527492834	497	ZONES	13
3020.8508173127566	3020.868299319728	99999	sp	27
3020.868299319728	3020.950371347425	434	THE	27
3020.950371347425	3021.308243867239	369	ROSE	27
3021.308243867239	3021.8508174127564	106	CORSAGE	27
3021.8508174127564	3022.20155850217	393	SMELLED	27
3022.20155850217	3022.2708174127565	99999	sp	27
3022.2708174127565	3022.5308174127563	421	SWEET	27
3029.7488585350006	3029.7615419501135	99999	sp	3
3029.7615419501135	3029.9818076031006	142	EVEN	3
3029.9818076031006	3030.1490816735545	211	I	3
3030.1490816735545	3030.5884645389074	293	OCCASIONALLY	3
3030.5884645389074	3030.7387149597803	177	GET	3
3030.7387149597803	3030.792385298903	434	THE	3
3030.792385298903	3031.1222346582645	265	MONDAY	3
3031.1222346582645	3031.396502862465	56	BLUES	3
3039.7486375492444	3039.761814058957	99999	sp	23
3039.761814058957	3040.2167968454846	84	CHALLENGE	23
3040.2167968454846	3040.4686373492445	132	EACH	23
3040.4686373492445	3040.7986373492445	175	GENERAL'S	23
3040.7986373492445	3041.4487299064895	221	INTELLIGENCE	23
3049.486564310839	3049.5113832199545	99999	sp	2
3049.5113832199545	3049.7565641108395	354	READING	2
3049.7565641108395	3049.8747878211702	217	IN	2
3049.8747878211702	3050.056564110839	335	POOR	2
3050.056564110839	3050.3052118688515	240	LIGHT	2
3050.3052118688515	3050.5187622169024	181	GIVES	2
3050.5187622169024	3050.6065641108394	495	YOU	2
3050.6065641108394	3051.1558740656947	150	EYESTRAIN	2
3058.2525774416063	3058.281814058957	99999	sp	37
3058.281814058957	3058.409886634662	257	MAY	37
3058.409886634662	3058.440342837082	211	I	37
3058.440342837082	3058.7577640093	304	ORDER	37
3058.7577640093	3058.820761777272	1	A	37
3058.820761777272	3059.2017761552743	319	PARFAIT	37
3059.2017761552743	3059.4421546060985	10	AFTER	37
3059.4421546060985	3059.4721546060982	211	I	37
3059.4721546060982	3059.649347923878	134	EAT	37
3059.649347923878	3059.936786307702	124	DINNER	37
3067.80716553288	3068.2199232826424	115	CYCLICAL	42
3068.2199232826424	3068.686711408862	346	PROGRAMS	42
3068.686711408862	3068.789923282642	485	WILL	42
3068.789923282642	3069.0665570554174	281	NEVER	42
3069.0665570554174	3069.531198612647	100	COMPILE	42
3076.4875229924423	3076.5108390022674	99999	sp	17
3076.5108390022674	3076.8675231924426	286	NOTHING	17
3076.8675231924426	3077.0375231924427	224	IS	17
3077.0375231924427	3077.296907308931	34	AS	17
3077.296907308931	3077.7582942220283	295	OFFENSIVE	17
3077.7582942220283	3077.9075231924426	34	AS	17
3077.9075231924426	3078.3879549405374	219	INNOCENCE	17
3086.0472562358277	3086.3072562358275	203	HELP	45
3086.3072562358275	3086.3525944980984	99999	sp	45
3086.3525944980984	3086.693873210359	196	GREG	45
3086.693873210359	3086.8576000075946	446	TO	45
3086.8576000075946	3087.0291779413924	325	PICK	45
3087.0291779413924	3087.153801774867	1	A	45
3087.153801774867	3087.343686074843	321	PECK	45
3087.343686074843	3087.5040277638436	294	OF	45
3087.5040277638436	3087.986501922677	338	POTATOES	45
3095.286439909297	3095.426439909297	210	HOW	49
3095.426439909297	3095.622658522424	189	GOOD	49
3095.622658522424	3095.756439909297	224	IS	49
3095.756439909297	3095.8664399092972	496	YOUR	49
3095.8664399092972	3096.3664399092972	138	ENDURANCE	49
3102.915162482127	3102.946278322284	99999	sp	38
3102.946278322284	3103.0403657222314	224	IS	38
3103.0403657222314	3103.166047983619	375	SHE	38
3103.166047983619	3103.405162282127	187	GOING	38
3103.405162282127	3103.5851622821274	487	WITH	38
3103.5851622821274	3103.828326827913	495	YOU	38
3111.115588603395	3111.1349659863945	99999	sp	15
3111.1349659863945	3111.36165573531	298	ONLY	15
3111.36165573531	3111.455762669414	434	THE	15
3111.455762669414	3111.745588603395	51	BEST	15
3111.745588603395	3112.084428706407	330	PLAYERS	15
3112.084428706407	3112.391729436575	139	ENJOY	15
3112.391729436575	3113.0727640659447	336	POPULARITY	15
3119.0525170068026	3119.1479188146523	210	HOW	41
3119.1479188146523	3119.314176995021	269	MUCH	41
3119.314176995021	3119.6925170068025	16	ALLOWANCE	41
3119.6925170068025	3119.7625170068027	128	DO	41
3119.7625170068027	3119.8425170068026	495	YOU	41
3119.8425170068026	3120.056161369053	177	GET	41
3127.700680272109	3127.8918800679226	375	SHE	1
3127.8918800679226	3128.288445822945	490	WORE	1
3128.288445822945	3128.6641461212407	471	WARM	1
3128.6641461212407	3129.050680272109	158	FLEECY	1
3129.050680272109	3129.3114206097102	489	WOOLEN	1
3129.3114206097102	3129.820680272109	311	OVERALLS	1
3137.3450340136055	3137.441211852172	76	CAN	39
3137.441211852172	3137.5038101970567	434	THE	39
3137.5038101970567	3137.9787271864448	11	AGENCY	39
3137.9787271864448	3138.456176865953	315	OVERTHROW	39
3138.456176865953	3138.808196946922	13	ALIEN	39
3138.808196946922	3139.29352637384	162	FORCES	39
3146.2522448979594	3146.463055488529	108	COUNT	47
3146.463055488529	3146.51677240666	434	THE	47
3146.51677240666	3146.8018313067064	289	NUMBER	47
3146.8018313067064	3146.8826618196726	294	OF	47
3146.8826618196726	3147.3783048596592	429	TEASPOONS	47
3147.3783048596592	3147.4480775439733	294	OF	47
3147.4480775439733	3147.931831306706	395	SOYSAUCE	47
3147.931831306706	3148.1318313067063	433	THAT	47
3148.1318313067063	3148.2518831909256	495	YOU	47
3148.2518831909256	3148.563708176967	7	ADD	47
3155.6507936507937	3155.737183692592	30	ARE	12
3155.737183692592	3155.897183692592	495	YOU	12
3155.897183692592	3156.1571836925923	250	LOOKING	12
3156.1571836925923	3156.3020699736635	161	FOR	12
3156.3020699736635	3157.3446836925923	136	EMPLOYMENT	12
3164.0642970846734	3164.1285260770974	99999	sp	18
3164.1285260770974	3164.324297084673	405	STEVE	18
3164.324297084673	3164.4940957459503	490	WORE	18
3164.4940957459503	3164.642487372945	1	A	18
3164.642487372945	3164.864297084673	65	BRIGHT	18
3164.864297084673	3165.1371784462112	356	RED	18
3165.1371784462112	3165.594297084673	78	CASHMERE	18
3165.594297084673	3165.9942970846732	420	SWEATER	18
3173.135045920505	3173.155192743764	99999	sp	6
3173.155192743764	3173.3650459205046	270	MUM	6
3173.3650459205046	3173.7553124452966	407	STRONGLY	6
3173.7553124452966	3174.1150459205046	126	DISLIKES	6
3174.1150459205046	3174.8274327284325	27	APPETIZERS	6
3182.0971416466673	3182.120634920635	99999	sp	7
3182.120634920635	3182.387362850348	443	THOSE	7
3182.387362850348	3182.453310369441	484	WHO	7
3182.453310369441	3182.707141646667	427	TEACH	7
3182.707141646667	3183.0971416466673	462	VALUES	7
3183.0971416466673	3183.348681668314	156	FIRST	7
3183.348681668314	3183.737141646667	4	ABOLISH	7
3183.737141646667	3184.1455939902185	87	CHEATING	7
3191.665167085238	3191.685986394558	99999	sp	9
3191.685986394558	3191.9219669484473	142	EVEN	9
3191.9219669484473	3191.9496028758417	1	A	9
3191.9496028758417	3192.2551670852376	383	SIMPLE	9
3192.2551670852376	3192.952779998561	468	VOCABULARY	9
3192.952779998561	3193.4051670852377	104	CONTAINS	9
3193.4051670852377	3193.7751670852376	422	SYMBOLS	9
3201.2240627634715	3201.4419191530233	24	ANY	34
3201.4419191530233	3202.040704029492	105	CONTRIBUTIONS	34
3202.040704029492	3202.1177260900877	485	WILL	34
3202.1177260900877	3202.2047084838605	47	BE	34
3202.2047084838605	3202.5671694317584	195	GREATLY	34
3202.5671694317584	3203.1698559849215	28	APPRECIATED	34
3210.1610360173786	3210.1843990929706	99999	sp	21
3210.1843990929706	3210.2341850045523	434	THE	21
3210.2341850045523	3210.528818125273	475	WATER	21
3210.528818125273	3210.935392172681	103	CONTAINED	21
3210.935392172681	3211.0619960875256	448	TOO	21
3211.0619960875256	3211.2910362173784	269	MUCH	21
3211.2910362173784	3211.7481968096426	90	CHLORINE	21
3211.7481968096426	3211.8595954221755	20	AND	21
3211.8595954221755	3212.1310362173786	409	STUNG	21
3212.1310362173786	3212.262495317161	208	HIS	21
3212.262495317161	3212.5572330859645	149	EYES	21
3219.5734240362813	3220.036890979641	44	BAGPIPES	48
3220.036890979641	3220.1386243741013	20	AND	48
3220.1386243741013	3220.5592121824825	59	BONGOS	48
3220.5592121824825	3220.6286243741015	30	ARE	48
3220.6286243741015	3220.978052277802	273	MUSICAL	48
3220.978052277802	3221.392609506098	220	INSTRUMENTS	48
3237.356276259293	3237.386213151927	99999	sp	0
3237.386213151927	3237.486276959293	30	ARE	0
3237.486276959293	3237.6566680979663	496	YOUR	0
3237.6566680979663	3237.986276959293	192	GRADES	0
3237.986276959293	3238.326276959293	206	HIGHER	0
3238.326276959293	3238.3868646385736	302	OR	0
3238.3868646385736	3238.6351059562917	251	LOWER	0
3238.6351059562917	3238.756276959293	432	THAN	0
3238.756276959293	3239.236276959293	275	NANCY'S	0
3682.489833834956	3682.519365079365	99999	sp	4
3682.519365079365	3682.612410217347	476	WE	4
3682.612410217347	3682.699833834956	30	ARE	4
3682.699833834956	3682.979833834956	301	OPEN	4
3682.979833834956	3683.200742889325	145	EVERY	4
3683.200742889325	3683.519833834956	265	MONDAY	4
3683.519833834956	3684.0326424288396	143	EVENING	4
3690.210360270139	3690.2344671201813	99999	sp	16
3690.2344671201813	3690.640360270139	75	CALCIUM	16
3690.640360270139	3690.830360270139	254	MAKES	16
3690.830360270139	3690.87974658926	99999	sp	16
3690.87974658926	3691.1203602701394	58	BONES	16
3691.1203602701394	3691.2482975672697	20	AND	16
3691.2482975672697	3691.445485278406	430	TEETH	16
3691.445485278406	3691.7984275385547	406	STRONG	16
3697.971	3698.0771510057143	434	THE	28
3698.0771510057143	3698.5384096837747	326	PICKPOCKET	28
3698.5384096837747	3698.6940135132913	472	WAS	28
3698.6940135132913	3698.898409683775	80	CAUGHT	28
3698.898409683775	3699.043191798252	356	RED	28
3699.043191798252	3699.436712965761	199	HANDED	28
3705.6380045351475	3705.9724719963083	229	JOHN'S	22
3705.9724719963083	3706.1938869709957	66	BROTHER	22
3706.1938869709957	3706.619014194671	363	REPAINTED	22
3706.619014194671	3706.6988853499233	434	THE	22
3706.6988853499233	3707.02947638972	173	GARAGE	22
3707.02947638972	3707.2421806624197	129	DOOR	22
3713.4816326530613	3714.0905993320066	210	HOW	36
3714.0905993320066	3714.355423835506	128	DO	36
3714.355423835506	3714.701632653061	318	OYSTERS	36
3714.701632653061	3714.869610247361	253	MAKE	36
3714.869610247361	3715.107178236195	320	PEARLS	36
3721.538	3721.6101909841227	476	WE	14
3721.6101909841227	3721.9601909841226	480	WELCOME	14
3721.9601909841226	3722.200190984123	256	MANY	14
3722.200190984123	3722.3301909841225	282	NEW	14
3722.3301909841225	3722.7501909841226	408	STUDENTS	14
3722.7501909841226	3722.9486872933194	132	EACH	14
3722.9486872933194	3723.1601909841224	491	YEAR	14
3729.736	3730.021353604074	145	EVERY	44
3730.021353604074	3730.394294556598	74	CAB	44
3730.394294556598	3730.6234422717966	280	NEEDS	44
3730.6234422717966	3731.0434422717967	364	REPAINTING	44
3731.0434422717967	3731.440012266834	296	OFTEN	44
3738.169	3738.2353190692	434	THE	8
3738.2353190692	3738.5409908359434	165	FRIGHTENED	8
3738.5409908359434	3738.847075925171	89	CHILD	8
3738.847075925171	3738.947075925171	472	WAS	8
3738.947075925171	3739.217075925171	176	GENTLY	8
3739.217075925171	3739.577075925171	410	SUBDUED	8
3739.577075925171	3739.697075925171	73	BY	8
3739.697075925171	3739.807075925171	208	HIS	8
3739.807075925171	3740.0255612924075	52	BIG	8
3740.0255612924075	3740.3770759251706	66	BROTHER	8
3747.98	3748.260600474959	46	BARB'S	19
3748.260600474959	3748.4752197690946	188	GOLD	19
3748.4752197690946	3748.783765424713	63	BRACELET	19
3748.783765424713	3748.920600474959	472	WAS	19
3748.920600474959	3748.9769182261007	1	A	19
3748.9769182261007	3749.5260012967856	193	GRADUATION	19
3749.5260012967856	3749.890600474959	339	PRESENT	19
3756.6940002	3756.7740002	1	A	40
3756.7740002	3757.2240002	371	SCREWDRIVER	40
3757.2240002	3757.3540002	224	IS	40
3757.3540002	3757.4957098838954	252	MADE	40
3757.4957098838954	3757.6640002000004	166	FROM	40
3757.6640002000004	3757.9468888161755	469	VODKA	40
3757.9468888161755	3758.0340002000003	20	AND	40
3758.0340002000003	3758.3508006132975	303	ORANGE	40
3758.3508006132975	3758.5840002	230	JUICE	40
3766.374	3766.426434324714	434	THE	43
3766.426434324714	3766.776434324714	61	BOSTON	43
3766.776434324714	3767.0412301355373	45	BALLET	43
3767.0412301355373	3767.5731270941305	312	OVERCAME	43
3767.5731270941305	3767.6687576591125	435	THEIR	43
3767.6687576591125	3768.0164343247143	170	FUNDING	43
3768.0164343247143	3768.486434324714	380	SHORTAGE	43
3776.527382938059	3776.6658580735398	1	A	10
3776.6658580735398	3776.9390858539573	110	CRAB	10
3776.9390858539573	3777.4765476742755	85	CHALLENGED	10
3777.4765476742755	3777.7812045913647	258	ME	10
3777.7812045913647	3777.895196072804	70	BUT	10
3777.895196072804	3778.001118215405	1	A	10
3778.001118215405	3778.204438169453	350	QUICK	10
3778.204438169453	3778.470700375079	402	STAB	10
3778.470700375079	3778.9490436254264	464	VANQUISHED	10
3778.9490436254264	3779.1343802960905	207	HIM	10
3785.0021577885805	3785.1262770703706	204	HER	30
3785.1262770703706	3785.544998657422	470	WARDROBE	30
3785.544998657422	3785.9074149659864	102	CONSISTS	30
3785.9074149659864	3785.9874149659863	294	OF	30
3785.9874149659863	3786.2174149659863	298	ONLY	30
3786.2174149659863	3786.5774149659865	385	SKIRTS	30
3786.5774149659865	3786.6970149560793	20	AND	30
3786.6970149560793	3787.1074149659867	54	BLOUSES	30
3795.156462585034	3795.309387801039	434	THE	31
3795.309387801039	3795.5411148140706	453	TWO	31
3795.5411148140706	3795.886972255783	33	ARTISTS	31
3795.886972255783	3796.3464625850343	147	EXCHANGED	31
3796.3464625850343	3796.886462585034	39	AUTOGRAPHS	31
3803.8038095238094	3803.8403524874625	19	AN	29
3803.8403524874625	3804.197669006704	9	ADULT	29
3804.197669006704	3804.482104944462	255	MALE	29
3804.482104944462	3804.924205737488	42	BABOON'S	29
3804.924205737488	3805.1537928762727	430	TEETH	29
3805.1537928762727	3805.2134232881745	30	ARE	29
3805.2134232881745	3805.394205737488	285	NOT	29
3805.394205737488	3805.7642057374883	415	SUITABLE	29
3805.7642057374883	3805.8604135320015	161	FOR	29
3805.8604135320015	3806.094205737488	135	EATING	29
3806.094205737488	3806.634205737488	376	SHELLFISH	29
3813.303	3813.7065923058835	183	GLUCOSE	11
3813.7065923058835	3813.7956359460777	20	AND	11
3813.7956359460777	3814.341758849775	167	FRUCTOSE	11
3814.341758849775	3814.4310085227676	30	ARE	11
3814.4310085227676	3814.815609750708	276	NATURAL	11
3814.815609750708	3815.1919403936763	414	SUGARS	11
3815.1919403936763	3815.435037114353	163	FOUND	11
3815.435037114353	3815.54422477107	217	IN	11
3822.5423912972046	3822.784943310658	130	DRAW	20
3822.784943310658	3823.094943310658	145	EVERY	20
3823.094943310658	3823.3082162685546	308	OUTER	20
3823.3082162685546	3823.5183766247706	244	LINE	20
3823.5183766247706	3823.864943310658	156	FIRST	20
3823.864943310658	3823.986607964135	436	THEN	20
3823.986607964135	3824.1953264865983	154	FILL	20
3824.1953264865983	3824.3205223775058	217	IN	20
3824.3205223775058	3824.424943310658	434	THE	20
3824.424943310658	3824.9506517666946	222	INTERIOR	20
3831.583965476678	3831.614603174603	99999	sp	26
3831.614603174603	3831.7339654766774	438	THEY	26
3831.7339654766774	3831.9076629438314	317	OWN	26
3831.9076629438314	3831.9639654766775	1	A	26
3831.9639654766775	3832.2039654766777	52	BIG	26
3832.2039654766777	3832.4939654766777	209	HOUSE	26
3832.4939654766777	3832.5818867757957	217	IN	26
3832.5818867757957	3832.6339654766775	434	THE	26
3832.6339654766775	3832.865897781532	361	REMOTE	26
3832.865897781532	3833.481302395392	109	COUNTRYSIDE	26
3841.3513775566657	3841.3803174603177	99999	sp	33
3841.3803174603177	3841.639839884423	366	RICH	33
3841.639839884423	3842.0713776566654	349	PURCHASED	33
3842.0713776566654	3842.3782214307475	374	SEVERAL	33
3842.3782214307475	3842.4613776566653	99999	sp	33
3842.4613776566653	3842.8347360758626	382	SIGNED	33
3842.8347360758626	3843.4413776566657	245	LITHOGRAPHS	33
3851.148390022676	3851.2618982584313	476	WE	46
3851.2618982584313	3851.515402500268	241	LIKE	46
3851.515402500268	3851.676799209873	55	BLUE	46
3851.676799209873	3851.997148934625	88	CHEESE	46
3851.997148934625	3852.1571489346247	70	BUT	46
3852.1571489346247	3852.437148934625	466	VICTOR	46
3852.437148934625	3852.720831234308	242	LIKES	46
3852.720831234308	3852.9513057356244	64	BRIE	46
3860.602	3860.710748645177	434	THE	35
3860.710748645177	3861.2222567497706	111	CRANBERRY	35
3861.2222567497706	3861.436742973988	57	BOG	35
3861.436742973988	3861.623027690811	178	GETS	35
3861.623027690811	3861.8477070073127	465	VERY	35
3861.8477070073127	3862.0867429739883	340	PRETTY	35
3862.0867429739883	3862.1967429739884	217	IN	35
3862.1967429739884	3862.576742973988	40	AUTUMN	35
3869.8474376417234	3870.3638599338547	71	BUTTERSCOTCH	32
3870.3638599338547	3870.402764968834	99999	sp	32
3870.402764968834	3870.7118061602346	169	FUDGE	32
3870.7118061602346	3870.911434899659	186	GOES	32
3870.911434899659	3871.0238599338545	481	WELL	32
3871.0238599338545	3871.1738599338546	487	WITH	32
3871.1738599338546	3871.4009724438947	463	VANILLA	32
3871.4009724438947	3871.6381046171027	212	ICE	32
3871.6381046171027	3871.6738599338546	99999	sp	32
3871.6738599338546	3871.9397648970835	112	CREAM	32
3879.065740542637	3879.0818140589568	99999	sp	24
3879.0818140589568	3879.7313671746742	17	AMBIDEXTROUS	24
3879.7313671746742	3880.250256255405	327	PICKPOCKETS	24
3880.250256255405	3880.693466199061	6	ACCOMPLISH	24
3880.693466199061	3880.905740642637	267	MORE	24
3887.752998383222	3887.81052154195	99999	sp	5
3887.81052154195	3887.9504540120897	226	IT'S	5
3887.9504540120897	3888.166993829163	285	NOT	5
3888.166993829163	3888.4927214107383	133	EASY	5
3888.4927214107383	3888.623166600682	446	TO	5
3888.623166600682	3888.8268467151024	113	CREATE	5
3888.8268467151024	3889.402998583222	215	ILLUMINATING	5
3889.402998583222	3890.0329985832223	146	EXAMPLES	5
3896.747	3896.799426753114	1	A	25
3896.799426753114	3897.2794267531144	271	MUSCULAR	25
3897.2794267531144	3897.6494267531143	2	ABDOMEN	25
3897.6494267531143	3897.796613739689	224	IS	25
3897.796613739689	3897.9194267531143	189	GOOD	25
3897.9194267531143	3898.002823620734	161	FOR	25
3898.002823620734	3898.1294267531143	496	YOUR	25
3898.1294267531143	3898.409426753114	43	BACK	25
3905.3141950113377	3905.4142588187033	30	ARE	0
3905.4142588187033	3905.5846499573768	496	YOUR	0
3905.5846499573768	3905.9142588187033	192	GRADES	0
3905.9142588187033	3906.2542588187034	206	HIGHER	0
3906.2542588187034	3906.314846497984	302	OR	0
3906.314846497984	3906.563087815702	251	LOWER	0
3906.563087815702	3906.6842588187033	432	THAN	0
3906.6842588187033	3907.1642588187033	275	NANCY'S	0
3914.107	3914.4857227278885	98	COFFEE	13
3914.4857227278885	3914.640332040341	224	IS	13
3914.640332040341	3914.835708018977	198	GROWN	13
3914.835708018977	3914.9620007462204	297	ON	13
3914.9620007462204	3915.2857227278887	404	STEEP	13
3915.2857227278887	3915.5757227278887	231	JUNGLE	13
3915.5757227278887	3915.761912596422	241	LIKE	13
3915.761912596422	3916.1496893990343	390	SLOPES	13
3916.1496893990343	3916.2457227278887	217	IN	13
3916.2457227278887	3916.5671316899743	431	TEMPERATE	13
3916.5671316899743	3916.9257227278886	497	ZONES	13
3923.681723356009	3923.7543082226152	434	THE	27
3923.7543082226152	3924.0134008719697	369	ROSE	27
3924.0134008719697	3924.3855858654183	106	CORSAGE	27
3924.3855858654183	3924.6355858654183	393	SMELLED	27
3924.6355858654183	3924.6836162716613	99999	sp	27
3924.6836162716613	3924.913216506159	421	SWEET	27
3931.6545498199025	3931.6767346938777	99999	sp	3
3931.6767346938777	3931.863237305771	142	EVEN	3
3931.863237305771	3932.0145498199026	211	I	3
3932.0145498199026	3932.4369645064803	293	OCCASIONALLY	3
3932.4369645064803	3932.580478119774	177	GET	3
3932.580478119774	3932.6345498199025	434	THE	3
3932.6345498199025	3932.9772205298177	265	MONDAY	3
3932.9772205298177	3933.2445498199027	56	BLUES	3
3942.1131232776916	3942.142403628118	99999	sp	23
3942.142403628118	3942.513123277691	84	CHALLENGE	23
3942.513123277691	3942.6631232776913	132	EACH	23
3942.6631232776913	3943.0631232776914	175	GENERAL'S	23
3943.0631232776914	3943.6752599426	221	INTELLIGENCE	23
3950.6029922882803	3950.6248526077097	99999	sp	2
3950.6248526077097	3950.8583555426353	354	READING	2
3950.8583555426353	3950.9967284106406	217	IN	2
3950.9967284106406	3951.1729923882804	335	POOR	2
3951.1729923882804	3951.3918376333595	240	LIGHT	2
3951.3918376333595	3951.596314452403	181	GIVES	2
3951.596314452403	3951.6729923882804	495	YOU	2
3951.6729923882804	3952.192761698261	150	EYESTRAIN	2
3959.0409070294786	3959.142134103755	257	MAY	37
3959.142134103755	3959.179410196211	211	I	37
3959.179410196211	3959.471223937342	304	ORDER	37
3959.471223937342	3959.5330799545477	1	A	37
3959.5330799545477	3959.892836851347	319	PARFAIT	37
3959.892836851347	3960.192836851347	10	AFTER	37
3960.192836851347	3960.222836851347	211	I	37
3960.222836851347	3960.3917176117748	134	EAT	37
3960.3917176117748	3960.7128368513468	124	DINNER	37
3968.3078458049886	3968.750505544117	115	CYCLICAL	42
3968.750505544117	3969.134009359911	346	PROGRAMS	42
3969.134009359911	3969.3740093599113	281	NEVER	42
3969.3740093599113	3969.8590915562795	100	COMPILE	42
3977.235701213544	3977.2579591836734	99999	sp	17
3977.2579591836734	3977.559010234337	286	NOTHING	17
3977.559010234337	3977.695701213544	224	IS	17
3977.695701213544	3977.8957012135443	34	AS	17
3977.8957012135443	3978.4157012135443	295	OFFENSIVE	17
3978.4157012135443	3978.5457012135444	34	AS	17
3978.5457012135444	3979.005701213544	219	INNOCENCE	17
3985.8650340136055	3986.1193268427937	203	HELP	45
3986.1193268427937	3986.494493542045	196	GREG	45
3986.494493542045	3986.6484822283946	446	TO	45
3986.6484822283946	3986.809326842794	325	PICK	45
3986.809326842794	3986.9202269690113	1	A	45
3986.9202269690113	3987.1104482874434	321	PECK	45
3987.1104482874434	3987.250215355452	294	OF	45
3987.250215355452	3987.7593268427936	88888	POTATO	45
3994.545941043084	3994.7352426094617	210	HOW	49
3994.7352426094617	3994.8593393743436	189	GOOD	49
3994.8593393743436	3994.9870594024337	224	IS	49
3994.9870594024337	3995.0966631144825	496	YOUR	49
3995.0966631144825	3995.556357774572	138	ENDURANCE	49
4001.875660857262	4001.910204081633	99999	sp	38
4001.910204081633	4001.964836855209	224	IS	38
4001.964836855209	4002.1186823889293	375	SHE	38
4002.1186823889293	4002.3556607572623	187	GOING	38
4002.3556607572623	4002.5134156196964	487	WITH	38
4002.5134156196964	4002.7509454997053	495	YOU	38
4010.5568253968254	4010.7524785291002	298	ONLY	15
4010.7524785291002	4010.8949697859393	434	THE	15
4010.8949697859393	4011.1302038625004	51	BEST	15
4011.1302038625004	4011.4102038625	330	PLAYERS	15
4011.4102038625	4011.667257385952	139	ENJOY	15
4011.667257385952	4012.3251341609102	336	POPULARITY	15
4018.0042630385487	4018.114263038549	210	HOW	41
4018.114263038549	4018.2568051839057	269	MUCH	41
4018.2568051839057	4018.604263038549	16	ALLOWANCE	41
4018.604263038549	4018.684263038549	128	DO	41
4018.684263038549	4018.7542630385487	495	YOU	41
4018.7542630385487	4018.9846433902685	177	GET	41
4025.9373242630386	4026.1073242630387	375	SHE	1
4026.1073242630387	4026.322568574423	490	WORE	1
4026.322568574423	4026.637324263039	471	WARM	1
4026.637324263039	4026.9873242630388	158	FLEECY	1
4026.9873242630388	4027.2748325026027	489	WOOLEN	1
4027.2748325026027	4027.7673242630385	311	OVERALLS	1
4035.0139682539684	4035.1884714851703	76	CAN	39
4035.1884714851703	4035.2439682539684	434	THE	39
4035.2439682539684	4035.682624026314	11	AGENCY	39
4035.682624026314	4036.1239682539685	315	OVERTHROW	39
4036.1239682539685	4036.4539682539685	13	ALIEN	39
4036.4539682539685	4036.892127997499	162	FORCES	39
4043.1459098824557	4043.173514739229	99999	sp	47
4043.173514739229	4043.365909982456	108	COUNT	47
4043.365909982456	4043.425909982456	434	THE	47
4043.425909982456	4043.7694590829924	289	NUMBER	47
4043.7694590829924	4043.8854035056556	294	OF	47
4043.8854035056556	4044.365909982456	429	TEASPOONS	47
4044.365909982456	4044.4459099824558	294	OF	47
4044.4459099824558	4044.925909982456	395	SOYSAUCE	47
4044.925909982456	4045.1222315043938	433	THAT	47
4045.1222315043938	4045.2259099824555	495	YOU	47
4045.2259099824555	4045.511177962367	7	ADD	47
4051.8122339957654	4051.8591383219955	99999	sp	12
4051.8591383219955	4051.9322339957657	30	ARE	12
4051.9322339957657	4052.041152200622	495	YOU	12
4052.041152200622	4052.2986334073385	250	LOOKING	12
4052.2986334073385	4052.439425738954	161	FOR	12
4052.439425738954	4052.966714398148	136	EMPLOYMENT	12
4060.523900226757	4060.802244704042	405	STEVE	18
4060.802244704042	4060.973214681167	490	WORE	18
4060.973214681167	4061.097929539252	1	A	18
4061.097929539252	4061.3646341080166	65	BRIGHT	18
4061.3646341080166	4061.5799608326383	356	RED	18
4061.5799608326383	4062.026078087452	78	CASHMERE	18
4062.026078087452	4062.4046341080166	420	SWEATER	18
4068.888807109963	4068.917006802721	99999	sp	6
4068.917006802721	4069.146047052686	270	MUM	6
4069.146047052686	4069.5551123545883	407	STRONGLY	6
4069.5551123545883	4069.902286757372	126	DISLIKES	6
4069.902286757372	4070.598807109963	27	APPETIZERS	6
4077.3397880671123	4077.3715192743766	99999	sp	7
4077.3715192743766	4077.593513727745	443	THOSE	7
4077.593513727745	4077.690682922115	484	WHO	7
4077.690682922115	4077.926364317995	427	TEACH	7
4077.926364317995	4078.2696230862252	462	VALUES	7
4078.2696230862252	4078.5297880671123	156	FIRST	7
4078.5297880671123	4078.939788067112	4	ABOLISH	7
4078.939788067112	4079.2860490699927	87	CHEATING	7
4085.6652294874093	4085.6819047619047	99999	sp	9
4085.6819047619047	4085.8952294874093	142	EVEN	9
4085.8952294874093	4085.9444733061664	1	A	9
4085.9444733061664	4086.209041093251	383	SIMPLE	9
4086.209041093251	4086.9403794187174	468	VOCABULARY	9
4086.9403794187174	4087.325569063709	104	CONTAINS	9
4087.325569063709	4087.7152294874095	422	SYMBOLS	9
4095.113	4095.310292483497	24	ANY	34
4095.310292483497	4095.9567671720174	105	CONTRIBUTIONS	34
4095.9567671720174	4096.023513826092	485	WILL	34
4096.023513826092	4096.126934884016	47	BE	34
4096.126934884016	4096.491193308464	195	GREATLY	34
4096.491193308464	4097.166721089444	28	APPRECIATED	34
4103.987195444155	4104.063605253164	434	THE	21
4104.063605253164	4104.2720024265745	475	WATER	21
4104.2720024265745	4104.6314780256125	103	CONTAINED	21
4104.6314780256125	4104.747572748787	448	TOO	21
4104.747572748787	4104.952002426574	269	MUCH	21
4104.952002426574	4105.332002426574	90	CHLORINE	21
4105.332002426574	4105.442002426575	20	AND	21
4105.442002426575	4105.672002426574	409	STUNG	21
4105.672002426574	4105.812002426574	208	HIS	21
4105.812002426574	4106.122002426574	149	EYES	21
