601.0	601.395	99999	sp	0
601.395	602.298	206	HIGHER	0
602.298	602.616	302	OR	0
602.616	602.914	251	LOWER	0
602.914	603.087	432	THAN	0
603.087	603.635	275	NANCY'S	0
611.263	611.467	375	SHE	1
611.467	611.707	490	WORE	1
611.707	612.242	471	WARM	1
612.242	612.694	158	FLEECY	1
612.694	613.233	489	WOOLEN	1
613.233	613.832	311	OVERALLS	1
622.343	622.66	354	READING	2
622.66	622.873	217	IN	2
622.873	623.181	335	POOR	2
623.181	623.492	240	LIGHT	2
623.492	623.756	181	GIVES	2
623.756	623.84	495	YOU	2
623.84	624.558	150	EYESTRAIN	2
632.88	633.235	142	EVEN	3
633.235	633.508	211	I	3
633.508	634.182	293	OCCASIONALLY	3
634.182	634.331	177	GET	3
634.331	634.405	434	THE	3
634.405	634.923	265	MONDAY	3
634.923	635.283	56	BLUES	3
644.275	644.374	476	WE	4
644.374	644.523	30	ARE	4
644.523	644.861	301	OPEN	4
644.861	645.29	145	EVERY	4
645.29	645.669	265	MONDAY	4
645.669	646.198	143	EVENING	4
652.401	652.575	226	IT'S	5
652.575	652.801	285	NOT	5
652.801	653.137	133	EASY	5
653.137	653.275	446	TO	5
653.275	653.768	113	CREATE	5
653.768	654.63	215	ILLUMINATING	5
654.63	655.313	146	EXAMPLES	5
663.43	663.752	270	MUM	6
663.752	664.276	407	STRONGLY	6
664.276	664.816	126	DISLIKES	6
664.816	665.756	27	APPETIZERS	6
674.129	674.417	443	THOSE	7
674.417	674.545	484	WHO	7
674.545	674.847	427	TEACH	7
674.847	675.38	462	VALUES	7
675.38	675.432	99999	sp	7
675.432	675.712	156	FIRST	7
675.712	676.2570000000001	4	ABOLISH	7
676.2570000000001	676.7	87	CHEATING	7
685.413	685.496	434	THE	8
685.496	685.912	165	FRIGHTENED	8
685.912	686.297	89	CHILD	8
686.297	686.539	472	WAS	8
686.539	686.867	176	GENTLY	8
686.867	687.423	410	SUBDUED	8
687.423	687.542	73	BY	8
687.542	687.789	208	HIS	8
687.789	688.0409999999999	52	BIG	8
688.0409999999999	688.403	66	BROTHER	8
696.77	697.053	142	EVEN	9
697.053	697.126	1	A	9
697.126	697.552	383	SIMPLE	9
697.552	698.42	468	VOCABULARY	9
698.42	698.884	104	CONTAINS	9
698.884	699.545	422	SYMBOLS	9
708.712	708.852	1	A	10
708.852	709.215	110	CRAB	10
709.215	709.754	85	CHALLENGED	10
709.754	709.985	258	ME	10
709.985	710.0889999999999	70	BUT	10
710.0889999999999	710.158	1	A	10
710.158	710.433	350	QUICK	10
710.433	710.981	402	STAB	10
710.981	711.501	464	VANQUISHED	10
711.501	711.739	207	HIM	10
720.537	721.076	183	GLUCOSE	11
721.076	721.198	88888	 AND	11
721.198	721.864	167	FRUCTOSE	11
721.864	722.02	30	ARE	11
722.02	722.503	276	NATURAL	11
722.503	723.0550000000001	414	SUGARS	11
723.0550000000001	723.355	163	FOUND	11
723.355	723.534	217	IN	11
723.534	723.8820000000001	168	FRUIT	11
732.155	732.304	30	ARE	12
732.304	732.398	495	YOU	12
732.398	732.782	250	LOOKING	12
732.782	733.042	161	FOR	12
733.042	733.683	136	EMPLOYMENT	12
741.466	741.792	98	COFFEE	13
741.792	742.0029999999999	224	IS	13
742.0029999999999	742.1510000000001	198	GROWN	13
742.1510000000001	742.311	297	ON	13
742.311	742.768	404	STEEP	13
742.768	742.888	99999	sp	13
742.888	743.278	231	JUNGLE	13
743.278	743.54	241	LIKE	13
743.54	744.017	390	SLOPES	13
744.017	744.21	217	IN	13
744.21	744.784	431	TEMPERATE	13
744.784	745.114	497	ZONES	13
753.109	753.215	476	WE	14
753.215	753.585	480	WELCOME	14
753.585	753.938	256	MANY	14
753.938	754.106	282	NEW	14
754.106	754.667	408	STUDENTS	14
754.667	754.979	132	EACH	14
754.979	755.361	491	YEAR	14
763.7280000000001	764.015	298	ONLY	15
764.015	764.193	434	THE	15
764.193	764.491	51	BEST	15
764.491	764.549	99999	sp	15
764.549	764.996	330	PLAYERS	15
764.996	765.399	139	ENJOY	15
765.399	765.432	99999	sp	15
765.432	766.366	336	POPULARITY	15
775.802	776.303	75	CALCIUM	16
776.303	776.65	254	MAKES	16
776.65	776.9490000000001	58	BONES	16
776.9490000000001	777.113	20	AND	16
777.113	777.371	430	TEETH	16
777.371	777.889	406	STRONG	16
785.413	785.812	286	NOTHING	17
785.812	785.9590000000001	224	IS	17
785.9590000000001	786.133	34	AS	17
786.133	786.731	295	OFFENSIVE	17
786.731	786.899	34	AS	17
786.899	787.6179999999999	219	INNOCENCE	17
796.922	797.186	405	STEVE	18
797.186	797.331	490	WORE	18
797.331	797.502	1	A	18
797.502	797.8009999999999	65	BRIGHT	18
797.8009999999999	798.072	356	RED	18
798.072	798.693	78	CASHMERE	18
798.693	799.183	420	SWEATER	18
808.304	808.717	46	BARB'S	19
808.717	809.028	188	GOLD	19
809.028	809.586	63	BRACELET	19
809.586	809.809	99999	sp	19
809.809	809.967	472	WAS	19
809.967	810.09	1	A	19
810.09	810.899	193	GRADUATION	19
810.899	811.326	339	PRESENT	19
820.59	820.898	130	DRAW	20
820.898	821.192	145	EVERY	20
821.192	821.519	308	OUTER	20
821.519	821.787	244	LINE	20
821.787	822.277	156	FIRST	20
822.277	822.4739999999999	99999	sp	20
822.4739999999999	822.704	436	THEN	20
822.704	822.9449999999999	154	FILL	20
822.9449999999999	823.086	217	IN	20
823.086	823.127	434	THE	20
823.127	823.856	222	INTERIOR	20
831.891	831.957	434	THE	21
831.957	832.439	475	WATER	21
832.439	833.014	103	CONTAINED	21
833.014	833.124	448	TOO	21
833.124	833.392	269	MUCH	21
833.392	833.873	90	CHLORINE	21
833.873	834.002	20	AND	21
834.002	834.356	409	STUNG	21
834.356	834.55	208	HIS	21
834.55	834.984	149	EYES	21
842.881	843.277	229	JOHN'S	22
843.277	843.571	66	BROTHER	22
843.571	844.1990000000001	363	REPAINTED	22
844.1990000000001	844.297	434	THE	22
844.297	844.831	173	GARAGE	22
844.831	845.1469999999999	129	DOOR	22
853.766	854.236	84	CHALLENGE	23
854.236	854.586	132	EACH	23
854.586	855.108	175	GENERAL'S	23
855.108	855.963	221	INTELLIGENCE	23
864.451	865.284	17	AMBIDEXTROUS	24
865.284	865.927	327	PICKPOCKETS	24
865.927	866.567	6	ACCOMPLISH	24
866.567	866.877	267	MORE	24
875.875	875.951	1	A	25
875.951	876.567	271	MUSCULAR	25
876.567	877.0129999999999	2	ABDOMEN	25
877.0129999999999	877.235	224	IS	25
877.235	877.444	189	GOOD	25
877.444	877.553	161	FOR	25
877.553	877.793	496	YOUR	25
877.793	878.133	43	BACK	25
885.8620000000001	885.9639999999999	438	THEY	26
885.9639999999999	886.1700000000001	317	OWN	26
886.1700000000001	886.3389999999999	1	A	26
886.3389999999999	886.553	52	BIG	26
886.553	886.932	209	HOUSE	26
886.932	887.091	217	IN	26
887.091	887.1610000000001	434	THE	26
887.1610000000001	887.538	361	REMOTE	26
887.538	888.319	109	COUNTRYSIDE	26
897.235	897.396	434	THE	27
897.396	897.704	369	ROSE	27
897.704	897.726	99999	sp	27
897.726	898.363	106	CORSAGE	27
898.363	898.7339999999999	393	SMELLED	27
898.7339999999999	899.154	421	SWEET	27
908.02	908.223	433	THAT	28
908.223	908.267	99999	sp	28
908.267	908.8820000000001	326	PICKPOCKET	28
908.8820000000001	909.05	472	WAS	28
909.05	909.078	99999	sp	28
909.078	909.3620000000001	80	CAUGHT	28
909.3620000000001	909.562	356	RED	28
909.562	910.0699999999999	199	HANDED	28
919.71	919.817	19	AN	29
919.817	920.2139999999999	9	ADULT	29
920.2139999999999	920.65	255	MALE	29
920.65	921.212	42	BABOON'S	29
921.212	921.454	430	TEETH	29
921.454	921.5509999999999	30	ARE	29
921.5509999999999	921.783	285	NOT	29
921.783	922.212	415	SUITABLE	29
922.212	922.332	161	FOR	29
922.332	922.69	135	EATING	29
922.69	923.548	376	SHELLFISH	29
932.0899999999999	932.284	204	HER	30
932.284	932.761	470	WARDROBE	30
932.761	933.2570000000001	102	CONSISTS	30
933.2570000000001	933.424	294	OF	30
933.424	933.688	298	ONLY	30
933.688	934.185	385	SKIRTS	30
934.185	934.389	20	AND	30
934.389	935.0609999999999	54	BLOUSES	30
943.682	943.8	434	THE	31
943.8	944.1120000000001	453	TWO	31
944.1120000000001	944.5830000000001	33	ARTISTS	31
944.5830000000001	945.251	147	EXCHANGED	31
945.251	946.048	39	AUTOGRAPHS	31
955.975	956.613	71	BUTTERSCOTCH	32
956.613	956.659	99999	sp	32
956.659	956.998	169	FUDGE	32
956.998	957.232	186	GOES	32
957.232	957.432	481	WELL	32
957.432	957.607	487	WITH	32
957.607	958.0	463	VANILLA	32
958.0	958.344	212	ICE	32
958.344	958.6890000000001	112	CREAM	32
967.6700000000001	967.951	366	RICH	33
967.951	968.0160000000001	99999	sp	33
968.0160000000001	968.607	349	PURCHASED	33
968.607	968.643	99999	sp	33
968.643	969.135	374	SEVERAL	33
969.135	969.5640000000001	382	SIGNED	33
969.5640000000001	970.262	245	LITHOGRAPHS	33
978.0360000000001	978.294	24	ANY	34
978.294	979.1320000000001	105	CONTRIBUTIONS	34
979.1320000000001	979.244	485	WILL	34
979.244	979.413	47	BE	34
979.413	979.8	195	GREATLY	34
979.8	980.65	28	APPRECIATED	34
989.086	989.206	434	THE	35
989.206	989.828	111	CRANBERRY	35
989.828	990.098	57	BOG	35
990.098	990.289	178	GETS	35
990.289	990.693	465	VERY	35
990.693	990.966	340	PRETTY	35
990.966	991.135	217	IN	35
991.135	991.624	40	AUTUMN	35
1000.831	1001.002	210	HOW	36
1001.002	1001.142	128	DO	36
1001.142	1001.6510000000001	318	OYSTERS	36
1001.6510000000001	1001.8720000000001	253	MAKE	36
1001.8720000000001	1001.935	99999	sp	36
1001.935	1002.438	320	PEARLS	36
1011.491	1011.783	257	MAY	37
1011.783	1011.827	211	I	37
1011.827	1012.185	304	ORDER	37
1012.185	1012.258	1	A	37
1012.258	1012.6890000000001	319	PARFAIT	37
1012.6890000000001	1012.976	10	AFTER	37
1012.976	1013.095	211	I	37
1013.095	1013.317	134	EAT	37
1013.317	1013.744	124	DINNER	37
1022.704	1022.8399999999999	224	IS	38
1022.8399999999999	1023.052	375	SHE	38
1023.052	1023.383	187	GOING	38
1023.383	1023.5699999999999	487	WITH	38
1023.5699999999999	1023.852	495	YOU	38
1030.7939999999999	1030.9569999999999	76	CAN	39
1030.9569999999999	1031.0819999999999	434	THE	39
1031.0819999999999	1031.632	11	AGENCY	39
1031.632	1032.241	315	OVERTHROW	39
1032.241	1032.701	13	ALIEN	39
1032.701	1033.41	162	FORCES	39
1041.979	1042.079	1	A	40
1042.079	1042.866	371	SCREWDRIVER	40
1042.866	1042.972	224	IS	40
1042.972	1043.181	252	MADE	40
1043.181	1043.416	166	FROM	40
1043.416	1043.796	469	VODKA	40
1043.796	1044.018	20	AND	40
1044.018	1044.439	303	ORANGE	40
1044.439	1044.882	230	JUICE	40
1052.564	1052.7350000000001	210	HOW	41
1052.7350000000001	1052.925	269	MUCH	41
1052.925	1053.4940000000001	16	ALLOWANCE	41
1053.4940000000001	1053.5720000000001	128	DO	41
1053.5720000000001	1053.7359999999999	495	YOU	41
1053.7359999999999	1054.012	177	GET	41
1064.301	1064.97	115	CYCLICAL	42
1064.97	1065.576	346	PROGRAMS	42
1065.576	1065.675	485	WILL	42
1065.675	1066.056	281	NEVER	42
1066.056	1066.704	100	COMPILE	42
1073.545	1073.7	434	THE	43
1073.7	1074.1390000000001	61	BOSTON	43
1074.1390000000001	1074.528	45	BALLET	43
1074.528	1075.184	312	OVERCAME	43
1075.184	1075.3029999999999	435	THEIR	43
1075.3029999999999	1075.762	170	FUNDING	43
1075.762	1076.401	380	SHORTAGE	43
1086.0140000000001	1086.344	145	EVERY	44
1086.344	1086.606	74	CAB	44
1086.606	1086.9180000000001	280	NEEDS	44
1086.9180000000001	1087.6390000000001	364	REPAINTING	44
1087.6390000000001	1088.262	296	OFTEN	44
1096.229	1096.569	203	HELP	45
1096.569	1096.8600000000001	196	GREG	45
1096.8600000000001	1097.031	446	TO	45
1097.031	1097.344	325	PICK	45
1097.344	1097.407	99999	sp	45
1097.407	1097.555	1	A	45
1097.555	1097.8220000000001	321	PECK	45
1097.8220000000001	1097.979	294	OF	45
1097.979	1098.661	338	POTATOES	45
1108.35	1108.519	476	WE	46
1108.519	1108.865	241	LIKE	46
1108.865	1109.09	55	BLUE	46
1109.09	1109.4769999999999	88	CHEESE	46
1109.4769999999999	1109.666	70	BUT	46
1109.666	1110.045	466	VICTOR	46
1110.045	1110.451	242	LIKES	46
1110.451	1110.812	64	BRIE	46
1119.6779999999999	1119.937	108	COUNT	47
1119.937	1120.011	434	THE	47
1120.011	1120.371	289	NUMBER	47
1120.371	1120.546	294	OF	47
1120.546	1121.149	429	TEASPOONS	47
1121.149	1121.299	294	OF	47
1121.299	1121.9389999999999	395	SOYSAUCE	47
1121.9389999999999	1122.087	433	THAT	47
1122.087	1122.1680000000001	495	YOU	47
1122.1680000000001	1122.496	7	ADD	47
1131.042	1131.625	44	BAGPIPES	48
1131.625	1131.856	20	AND	48
1131.856	1132.431	59	BONGOS	48
1132.431	1132.574	30	ARE	48
1132.574	1133.068	273	MUSICAL	48
1133.068	1133.801	220	INSTRUMENTS	48
1141.8020000000001	1142.101	210	HOW	49
1142.101	1142.266	189	GOOD	49
1142.266	1142.4569999999999	224	IS	49
1142.4569999999999	1142.6	496	YOUR	49
1142.6	1143.23	138	ENDURANCE	49
1661.233	1661.308	30	ARE	0
1661.308	1661.498	496	YOUR	0
1661.498	1661.776	192	GRADES	0
1661.776	1662.096	206	HIGHER	0
1662.096	1662.276	302	OR	0
1662.276	1662.595	251	LOWER	0
1662.595	1662.745	432	THAN	0
1662.745	1663.4470000000001	275	NANCY'S	0
1670.098	1670.308	375	SHE	1
1670.308	1670.467	490	WORE	1
1670.467	1670.856	471	WARM	1
1670.856	1671.445	158	FLEECY	1
1671.445	1671.8029999999999	489	WOOLEN	1
1671.8029999999999	1672.68	311	OVERALLS	1
1680.532	1680.856	354	READING	2
1680.856	1681.054	217	IN	2
1681.054	1681.262	335	POOR	2
1681.262	1681.559	240	LIGHT	2
1681.559	1681.791	181	GIVES	2
1681.791	1681.9189999999999	495	YOU	2
1681.9189999999999	1682.714	150	EYESTRAIN	2
1690.162	1690.4560000000001	142	EVEN	3
1690.4560000000001	1690.676	211	I	3
1690.676	1691.316	293	OCCASIONALLY	3
1691.316	1691.4479999999999	177	GET	3
1691.4479999999999	1691.517	434	THE	3
1691.517	1692.0149999999999	265	MONDAY	3
1692.0149999999999	1692.473	56	BLUES	3
1700.208	1700.3	476	WE	4
1700.3	1700.43	30	ARE	4
1700.43	1700.798	301	OPEN	4
1700.798	1701.191	145	EVERY	4
1701.191	1701.696	265	MONDAY	4
1701.696	1702.084	143	EVENING	4
1709.499	1709.71	226	IT'S	5
1709.71	1709.887	285	NOT	5
1709.887	1710.247	133	EASY	5
1710.247	1710.393	446	TO	5
1710.393	1710.683	113	CREATE	5
1710.683	1711.397	215	ILLUMINATING	5
1711.397	1712.222	146	EXAMPLES	5
1719.786	1720.054	270	MUM	6
1720.054	1720.5720000000001	407	STRONGLY	6
1720.5720000000001	1721.042	126	DISLIKES	6
1721.042	1722.068	27	APPETIZERS	6
1729.7	1729.9160000000002	443	THOSE	7
1729.9160000000002	1730.019	484	WHO	7
1730.019	1730.277	427	TEACH	7
1730.277	1730.789	462	VALUES	7
1730.789	1731.039	156	FIRST	7
1731.039	1731.538	4	ABOLISH	7
1731.538	1732.047	87	CHEATING	7
1739.4	1739.46	434	THE	8
1739.46	1739.8780000000002	165	FRIGHTENED	8
1739.8780000000002	1740.254	89	CHILD	8
1740.254	1740.478	472	WAS	8
1740.478	1740.79	176	GENTLY	8
1740.79	1741.3139999999999	410	SUBDUED	8
1741.3139999999999	1741.4360000000001	73	BY	8
1741.4360000000001	1741.649	208	HIS	8
1741.649	1741.9009999999998	52	BIG	8
1741.9009999999998	1742.2930000000001	66	BROTHER	8
1749.342	1749.577	142	EVEN	9
1749.577	1749.636	1	A	9
1749.636	1750.046	383	SIMPLE	9
1750.046	1750.836	468	VOCABULARY	9
1750.836	1751.274	104	CONTAINS	9
1751.274	1751.932	422	SYMBOLS	9
1759.673	1759.786	1	A	10
1759.786	1760.097	110	CRAB	10
1760.097	1760.601	85	CHALLENGED	10
1760.601	1760.837	258	ME	10
1760.837	1760.933	70	BUT	10
1760.933	1761.066	1	A	10
1761.066	1761.255	350	QUICK	10
1761.255	1761.7530000000002	402	STAB	10
1761.7530000000002	1762.279	464	VANQUISHED	10
1762.279	1762.5140000000001	207	HIM	10
1770.3020000000001	1770.8490000000002	183	GLUCOSE	11
1770.8490000000002	1770.999	20	AND	11
1770.999	1771.609	167	FRUCTOSE	11
1771.609	1771.726	30	ARE	11
1771.726	1772.125	276	NATURAL	11
1772.125	1772.654	414	SUGARS	11
1772.654	1772.964	163	FOUND	11
1772.964	1773.0700000000002	217	IN	11
1773.0700000000002	1773.482	168	FRUIT	11
1781.152	1781.255	30	ARE	12
1781.255	1781.4450000000002	495	YOU	12
1781.4450000000002	1781.784	250	LOOKING	12
1781.784	1782.0140000000001	161	FOR	12
1782.0140000000001	1782.672	136	EMPLOYMENT	12
1789.547	1789.856	98	COFFEE	13
1789.856	1790.0839999999998	224	IS	13
1790.0839999999998	1790.245	198	GROWN	13
1790.245	1790.385	297	ON	13
1790.385	1790.85	404	STEEP	13
1790.85	1791.2530000000002	231	JUNGLE	13
1791.2530000000002	1791.491	241	LIKE	13
1791.491	1791.971	390	SLOPES	13
1791.971	1792.137	217	IN	13
1792.137	1792.539	431	TEMPERATE	13
1792.539	1793.048	497	ZONES	13
1800.2359999999999	1800.392	476	WE	14
1800.392	1800.75	480	WELCOME	14
1800.75	1801.0700000000002	256	MANY	14
1801.0700000000002	1801.25	282	NEW	14
1801.25	1801.719	408	STUDENTS	14
1801.719	1803.0	132	EACH	14
1809.957	1810.206	298	ONLY	15
1810.206	1810.411	434	THE	15
1810.411	1810.661	51	BEST	15
1810.661	1811.083	330	PLAYERS	15
1811.083	1811.435	139	ENJOY	15
1811.435	1811.469	99999	sp	15
1811.469	1812.39	336	POPULARITY	15
1821.209	1821.709	75	CALCIUM	16
1821.709	1822.006	254	MAKES	16
1822.006	1822.278	58	BONES	16
1822.278	1822.441	20	AND	16
1822.441	1822.787	430	TEETH	16
1822.787	1823.236	406	STRONG	16
1830.388	1830.648	286	NOTHING	17
1830.648	1830.928	224	IS	17
1830.928	1831.109	34	AS	17
1831.109	1831.707	295	OFFENSIVE	17
1831.707	1831.925	34	AS	17
1831.925	1832.754	219	INNOCENCE	17
1841.46	1841.923	405	STEVE	18
1841.923	1842.133	490	WORE	18
1842.133	1842.262	1	A	18
1842.262	1842.57	65	BRIGHT	18
1842.57	1842.858	356	RED	18
1842.858	1843.52	78	CASHMERE	18
1843.52	1843.9279999999999	420	SWEATER	18
1851.742	1852.08	46	BARB'S	19
1852.08	1852.118	99999	sp	19
1852.118	1852.399	188	GOLD	19
1852.399	1852.936	63	BRACELET	19
1852.936	1853.087	472	WAS	19
1853.087	1853.211	1	A	19
1853.211	1854.001	193	GRADUATION	19
1854.001	1854.418	339	PRESENT	19
1862.658	1862.9470000000001	130	DRAW	20
1862.9470000000001	1863.314	145	EVERY	20
1863.314	1863.623	308	OUTER	20
1863.623	1863.865	244	LINE	20
1863.865	1864.298	156	FIRST	20
1864.298	1864.509	99999	sp	20
1864.509	1864.853	436	THEN	20
1864.853	1865.02	154	FILL	20
1865.02	1865.11	217	IN	20
1865.11	1865.27	434	THE	20
1865.27	1865.898	222	INTERIOR	20
1873.4180000000001	1873.471	434	THE	21
1873.471	1873.829	475	WATER	21
1873.829	1874.249	103	CONTAINED	21
1874.249	1874.4	448	TOO	21
1874.4	1874.638	269	MUCH	21
1874.638	1874.675	99999	sp	21
1874.675	1875.097	90	CHLORINE	21
1875.097	1875.4	20	AND	21
1875.4	1875.608	409	STUNG	21
1875.608	1875.809	208	HIS	21
1875.809	1876.253	149	EYES	21
1883.033	1883.406	229	JOHN'S	22
1883.406	1883.709	66	BROTHER	22
1883.709	1884.316	363	REPAINTED	22
1884.316	1884.44	434	THE	22
1884.44	1884.862	173	GARAGE	22
1884.862	1884.92	99999	sp	22
1884.92	1885.194	129	DOOR	22
1893.177	1893.665	84	CHALLENGE	23
1893.665	1894.0	132	EACH	23
1894.0	1894.493	175	GENERAL'S	23
1894.493	1895.352	221	INTELLIGENCE	23
1903.419	1904.235	17	AMBIDEXTROUS	24
1904.235	1904.889	327	PICKPOCKETS	24
1904.889	1905.54	6	ACCOMPLISH	24
1905.54	1905.9180000000001	267	MORE	24
1913.78	1913.847	1	A	25
1913.847	1914.349	271	MUSCULAR	25
1914.349	1914.867	2	ABDOMEN	25
1914.867	1915.148	224	IS	25
1915.148	1915.282	189	GOOD	25
1915.282	1915.486	161	FOR	25
1915.486	1915.624	496	YOUR	25
1915.624	1915.954	43	BACK	25
1922.497	1922.568	438	THEY	26
1922.568	1922.774	317	OWN	26
1922.774	1922.9569999999999	1	A	26
1922.9569999999999	1923.159	52	BIG	26
1923.159	1923.517	209	HOUSE	26
1923.517	1923.578	217	IN	26
1923.578	1923.677	434	THE	26
1923.677	1924.051	361	REMOTE	26
1924.051	1924.775	109	COUNTRYSIDE	26
1931.824	1931.961	434	THE	27
1931.961	1932.24	369	ROSE	27
1932.24	1932.267	99999	sp	27
1932.267	1932.787	106	CORSAGE	27
1932.787	1933.18	393	SMELLED	27
1933.18	1933.492	421	SWEET	27
1941.714	1941.99	433	THAT	28
1941.99	1942.564	326	PICKPOCKET	28
1942.564	1942.77	472	WAS	28
1942.77	1943.004	80	CAUGHT	28
1943.004	1943.282	356	RED	28
1943.282	1943.787	199	HANDED	28
1951.827	1951.915	19	AN	29
1951.915	1952.401	9	ADULT	29
1952.401	1952.592	255	MALE	29
1952.592	1953.13	42	BABOON'S	29
1953.13	1953.154	99999	sp	29
1953.154	1953.4	430	TEETH	29
1953.4	1953.522	30	ARE	29
1953.522	1953.755	285	NOT	29
1953.755	1954.198	415	SUITABLE	29
1954.198	1954.353	161	FOR	29
1954.353	1954.657	135	EATING	29
1954.657	1955.395	376	SHELLFISH	29
1962.897	1963.157	204	HER	30
1963.157	1963.696	470	WARDROBE	30
1963.696	1964.116	102	CONSISTS	30
1964.116	1964.206	294	OF	30
1964.206	1964.504	298	ONLY	30
1964.504	1964.974	385	SKIRTS	30
1964.974	1965.227	20	AND	30
1965.227	1965.882	54	BLOUSES	30
1973.333	1973.497	434	THE	31
1973.497	1973.721	453	TWO	31
1973.721	1974.436	33	ARTISTS	31
1974.436	1975.141	147	EXCHANGED	31
1975.141	1975.959	39	AUTOGRAPHS	31
1984.002	1984.624	71	BUTTERSCOTCH	32
1984.624	1984.683	99999	sp	32
1984.683	1985.07	169	FUDGE	32
1985.07	1985.278	186	GOES	32
1985.278	1985.537	481	WELL	32
1985.537	1985.69	487	WITH	32
1985.69	1985.7350000000001	99999	sp	32
1985.7350000000001	1986.058	463	VANILLA	32
1986.058	1986.458	212	ICE	32
1986.458	1986.794	112	CREAM	32
1994.911	1995.217	366	RICH	33
1995.217	1995.249	99999	sp	33
1995.249	1995.66	349	PURCHASED	33
1995.66	1996.123	374	SEVERAL	33
1996.123	1996.502	382	SIGNED	33
1996.502	1997.231	245	LITHOGRAPHS	33
2004.597	2004.847	24	ANY	34
2004.847	2004.879	99999	sp	34
2004.879	2005.602	105	CONTRIBUTIONS	34
2005.602	2005.7640000000001	485	WILL	34
2005.7640000000001	2005.9569999999999	47	BE	34
2005.9569999999999	2006.33	195	GREATLY	34
2006.33	2007.208	28	APPRECIATED	34
2014.587	2014.703	434	THE	35
2014.703	2015.3029999999999	111	CRANBERRY	35
2015.3029999999999	2015.569	57	BOG	35
2015.569	2015.87	178	GETS	35
2015.87	2016.158	465	VERY	35
2016.158	2016.489	340	PRETTY	35
2016.489	2016.556	217	IN	35
2016.556	2017.046	40	AUTUMN	35
2025.086	2025.176	210	HOW	36
2025.176	2025.317	128	DO	36
2025.317	2025.756	318	OYSTERS	36
2025.756	2025.992	253	MAKE	36
2025.992	2026.041	99999	sp	36
2026.041	2026.534	320	PEARLS	36
2033.841	2033.997	257	MAY	37
2033.997	2034.107	211	I	37
2034.107	2034.365	304	ORDER	37
2034.365	2034.425	1	A	37
2034.425	2034.815	319	PARFAIT	37
2034.815	2035.284	10	AFTER	37
2035.284	2035.364	211	I	37
2035.364	2035.556	134	EAT	37
2035.556	2036.012	124	DINNER	37
2043.913	2044.174	224	IS	38
2044.174	2044.422	375	SHE	38
2044.422	2044.757	187	GOING	38
2044.757	2044.925	487	WITH	38
2044.925	2045.241	495	YOU	38
2051.52	2051.772	76	CAN	39
2051.772	2051.937	434	THE	39
2051.937	2052.385	11	AGENCY	39
2052.385	2053.054	315	OVERTHROW	39
2053.054	2053.408	13	ALIEN	39
2053.408	2053.982	162	FORCES	39
2061.86	2061.963	1	A	40
2061.963	2062.742	371	SCREWDRIVER	40
2062.742	2062.911	224	IS	40
2062.911	2063.111	252	MADE	40
2063.111	2063.435	166	FROM	40
2063.435	2063.81	469	VODKA	40
2063.81	2063.978	20	AND	40
2063.978	2064.398	303	ORANGE	40
2064.398	2064.937	230	JUICE	40
2071.9610000000002	2072.1	210	HOW	41
2072.1	2072.32	269	MUCH	41
2072.32	2072.858	16	ALLOWANCE	41
2072.858	2072.947	128	DO	41
2072.947	2073.136	495	YOU	41
2073.136	2073.437	177	GET	41
2080.611	2081.241	115	CYCLICAL	42
2081.241	2081.838	346	PROGRAMS	42
2081.838	2081.953	485	WILL	42
2081.953	2082.357	281	NEVER	42
2082.357	2082.976	100	COMPILE	42
2089.392	2089.529	434	THE	43
2089.529	2089.984	61	BOSTON	43
2089.984	2090.409	45	BALLET	43
2090.409	2091.067	312	OVERCAME	43
2091.067	2091.166	435	THEIR	43
2091.166	2091.636	170	FUNDING	43
2091.636	2092.264	380	SHORTAGE	43
2101.171	2101.469	145	EVERY	44
2101.469	2101.773	74	CAB	44
2101.773	2101.982	280	NEEDS	44
2101.982	2102.6549999999997	364	REPAINTING	44
2102.6549999999997	2103.162	296	OFTEN	44
2110.376	2110.603	203	HELP	45
2110.603	2110.7110000000002	99999	sp	45
2110.7110000000002	2110.977	196	GREG	45
2110.977	2111.14	446	TO	45
2111.14	2111.329	325	PICK	45
2111.329	2111.455	1	A	45
2111.455	2111.66	321	PECK	45
2111.66	2111.811	294	OF	45
2111.811	2112.494	338	POTATOES	45
2120.82	2121.029	476	WE	46
2121.029	2121.359	241	LIKE	46
2121.359	2121.577	55	BLUE	46
2121.577	2121.896	88	CHEESE	46
2121.896	2122.128	70	BUT	46
2122.128	2122.456	466	VICTOR	46
2122.456	2122.767	242	LIKES	46
2122.767	2122.867	99999	sp	46
2122.867	2123.254	64	BRIE	46
2130.887	2131.122	108	COUNT	47
2131.122	2131.193	434	THE	47
2131.193	2131.545	289	NUMBER	47
2131.545	2131.71	294	OF	47
2131.71	2132.254	429	TEASPOONS	47
2132.254	2132.373	294	OF	47
2132.373	2132.945	395	SOYSAUCE	47
2132.945	2133.082	433	THAT	47
2133.082	2133.165	495	YOU	47
2133.165	2133.49	7	ADD	47
2141.312	2141.901	44	BAGPIPES	48
2141.901	2142.142	20	AND	48
2142.142	2142.66	59	BONGOS	48
2142.66	2142.727	30	ARE	48
2142.727	2143.309	273	MUSICAL	48
2143.309	2144.026	220	INSTRUMENTS	48
2151.462	2151.787	210	HOW	49
2151.787	2151.892	189	GOOD	49
2151.892	2152.038	224	IS	49
2152.038	2152.213	496	YOUR	49
2152.213	2152.937	138	ENDURANCE	49
2673.463	2673.599	30	ARE	0
2673.599	2673.759	496	YOUR	0
2673.759	2674.118	192	GRADES	0
2674.118	2674.557	206	HIGHER	0
2674.557	2674.707	302	OR	0
2674.707	2674.966	251	LOWER	0
2674.966	2675.206	432	THAN	0
2675.206	2675.953	275	NANCY'S	0
2682.793	2683.067	375	SHE	1
2683.067	2683.247	490	WORE	1
2683.247	2683.656	471	WARM	1
2683.656	2684.295	158	FLEECY	1
2684.295	2684.793	489	WOOLEN	1
2684.793	2685.63	311	OVERALLS	1
2693.274	2693.543	354	READING	2
2693.543	2693.822	217	IN	2
2693.822	2694.053	335	POOR	2
2694.053	2694.372	240	LIGHT	2
2694.372	2694.572	181	GIVES	2
2694.572	2694.721	495	YOU	2
2694.721	2695.45	150	EYESTRAIN	2
2702.703	2703.043	142	EVEN	3
2703.043	2703.351	211	I	3
2703.351	2703.99	293	OCCASIONALLY	3
2703.99	2704.15	177	GET	3
2704.15	2704.216	434	THE	3
2704.216	2704.71	265	MONDAY	3
2704.71	2705.291	56	BLUES	3
2713.199	2713.339	476	WE	4
2713.339	2713.369	30	ARE	4
2713.369	2713.838	301	OPEN	4
2713.838	2714.257	145	EVERY	4
2714.257	2714.736	265	MONDAY	4
2714.736	2715.175	143	EVENING	4
2722.7110000000002	2722.916	226	IT'S	5
2722.916	2723.127	285	NOT	5
2723.127	2723.505	133	EASY	5
2723.505	2723.656	446	TO	5
2723.656	2724.0950000000003	113	CREATE	5
2724.0950000000003	2724.713	215	ILLUMINATING	5
2724.713	2725.444	146	EXAMPLES	5
2732.853	2733.194	270	MUM	6
2733.194	2733.738	407	STRONGLY	6
2733.738	2734.261	126	DISLIKES	6
2734.261	2735.255	27	APPETIZERS	6
2743.453	2743.69	443	THOSE	7
2743.69	2743.809	484	WHO	7
2743.809	2744.108	427	TEACH	7
2744.108	2744.618	462	VALUES	7
2744.618	2744.971	156	FIRST	7
2744.971	2745.546	4	ABOLISH	7
2745.546	2745.995	87	CHEATING	7
2754.147	2754.255	434	THE	8
2754.255	2754.704	165	FRIGHTENED	8
2754.704	2755.094	89	CHILD	8
2755.094	2755.306	472	WAS	8
2755.306	2755.642	176	GENTLY	8
2755.642	2756.145	410	SUBDUED	8
2756.145	2756.3	73	BY	8
2756.3	2756.434	208	HIS	8
2756.434	2756.678	52	BIG	8
2756.678	2757.04	66	BROTHER	8
2764.294	2764.553	142	EVEN	9
2764.553	2764.622	1	A	9
2764.622	2765.071	383	SIMPLE	9
2765.071	2765.887	468	VOCABULARY	9
2765.887	2766.377	104	CONTAINS	9
2766.377	2767.084	422	SYMBOLS	9
2775.098	2775.219	1	A	10
2775.219	2775.607	110	CRAB	10
2775.607	2776.1059999999998	85	CHALLENGED	10
2776.1059999999998	2776.373	258	ME	10
2776.373	2776.457	70	BUT	10
2776.457	2776.584	1	A	10
2776.584	2776.815	350	QUICK	10
2776.815	2777.343	402	STAB	10
2777.343	2777.862	464	VANQUISHED	10
2777.862	2778.072	207	HIM	10
2785.918	2786.43	183	GLUCOSE	11
2786.43	2786.579	20	AND	11
2786.579	2787.132	167	FRUCTOSE	11
2787.132	2787.255	30	ARE	11
2787.255	2787.649	276	NATURAL	11
2787.649	2788.209	414	SUGARS	11
2788.209	2788.558	163	FOUND	11
2788.558	2788.673	217	IN	11
2788.673	2789.096	168	FRUIT	11
2796.259	2796.41	30	ARE	12
2796.41	2796.55	495	YOU	12
2796.55	2796.909	250	LOOKING	12
2796.909	2797.139	161	FOR	12
2797.139	2797.857	136	EMPLOYMENT	12
2804.991	2805.37	98	COFFEE	13
2805.37	2805.589	224	IS	13
2805.589	2805.759	198	GROWN	13
2805.759	2805.909	297	ON	13
2805.909	2806.424	404	STEEP	13
2806.424	2806.826	231	JUNGLE	13
2806.826	2807.046	241	LIKE	13
2807.046	2807.535	390	SLOPES	13
2807.535	2807.714	217	IN	13
2807.714	2808.1530000000002	431	TEMPERATE	13
2808.1530000000002	2808.719	497	ZONES	13
2816.372	2816.536	476	WE	14
2816.536	2816.923	480	WELCOME	14
2816.923	2817.173	256	MANY	14
2817.173	2817.353	282	NEW	14
2817.353	2817.88	408	STUDENTS	14
2817.88	2818.2110000000002	132	EACH	14
2818.2110000000002	2818.57	491	YEAR	14
2826.596	2826.891	298	ONLY	15
2826.891	2827.075	434	THE	15
2827.075	2827.379	51	BEST	15
2827.379	2827.779	330	PLAYERS	15
2827.779	2828.177	139	ENJOY	15
2828.177	2829.076	336	POPULARITY	15
2837.797	2838.325	75	CALCIUM	16
2838.325	2838.672	254	MAKES	16
2838.672	2838.963	58	BONES	16
2838.963	2839.11	20	AND	16
2839.11	2839.353	430	TEETH	16
2839.353	2839.857	406	STRONG	16
2846.6059999999998	2847.04	286	NOTHING	17
2847.04	2847.1549999999997	224	IS	17
2847.1549999999997	2847.317	34	AS	17
2847.317	2847.833	295	OFFENSIVE	17
2847.833	2848.023	34	AS	17
2848.023	2848.94	219	INNOCENCE	17
2857.791	2858.295	405	STEVE	18
2858.295	2858.488	490	WORE	18
2858.488	2858.615	1	A	18
2858.615	2858.918	65	BRIGHT	18
2858.918	2859.235	356	RED	18
2859.235	2859.815	78	CASHMERE	18
2859.815	2860.385	420	SWEATER	18
2867.9030000000002	2868.247	46	BARB'S	19
2868.247	2868.511	188	GOLD	19
2868.511	2869.005	63	BRACELET	19
2869.005	2869.154	472	WAS	19
2869.154	2869.283	1	A	19
2869.283	2870.062	193	GRADUATION	19
2870.062	2870.552	339	PRESENT	19
2879.279	2879.601	130	DRAW	20
2879.601	2879.93	145	EVERY	20
2879.93	2880.24	308	OUTER	20
2880.24	2880.499	244	LINE	20
2880.499	2881.119	156	FIRST	20
2881.119	2881.311	436	THEN	20
2881.311	2881.547	154	FILL	20
2881.547	2881.685	217	IN	20
2881.685	2881.805	434	THE	20
2881.805	2882.553	222	INTERIOR	20
2889.977	2890.0969999999998	434	THE	21
2890.0969999999998	2890.392	475	WATER	21
2890.392	2890.8360000000002	103	CONTAINED	21
2890.8360000000002	2891.005	448	TOO	21
2891.005	2891.275	269	MUCH	21
2891.275	2891.75	90	CHLORINE	21
2891.75	2891.868	20	AND	21
2891.868	2892.262	409	STUNG	21
2892.262	2892.462	208	HIS	21
2892.462	2892.988	149	EYES	21
2899.632	2900.041	229	JOHN'S	22
2900.041	2900.254	66	BROTHER	22
2900.254	2900.98	363	REPAINTED	22
2900.98	2901.082	434	THE	22
2901.082	2901.661	173	GARAGE	22
2901.661	2902.061	129	DOOR	22
2909.735	2910.271	84	CHALLENGE	23
2910.271	2910.55	132	EACH	23
2910.55	2911.04	175	GENERAL'S	23
2911.04	2911.908	221	INTELLIGENCE	23
2919.3360000000002	2920.147	17	AMBIDEXTROUS	24
2920.147	2920.7960000000003	327	PICKPOCKETS	24
2920.7960000000003	2921.426	6	ACCOMPLISH	24
2921.426	2921.745	267	MORE	24
2929.466	2929.524	1	A	25
2929.524	2930.161	271	MUSCULAR	25
2930.161	2930.514	2	ABDOMEN	25
2930.514	2930.827	224	IS	25
2930.827	2931.014	189	GOOD	25
2931.014	2931.134	161	FOR	25
2931.134	2931.3559999999998	496	YOUR	25
2931.3559999999998	2931.861	43	BACK	25
2938.61	2938.823	438	THEY	26
2938.823	2938.938	317	OWN	26
2938.938	2939.185	1	A	26
2939.185	2939.375	52	BIG	26
2939.375	2939.784	209	HOUSE	26
2939.784	2939.913	217	IN	26
2939.913	2940.014	434	THE	26
2940.014	2940.379	361	REMOTE	26
2940.379	2941.15	109	COUNTRYSIDE	26
2948.2	2948.255	434	THE	27
2948.255	2948.614	369	ROSE	27
2948.614	2949.163	106	CORSAGE	27
2949.163	2949.501	393	SMELLED	27
2949.501	2949.941	421	SWEET	27
2958.057	2958.341	433	THAT	28
2958.341	2958.899	326	PICKPOCKET	28
2958.899	2959.123	472	WAS	28
2959.123	2959.44	80	CAUGHT	28
2959.44	2959.688	356	RED	28
2959.688	2960.148	199	HANDED	28
2968.267	2968.359	19	AN	29
2968.359	2968.8469999999998	9	ADULT	29
2968.8469999999998	2969.0950000000003	255	MALE	29
2969.0950000000003	2969.627	42	BABOON'S	29
2969.627	2969.91	430	TEETH	29
2969.91	2970.085	30	ARE	29
2970.085	2970.355	285	NOT	29
2970.355	2970.803	415	SUITABLE	29
2970.803	2970.904	161	FOR	29
2970.904	2971.192	135	EATING	29
2971.192	2971.965	376	SHELLFISH	29
2979.219	2979.384	204	HER	30
2979.384	2979.962	470	WARDROBE	30
2979.962	2980.432	102	CONSISTS	30
2980.432	2980.511	294	OF	30
2980.511	2980.883	298	ONLY	30
2980.883	2981.35	385	SKIRTS	30
2981.35	2981.568	20	AND	30
2981.568	2982.324	54	BLOUSES	30
2989.7690000000002	2989.945	434	THE	31
2989.945	2990.13	453	TWO	31
2990.13	2990.928	33	ARTISTS	31
2990.928	2991.625	147	EXCHANGED	31
2991.625	2992.555	39	AUTOGRAPHS	31
3000.188	3000.782	71	BUTTERSCOTCH	32
3000.782	3001.234	169	FUDGE	32
3001.234	3001.474	186	GOES	32
3001.474	3001.743	481	WELL	32
3001.743	3001.92	487	WITH	32
3001.92	3002.245	463	VANILLA	32
3002.245	3002.629	212	ICE	32
3002.629	3002.971	112	CREAM	32
3011.023	3011.305	366	RICH	33
3011.305	3011.774	349	PURCHASED	33
3011.774	3011.971	99999	sp	33
3011.971	3012.304	374	SEVERAL	33
3012.304	3012.635	382	SIGNED	33
3012.635	3013.432	245	LITHOGRAPHS	33
3020.79	3021.075	24	ANY	34
3021.075	3021.844	105	CONTRIBUTIONS	34
3021.844	3021.954	485	WILL	34
3021.954	3022.114	47	BE	34
3022.114	3022.532	195	GREATLY	34
3022.532	3023.38	28	APPRECIATED	34
3030.889	3031.011	434	THE	35
3031.011	3031.622	111	CRANBERRY	35
3031.622	3031.986	57	BOG	35
3031.986	3032.157	178	GETS	35
3032.157	3032.471	465	VERY	35
3032.471	3032.699	340	PRETTY	35
3032.699	3032.838	217	IN	35
3032.838	3033.308	40	AUTUMN	35
3040.734	3040.939	210	HOW	36
3040.939	3041.09	128	DO	36
3041.09	3041.538	318	OYSTERS	36
3041.538	3041.797	253	MAKE	36
3041.797	3042.167	320	PEARLS	36
3049.664	3049.829	257	MAY	37
3049.829	3050.085	211	I	37
3050.085	3050.428	304	ORDER	37
3050.428	3050.512	1	A	37
3050.512	3051.069	319	PARFAIT	37
3051.069	3051.396	10	AFTER	37
3051.396	3051.528	211	I	37
3051.528	3051.764	134	EAT	37
3051.764	3052.144	124	DINNER	37
3059.931	3060.116	224	IS	38
3060.116	3060.292	375	SHE	38
3060.292	3060.586	187	GOING	38
3060.586	3060.754	487	WITH	38
3060.754	3060.932	495	YOU	38
3067.443	3067.639	76	CAN	39
3067.639	3067.78	434	THE	39
3067.78	3068.262	11	AGENCY	39
3068.262	3068.845	315	OVERTHROW	39
3068.845	3069.305	13	ALIEN	39
3069.305	3069.953	162	FORCES	39
3078.959	3079.063	1	A	40
3079.063	3079.813	371	SCREWDRIVER	40
3079.813	3079.971	224	IS	40
3079.971	3080.24	252	MADE	40
3080.24	3080.51	166	FROM	40
3080.51	3080.982	469	VODKA	40
3080.982	3081.2690000000002	20	AND	40
3081.2690000000002	3081.748	303	ORANGE	40
3081.748	3082.325	230	JUICE	40
3089.992	3090.177	210	HOW	41
3090.177	3090.397	269	MUCH	41
3090.397	3090.956	16	ALLOWANCE	41
3090.956	3091.046	128	DO	41
3091.046	3091.218	495	YOU	41
3091.218	3091.534	177	GET	41
3098.585	3099.201	115	CYCLICAL	42
3099.201	3099.825	346	PROGRAMS	42
3099.825	3099.975	485	WILL	42
3099.975	3100.383	281	NEVER	42
3100.383	3100.963	100	COMPILE	42
3107.33	3107.476	434	THE	43
3107.476	3107.976	61	BOSTON	43
3107.976	3108.397	45	BALLET	43
3108.397	3109.007	312	OVERCAME	43
3109.007	3109.135	435	THEIR	43
3109.135	3109.574	170	FUNDING	43
3109.574	3110.263	380	SHORTAGE	43
3118.879	3119.173	145	EVERY	44
3119.173	3119.441	74	CAB	44
3119.441	3119.691	280	NEEDS	44
3119.691	3120.2690000000002	364	REPAINTING	44
3120.2690000000002	3120.756	296	OFTEN	44
3128.417	3128.737	203	HELP	45
3128.737	3128.997	196	GREG	45
3128.997	3129.17	446	TO	45
3129.17	3129.365	325	PICK	45
3129.365	3129.518	1	A	45
3129.518	3129.706	321	PECK	45
3129.706	3129.885	294	OF	45
3129.885	3130.549	338	POTATOES	45
3139.109	3139.377	476	WE	46
3139.377	3139.596	241	LIKE	46
3139.596	3139.616	99999	sp	46
3139.616	3139.885	55	BLUE	46
3139.885	3140.205	88	CHEESE	46
3140.205	3140.424	70	BUT	46
3140.424	3140.752	466	VICTOR	46
3140.752	3141.113	242	LIKES	46
3141.113	3141.532	64	BRIE	46
3149.362	3149.623	108	COUNT	47
3149.623	3149.777	434	THE	47
3149.777	3150.0389999999998	289	NUMBER	47
3150.0389999999998	3150.227	294	OF	47
3150.227	3150.751	429	TEASPOONS	47
3150.751	3150.86	294	OF	47
3150.86	3151.53	395	SOYSAUCE	47
3151.53	3151.662	433	THAT	47
3151.662	3151.768	495	YOU	47
3151.768	3152.088	7	ADD	47
3160.026	3160.592	44	BAGPIPES	48
3160.592	3160.794	20	AND	48
3160.794	3161.242	59	BONGOS	48
3161.242	3161.397	30	ARE	48
3161.397	3161.915	273	MUSICAL	48
3161.915	3162.674	220	INSTRUMENTS	48
3170.122	3170.427	210	HOW	49
3170.427	3170.583	189	GOOD	49
3170.583	3170.744	224	IS	49
3170.744	3170.876	496	YOUR	49
3170.876	3171.573	138	ENDURANCE	49
