10.874	10.983	30	ARE	0
10.983	11.181	496	YOUR	0
11.181	11.382	192	GRADES	0
11.382	11.912	206	HIGHER	0
11.912	12.016	302	OR	0
12.016	12.421	251	LOWER	0
12.421	12.607	432	THAN	0
12.607	13.28	275	NANCY'S	0
18.649	18.899	375	SHE	1
18.899	19.079	490	WORE	1
19.079	19.568	471	WARM	1
19.568	20.368	158	FLEECY	1
20.368	20.886	489	WOOLEN	1
20.886	21.634	311	OVERALLS	1
30.442	30.771	354	READING	2
30.771	30.972	217	IN	2
30.972	31.271	335	POOR	2
31.271	31.587	240	LIGHT	2
31.587	31.79	181	GIVES	2
31.79	31.928	495	YOU	2
31.928	32.718	150	EYESTRAIN	2
41.371	41.666	142	EVEN	3
41.666	41.986	211	I	3
41.986	42.647	293	OCCASIONALLY	3
42.647	42.791	177	GET	3
42.791	42.864	434	THE	3
42.864	43.376	265	MONDAY	3
43.376	43.908	56	BLUES	3
52.589	52.701	476	WE	4
52.701	52.848	30	ARE	4
52.848	53.3	301	OPEN	4
53.3	53.649	145	EVERY	4
53.649	54.018	265	MONDAY	4
54.018	54.627	143	EVENING	4
62.902	63.108	226	IT'S	5
63.108	63.307	285	NOT	5
63.307	63.666	133	EASY	5
63.666	63.79	446	TO	5
63.79	64.078	113	CREATE	5
64.078	64.864	215	ILLUMINATING	5
64.864	65.726	146	EXAMPLES	5
74.905	75.23	270	MUM	6
75.23	75.869	407	STRONGLY	6
75.869	76.512	126	DISLIKES	6
76.512	77.457	27	APPETIZERS	6
86.327	86.534	443	THOSE	7
86.534	86.685	484	WHO	7
86.685	87.026	427	TEACH	7
87.026	87.602	462	VALUES	7
87.602	87.941	156	FIRST	7
87.941	88.68	4	ABOLISH	7
88.68	89.138	87	CHEATING	7
98.67	98.787	434	THE	8
98.787	99.167	165	FRIGHTENED	8
99.167	99.566	89	CHILD	8
99.566	99.815	472	WAS	8
99.815	100.183	176	GENTLY	8
100.183	100.782	410	SUBDUED	8
100.782	100.933	73	BY	8
100.933	101.172	208	HIS	8
101.172	101.434	52	BIG	8
101.434	101.85	66	BROTHER	8
111.239	111.528	142	EVEN	9
111.528	111.578	1	A	9
111.578	112.026	383	SIMPLE	9
112.026	112.982	468	VOCABULARY	9
112.982	113.483	104	CONTAINS	9
113.483	114.18	422	SYMBOLS	9
123.538	123.681	1	A	10
123.681	124.062	110	CRAB	10
124.062	124.599	85	CHALLENGED	10
124.599	125.047	258	ME	10
125.047	125.147	70	BUT	10
125.147	125.275	1	A	10
125.275	125.496	350	QUICK	10
125.496	126.056	402	STAB	10
126.056	126.593	464	VANQUISHED	10
126.593	126.853	207	HIM	10
136.077	136.611	183	GLUCOSE	11
136.611	136.756	20	AND	11
136.756	137.419	167	FRUCTOSE	11
137.419	137.601	30	ARE	11
137.601	138.058	276	NATURAL	11
138.058	138.627	414	SUGARS	11
138.627	138.925	163	FOUND	11
138.925	139.086	217	IN	11
139.086	139.485	168	FRUIT	11
148.672	148.784	30	ARE	12
148.784	148.904	495	YOU	12
148.904	149.265	250	LOOKING	12
149.265	149.502	161	FOR	12
149.502	150.201	136	EMPLOYMENT	12
157.59	157.913	98	COFFEE	13
157.913	158.171	224	IS	13
158.171	158.422	198	GROWN	13
158.422	158.572	297	ON	13
158.572	159.126	404	STEEP	13
159.126	159.47	231	JUNGLE	13
159.47	159.739	241	LIKE	13
159.739	160.208	390	SLOPES	13
160.208	160.392	217	IN	13
160.392	160.846	431	TEMPERATE	13
160.846	161.382	497	ZONES	13
171.161	171.255	476	WE	14
171.255	171.662	480	WELCOME	14
171.662	172.041	256	MANY	14
172.041	172.203	282	NEW	14
172.203	172.737	408	STUDENTS	14
172.737	173.059	132	EACH	14
173.059	173.437	491	YEAR	14
181.547	181.779	298	ONLY	15
181.779	182.005	434	THE	15
182.005	182.335	51	BEST	15
182.335	182.753	330	PLAYERS	15
182.753	183.185	139	ENJOY	15
183.185	184.084	336	POPULARITY	15
192.28	192.784	75	CALCIUM	16
192.784	193.148	254	MAKES	16
193.148	193.462	58	BONES	16
193.462	193.651	20	AND	16
193.651	193.921	430	TEETH	16
193.921	194.46	406	STRONG	16
201.994	202.386	286	NOTHING	17
202.386	202.573	224	IS	17
202.573	202.78	34	AS	17
202.78	203.49	295	OFFENSIVE	17
203.49	203.719	34	AS	17
203.719	204.467	219	INNOCENCE	17
213.028	213.487	405	STEVE	18
213.487	213.776	490	WORE	18
213.776	213.898	1	A	18
213.898	214.247	65	BRIGHT	18
214.247	214.573	356	RED	18
214.573	215.203	78	CASHMERE	18
215.203	215.772	420	SWEATER	18
224.376	224.783	46	BARB'S	19
224.783	225.086	188	GOLD	19
225.086	225.809	63	BRACELET	19
225.809	225.978	472	WAS	19
225.978	226.099	1	A	19
226.099	226.877	193	GRADUATION	19
226.877	227.385	339	PRESENT	19
236.167	236.475	130	DRAW	20
236.475	236.794	145	EVERY	20
236.794	237.143	308	OUTER	20
237.143	237.4	244	LINE	20
237.4	238.217	156	FIRST	20
238.217	238.47	436	THEN	20
238.47	238.57	154	FILL	20
238.57	238.679	217	IN	20
238.679	238.832	434	THE	20
238.832	239.617	222	INTERIOR	20
249.835	249.913	434	THE	21
249.913	250.273	475	WATER	21
250.273	250.762	103	CONTAINED	21
250.762	250.972	448	TOO	21
250.972	251.211	269	MUCH	21
251.211	251.779	90	CHLORINE	21
251.779	251.908	20	AND	21
251.908	252.205	409	STUNG	21
252.205	252.438	208	HIS	21
252.438	252.929	149	EYES	21
262.549	262.964	229	JOHN'S	22
262.964	263.337	66	BROTHER	22
263.337	263.965	363	REPAINTED	22
263.965	264.103	434	THE	22
264.103	264.638	173	GARAGE	22
264.638	264.98	129	DOOR	22
274.069	274.567	84	CHALLENGE	23
274.567	274.916	132	EACH	23
274.916	275.48	175	GENERAL'S	23
275.48	276.353	221	INTELLIGENCE	23
284.978	285.899	17	AMBIDEXTROUS	24
285.899	286.752	327	PICKPOCKETS	24
286.752	287.518	6	ACCOMPLISH	24
287.518	287.89	267	MORE	24
297.163	297.266	1	A	25
297.266	297.892	271	MUSCULAR	25
297.892	298.389	2	ABDOMEN	25
298.389	298.619	224	IS	25
298.619	298.771	189	GOOD	25
298.771	298.923	161	FOR	25
298.923	299.182	496	YOUR	25
299.182	299.611	43	BACK	25
307.854	307.987	438	THEY	26
307.987	308.154	317	OWN	26
308.154	308.36	1	A	26
308.36	308.63	52	BIG	26
308.63	308.967	209	HOUSE	26
308.967	309.1	217	IN	26
309.1	309.168	434	THE	26
309.168	309.612	361	REMOTE	26
309.612	310.411	109	COUNTRYSIDE	26
319.421	319.505	434	THE	27
319.505	319.921	369	ROSE	27
319.921	320.603	106	CORSAGE	27
320.603	320.982	393	SMELLED	27
320.982	321.44	421	SWEET	27
330.971	331.259	433	THAT	28
331.259	331.862	326	PICKPOCKET	28
331.862	332.099	472	WAS	28
332.099	332.357	80	CAUGHT	28
332.357	332.656	356	RED	28
332.656	333.267	199	HANDED	28
342.29	342.407	19	AN	29
342.407	342.866	9	ADULT	29
342.866	343.267	255	MALE	29
343.267	343.849	42	BABOON'S	29
343.849	344.22	430	TEETH	29
344.22	344.353	30	ARE	29
344.353	344.599	285	NOT	29
344.599	345.028	415	SUITABLE	29
345.028	345.207	161	FOR	29
345.207	345.46	135	EATING	29
345.46	346.214	376	SHELLFISH	29
356.468	356.651	204	HER	30
356.651	357.254	470	WARDROBE	30
357.254	357.719	102	CONSISTS	30
357.719	357.819	294	OF	30
357.819	358.148	298	ONLY	30
358.148	358.607	385	SKIRTS	30
358.607	358.85	20	AND	30
358.85	359.527	54	BLOUSES	30
368.808	368.942	434	THE	31
368.942	369.281	453	TWO	31
369.281	369.772	33	ARTISTS	31
369.772	370.642	147	EXCHANGED	31
370.642	371.478	39	AUTOGRAPHS	31
381.534	382.25	71	BUTTERSCOTCH	32
382.25	382.648	169	FUDGE	32
382.648	382.901	186	GOES	32
382.901	383.109	481	WELL	32
383.109	383.334	487	WITH	32
383.334	383.684	463	VANILLA	32
383.684	384.045	212	ICE	32
384.045	384.358	112	CREAM	32
393.734	394.12	366	RICH	33
394.12	394.755	349	PURCHASED	33
394.755	395.432	88888	SEVAL	33
395.432	396.082	374	SEVERAL	33
396.082	396.62	382	SIGNED	33
396.62	397.524	245	LITHOGRAPHS	33
408.22	408.496	24	ANY	34
408.496	409.351	105	CONTRIBUTIONS	34
409.351	409.44	485	WILL	34
409.44	409.606	47	BE	34
409.606	409.99	195	GREATLY	34
409.99	410.848	28	APPRECIATED	34
419.587	419.708	434	THE	35
419.708	420.413	111	CRANBERRY	35
420.413	420.755	57	BOG	35
420.755	420.982	178	GETS	35
420.982	421.363	465	VERY	35
421.363	421.594	340	PRETTY	35
421.594	421.752	217	IN	35
421.752	422.242	40	AUTUMN	35
431.232	431.473	210	HOW	36
431.473	431.68	128	DO	36
431.68	432.149	318	OYSTERS	36
432.149	432.48	253	MAKE	36
432.48	433.028	320	PEARLS	36
442.136	442.351	257	MAY	37
442.351	442.387	211	I	37
442.387	442.697	304	ORDER	37
442.697	442.783	1	A	37
442.783	443.31	319	PARFAIT	37
443.31	443.654	10	AFTER	37
443.654	443.724	211	I	37
443.724	443.951	134	EAT	37
443.951	444.392	124	DINNER	37
454.484	454.629	224	IS	38
454.629	454.854	375	SHE	38
454.854	455.2	187	GOING	38
455.2	455.367	487	WITH	38
455.367	455.7	495	YOU	38
463.646	463.829	76	CAN	39
463.829	463.98	434	THE	39
463.98	464.467	11	AGENCY	39
464.467	465.078	315	OVERTHROW	39
465.078	465.502	13	ALIEN	39
465.502	466.153	162	FORCES	39
475.095	475.202	1	A	40
475.202	475.95	371	SCREWDRIVER	40
475.95	476.13	224	IS	40
476.13	476.353	252	MADE	40
476.353	476.629	166	FROM	40
476.629	477.048	469	VODKA	40
477.048	477.286	20	AND	40
477.286	477.685	303	ORANGE	40
477.685	478.355	230	JUICE	40
487.961	488.131	210	HOW	41
488.131	488.349	269	MUCH	41
488.349	488.934	16	ALLOWANCE	41
488.934	488.99	128	DO	41
488.99	489.187	495	YOU	41
489.187	489.41	177	GET	41
497.332	498.014	115	CYCLICAL	42
498.014	498.559	346	PROGRAMS	42
498.559	498.696	485	WILL	42
498.696	499.084	281	NEVER	42
499.084	499.786	100	COMPILE	42
508.522	508.67	434	THE	43
508.67	509.149	61	BOSTON	43
509.149	509.659	45	BALLET	43
509.659	510.276	312	OVERCAME	43
510.276	510.393	435	THEIR	43
510.393	511.074	170	FUNDING	43
511.074	511.779	380	SHORTAGE	43
521.573	521.941	145	EVERY	44
521.941	522.294	74	CAB	44
522.294	522.604	280	NEEDS	44
522.604	523.342	364	REPAINTING	44
523.342	523.971	296	OFTEN	44
532.808	533.206	203	HELP	45
533.206	533.549	196	GREG	45
533.549	533.675	446	TO	45
533.675	533.899	325	PICK	45
533.899	534.035	1	A	45
534.035	534.468	88888	PACK	45
534.468	534.846	321	PECK	45
534.846	535.108	294	OF	45
535.108	535.327	99999	sp	45
535.327	536.263	338	POTATOES	45
549.347	549.511	476	WE	46
549.511	549.886	241	LIKE	46
549.886	550.139	55	BLUE	46
550.139	550.695	88	CHEESE	46
550.695	550.929	70	BUT	46
550.929	551.298	466	VICTOR	46
551.298	551.754	242	LIKES	46
551.754	552.116	64	BRIE	46
561.954	562.188	108	COUNT	47
562.188	562.274	434	THE	47
562.274	562.722	289	NUMBER	47
562.722	562.896	294	OF	47
562.896	563.471	429	TEASPOONS	47
563.471	563.58	294	OF	47
563.58	564.302	395	SOYSAUCE	47
564.302	564.455	433	THAT	47
564.455	564.632	495	YOU	47
564.632	564.969	7	ADD	47
574.994	575.644	44	BAGPIPES	48
575.644	575.874	20	AND	48
575.874	576.47	59	BONGOS	48
576.47	576.582	30	ARE	48
576.582	577.12	273	MUSICAL	48
577.12	577.888	220	INSTRUMENTS	48
586.8	587.114	210	HOW	49
587.114	587.287	189	GOOD	49
587.287	587.437	224	IS	49
587.437	587.577	496	YOUR	49
587.577	588.339	138	ENDURANCE	49
601.0	601.395	99999	sp	0
601.395	602.298	206	HIGHER	0
602.298	602.616	302	OR	0
602.616	602.914	251	LOWER	0
602.914	603.087	432	THAN	0
603.087	603.635	275	NANCY'S	0
611.263	611.467	375	SHE	1
611.467	611.707	490	WORE	1
611.707	612.242	471	WARM	1
612.242	612.694	158	FLEECY	1
612.694	613.233	489	WOOLEN	1
613.233	613.832	311	OVERALLS	1
622.343	622.66	354	READING	2
622.66	622.873	217	IN	2
622.873	623.181	335	POOR	2
623.181	623.492	240	LIGHT	2
623.492	623.756	181	GIVES	2
623.756	623.84	495	YOU	2
623.84	624.558	150	EYESTRAIN	2
632.88	633.235	142	EVEN	3
633.235	633.508	211	I	3
633.508	634.182	293	OCCASIONALLY	3
634.182	634.331	177	GET	3
634.331	634.405	434	THE	3
634.405	634.923	265	MONDAY	3
634.923	635.283	56	BLUES	3
644.275	644.374	476	WE	4
644.374	644.523	30	ARE	4
644.523	644.861	301	OPEN	4
644.861	645.29	145	EVERY	4
645.29	645.669	265	MONDAY	4
645.669	646.198	143	EVENING	4
652.401	652.575	226	IT'S	5
652.575	652.801	285	NOT	5
652.801	653.137	133	EASY	5
653.137	653.275	446	TO	5
653.275	653.768	113	CREATE	5
653.768	654.63	215	ILLUMINATING	5
654.63	655.313	146	EXAMPLES	5
663.43	663.752	270	MUM	6
663.752	664.276	407	STRONGLY	6
664.276	664.816	126	DISLIKES	6
664.816	665.756	27	APPETIZERS	6
674.129	674.417	443	THOSE	7
674.417	674.545	484	WHO	7
674.545	674.847	427	TEACH	7
674.847	675.38	462	VALUES	7
675.38	675.432	99999	sp	7
675.432	675.712	156	FIRST	7
675.712	676.2570000000001	4	ABOLISH	7
676.2570000000001	676.7	87	CHEATING	7
685.413	685.496	434	THE	8
685.496	685.912	165	FRIGHTENED	8
685.912	686.297	89	CHILD	8
686.297	686.539	472	WAS	8
686.539	686.867	176	GENTLY	8
686.867	687.423	410	SUBDUED	8
687.423	687.542	73	BY	8
687.542	687.789	208	HIS	8
687.789	688.0409999999999	52	BIG	8
688.0409999999999	688.403	66	BROTHER	8
696.77	697.053	142	EVEN	9
697.053	697.126	1	A	9
697.126	697.552	383	SIMPLE	9
697.552	698.42	468	VOCABULARY	9
698.42	698.884	104	CONTAINS	9
698.884	699.545	422	SYMBOLS	9
708.712	708.852	1	A	10
708.852	709.215	110	CRAB	10
709.215	709.754	85	CHALLENGED	10
709.754	709.985	258	ME	10
709.985	710.0889999999999	70	BUT	10
710.0889999999999	710.158	1	A	10
710.158	710.433	350	QUICK	10
710.433	710.981	402	STAB	10
710.981	711.501	464	VANQUISHED	10
711.501	711.739	207	HIM	10
720.537	721.076	183	GLUCOSE	11
721.076	721.198	88888	 AND	11
721.198	721.864	167	FRUCTOSE	11
721.864	722.02	30	ARE	11
722.02	722.503	276	NATURAL	11
722.503	723.0550000000001	414	SUGARS	11
723.0550000000001	723.355	163	FOUND	11
723.355	723.534	217	IN	11
723.534	723.8820000000001	168	FRUIT	11
732.155	732.304	30	ARE	12
732.304	732.398	495	YOU	12
732.398	732.782	250	LOOKING	12
732.782	733.042	161	FOR	12
733.042	733.683	136	EMPLOYMENT	12
741.466	741.792	98	COFFEE	13
741.792	742.0029999999999	224	IS	13
742.0029999999999	742.1510000000001	198	GROWN	13
742.1510000000001	742.311	297	ON	13
742.311	742.768	404	STEEP	13
742.768	742.888	99999	sp	13
742.888	743.278	231	JUNGLE	13
743.278	743.54	241	LIKE	13
743.54	744.017	390	SLOPES	13
744.017	744.21	217	IN	13
744.21	744.784	431	TEMPERATE	13
744.784	745.114	497	ZONES	13
753.109	753.215	476	WE	14
753.215	753.585	480	WELCOME	14
753.585	753.938	256	MANY	14
753.938	754.106	282	NEW	14
754.106	754.667	408	STUDENTS	14
754.667	754.979	132	EACH	14
754.979	755.361	491	YEAR	14
763.7280000000001	764.015	298	ONLY	15
764.015	764.193	434	THE	15
764.193	764.491	51	BEST	15
764.491	764.549	99999	sp	15
764.549	764.996	330	PLAYERS	15
764.996	765.399	139	ENJOY	15
765.399	765.432	99999	sp	15
765.432	766.366	336	POPULARITY	15
775.802	776.303	75	CALCIUM	16
776.303	776.65	254	MAKES	16
776.65	776.9490000000001	58	BONES	16
776.9490000000001	777.113	20	AND	16
777.113	777.371	430	TEETH	16
777.371	777.889	406	STRONG	16
785.413	785.812	286	NOTHING	17
785.812	785.9590000000001	224	IS	17
785.9590000000001	786.133	34	AS	17
786.133	786.731	295	OFFENSIVE	17
786.731	786.899	34	AS	17
786.899	787.6179999999999	219	INNOCENCE	17
796.922	797.186	405	STEVE	18
797.186	797.331	490	WORE	18
797.331	797.502	1	A	18
797.502	797.8009999999999	65	BRIGHT	18
797.8009999999999	798.072	356	RED	18
798.072	798.693	78	CASHMERE	18
798.693	799.183	420	SWEATER	18
808.304	808.717	46	BARB'S	19
808.717	809.028	188	GOLD	19
809.028	809.586	63	BRACELET	19
809.586	809.809	99999	sp	19
809.809	809.967	472	WAS	19
809.967	810.09	1	A	19
810.09	810.899	193	GRADUATION	19
810.899	811.326	339	PRESENT	19
820.59	820.898	130	DRAW	20
820.898	821.192	145	EVERY	20
821.192	821.519	308	OUTER	20
821.519	821.787	244	LINE	20
821.787	822.277	156	FIRST	20
822.277	822.4739999999999	99999	sp	20
822.4739999999999	822.704	436	THEN	20
822.704	822.9449999999999	154	FILL	20
822.9449999999999	823.086	217	IN	20
823.086	823.127	434	THE	20
823.127	823.856	222	INTERIOR	20
831.891	831.957	434	THE	21
831.957	832.439	475	WATER	21
832.439	833.014	103	CONTAINED	21
833.014	833.124	448	TOO	21
833.124	833.392	269	MUCH	21
833.392	833.873	90	CHLORINE	21
833.873	834.002	20	AND	21
834.002	834.356	409	STUNG	21
834.356	834.55	208	HIS	21
834.55	834.984	149	EYES	21
842.881	843.277	229	JOHN'S	22
843.277	843.571	66	BROTHER	22
843.571	844.1990000000001	363	REPAINTED	22
844.1990000000001	844.297	434	THE	22
844.297	844.831	173	GARAGE	22
844.831	845.1469999999999	129	DOOR	22
853.766	854.236	84	CHALLENGE	23
854.236	854.586	132	EACH	23
854.586	855.108	175	GENERAL'S	23
855.108	855.963	221	INTELLIGENCE	23
864.451	865.284	17	AMBIDEXTROUS	24
865.284	865.927	327	PICKPOCKETS	24
865.927	866.567	6	ACCOMPLISH	24
866.567	866.877	267	MORE	24
875.875	875.951	1	A	25
875.951	876.567	271	MUSCULAR	25
876.567	877.0129999999999	2	ABDOMEN	25
877.0129999999999	877.235	224	IS	25
877.235	877.444	189	GOOD	25
877.444	877.553	161	FOR	25
877.553	877.793	496	YOUR	25
877.793	878.133	43	BACK	25
885.8620000000001	885.9639999999999	438	THEY	26
885.9639999999999	886.1700000000001	317	OWN	26
886.1700000000001	886.3389999999999	1	A	26
886.3389999999999	886.553	52	BIG	26
886.553	886.932	209	HOUSE	26
886.932	887.091	217	IN	26
887.091	887.1610000000001	434	THE	26
887.1610000000001	887.538	361	REMOTE	26
887.538	888.319	109	COUNTRYSIDE	26
897.235	897.396	434	THE	27
897.396	897.704	369	ROSE	27
897.704	897.726	99999	sp	27
897.726	898.363	106	CORSAGE	27
898.363	898.7339999999999	393	SMELLED	27
898.7339999999999	899.154	421	SWEET	27
908.02	908.223	433	THAT	28
908.223	908.267	99999	sp	28
908.267	908.8820000000001	326	PICKPOCKET	28
908.8820000000001	909.05	472	WAS	28
909.05	909.078	99999	sp	28
909.078	909.3620000000001	80	CAUGHT	28
909.3620000000001	909.562	356	RED	28
909.562	910.0699999999999	199	HANDED	28
919.71	919.817	19	AN	29
919.817	920.2139999999999	9	ADULT	29
920.2139999999999	920.65	255	MALE	29
920.65	921.212	42	BABOON'S	29
921.212	921.454	430	TEETH	29
921.454	921.5509999999999	30	ARE	29
921.5509999999999	921.783	285	NOT	29
921.783	922.212	415	SUITABLE	29
922.212	922.332	161	FOR	29
922.332	922.69	135	EATING	29
922.69	923.548	376	SHELLFISH	29
932.0899999999999	932.284	204	HER	30
932.284	932.761	470	WARDROBE	30
932.761	933.2570000000001	102	CONSISTS	30
933.2570000000001	933.424	294	OF	30
933.424	933.688	298	ONLY	30
933.688	934.185	385	SKIRTS	30
934.185	934.389	20	AND	30
934.389	935.0609999999999	54	BLOUSES	30
943.682	943.8	434	THE	31
943.8	944.1120000000001	453	TWO	31
944.1120000000001	944.5830000000001	33	ARTISTS	31
944.5830000000001	945.251	147	EXCHANGED	31
945.251	946.048	39	AUTOGRAPHS	31
955.975	956.613	71	BUTTERSCOTCH	32
956.613	956.659	99999	sp	32
956.659	956.998	169	FUDGE	32
956.998	957.232	186	GOES	32
957.232	957.432	481	WELL	32
957.432	957.607	487	WITH	32
957.607	958.0	463	VANILLA	32
958.0	958.344	212	ICE	32
958.344	958.6890000000001	112	CREAM	32
967.6700000000001	967.951	366	RICH	33
967.951	968.0160000000001	99999	sp	33
968.0160000000001	968.607	349	PURCHASED	33
968.607	968.643	99999	sp	33
968.643	969.135	374	SEVERAL	33
969.135	969.5640000000001	382	SIGNED	33
969.5640000000001	970.262	245	LITHOGRAPHS	33
978.0360000000001	978.294	24	ANY	34
978.294	979.1320000000001	105	CONTRIBUTIONS	34
979.1320000000001	979.244	485	WILL	34
979.244	979.413	47	BE	34
979.413	979.8	195	GREATLY	34
979.8	980.65	28	APPRECIATED	34
989.086	989.206	434	THE	35
989.206	989.828	111	CRANBERRY	35
989.828	990.098	57	BOG	35
990.098	990.289	178	GETS	35
990.289	990.693	465	VERY	35
990.693	990.966	340	PRETTY	35
990.966	991.135	217	IN	35
991.135	991.624	40	AUTUMN	35
1000.831	1001.002	210	HOW	36
1001.002	1001.142	128	DO	36
1001.142	1001.6510000000001	318	OYSTERS	36
1001.6510000000001	1001.8720000000001	253	MAKE	36
1001.8720000000001	1001.935	99999	sp	36
1001.935	1002.438	320	PEARLS	36
1011.491	1011.783	257	MAY	37
1011.783	1011.827	211	I	37
1011.827	1012.185	304	ORDER	37
1012.185	1012.258	1	A	37
1012.258	1012.6890000000001	319	PARFAIT	37
1012.6890000000001	1012.976	10	AFTER	37
1012.976	1013.095	211	I	37
1013.095	1013.317	134	EAT	37
1013.317	1013.744	124	DINNER	37
1022.704	1022.8399999999999	224	IS	38
1022.8399999999999	1023.052	375	SHE	38
1023.052	1023.383	187	GOING	38
1023.383	1023.5699999999999	487	WITH	38
1023.5699999999999	1023.852	495	YOU	38
1030.7939999999999	1030.9569999999999	76	CAN	39
1030.9569999999999	1031.0819999999999	434	THE	39
1031.0819999999999	1031.632	11	AGENCY	39
1031.632	1032.241	315	OVERTHROW	39
1032.241	1032.701	13	ALIEN	39
1032.701	1033.41	162	FORCES	39
1041.979	1042.079	1	A	40
1042.079	1042.866	371	SCREWDRIVER	40
1042.866	1042.972	224	IS	40
1042.972	1043.181	252	MADE	40
1043.181	1043.416	166	FROM	40
1043.416	1043.796	469	VODKA	40
1043.796	1044.018	20	AND	40
1044.018	1044.439	303	ORANGE	40
1044.439	1044.882	230	JUICE	40
1052.564	1052.7350000000001	210	HOW	41
1052.7350000000001	1052.925	269	MUCH	41
1052.925	1053.4940000000001	16	ALLOWANCE	41
1053.4940000000001	1053.5720000000001	128	DO	41
1053.5720000000001	1053.7359999999999	495	YOU	41
1053.7359999999999	1054.012	177	GET	41
1064.301	1064.97	115	CYCLICAL	42
1064.97	1065.576	346	PROGRAMS	42
1065.576	1065.675	485	WILL	42
1065.675	1066.056	281	NEVER	42
1066.056	1066.704	100	COMPILE	42
1073.545	1073.7	434	THE	43
1073.7	1074.1390000000001	61	BOSTON	43
1074.1390000000001	1074.528	45	BALLET	43
1074.528	1075.184	312	OVERCAME	43
1075.184	1075.3029999999999	435	THEIR	43
1075.3029999999999	1075.762	170	FUNDING	43
1075.762	1076.401	380	SHORTAGE	43
1086.0140000000001	1086.344	145	EVERY	44
1086.344	1086.606	74	CAB	44
1086.606	1086.9180000000001	280	NEEDS	44
1086.9180000000001	1087.6390000000001	364	REPAINTING	44
1087.6390000000001	1088.262	296	OFTEN	44
1096.229	1096.569	203	HELP	45
1096.569	1096.8600000000001	196	GREG	45
1096.8600000000001	1097.031	446	TO	45
1097.031	1097.344	325	PICK	45
1097.344	1097.407	99999	sp	45
1097.407	1097.555	1	A	45
1097.555	1097.8220000000001	321	PECK	45
1097.8220000000001	1097.979	294	OF	45
1097.979	1098.661	338	POTATOES	45
1108.35	1108.519	476	WE	46
1108.519	1108.865	241	LIKE	46
1108.865	1109.09	55	BLUE	46
1109.09	1109.4769999999999	88	CHEESE	46
1109.4769999999999	1109.666	70	BUT	46
1109.666	1110.045	466	VICTOR	46
1110.045	1110.451	242	LIKES	46
1110.451	1110.812	64	BRIE	46
1119.6779999999999	1119.937	108	COUNT	47
1119.937	1120.011	434	THE	47
1120.011	1120.371	289	NUMBER	47
1120.371	1120.546	294	OF	47
1120.546	1121.149	429	TEASPOONS	47
1121.149	1121.299	294	OF	47
1121.299	1121.9389999999999	395	SOYSAUCE	47
1121.9389999999999	1122.087	433	THAT	47
1122.087	1122.1680000000001	495	YOU	47
1122.1680000000001	1122.496	7	ADD	47
1131.042	1131.625	44	BAGPIPES	48
1131.625	1131.856	20	AND	48
1131.856	1132.431	59	BONGOS	48
1132.431	1132.574	30	ARE	48
1132.574	1133.068	273	MUSICAL	48
1133.068	1133.801	220	INSTRUMENTS	48
1141.8020000000001	1142.101	210	HOW	49
1142.101	1142.266	189	GOOD	49
1142.266	1142.4569999999999	224	IS	49
1142.4569999999999	1142.6	496	YOUR	49
1142.6	1143.23	138	ENDURANCE	49
1154.728	1154.8020000000001	30	ARE	0
1154.8020000000001	1155.002	496	YOUR	0
1155.002	1155.23	192	GRADES	0
1155.23	1155.647	206	HIGHER	0
1155.647	1155.796	302	OR	0
1155.796	1156.1100000000001	251	LOWER	0
1156.1100000000001	1156.309	432	THAN	0
1156.309	1156.9850000000001	275	NANCY'S	0
1164.7350000000001	1164.95	375	SHE	1
1164.95	1165.159	490	WORE	1
1165.159	1165.548	471	WARM	1
1165.548	1166.1950000000002	158	FLEECY	1
1166.1950000000002	1166.596	489	WOOLEN	1
1166.596	1167.35	311	OVERALLS	1
1175.2240000000002	1175.426	354	READING	2
1175.426	1175.654	217	IN	2
1175.654	1175.712	99999	sp	2
1175.712	1175.9560000000001	335	POOR	2
1175.9560000000001	1176.225	240	LIGHT	2
1176.225	1176.433	181	GIVES	2
1176.433	1176.534	495	YOU	2
1176.534	1177.241	150	EYESTRAIN	2
1184.3609999999999	1184.635	142	EVEN	3
1184.635	1184.837	211	I	3
1184.837	1185.538	293	OCCASIONALLY	3
1185.538	1185.67	177	GET	3
1185.67	1185.741	434	THE	3
1185.741	1186.219	265	MONDAY	3
1186.219	1186.614	56	BLUES	3
1193.982	1194.057	476	WE	4
1194.057	1194.173	30	ARE	4
1194.173	1194.539	301	OPEN	4
1194.539	1194.871	145	EVERY	4
1194.871	1195.2649999999999	265	MONDAY	4
1195.2649999999999	1195.789	143	EVENING	4
1202.0	1202.443	99999	sp	5
1202.443	1203.229	446	TO	5
1203.229	1203.568	113	CREATE	5
1203.568	1204.215	215	ILLUMINATING	5
1204.215	1205.019	146	EXAMPLES	5
1212.283	1212.567	270	MUM	6
1212.567	1213.172	407	STRONGLY	6
1213.172	1213.684	126	DISLIKES	6
1213.684	1214.648	27	APPETIZERS	6
1222.122	1222.335	443	THOSE	7
1222.335	1222.473	484	WHO	7
1222.473	1222.725	427	TEACH	7
1222.725	1223.284	462	VALUES	7
1223.284	1223.649	156	FIRST	7
1223.649	1224.239	4	ABOLISH	7
1224.239	1224.71	87	CHEATING	7
1232.651	1232.722	434	THE	8
1232.722	1233.151	165	FRIGHTENED	8
1233.151	1233.52	89	CHILD	8
1233.52	1233.721	472	WAS	8
1233.721	1234.029	176	GENTLY	8
1234.029	1234.551	410	SUBDUED	8
1234.551	1234.677	73	BY	8
1234.677	1234.826	208	HIS	8
1234.826	1235.137	52	BIG	8
1235.137	1235.485	66	BROTHER	8
1243.723	1243.9470000000001	142	EVEN	9
1243.9470000000001	1244.026	1	A	9
1244.026	1244.484	383	SIMPLE	9
1244.484	1245.376	468	VOCABULARY	9
1245.376	1245.851	104	CONTAINS	9
1245.851	1246.521	422	SYMBOLS	9
1254.727	1254.843	1	A	10
1254.843	1255.212	110	CRAB	10
1255.212	1255.729	85	CHALLENGED	10
1255.729	1255.889	258	ME	10
1255.889	1255.998	70	BUT	10
1255.998	1256.118	1	A	10
1256.118	1256.338	350	QUICK	10
1256.338	1256.795	402	STAB	10
1256.795	1257.295	464	VANQUISHED	10
1257.295	1257.618	207	HIM	10
1265.64	1266.227	183	GLUCOSE	11
1266.227	1266.445	20	AND	11
1266.445	1267.042	167	FRUCTOSE	11
1267.042	1267.213	30	ARE	11
1267.213	1267.642	276	NATURAL	11
1267.642	1268.181	414	SUGARS	11
1268.181	1268.51	163	FOUND	11
1268.51	1268.641	217	IN	11
1268.641	1269.029	168	FRUIT	11
1277.599	1277.737	30	ARE	12
1277.737	1277.87	495	YOU	12
1277.87	1278.248	250	LOOKING	12
1278.248	1278.477	161	FOR	12
1278.477	1279.136	136	EMPLOYMENT	12
1285.773	1286.081	98	COFFEE	13
1286.081	1286.292	224	IS	13
1286.292	1286.48	198	GROWN	13
1286.48	1286.609	297	ON	13
1286.609	1287.051	404	STEEP	13
1287.051	1287.438	231	JUNGLE	13
1287.438	1287.656	241	LIKE	13
1287.656	1288.239	390	SLOPES	13
1288.239	1288.454	217	IN	13
1288.454	1288.835	431	TEMPERATE	13
1288.835	1289.37	497	ZONES	13
1298.108	1298.172	476	WE	14
1298.172	1298.581	480	WELCOME	14
1298.581	1298.865	256	MANY	14
1298.865	1299.031	282	NEW	14
1299.031	1299.529	408	STUDENTS	14
1299.529	1299.829	132	EACH	14
1299.829	1300.159	491	YEAR	14
1307.374	1307.591	298	ONLY	15
1307.591	1307.791	434	THE	15
1307.791	1308.141	51	BEST	15
1308.141	1308.469	330	PLAYERS	15
1308.469	1308.848	139	ENJOY	15
1308.848	1309.6970000000001	336	POPULARITY	15
1317.831	1318.297	75	CALCIUM	16
1318.297	1318.603	254	MAKES	16
1318.603	1318.876	58	BONES	16
1318.876	1319.026	20	AND	16
1319.026	1319.284	430	TEETH	16
1319.284	1319.773	406	STRONG	16
1326.557	1326.907	286	NOTHING	17
1326.907	1327.037	224	IS	17
1327.037	1327.206	34	AS	17
1327.206	1327.745	295	OFFENSIVE	17
1327.745	1327.936	34	AS	17
1327.936	1328.763	219	INNOCENCE	17
1335.868	1336.327	405	STEVE	18
1336.327	1336.5	490	WORE	18
1336.5	1336.624	1	A	18
1336.624	1336.865	65	BRIGHT	18
1336.865	1337.145	356	RED	18
1337.145	1337.694	78	CASHMERE	18
1337.694	1338.173	420	SWEATER	18
1345.742	1346.104	46	BARB'S	19
1346.104	1346.395	188	GOLD	19
1346.395	1346.982	63	BRACELET	19
1346.982	1347.181	472	WAS	19
1347.181	1347.311	1	A	19
1347.311	1348.108	193	GRADUATION	19
1348.108	1348.579	339	PRESENT	19
1356.79	1357.06	130	DRAW	20
1357.06	1357.375	145	EVERY	20
1357.375	1357.698	308	OUTER	20
1357.698	1357.931	244	LINE	20
1357.931	1358.436	156	FIRST	20
1358.436	1358.642	99999	sp	20
1358.642	1358.837	436	THEN	20
1358.837	1359.078	154	FILL	20
1359.078	1359.185	217	IN	20
1359.185	1359.354	434	THE	20
1359.354	1359.993	222	INTERIOR	20
1368.646	1368.703	434	THE	21
1368.703	1369.0720000000001	475	WATER	21
1369.0720000000001	1369.494	103	CONTAINED	21
1369.494	1369.6390000000001	448	TOO	21
1369.6390000000001	1369.927	269	MUCH	21
1369.927	1370.475	90	CHLORINE	21
1370.475	1370.649	20	AND	21
1370.649	1370.988	409	STUNG	21
1370.988	1371.1680000000001	208	HIS	21
1371.1680000000001	1371.653	149	EYES	21
1379.84	1380.248	229	JOHN'S	22
1380.248	1380.586	66	BROTHER	22
1380.586	1381.2	363	REPAINTED	22
1381.2	1381.334	434	THE	22
1381.334	1381.837	173	GARAGE	22
1381.837	1382.163	129	DOOR	22
1389.651	1390.144	84	CHALLENGE	23
1390.144	1390.5529999999999	132	EACH	23
1390.5529999999999	1391.012	175	GENERAL'S	23
1391.012	1391.911	221	INTELLIGENCE	23
1399.37	1400.229	17	AMBIDEXTROUS	24
1400.229	1400.87	327	PICKPOCKETS	24
1400.87	1401.519	6	ACCOMPLISH	24
1401.519	1401.838	267	MORE	24
1409.261	1409.347	1	A	25
1409.347	1409.952	271	MUSCULAR	25
1409.952	1410.413	2	ABDOMEN	25
1410.413	1410.631	224	IS	25
1410.631	1410.783	189	GOOD	25
1410.783	1410.937	161	FOR	25
1410.937	1411.166	496	YOUR	25
1411.166	1411.526	43	BACK	25
1418.927	1419.024	438	THEY	26
1419.024	1419.208	317	OWN	26
1419.208	1419.344	1	A	26
1419.344	1419.568	52	BIG	26
1419.568	1419.917	209	HOUSE	26
1419.917	1420.046	217	IN	26
1420.046	1420.106	434	THE	26
1420.106	1420.481	361	REMOTE	26
1420.481	1421.254	109	COUNTRYSIDE	26
1429.685	1429.7640000000001	434	THE	27
1429.7640000000001	1430.147	369	ROSE	27
1430.147	1430.712	106	CORSAGE	27
1430.712	1431.05	393	SMELLED	27
1431.05	1431.48	421	SWEET	27
1438.766	1439.022	433	THAT	28
1439.022	1439.617	326	PICKPOCKET	28
1439.617	1439.84	472	WAS	28
1439.84	1440.2	80	CAUGHT	28
1440.2	1440.41	356	RED	28
1440.41	1440.9859999999999	199	HANDED	28
1449.729	1449.84	19	AN	29
1449.84	1450.288	9	ADULT	29
1450.288	1450.5529999999999	255	MALE	29
1450.5529999999999	1451.108	42	BABOON'S	29
1451.108	1451.315	430	TEETH	29
1451.315	1451.4850000000001	30	ARE	29
1451.4850000000001	1451.744	285	NOT	29
1451.744	1452.173	415	SUITABLE	29
1452.173	1452.312	161	FOR	29
1452.312	1452.662	135	EATING	29
1452.662	1453.431	376	SHELLFISH	29
1462.3029999999999	1462.54	204	HER	30
1462.54	1463.079	470	WARDROBE	30
1463.079	1463.558	102	CONSISTS	30
1463.558	1463.6770000000001	294	OF	30
1463.6770000000001	1463.96	298	ONLY	30
1463.96	1464.446	385	SKIRTS	30
1464.446	1464.649	20	AND	30
1464.649	1465.277	54	BLOUSES	30
1473.078	1473.223	434	THE	31
1473.223	1473.4859999999999	453	TWO	31
1473.4859999999999	1474.173	33	ARTISTS	31
1474.173	1474.911	147	EXCHANGED	31
1474.911	1475.7	39	AUTOGRAPHS	31
1483.7060000000001	1484.339	71	BUTTERSCOTCH	32
1484.339	1484.734	169	FUDGE	32
1484.734	1485.042	186	GOES	32
1485.042	1485.203	481	WELL	32
1485.203	1485.4479999999999	487	WITH	32
1485.4479999999999	1485.783	463	VANILLA	32
1485.783	1486.136	212	ICE	32
1486.136	1486.475	112	CREAM	32
1495.06	1495.384	366	RICH	33
1495.384	1495.934	349	PURCHASED	33
1495.934	1496.4270000000001	374	SEVERAL	33
1496.4270000000001	1496.781	382	SIGNED	33
1496.781	1497.6	245	LITHOGRAPHS	33
1505.551	1505.746	24	ANY	34
1505.746	1506.7	105	CONTRIBUTIONS	34
1506.7	1506.788	485	WILL	34
1506.788	1506.953	47	BE	34
1506.953	1507.327	195	GREATLY	34
1507.327	1508.115	28	APPRECIATED	34
1516.01	1516.127	434	THE	35
1516.127	1516.772	111	CRANBERRY	35
1516.772	1517.048	57	BOG	35
1517.048	1517.224	178	GETS	35
1517.224	1517.623	465	VERY	35
1517.623	1517.94	340	PRETTY	35
1517.94	1518.0430000000001	217	IN	35
1518.0430000000001	1518.5720000000001	40	AUTUMN	35
1526.229	1526.435	210	HOW	36
1526.435	1526.524	128	DO	36
1526.524	1527.083	318	OYSTERS	36
1527.083	1527.365	253	MAKE	36
1527.365	1527.878	320	PEARLS	36
1534.733	1534.954	257	MAY	37
1534.954	1535.005	211	I	37
1535.005	1535.274	304	ORDER	37
1535.274	1535.363	1	A	37
1535.363	1535.714	319	PARFAIT	37
1535.714	1536.123	10	AFTER	37
1536.123	1536.212	211	I	37
1536.212	1536.394	134	EAT	37
1536.394	1536.851	124	DINNER	37
1544.062	1544.254	224	IS	38
1544.254	1544.453	375	SHE	38
1544.453	1544.777	187	GOING	38
1544.777	1544.949	487	WITH	38
1544.949	1545.233	495	YOU	38
1551.554	1551.725	76	CAN	39
1551.725	1551.805	434	THE	39
1551.805	1552.336	11	AGENCY	39
1552.336	1552.82	315	OVERTHROW	39
1552.82	1553.229	13	ALIEN	39
1553.229	1553.97	162	FORCES	39
1561.308	1561.404	1	A	40
1561.404	1562.134	371	SCREWDRIVER	40
1562.134	1562.308	224	IS	40
1562.308	1562.5529999999999	252	MADE	40
1562.5529999999999	1562.842	166	FROM	40
1562.842	1563.266	469	VODKA	40
1563.266	1563.43	20	AND	40
1563.43	1563.829	303	ORANGE	40
1563.829	1564.329	230	JUICE	40
1572.1970000000001	1572.3600000000001	210	HOW	41
1572.3600000000001	1572.565	269	MUCH	41
1572.565	1573.12	16	ALLOWANCE	41
1573.12	1573.1779999999999	128	DO	41
1573.1779999999999	1573.358	495	YOU	41
1573.358	1573.687	177	GET	41
1580.145	1580.851	115	CYCLICAL	42
1580.851	1581.442	346	PROGRAMS	42
1581.442	1581.569	485	WILL	42
1581.569	1581.9479999999999	281	NEVER	42
1581.9479999999999	1582.596	100	COMPILE	42
1590.353	1590.4940000000001	434	THE	43
1590.4940000000001	1590.9279999999999	61	BOSTON	43
1590.9279999999999	1591.287	45	BALLET	43
1591.287	1591.966	312	OVERCAME	43
1591.966	1592.105	435	THEIR	43
1592.105	1592.5430000000001	170	FUNDING	43
1592.5430000000001	1593.173	380	SHORTAGE	43
1601.05	1601.354	145	EVERY	44
1601.354	1601.663	74	CAB	44
1601.663	1601.91	280	NEEDS	44
1601.91	1602.562	364	REPAINTING	44
1602.562	1603.176	296	OFTEN	44
1610.1480000000001	1610.484	203	HELP	45
1610.484	1610.768	196	GREG	45
1610.768	1610.942	446	TO	45
1610.942	1611.161	325	PICK	45
1611.161	1611.301	1	A	45
1611.301	1611.531	321	PECK	45
1611.531	1611.68	294	OF	45
1611.68	1612.4	338	POTATOES	45
1619.79	1619.992	476	WE	46
1619.992	1620.316	241	LIKE	46
1620.316	1620.542	55	BLUE	46
1620.542	1620.829	88	CHEESE	46
1620.829	1621.04	70	BUT	46
1621.04	1621.4180000000001	466	VICTOR	46
1621.4180000000001	1621.788	242	LIKES	46
1621.788	1622.127	64	BRIE	46
1629.923	1630.1390000000001	108	COUNT	47
1630.1390000000001	1630.228	434	THE	47
1630.228	1630.577	289	NUMBER	47
1630.577	1630.743	294	OF	47
1630.743	1631.3029999999999	429	TEASPOONS	47
1631.3029999999999	1631.446	294	OF	47
1631.446	1632.057	395	SOYSAUCE	47
1632.057	1632.149	433	THAT	47
1632.149	1632.2730000000001	495	YOU	47
1632.2730000000001	1632.686	7	ADD	47
1640.6109999999999	1641.214	44	BAGPIPES	48
1641.214	1641.395	20	AND	48
1641.395	1641.846	59	BONGOS	48
1641.846	1641.942	30	ARE	48
1641.942	1642.511	273	MUSICAL	48
1642.511	1643.259	220	INSTRUMENTS	48
1650.733	1651.036	210	HOW	49
1651.036	1651.221	189	GOOD	49
1651.221	1651.37	224	IS	49
1651.37	1651.518	496	YOUR	49
1651.518	1652.228	138	ENDURANCE	49
1661.233	1661.308	30	ARE	0
1661.308	1661.498	496	YOUR	0
1661.498	1661.776	192	GRADES	0
1661.776	1662.096	206	HIGHER	0
1662.096	1662.276	302	OR	0
1662.276	1662.595	251	LOWER	0
1662.595	1662.745	432	THAN	0
1662.745	1663.4470000000001	275	NANCY'S	0
1670.098	1670.308	375	SHE	1
1670.308	1670.467	490	WORE	1
1670.467	1670.856	471	WARM	1
1670.856	1671.445	158	FLEECY	1
1671.445	1671.8029999999999	489	WOOLEN	1
1671.8029999999999	1672.68	311	OVERALLS	1
1680.532	1680.856	354	READING	2
1680.856	1681.054	217	IN	2
1681.054	1681.262	335	POOR	2
1681.262	1681.559	240	LIGHT	2
1681.559	1681.791	181	GIVES	2
1681.791	1681.9189999999999	495	YOU	2
1681.9189999999999	1682.714	150	EYESTRAIN	2
1690.162	1690.4560000000001	142	EVEN	3
1690.4560000000001	1690.676	211	I	3
1690.676	1691.316	293	OCCASIONALLY	3
1691.316	1691.4479999999999	177	GET	3
1691.4479999999999	1691.517	434	THE	3
1691.517	1692.0149999999999	265	MONDAY	3
1692.0149999999999	1692.473	56	BLUES	3
1700.208	1700.3	476	WE	4
1700.3	1700.43	30	ARE	4
1700.43	1700.798	301	OPEN	4
1700.798	1701.191	145	EVERY	4
1701.191	1701.696	265	MONDAY	4
1701.696	1702.084	143	EVENING	4
1709.499	1709.71	226	IT'S	5
1709.71	1709.887	285	NOT	5
1709.887	1710.247	133	EASY	5
1710.247	1710.393	446	TO	5
1710.393	1710.683	113	CREATE	5
1710.683	1711.397	215	ILLUMINATING	5
1711.397	1712.222	146	EXAMPLES	5
1719.786	1720.054	270	MUM	6
1720.054	1720.5720000000001	407	STRONGLY	6
1720.5720000000001	1721.042	126	DISLIKES	6
1721.042	1722.068	27	APPETIZERS	6
1729.7	1729.9160000000002	443	THOSE	7
1729.9160000000002	1730.019	484	WHO	7
1730.019	1730.277	427	TEACH	7
1730.277	1730.789	462	VALUES	7
1730.789	1731.039	156	FIRST	7
1731.039	1731.538	4	ABOLISH	7
1731.538	1732.047	87	CHEATING	7
1739.4	1739.46	434	THE	8
1739.46	1739.8780000000002	165	FRIGHTENED	8
1739.8780000000002	1740.254	89	CHILD	8
1740.254	1740.478	472	WAS	8
1740.478	1740.79	176	GENTLY	8
1740.79	1741.3139999999999	410	SUBDUED	8
1741.3139999999999	1741.4360000000001	73	BY	8
1741.4360000000001	1741.649	208	HIS	8
1741.649	1741.9009999999998	52	BIG	8
1741.9009999999998	1742.2930000000001	66	BROTHER	8
1749.342	1749.577	142	EVEN	9
1749.577	1749.636	1	A	9
1749.636	1750.046	383	SIMPLE	9
1750.046	1750.836	468	VOCABULARY	9
1750.836	1751.274	104	CONTAINS	9
1751.274	1751.932	422	SYMBOLS	9
1759.673	1759.786	1	A	10
1759.786	1760.097	110	CRAB	10
1760.097	1760.601	85	CHALLENGED	10
1760.601	1760.837	258	ME	10
1760.837	1760.933	70	BUT	10
1760.933	1761.066	1	A	10
1761.066	1761.255	350	QUICK	10
1761.255	1761.7530000000002	402	STAB	10
1761.7530000000002	1762.279	464	VANQUISHED	10
1762.279	1762.5140000000001	207	HIM	10
1770.3020000000001	1770.8490000000002	183	GLUCOSE	11
1770.8490000000002	1770.999	20	AND	11
1770.999	1771.609	167	FRUCTOSE	11
1771.609	1771.726	30	ARE	11
1771.726	1772.125	276	NATURAL	11
1772.125	1772.654	414	SUGARS	11
1772.654	1772.964	163	FOUND	11
1772.964	1773.0700000000002	217	IN	11
1773.0700000000002	1773.482	168	FRUIT	11
1781.152	1781.255	30	ARE	12
1781.255	1781.4450000000002	495	YOU	12
1781.4450000000002	1781.784	250	LOOKING	12
1781.784	1782.0140000000001	161	FOR	12
1782.0140000000001	1782.672	136	EMPLOYMENT	12
1789.547	1789.856	98	COFFEE	13
1789.856	1790.0839999999998	224	IS	13
1790.0839999999998	1790.245	198	GROWN	13
1790.245	1790.385	297	ON	13
1790.385	1790.85	404	STEEP	13
1790.85	1791.2530000000002	231	JUNGLE	13
1791.2530000000002	1791.491	241	LIKE	13
1791.491	1791.971	390	SLOPES	13
1791.971	1792.137	217	IN	13
1792.137	1792.539	431	TEMPERATE	13
1792.539	1793.048	497	ZONES	13
1800.2359999999999	1800.392	476	WE	14
1800.392	1800.75	480	WELCOME	14
1800.75	1801.0700000000002	256	MANY	14
1801.0700000000002	1801.25	282	NEW	14
1801.25	1801.719	408	STUDENTS	14
1801.719	1803.0	132	EACH	14
1809.957	1810.206	298	ONLY	15
1810.206	1810.411	434	THE	15
1810.411	1810.661	51	BEST	15
1810.661	1811.083	330	PLAYERS	15
1811.083	1811.435	139	ENJOY	15
1811.435	1811.469	99999	sp	15
1811.469	1812.39	336	POPULARITY	15
1821.209	1821.709	75	CALCIUM	16
1821.709	1822.006	254	MAKES	16
1822.006	1822.278	58	BONES	16
1822.278	1822.441	20	AND	16
1822.441	1822.787	430	TEETH	16
1822.787	1823.236	406	STRONG	16
1830.388	1830.648	286	NOTHING	17
1830.648	1830.928	224	IS	17
1830.928	1831.109	34	AS	17
1831.109	1831.707	295	OFFENSIVE	17
1831.707	1831.925	34	AS	17
1831.925	1832.754	219	INNOCENCE	17
1841.46	1841.923	405	STEVE	18
1841.923	1842.133	490	WORE	18
1842.133	1842.262	1	A	18
1842.262	1842.57	65	BRIGHT	18
1842.57	1842.858	356	RED	18
1842.858	1843.52	78	CASHMERE	18
1843.52	1843.9279999999999	420	SWEATER	18
1851.742	1852.08	46	BARB'S	19
1852.08	1852.118	99999	sp	19
1852.118	1852.399	188	GOLD	19
1852.399	1852.936	63	BRACELET	19
1852.936	1853.087	472	WAS	19
1853.087	1853.211	1	A	19
1853.211	1854.001	193	GRADUATION	19
1854.001	1854.418	339	PRESENT	19
1862.658	1862.9470000000001	130	DRAW	20
1862.9470000000001	1863.314	145	EVERY	20
1863.314	1863.623	308	OUTER	20
1863.623	1863.865	244	LINE	20
1863.865	1864.298	156	FIRST	20
1864.298	1864.509	99999	sp	20
1864.509	1864.853	436	THEN	20
1864.853	1865.02	154	FILL	20
1865.02	1865.11	217	IN	20
1865.11	1865.27	434	THE	20
1865.27	1865.898	222	INTERIOR	20
1873.4180000000001	1873.471	434	THE	21
1873.471	1873.829	475	WATER	21
1873.829	1874.249	103	CONTAINED	21
1874.249	1874.4	448	TOO	21
1874.4	1874.638	269	MUCH	21
1874.638	1874.675	99999	sp	21
1874.675	1875.097	90	CHLORINE	21
1875.097	1875.4	20	AND	21
1875.4	1875.608	409	STUNG	21
1875.608	1875.809	208	HIS	21
1875.809	1876.253	149	EYES	21
1883.033	1883.406	229	JOHN'S	22
1883.406	1883.709	66	BROTHER	22
1883.709	1884.316	363	REPAINTED	22
1884.316	1884.44	434	THE	22
1884.44	1884.862	173	GARAGE	22
1884.862	1884.92	99999	sp	22
1884.92	1885.194	129	DOOR	22
1893.177	1893.665	84	CHALLENGE	23
1893.665	1894.0	132	EACH	23
1894.0	1894.493	175	GENERAL'S	23
1894.493	1895.352	221	INTELLIGENCE	23
1903.419	1904.235	17	AMBIDEXTROUS	24
1904.235	1904.889	327	PICKPOCKETS	24
1904.889	1905.54	6	ACCOMPLISH	24
1905.54	1905.9180000000001	267	MORE	24
1913.78	1913.847	1	A	25
1913.847	1914.349	271	MUSCULAR	25
1914.349	1914.867	2	ABDOMEN	25
1914.867	1915.148	224	IS	25
1915.148	1915.282	189	GOOD	25
1915.282	1915.486	161	FOR	25
1915.486	1915.624	496	YOUR	25
1915.624	1915.954	43	BACK	25
1922.497	1922.568	438	THEY	26
1922.568	1922.774	317	OWN	26
1922.774	1922.9569999999999	1	A	26
1922.9569999999999	1923.159	52	BIG	26
1923.159	1923.517	209	HOUSE	26
1923.517	1923.578	217	IN	26
1923.578	1923.677	434	THE	26
1923.677	1924.051	361	REMOTE	26
1924.051	1924.775	109	COUNTRYSIDE	26
1931.824	1931.961	434	THE	27
1931.961	1932.24	369	ROSE	27
1932.24	1932.267	99999	sp	27
1932.267	1932.787	106	CORSAGE	27
1932.787	1933.18	393	SMELLED	27
1933.18	1933.492	421	SWEET	27
1941.714	1941.99	433	THAT	28
1941.99	1942.564	326	PICKPOCKET	28
1942.564	1942.77	472	WAS	28
1942.77	1943.004	80	CAUGHT	28
1943.004	1943.282	356	RED	28
1943.282	1943.787	199	HANDED	28
1951.827	1951.915	19	AN	29
1951.915	1952.401	9	ADULT	29
1952.401	1952.592	255	MALE	29
1952.592	1953.13	42	BABOON'S	29
1953.13	1953.154	99999	sp	29
1953.154	1953.4	430	TEETH	29
1953.4	1953.522	30	ARE	29
1953.522	1953.755	285	NOT	29
1953.755	1954.198	415	SUITABLE	29
1954.198	1954.353	161	FOR	29
1954.353	1954.657	135	EATING	29
1954.657	1955.395	376	SHELLFISH	29
1962.897	1963.157	204	HER	30
1963.157	1963.696	470	WARDROBE	30
1963.696	1964.116	102	CONSISTS	30
1964.116	1964.206	294	OF	30
1964.206	1964.504	298	ONLY	30
1964.504	1964.974	385	SKIRTS	30
1964.974	1965.227	20	AND	30
1965.227	1965.882	54	BLOUSES	30
1973.333	1973.497	434	THE	31
1973.497	1973.721	453	TWO	31
1973.721	1974.436	33	ARTISTS	31
1974.436	1975.141	147	EXCHANGED	31
1975.141	1975.959	39	AUTOGRAPHS	31
1984.002	1984.624	71	BUTTERSCOTCH	32
1984.624	1984.683	99999	sp	32
1984.683	1985.07	169	FUDGE	32
1985.07	1985.278	186	GOES	32
1985.278	1985.537	481	WELL	32
1985.537	1985.69	487	WITH	32
1985.69	1985.7350000000001	99999	sp	32
1985.7350000000001	1986.058	463	VANILLA	32
1986.058	1986.458	212	ICE	32
1986.458	1986.794	112	CREAM	32
1994.911	1995.217	366	RICH	33
1995.217	1995.249	99999	sp	33
1995.249	1995.66	349	PURCHASED	33
1995.66	1996.123	374	SEVERAL	33
1996.123	1996.502	382	SIGNED	33
1996.502	1997.231	245	LITHOGRAPHS	33
2004.597	2004.847	24	ANY	34
2004.847	2004.879	99999	sp	34
2004.879	2005.602	105	CONTRIBUTIONS	34
2005.602	2005.7640000000001	485	WILL	34
2005.7640000000001	2005.9569999999999	47	BE	34
2005.9569999999999	2006.33	195	GREATLY	34
2006.33	2007.208	28	APPRECIATED	34
2014.587	2014.703	434	THE	35
2014.703	2015.3029999999999	111	CRANBERRY	35
2015.3029999999999	2015.569	57	BOG	35
2015.569	2015.87	178	GETS	35
2015.87	2016.158	465	VERY	35
2016.158	2016.489	340	PRETTY	35
2016.489	2016.556	217	IN	35
2016.556	2017.046	40	AUTUMN	35
2025.086	2025.176	210	HOW	36
2025.176	2025.317	128	DO	36
2025.317	2025.756	318	OYSTERS	36
2025.756	2025.992	253	MAKE	36
2025.992	2026.041	99999	sp	36
2026.041	2026.534	320	PEARLS	36
2033.841	2033.997	257	MAY	37
2033.997	2034.107	211	I	37
2034.107	2034.365	304	ORDER	37
2034.365	2034.425	1	A	37
2034.425	2034.815	319	PARFAIT	37
2034.815	2035.284	10	AFTER	37
2035.284	2035.364	211	I	37
2035.364	2035.556	134	EAT	37
2035.556	2036.012	124	DINNER	37
2043.913	2044.174	224	IS	38
2044.174	2044.422	375	SHE	38
2044.422	2044.757	187	GOING	38
2044.757	2044.925	487	WITH	38
2044.925	2045.241	495	YOU	38
2051.52	2051.772	76	CAN	39
2051.772	2051.937	434	THE	39
2051.937	2052.385	11	AGENCY	39
2052.385	2053.054	315	OVERTHROW	39
2053.054	2053.408	13	ALIEN	39
2053.408	2053.982	162	FORCES	39
2061.86	2061.963	1	A	40
2061.963	2062.742	371	SCREWDRIVER	40
2062.742	2062.911	224	IS	40
2062.911	2063.111	252	MADE	40
2063.111	2063.435	166	FROM	40
2063.435	2063.81	469	VODKA	40
2063.81	2063.978	20	AND	40
2063.978	2064.398	303	ORANGE	40
2064.398	2064.937	230	JUICE	40
2071.9610000000002	2072.1	210	HOW	41
2072.1	2072.32	269	MUCH	41
2072.32	2072.858	16	ALLOWANCE	41
2072.858	2072.947	128	DO	41
2072.947	2073.136	495	YOU	41
2073.136	2073.437	177	GET	41
2080.611	2081.241	115	CYCLICAL	42
2081.241	2081.838	346	PROGRAMS	42
2081.838	2081.953	485	WILL	42
2081.953	2082.357	281	NEVER	42
2082.357	2082.976	100	COMPILE	42
2089.392	2089.529	434	THE	43
2089.529	2089.984	61	BOSTON	43
2089.984	2090.409	45	BALLET	43
2090.409	2091.067	312	OVERCAME	43
2091.067	2091.166	435	THEIR	43
2091.166	2091.636	170	FUNDING	43
2091.636	2092.264	380	SHORTAGE	43
2101.171	2101.469	145	EVERY	44
2101.469	2101.773	74	CAB	44
2101.773	2101.982	280	NEEDS	44
2101.982	2102.6549999999997	364	REPAINTING	44
2102.6549999999997	2103.162	296	OFTEN	44
2110.376	2110.603	203	HELP	45
2110.603	2110.7110000000002	99999	sp	45
2110.7110000000002	2110.977	196	GREG	45
2110.977	2111.14	446	TO	45
2111.14	2111.329	325	PICK	45
2111.329	2111.455	1	A	45
2111.455	2111.66	321	PECK	45
2111.66	2111.811	294	OF	45
2111.811	2112.494	338	POTATOES	45
2120.82	2121.029	476	WE	46
2121.029	2121.359	241	LIKE	46
2121.359	2121.577	55	BLUE	46
2121.577	2121.896	88	CHEESE	46
2121.896	2122.128	70	BUT	46
2122.128	2122.456	466	VICTOR	46
2122.456	2122.767	242	LIKES	46
2122.767	2122.867	99999	sp	46
2122.867	2123.254	64	BRIE	46
2130.887	2131.122	108	COUNT	47
2131.122	2131.193	434	THE	47
2131.193	2131.545	289	NUMBER	47
2131.545	2131.71	294	OF	47
2131.71	2132.254	429	TEASPOONS	47
2132.254	2132.373	294	OF	47
2132.373	2132.945	395	SOYSAUCE	47
2132.945	2133.082	433	THAT	47
2133.082	2133.165	495	YOU	47
2133.165	2133.49	7	ADD	47
2141.312	2141.901	44	BAGPIPES	48
2141.901	2142.142	20	AND	48
2142.142	2142.66	59	BONGOS	48
2142.66	2142.727	30	ARE	48
2142.727	2143.309	273	MUSICAL	48
2143.309	2144.026	220	INSTRUMENTS	48
2151.462	2151.787	210	HOW	49
2151.787	2151.892	189	GOOD	49
2151.892	2152.038	224	IS	49
2152.038	2152.213	496	YOUR	49
2152.213	2152.937	138	ENDURANCE	49
2163.371	2163.49	30	ARE	0
2163.49	2163.651	496	YOUR	0
2163.651	2163.934	192	GRADES	0
2163.934	2164.293	206	HIGHER	0
2164.293	2164.458	302	OR	0
2164.458	2164.7690000000002	251	LOWER	0
2164.7690000000002	2164.978	432	THAN	0
2164.978	2165.63	275	NANCY'S	0
2173.4700000000003	2173.681	375	SHE	1
2173.681	2173.8940000000002	490	WORE	1
2173.8940000000002	2174.308	471	WARM	1
2174.308	2174.867	158	FLEECY	1
2174.867	2175.3360000000002	489	WOOLEN	1
2175.3360000000002	2176.034	311	OVERALLS	1
2184.268	2184.593	354	READING	2
2184.593	2184.824	217	IN	2
2184.824	2185.074	335	POOR	2
2185.074	2185.4030000000002	240	LIGHT	2
2185.4030000000002	2185.632	181	GIVES	2
2185.632	2185.764	495	YOU	2
2185.764	2186.4700000000003	150	EYESTRAIN	2
2193.533	2193.841	142	EVEN	3
2193.841	2194.1530000000002	211	I	3
2194.1530000000002	2194.757	293	OCCASIONALLY	3
2194.757	2194.891	177	GET	3
2194.891	2194.966	434	THE	3
2194.966	2195.526	265	MONDAY	3
2195.526	2195.889	56	BLUES	3
2203.0280000000002	2203.148	476	WE	4
2203.148	2203.233	30	ARE	4
2203.233	2203.572	301	OPEN	4
2203.572	2203.9610000000002	145	EVERY	4
2203.9610000000002	2204.328	265	MONDAY	4
2204.328	2204.809	143	EVENING	4
2211.526	2211.723	226	IT'S	5
2211.723	2211.923	285	NOT	5
2211.923	2212.317	133	EASY	5
2212.317	2212.471	446	TO	5
2212.471	2212.785	113	CREATE	5
2212.785	2213.52	215	ILLUMINATING	5
2213.52	2214.067	146	EXAMPLES	5
2221.482	2221.764	270	MUM	6
2221.764	2222.384	407	STRONGLY	6
2222.384	2222.928	126	DISLIKES	6
2222.928	2223.796	27	APPETIZERS	6
2231.399	2231.658	443	THOSE	7
2231.658	2231.782	484	WHO	7
2231.782	2232.0969999999998	427	TEACH	7
2232.0969999999998	2232.623	462	VALUES	7
2232.623	2232.7200000000003	99999	sp	7
2232.7200000000003	2233.008	156	FIRST	7
2233.008	2233.587	4	ABOLISH	7
2233.587	2234.034	87	CHEATING	7
2241.747	2241.8450000000003	434	THE	8
2241.8450000000003	2242.264	165	FRIGHTENED	8
2242.264	2242.62	89	CHILD	8
2242.62	2242.857	472	WAS	8
2242.857	2243.192	176	GENTLY	8
2243.192	2243.6440000000002	410	SUBDUED	8
2243.6440000000002	2243.79	73	BY	8
2243.79	2243.955	208	HIS	8
2243.955	2244.129	52	BIG	8
2244.129	2244.193	99999	sp	8
2244.193	2244.618	66	BROTHER	8
2252.672	2252.928	142	EVEN	9
2252.928	2253.007	1	A	9
2253.007	2253.468	383	SIMPLE	9
2253.468	2254.294	468	VOCABULARY	9
2254.294	2254.835	104	CONTAINS	9
2254.835	2255.423	422	SYMBOLS	9
2263.059	2263.185	1	A	10
2263.185	2263.524	110	CRAB	10
2263.524	2264.064	85	CHALLENGED	10
2264.064	2264.273	258	ME	10
2264.273	2264.346	70	BUT	10
2264.346	2264.488	1	A	10
2264.488	2264.656	350	QUICK	10
2264.656	2265.235	402	STAB	10
2265.235	2265.75	464	VANQUISHED	10
2265.75	2265.921	207	HIM	10
2274.016	2274.63	183	GLUCOSE	11
2274.63	2274.85	20	AND	11
2274.85	2275.482	167	FRUCTOSE	11
2275.482	2275.63	30	ARE	11
2275.63	2276.067	276	NATURAL	11
2276.067	2276.678	414	SUGARS	11
2276.678	2276.96	163	FOUND	11
2276.96	2277.204	217	IN	11
2277.204	2277.514	168	FRUIT	11
2286.2110000000002	2286.339	30	ARE	12
2286.339	2286.4700000000003	495	YOU	12
2286.4700000000003	2286.851	250	LOOKING	12
2286.851	2287.112	161	FOR	12
2287.112	2287.91	136	EMPLOYMENT	12
2294.691	2295.053	98	COFFEE	13
2295.053	2295.205	224	IS	13
2295.205	2295.337	198	GROWN	13
2295.337	2295.483	297	ON	13
2295.483	2296.11	404	STEEP	13
2296.11	2296.2110000000002	99999	sp	13
2296.2110000000002	2296.56	231	JUNGLE	13
2296.56	2296.829	241	LIKE	13
2296.829	2297.329	390	SLOPES	13
2297.329	2297.498	217	IN	13
2297.498	2297.927	431	TEMPERATE	13
2297.927	2298.305	497	ZONES	13
2306.881	2307.026	476	WE	14
2307.026	2307.396	480	WELCOME	14
2307.396	2307.753	256	MANY	14
2307.753	2307.934	282	NEW	14
2307.934	2308.493	408	STUDENTS	14
2308.493	2308.882	132	EACH	14
2308.882	2309.161	491	YEAR	14
2316.6440000000002	2316.923	298	ONLY	15
2316.923	2317.12	434	THE	15
2317.12	2317.3630000000003	51	BEST	15
2317.3630000000003	2317.426	99999	sp	15
2317.426	2317.802	330	PLAYERS	15
2317.802	2318.13	139	ENJOY	15
2318.13	2318.1639999999998	99999	sp	15
2318.1639999999998	2319.027	336	POPULARITY	15
2326.339	2326.89	75	CALCIUM	16
2326.89	2327.217	254	MAKES	16
2327.217	2327.5190000000002	58	BONES	16
2327.5190000000002	2327.69	20	AND	16
2327.69	2327.95	430	TEETH	16
2327.95	2328.732	406	STRONG	16
2335.9	2336.341	286	NOTHING	17
2336.341	2336.467	224	IS	17
2336.467	2336.6530000000002	34	AS	17
2336.6530000000002	2337.227	295	OFFENSIVE	17
2337.227	2337.417	34	AS	17
2337.417	2338.274	219	INNOCENCE	17
2345.876	2346.366	405	STEVE	18
2346.366	2346.471	490	WORE	18
2346.471	2346.702	1	A	18
2346.702	2346.995	65	BRIGHT	18
2346.995	2347.331	356	RED	18
2347.331	2347.923	78	CASHMERE	18
2347.923	2348.432	420	SWEATER	18
2356.261	2356.62	46	BARB'S	19
2356.62	2356.9030000000002	188	GOLD	19
2356.9030000000002	2357.351	63	BRACELET	19
2357.351	2357.5190000000002	472	WAS	19
2357.5190000000002	2357.64	1	A	19
2357.64	2358.45	193	GRADUATION	19
2358.45	2358.947	339	PRESENT	19
2366.561	2366.86	130	DRAW	20
2366.86	2367.24	145	EVERY	20
2367.24	2367.548	308	OUTER	20
2367.548	2367.817	244	LINE	20
2367.817	2368.337	156	FIRST	20
2368.337	2368.565	99999	sp	20
2368.565	2368.951	436	THEN	20
2368.951	2369.125	154	FILL	20
2369.125	2369.245	217	IN	20
2369.245	2369.385	434	THE	20
2369.385	2370.071	222	INTERIOR	20
2378.608	2378.701	434	THE	21
2378.701	2379.0389999999998	475	WATER	21
2379.0389999999998	2379.491	103	CONTAINED	21
2379.491	2379.63	448	TOO	21
2379.63	2379.886	269	MUCH	21
2379.886	2380.32	90	CHLORINE	21
2380.32	2380.48	20	AND	21
2380.48	2380.909	409	STUNG	21
2380.909	2381.087	208	HIS	21
2381.087	2381.506	149	EYES	21
2389.888	2390.228	229	JOHN'S	22
2390.228	2390.273	99999	sp	22
2390.273	2390.587	66	BROTHER	22
2390.587	2391.284	363	REPAINTED	22
2391.284	2391.3940000000002	434	THE	22
2391.3940000000002	2391.878	173	GARAGE	22
2391.878	2391.922	99999	sp	22
2391.922	2392.253	129	DOOR	22
2399.926	2400.565	84	CHALLENGE	23
2400.565	2400.917	132	EACH	23
2400.917	2401.442	175	GENERAL'S	23
2401.442	2402.2690000000002	221	INTELLIGENCE	23
2409.846	2410.784	17	AMBIDEXTROUS	24
2410.784	2411.445	327	PICKPOCKETS	24
2411.445	2412.103	6	ACCOMPLISH	24
2412.103	2412.502	267	MORE	24
2420.387	2420.464	1	A	25
2420.464	2421.073	271	MUSCULAR	25
2421.073	2421.542	2	ABDOMEN	25
2421.542	2421.843	224	IS	25
2421.843	2422.006	189	GOOD	25
2422.006	2422.161	161	FOR	25
2422.161	2422.379	496	YOUR	25
2422.379	2422.77	43	BACK	25
2430.678	2430.768	438	THEY	26
2430.768	2430.996	317	OWN	26
2430.996	2431.172	1	A	26
2431.172	2431.41	52	BIG	26
2431.41	2431.838	209	HOUSE	26
2431.838	2431.998	217	IN	26
2431.998	2432.078	434	THE	26
2432.078	2432.492	361	REMOTE	26
2432.492	2433.265	109	COUNTRYSIDE	26
2441.11	2441.271	434	THE	27
2441.271	2441.551	369	ROSE	27
2441.551	2442.104	106	CORSAGE	27
2442.104	2442.465	393	SMELLED	27
2442.465	2442.913	421	SWEET	27
2449.889	2450.156	433	THAT	28
2450.156	2450.846	326	PICKPOCKET	28
2450.846	2451.097	472	WAS	28
2451.097	2451.343	80	CAUGHT	28
2451.343	2451.613	356	RED	28
2451.613	2452.177	199	HANDED	28
2460.238	2460.473	19	AN	29
2460.473	2460.792	9	ADULT	29
2460.792	2461.015	255	MALE	29
2461.015	2461.564	42	BABOON'S	29
2461.564	2461.79	430	TEETH	29
2461.79	2461.979	30	ARE	29
2461.979	2462.27	285	NOT	29
2462.27	2462.688	415	SUITABLE	29
2462.688	2462.797	161	FOR	29
2462.797	2463.067	135	EATING	29
2463.067	2463.845	376	SHELLFISH	29
2472.453	2472.745	204	HER	30
2472.745	2473.275	470	WARDROBE	30
2473.275	2473.892	102	CONSISTS	30
2473.892	2474.002	294	OF	30
2474.002	2474.302	298	ONLY	30
2474.302	2474.76	385	SKIRTS	30
2474.76	2474.973	20	AND	30
2474.973	2475.734	54	BLOUSES	30
2484.375	2484.529	434	THE	31
2484.529	2484.629	453	TWO	31
2484.629	2485.376	33	ARTISTS	31
2485.376	2486.075	147	EXCHANGED	31
2486.075	2486.971	39	AUTOGRAPHS	31
2495.003	2495.6440000000002	71	BUTTERSCOTCH	32
2495.6440000000002	2496.087	169	FUDGE	32
2496.087	2496.322	186	GOES	32
2496.322	2496.538	481	WELL	32
2496.538	2496.782	487	WITH	32
2496.782	2497.04	463	VANILLA	32
2497.04	2497.535	212	ICE	32
2497.535	2497.909	112	CREAM	32
2506.186	2506.569	366	RICH	33
2506.569	2507.087	349	PURCHASED	33
2507.087	2507.6059999999998	374	SEVERAL	33
2507.6059999999998	2507.995	382	SIGNED	33
2507.995	2508.853	245	LITHOGRAPHS	33
2516.751	2517.054	24	ANY	34
2517.054	2517.782	105	CONTRIBUTIONS	34
2517.782	2517.882	485	WILL	34
2517.882	2518.048	47	BE	34
2518.048	2518.412	195	GREATLY	34
2518.412	2519.319	28	APPRECIATED	34
2527.035	2527.167	434	THE	35
2527.167	2527.797	111	CRANBERRY	35
2527.797	2528.079	57	BOG	35
2528.079	2528.267	178	GETS	35
2528.267	2528.701	465	VERY	35
2528.701	2528.947	340	PRETTY	35
2528.947	2529.097	217	IN	35
2529.097	2529.556	40	AUTUMN	35
2536.849	2537.04	210	HOW	36
2537.04	2537.209	128	DO	36
2537.209	2537.702	318	OYSTERS	36
2537.702	2537.954	253	MAKE	36
2537.954	2538.508	320	PEARLS	36
2545.07	2545.371	257	MAY	37
2545.371	2545.421	211	I	37
2545.421	2545.71	304	ORDER	37
2545.71	2545.795	1	A	37
2545.795	2546.3559999999998	319	PARFAIT	37
2546.3559999999998	2546.608	10	AFTER	37
2546.608	2546.728	211	I	37
2546.728	2546.888	134	EAT	37
2546.888	2547.346	124	DINNER	37
2554.569	2554.758	224	IS	38
2554.758	2554.951	375	SHE	38
2554.951	2555.218	187	GOING	38
2555.218	2555.452	487	WITH	38
2555.452	2556.139	495	YOU	38
2561.902	2562.066	76	CAN	39
2562.066	2562.145	434	THE	39
2562.145	2562.751	11	AGENCY	39
2562.751	2563.299	315	OVERTHROW	39
2563.299	2563.752	13	ALIEN	39
2563.752	2564.493	162	FORCES	39
2572.658	2572.758	1	A	40
2572.758	2573.487	371	SCREWDRIVER	40
2573.487	2573.656	224	IS	40
2573.656	2573.886	252	MADE	40
2573.886	2574.178	166	FROM	40
2574.178	2574.552	469	VODKA	40
2574.552	2574.764	20	AND	40
2574.764	2575.193	303	ORANGE	40
2575.193	2575.676	230	JUICE	40
2583.187	2583.347	210	HOW	41
2583.347	2583.564	269	MUCH	41
2583.564	2584.092	16	ALLOWANCE	41
2584.092	2584.143	128	DO	41
2584.143	2584.302	495	YOU	41
2584.302	2584.7309999999998	177	GET	41
2591.542	2592.235	115	CYCLICAL	42
2592.235	2592.849	346	PROGRAMS	42
2592.849	2593.012	485	WILL	42
2593.012	2593.382	281	NEVER	42
2593.382	2594.09	100	COMPILE	42
2601.169	2601.312	434	THE	43
2601.312	2601.77	61	BOSTON	43
2601.77	2602.137	45	BALLET	43
2602.137	2602.8	312	OVERCAME	43
2602.8	2602.93	435	THEIR	43
2602.93	2603.359	170	FUNDING	43
2603.359	2604.007	380	SHORTAGE	43
2612.016	2612.378	145	EVERY	44
2612.378	2612.668	74	CAB	44
2612.668	2612.867	280	NEEDS	44
2612.867	2613.506	364	REPAINTING	44
2613.506	2614.05	296	OFTEN	44
2621.127	2621.455	203	HELP	45
2621.455	2621.752	196	GREG	45
2621.752	2621.9139999999998	446	TO	45
2621.9139999999998	2622.126	325	PICK	45
2622.126	2622.259	1	A	45
2622.259	2622.495	321	PECK	45
2622.495	2622.64	294	OF	45
2622.64	2623.435	338	POTATOES	45
2630.657	2630.906	476	WE	46
2630.906	2631.227	241	LIKE	46
2631.227	2631.425	55	BLUE	46
2631.425	2631.771	88	CHEESE	46
2631.771	2631.984	70	BUT	46
2631.984	2632.343	466	VICTOR	46
2632.343	2632.752	242	LIKES	46
2632.752	2633.171	64	BRIE	46
2640.256	2640.507	108	COUNT	47
2640.507	2640.596	434	THE	47
2640.596	2640.953	289	NUMBER	47
2640.953	2641.115	294	OF	47
2641.115	2641.681	429	TEASPOONS	47
2641.681	2641.812	294	OF	47
2641.812	2642.43	395	SOYSAUCE	47
2642.43	2642.57	433	THAT	47
2642.57	2642.712	495	YOU	47
2642.712	2643.136	7	ADD	47
2650.726	2651.31	44	BAGPIPES	48
2651.31	2651.578	20	AND	48
2651.578	2651.909	59	BONGOS	48
2651.909	2652.188	30	ARE	48
2652.188	2652.797	273	MUSICAL	48
2652.797	2653.645	220	INSTRUMENTS	48
2661.702	2662.06	210	HOW	49
2662.06	2662.245	189	GOOD	49
2662.245	2662.3940000000002	224	IS	49
2662.3940000000002	2662.485	496	YOUR	49
2662.485	2663.333	138	ENDURANCE	49
2673.463	2673.599	30	ARE	0
2673.599	2673.759	496	YOUR	0
2673.759	2674.118	192	GRADES	0
2674.118	2674.557	206	HIGHER	0
2674.557	2674.707	302	OR	0
2674.707	2674.966	251	LOWER	0
2674.966	2675.206	432	THAN	0
2675.206	2675.953	275	NANCY'S	0
2682.793	2683.067	375	SHE	1
2683.067	2683.247	490	WORE	1
2683.247	2683.656	471	WARM	1
2683.656	2684.295	158	FLEECY	1
2684.295	2684.793	489	WOOLEN	1
2684.793	2685.63	311	OVERALLS	1
2693.274	2693.543	354	READING	2
2693.543	2693.822	217	IN	2
2693.822	2694.053	335	POOR	2
2694.053	2694.372	240	LIGHT	2
2694.372	2694.572	181	GIVES	2
2694.572	2694.721	495	YOU	2
2694.721	2695.45	150	EYESTRAIN	2
2702.703	2703.043	142	EVEN	3
2703.043	2703.351	211	I	3
2703.351	2703.99	293	OCCASIONALLY	3
2703.99	2704.15	177	GET	3
2704.15	2704.216	434	THE	3
2704.216	2704.71	265	MONDAY	3
2704.71	2705.291	56	BLUES	3
2713.199	2713.339	476	WE	4
2713.339	2713.369	30	ARE	4
2713.369	2713.838	301	OPEN	4
2713.838	2714.257	145	EVERY	4
2714.257	2714.736	265	MONDAY	4
2714.736	2715.175	143	EVENING	4
2722.7110000000002	2722.916	226	IT'S	5
2722.916	2723.127	285	NOT	5
2723.127	2723.505	133	EASY	5
2723.505	2723.656	446	TO	5
2723.656	2724.0950000000003	113	CREATE	5
2724.0950000000003	2724.713	215	ILLUMINATING	5
2724.713	2725.444	146	EXAMPLES	5
2732.853	2733.194	270	MUM	6
2733.194	2733.738	407	STRONGLY	6
2733.738	2734.261	126	DISLIKES	6
2734.261	2735.255	27	APPETIZERS	6
2743.453	2743.69	443	THOSE	7
2743.69	2743.809	484	WHO	7
2743.809	2744.108	427	TEACH	7
2744.108	2744.618	462	VALUES	7
2744.618	2744.971	156	FIRST	7
2744.971	2745.546	4	ABOLISH	7
2745.546	2745.995	87	CHEATING	7
2754.147	2754.255	434	THE	8
2754.255	2754.704	165	FRIGHTENED	8
2754.704	2755.094	89	CHILD	8
2755.094	2755.306	472	WAS	8
2755.306	2755.642	176	GENTLY	8
2755.642	2756.145	410	SUBDUED	8
2756.145	2756.3	73	BY	8
2756.3	2756.434	208	HIS	8
2756.434	2756.678	52	BIG	8
2756.678	2757.04	66	BROTHER	8
2764.294	2764.553	142	EVEN	9
2764.553	2764.622	1	A	9
2764.622	2765.071	383	SIMPLE	9
2765.071	2765.887	468	VOCABULARY	9
2765.887	2766.377	104	CONTAINS	9
2766.377	2767.084	422	SYMBOLS	9
2775.098	2775.219	1	A	10
2775.219	2775.607	110	CRAB	10
2775.607	2776.1059999999998	85	CHALLENGED	10
2776.1059999999998	2776.373	258	ME	10
2776.373	2776.457	70	BUT	10
2776.457	2776.584	1	A	10
2776.584	2776.815	350	QUICK	10
2776.815	2777.343	402	STAB	10
2777.343	2777.862	464	VANQUISHED	10
2777.862	2778.072	207	HIM	10
2785.918	2786.43	183	GLUCOSE	11
2786.43	2786.579	20	AND	11
2786.579	2787.132	167	FRUCTOSE	11
2787.132	2787.255	30	ARE	11
2787.255	2787.649	276	NATURAL	11
2787.649	2788.209	414	SUGARS	11
2788.209	2788.558	163	FOUND	11
2788.558	2788.673	217	IN	11
2788.673	2789.096	168	FRUIT	11
2796.259	2796.41	30	ARE	12
2796.41	2796.55	495	YOU	12
2796.55	2796.909	250	LOOKING	12
2796.909	2797.139	161	FOR	12
2797.139	2797.857	136	EMPLOYMENT	12
2804.991	2805.37	98	COFFEE	13
2805.37	2805.589	224	IS	13
2805.589	2805.759	198	GROWN	13
2805.759	2805.909	297	ON	13
2805.909	2806.424	404	STEEP	13
2806.424	2806.826	231	JUNGLE	13
2806.826	2807.046	241	LIKE	13
2807.046	2807.535	390	SLOPES	13
2807.535	2807.714	217	IN	13
2807.714	2808.1530000000002	431	TEMPERATE	13
2808.1530000000002	2808.719	497	ZONES	13
2816.372	2816.536	476	WE	14
2816.536	2816.923	480	WELCOME	14
2816.923	2817.173	256	MANY	14
2817.173	2817.353	282	NEW	14
2817.353	2817.88	408	STUDENTS	14
2817.88	2818.2110000000002	132	EACH	14
2818.2110000000002	2818.57	491	YEAR	14
2826.596	2826.891	298	ONLY	15
2826.891	2827.075	434	THE	15
2827.075	2827.379	51	BEST	15
2827.379	2827.779	330	PLAYERS	15
2827.779	2828.177	139	ENJOY	15
2828.177	2829.076	336	POPULARITY	15
2837.797	2838.325	75	CALCIUM	16
2838.325	2838.672	254	MAKES	16
2838.672	2838.963	58	BONES	16
2838.963	2839.11	20	AND	16
2839.11	2839.353	430	TEETH	16
2839.353	2839.857	406	STRONG	16
2846.6059999999998	2847.04	286	NOTHING	17
2847.04	2847.1549999999997	224	IS	17
2847.1549999999997	2847.317	34	AS	17
2847.317	2847.833	295	OFFENSIVE	17
2847.833	2848.023	34	AS	17
2848.023	2848.94	219	INNOCENCE	17
2857.791	2858.295	405	STEVE	18
2858.295	2858.488	490	WORE	18
2858.488	2858.615	1	A	18
2858.615	2858.918	65	BRIGHT	18
2858.918	2859.235	356	RED	18
2859.235	2859.815	78	CASHMERE	18
2859.815	2860.385	420	SWEATER	18
2867.9030000000002	2868.247	46	BARB'S	19
2868.247	2868.511	188	GOLD	19
2868.511	2869.005	63	BRACELET	19
2869.005	2869.154	472	WAS	19
2869.154	2869.283	1	A	19
2869.283	2870.062	193	GRADUATION	19
2870.062	2870.552	339	PRESENT	19
2879.279	2879.601	130	DRAW	20
2879.601	2879.93	145	EVERY	20
2879.93	2880.24	308	OUTER	20
2880.24	2880.499	244	LINE	20
2880.499	2881.119	156	FIRST	20
2881.119	2881.311	436	THEN	20
2881.311	2881.547	154	FILL	20
2881.547	2881.685	217	IN	20
2881.685	2881.805	434	THE	20
2881.805	2882.553	222	INTERIOR	20
2889.977	2890.0969999999998	434	THE	21
2890.0969999999998	2890.392	475	WATER	21
2890.392	2890.8360000000002	103	CONTAINED	21
2890.8360000000002	2891.005	448	TOO	21
2891.005	2891.275	269	MUCH	21
2891.275	2891.75	90	CHLORINE	21
2891.75	2891.868	20	AND	21
2891.868	2892.262	409	STUNG	21
2892.262	2892.462	208	HIS	21
2892.462	2892.988	149	EYES	21
2899.632	2900.041	229	JOHN'S	22
2900.041	2900.254	66	BROTHER	22
2900.254	2900.98	363	REPAINTED	22
2900.98	2901.082	434	THE	22
2901.082	2901.661	173	GARAGE	22
2901.661	2902.061	129	DOOR	22
2909.735	2910.271	84	CHALLENGE	23
2910.271	2910.55	132	EACH	23
2910.55	2911.04	175	GENERAL'S	23
2911.04	2911.908	221	INTELLIGENCE	23
2919.3360000000002	2920.147	17	AMBIDEXTROUS	24
2920.147	2920.7960000000003	327	PICKPOCKETS	24
2920.7960000000003	2921.426	6	ACCOMPLISH	24
2921.426	2921.745	267	MORE	24
2929.466	2929.524	1	A	25
2929.524	2930.161	271	MUSCULAR	25
2930.161	2930.514	2	ABDOMEN	25
2930.514	2930.827	224	IS	25
2930.827	2931.014	189	GOOD	25
2931.014	2931.134	161	FOR	25
2931.134	2931.3559999999998	496	YOUR	25
2931.3559999999998	2931.861	43	BACK	25
2938.61	2938.823	438	THEY	26
2938.823	2938.938	317	OWN	26
2938.938	2939.185	1	A	26
2939.185	2939.375	52	BIG	26
2939.375	2939.784	209	HOUSE	26
2939.784	2939.913	217	IN	26
2939.913	2940.014	434	THE	26
2940.014	2940.379	361	REMOTE	26
2940.379	2941.15	109	COUNTRYSIDE	26
2948.2	2948.255	434	THE	27
2948.255	2948.614	369	ROSE	27
2948.614	2949.163	106	CORSAGE	27
2949.163	2949.501	393	SMELLED	27
2949.501	2949.941	421	SWEET	27
2958.057	2958.341	433	THAT	28
2958.341	2958.899	326	PICKPOCKET	28
2958.899	2959.123	472	WAS	28
2959.123	2959.44	80	CAUGHT	28
2959.44	2959.688	356	RED	28
2959.688	2960.148	199	HANDED	28
2968.267	2968.359	19	AN	29
2968.359	2968.8469999999998	9	ADULT	29
2968.8469999999998	2969.0950000000003	255	MALE	29
2969.0950000000003	2969.627	42	BABOON'S	29
2969.627	2969.91	430	TEETH	29
2969.91	2970.085	30	ARE	29
2970.085	2970.355	285	NOT	29
2970.355	2970.803	415	SUITABLE	29
2970.803	2970.904	161	FOR	29
2970.904	2971.192	135	EATING	29
2971.192	2971.965	376	SHELLFISH	29
2979.219	2979.384	204	HER	30
2979.384	2979.962	470	WARDROBE	30
2979.962	2980.432	102	CONSISTS	30
2980.432	2980.511	294	OF	30
2980.511	2980.883	298	ONLY	30
2980.883	2981.35	385	SKIRTS	30
2981.35	2981.568	20	AND	30
2981.568	2982.324	54	BLOUSES	30
2989.7690000000002	2989.945	434	THE	31
2989.945	2990.13	453	TWO	31
2990.13	2990.928	33	ARTISTS	31
2990.928	2991.625	147	EXCHANGED	31
2991.625	2992.555	39	AUTOGRAPHS	31
3000.188	3000.782	71	BUTTERSCOTCH	32
3000.782	3001.234	169	FUDGE	32
3001.234	3001.474	186	GOES	32
3001.474	3001.743	481	WELL	32
3001.743	3001.92	487	WITH	32
3001.92	3002.245	463	VANILLA	32
3002.245	3002.629	212	ICE	32
3002.629	3002.971	112	CREAM	32
3011.023	3011.305	366	RICH	33
3011.305	3011.774	349	PURCHASED	33
3011.774	3011.971	99999	sp	33
3011.971	3012.304	374	SEVERAL	33
3012.304	3012.635	382	SIGNED	33
3012.635	3013.432	245	LITHOGRAPHS	33
3020.79	3021.075	24	ANY	34
3021.075	3021.844	105	CONTRIBUTIONS	34
3021.844	3021.954	485	WILL	34
3021.954	3022.114	47	BE	34
3022.114	3022.532	195	GREATLY	34
3022.532	3023.38	28	APPRECIATED	34
3030.889	3031.011	434	THE	35
3031.011	3031.622	111	CRANBERRY	35
3031.622	3031.986	57	BOG	35
3031.986	3032.157	178	GETS	35
3032.157	3032.471	465	VERY	35
3032.471	3032.699	340	PRETTY	35
3032.699	3032.838	217	IN	35
3032.838	3033.308	40	AUTUMN	35
3040.734	3040.939	210	HOW	36
3040.939	3041.09	128	DO	36
3041.09	3041.538	318	OYSTERS	36
3041.538	3041.797	253	MAKE	36
3041.797	3042.167	320	PEARLS	36
3049.664	3049.829	257	MAY	37
3049.829	3050.085	211	I	37
3050.085	3050.428	304	ORDER	37
3050.428	3050.512	1	A	37
3050.512	3051.069	319	PARFAIT	37
3051.069	3051.396	10	AFTER	37
3051.396	3051.528	211	I	37
3051.528	3051.764	134	EAT	37
3051.764	3052.144	124	DINNER	37
3059.931	3060.116	224	IS	38
3060.116	3060.292	375	SHE	38
3060.292	3060.586	187	GOING	38
3060.586	3060.754	487	WITH	38
3060.754	3060.932	495	YOU	38
3067.443	3067.639	76	CAN	39
3067.639	3067.78	434	THE	39
3067.78	3068.262	11	AGENCY	39
3068.262	3068.845	315	OVERTHROW	39
3068.845	3069.305	13	ALIEN	39
3069.305	3069.953	162	FORCES	39
3078.959	3079.063	1	A	40
3079.063	3079.813	371	SCREWDRIVER	40
3079.813	3079.971	224	IS	40
3079.971	3080.24	252	MADE	40
3080.24	3080.51	166	FROM	40
3080.51	3080.982	469	VODKA	40
3080.982	3081.2690000000002	20	AND	40
3081.2690000000002	3081.748	303	ORANGE	40
3081.748	3082.325	230	JUICE	40
3089.992	3090.177	210	HOW	41
3090.177	3090.397	269	MUCH	41
3090.397	3090.956	16	ALLOWANCE	41
3090.956	3091.046	128	DO	41
3091.046	3091.218	495	YOU	41
3091.218	3091.534	177	GET	41
3098.585	3099.201	115	CYCLICAL	42
3099.201	3099.825	346	PROGRAMS	42
3099.825	3099.975	485	WILL	42
3099.975	3100.383	281	NEVER	42
3100.383	3100.963	100	COMPILE	42
3107.33	3107.476	434	THE	43
3107.476	3107.976	61	BOSTON	43
3107.976	3108.397	45	BALLET	43
3108.397	3109.007	312	OVERCAME	43
3109.007	3109.135	435	THEIR	43
3109.135	3109.574	170	FUNDING	43
3109.574	3110.263	380	SHORTAGE	43
3118.879	3119.173	145	EVERY	44
3119.173	3119.441	74	CAB	44
3119.441	3119.691	280	NEEDS	44
3119.691	3120.2690000000002	364	REPAINTING	44
3120.2690000000002	3120.756	296	OFTEN	44
3128.417	3128.737	203	HELP	45
3128.737	3128.997	196	GREG	45
3128.997	3129.17	446	TO	45
3129.17	3129.365	325	PICK	45
3129.365	3129.518	1	A	45
3129.518	3129.706	321	PECK	45
3129.706	3129.885	294	OF	45
3129.885	3130.549	338	POTATOES	45
3139.109	3139.377	476	WE	46
3139.377	3139.596	241	LIKE	46
3139.596	3139.616	99999	sp	46
3139.616	3139.885	55	BLUE	46
3139.885	3140.205	88	CHEESE	46
3140.205	3140.424	70	BUT	46
3140.424	3140.752	466	VICTOR	46
3140.752	3141.113	242	LIKES	46
3141.113	3141.532	64	BRIE	46
3149.362	3149.623	108	COUNT	47
3149.623	3149.777	434	THE	47
3149.777	3150.0389999999998	289	NUMBER	47
3150.0389999999998	3150.227	294	OF	47
3150.227	3150.751	429	TEASPOONS	47
3150.751	3150.86	294	OF	47
3150.86	3151.53	395	SOYSAUCE	47
3151.53	3151.662	433	THAT	47
3151.662	3151.768	495	YOU	47
3151.768	3152.088	7	ADD	47
3160.026	3160.592	44	BAGPIPES	48
3160.592	3160.794	20	AND	48
3160.794	3161.242	59	BONGOS	48
3161.242	3161.397	30	ARE	48
3161.397	3161.915	273	MUSICAL	48
3161.915	3162.674	220	INSTRUMENTS	48
3170.122	3170.427	210	HOW	49
3170.427	3170.583	189	GOOD	49
3170.583	3170.744	224	IS	49
3170.744	3170.876	496	YOUR	49
3170.876	3171.573	138	ENDURANCE	49
