757.6376453311726	757.7900000000001	30	ARE	0
757.7900000000001	758.1789570564665	496	YOUR	0
758.1789570564665	758.5924065025586	192	GRADES	0
758.5924065025586	759.3100000000001	206	HIGHER	0
759.3100000000001	759.4231194405652	302	OR	0
759.4231194405652	759.7920876179021	251	LOWER	0
759.7920876179021	759.96	432	THAN	0
759.96	760.73	275	NANCY'S	0
772.6234744172389	772.95	375	SHE	1
772.95	773.2566014583804	490	WORE	1
773.2566014583804	773.7796369958303	471	WARM	1
773.7796369958303	773.8980633623137	99999	sp	1
773.8980633623137	774.5729853853659	158	FLEECY	1
774.5729853853659	774.99	489	WOOLEN	1
774.99	775.8000000000001	311	OVERALLS	1
789.1901711881442	789.6674399053629	354	READING	2
789.6674399053629	789.8491389868803	217	IN	2
789.8491389868803	789.9039075282005	99999	sp	2
789.9039075282005	790.23	335	POOR	2
790.23	790.783402808122	240	LIGHT	2
790.783402808122	791.0432606232142	181	GIVES	2
791.0432606232142	791.175039053245	495	YOU	2
791.175039053245	791.96	150	EYESTRAIN	2
803.8568569938758	804.2459971623778	142	EVEN	3
804.2459971623778	804.5368693931513	211	I	3
804.5368693931513	805.3908913231652	293	OCCASIONALLY	3
805.3908913231652	805.6132658275332	177	GET	3
805.6132658275332	805.69	434	THE	3
805.69	806.1846710356892	265	MONDAY	3
806.1846710356892	806.7700000000001	56	BLUES	3
817.9979332210153	818.1300000000001	476	WE	4
818.1300000000001	818.3546405086402	30	ARE	4
818.3546405086402	818.785940479681	301	OPEN	4
818.785940479681	818.9317543141372	99999	sp	4
818.9317543141372	819.2645098459204	145	EVERY	4
819.2645098459204	819.6789703333152	265	MONDAY	4
819.6789703333152	820.1926993369894	143	EVENING	4
830.2916057560088	830.5365272843652	226	IT'S	5
830.5365272843652	830.8315097557722	285	NOT	5
830.8315097557722	830.9309330939855	99999	sp	5
830.9309330939855	831.398729131837	133	EASY	5
831.398729131837	831.6168537408034	446	TO	5
831.6168537408034	832.3055408272559	113	CREATE	5
832.3055408272559	833.1159441214097	215	ILLUMINATING	5
833.1159441214097	834.08	146	EXAMPLES	5
845.9797352111427	846.3460614844296	270	MUM	6
846.3460614844296	846.9679413677997	407	STRONGLY	6
846.9679413677997	847.6073428167763	126	DISLIKES	6
847.6073428167763	848.6200000000001	27	APPETIZERS	6
861.2680042225979	861.6367438339771	443	THOSE	7
861.6367438339771	861.835017081781	484	WHO	7
861.835017081781	862.1781803166398	427	TEACH	7
862.1781803166398	862.8570431209516	462	VALUES	7
862.8570431209516	862.9747332628883	99999	sp	7
862.9747332628883	863.4243418358174	156	FIRST	7
863.4243418358174	864.0726427143832	4	ABOLISH	7
864.0726427143832	864.6158328235636	87	CHEATING	7
875.8256721759794	875.9200000000001	434	THE	8
875.9200000000001	876.6400000000001	165	FRIGHTENED	8
876.6400000000001	877.2746140881372	89	CHILD	8
877.2746140881372	877.5510825397848	472	WAS	8
877.5510825397848	877.9100000000001	176	GENTLY	8
877.9100000000001	878.7199249677169	410	SUBDUED	8
878.7199249677169	878.8600000000001	73	BY	8
878.8600000000001	879.1179234994217	208	HIS	8
879.1179234994217	879.3857705268441	52	BIG	8
879.3857705268441	879.8568320394131	66	BROTHER	8
891.2986760034295	891.6370793554099	142	EVEN	9
891.6370793554099	891.7696626461695	1	A	9
891.7696626461695	892.267707099971	383	SIMPLE	9
892.267707099971	893.2508486261778	468	VOCABULARY	9
893.2508486261778	893.8900000000001	104	CONTAINS	9
893.8900000000001	894.6287768609075	422	SYMBOLS	9
905.7777947479965	905.9297868915015	1	A	10
905.9297868915015	906.382135704159	110	CRAB	10
906.382135704159	907.0191324725304	85	CHALLENGED	10
907.0191324725304	907.3724529390802	258	ME	10
907.3724529390802	907.5798187642984	99999	sp	10
907.5798187642984	907.6869124440618	70	BUT	10
907.6869124440618	907.8314955103519	1	A	10
907.8314955103519	908.2773004452703	350	QUICK	10
908.2773004452703	908.8197926546092	402	STAB	10
908.8197926546092	909.44272255214	464	VANQUISHED	10
909.44272255214	909.7150537199417	207	HIM	10
922.3856106823077	923.0374943793721	183	GLUCOSE	11
923.0374943793721	923.2215065263078	20	AND	11
923.2215065263078	924.0011647169533	167	FRUCTOSE	11
924.0011647169533	924.1317392203471	30	ARE	11
924.1317392203471	924.5922175556475	276	NATURAL	11
924.5922175556475	925.2048568351572	414	SUGARS	11
925.2048568351572	925.5300000000001	163	FOUND	11
925.5300000000001	925.6800000000001	217	IN	11
925.6800000000001	926.1473697791982	168	FRUIT	11
937.1574165975908	937.3300000000002	30	ARE	12
937.3300000000002	937.5879965374438	495	YOU	12
937.5879965374438	937.99	250	LOOKING	12
937.99	938.339032723406	161	FOR	12
938.339032723406	939.3300000000002	136	EMPLOYMENT	12
951.8902903891653	952.3522932618937	98	COFFEE	13
952.3522932618937	952.5986268048814	224	IS	13
952.5986268048814	952.9768539237809	198	GROWN	13
952.9768539237809	953.2700000000001	297	ON	13
953.2700000000001	953.9408919111238	404	STEEP	13
953.9408919111238	954.3400000000001	231	JUNGLE	13
954.3400000000001	954.6407089100503	241	LIKE	13
954.6407089100503	955.3642305583166	390	SLOPES	13
955.3642305583166	955.5648370688434	217	IN	13
955.5648370688434	956.0646438910924	431	TEMPERATE	13
956.0646438910924	956.7800000000001	497	ZONES	13
967.6437722894912	967.759708871643	476	WE	14
967.759708871643	968.2155261462277	480	WELCOME	14
968.2155261462277	968.6000000000001	256	MANY	14
968.6000000000001	968.8589174866053	282	NEW	14
968.8589174866053	969.4318717016977	408	STUDENTS	14
969.4318717016977	969.7247246916461	132	EACH	14
969.7247246916461	970.0500000000001	491	YEAR	14
979.8717621587763	980.2400781651806	298	ONLY	15
980.2400781651806	980.4079120424612	434	THE	15
980.4079120424612	980.7362070663314	51	BEST	15
980.7362070663314	980.799749455809	99999	sp	15
980.799749455809	981.2972906864379	330	PLAYERS	15
981.2972906864379	981.8383120309497	139	ENJOY	15
981.8383120309497	982.82	336	POPULARITY	15
994.4782169363655	995.1872730730638	75	CALCIUM	16
995.1872730730638	995.2442564077185	99999	sp	16
995.2442564077185	995.6558202612192	254	MAKES	16
995.6558202612192	996.0800000000002	58	BONES	16
996.0800000000002	996.4698042466255	20	AND	16
996.4698042466255	996.9146960120679	430	TEETH	16
996.9146960120679	997.5800000000002	406	STRONG	16
1009.4734993214824	1009.9774535239832	286	NOTHING	17
1009.9774535239832	1010.1500000000001	224	IS	17
1010.1500000000001	1010.5168361432395	34	AS	17
1010.5168361432395	1011.1000000000001	295	OFFENSIVE	17
1011.1000000000001	1011.3521074367227	34	AS	17
1011.3521074367227	1012.1527511118231	219	INNOCENCE	17
1023.3988780052748	1023.9188185919394	405	STEVE	18
1023.9188185919394	1024.2078225496318	490	WORE	18
1024.2078225496318	1024.335457324897	1	A	18
1024.335457324897	1024.712821762294	65	BRIGHT	18
1024.712821762294	1025.2115618432174	356	RED	18
1025.2115618432174	1025.7274561954612	78	CASHMERE	18
1025.7274561954612	1026.24	420	SWEATER	18
1037.147097585226	1037.6550707992071	46	BARB'S	19
1037.6550707992071	1038.002996244261	188	GOLD	19
1038.002996244261	1038.5128261245914	63	BRACELET	19
1038.5128261245914	1038.74	472	WAS	19
1038.74	1038.869830822861	1	A	19
1038.869830822861	1039.726753158323	193	GRADUATION	19
1039.726753158323	1040.158248548671	339	PRESENT	19
1052.35496171059	1052.6608094572277	130	DRAW	20
1052.6608094572277	1053.067803573471	145	EVERY	20
1053.067803573471	1053.4245640599522	308	OUTER	20
1053.4245640599522	1053.8	244	LINE	20
1053.8	1054.39	156	FIRST	20
1054.39	1054.6006619808147	99999	sp	20
1054.6006619808147	1054.91	436	THEN	20
1054.91	1055.195252754734	154	FILL	20
1055.195252754734	1055.529796835739	217	IN	20
1055.529796835739	1055.666785186658	434	THE	20
1055.666785186658	1056.47	222	INTERIOR	20
1068.828354742218	1068.91	434	THE	21
1068.91	1069.4314594058549	475	WATER	21
1069.4314594058549	1070.2427880927185	103	CONTAINED	21
1070.2427880927185	1070.448787468615	448	TOO	21
1070.448787468615	1070.8130682790365	269	MUCH	21
1070.8130682790365	1071.4468003598797	90	CHLORINE	21
1071.4468003598797	1071.5436237274478	99999	sp	21
1071.5436237274478	1071.720926768977	20	AND	21
1071.720926768977	1072.07	409	STUNG	21
1072.07	1072.26	208	HIS	21
1072.26	1072.7900000000002	149	EYES	21
1083.130966397978	1083.6395823768896	229	JOHN'S	22
1083.6395823768896	1083.713788262409	99999	sp	22
1083.713788262409	1084.1523757744183	66	BROTHER	22
1084.1523757744183	1084.9595160970323	363	REPAINTED	22
1084.9595160970323	1085.0938147916795	434	THE	22
1085.0938147916795	1085.6837432678747	173	GARAGE	22
1085.6837432678747	1086.05	129	DOOR	22
1096.8704135504097	1097.5657321096066	84	CHALLENGE	23
1097.5657321096066	1098.0151116716231	132	EACH	23
1098.0151116716231	1098.690272140857	175	GENERAL'S	23
1098.690272140857	1099.74	221	INTELLIGENCE	23
1110.292170768785	1111.1662229873539	17	AMBIDEXTROUS	24
1111.1662229873539	1111.2458408998548	99999	sp	24
1111.2458408998548	1112.0588669023614	327	PICKPOCKETS	24
1112.0588669023614	1112.703634685482	6	ACCOMPLISH	24
1112.703634685482	1113.1100000000001	267	MORE	24
1124.2037169454463	1124.3143288589397	1	A	25
1124.3143288589397	1124.9892833727292	271	MUSCULAR	25
1124.9892833727292	1125.7061238427434	2	ABDOMEN	25
1125.7061238427434	1125.952763681456	224	IS	25
1125.952763681456	1126.17	189	GOOD	25
1126.17	1126.3500000000001	161	FOR	25
1126.3500000000001	1126.595479825932	496	YOUR	25
1126.595479825932	1127.0443232548184	43	BACK	25
1138.08661618657	1138.324412153573	438	THEY	26
1138.324412153573	1138.6259104830751	317	OWN	26
1138.6259104830751	1138.8864309793482	1	A	26
1138.8864309793482	1139.1378343639415	52	BIG	26
1139.1378343639415	1139.768942717177	209	HOUSE	26
1139.768942717177	1139.972651890275	217	IN	26
1139.972651890275	1140.0800000000002	434	THE	26
1140.0800000000002	1140.717404207039	361	REMOTE	26
1140.717404207039	1141.59	109	COUNTRYSIDE	26
1152.0543604624015	1152.192330818683	434	THE	27
1152.192330818683	1152.714728701914	369	ROSE	27
1152.714728701914	1153.6000000000001	106	CORSAGE	27
1153.6000000000001	1153.8677970974145	99999	sp	27
1153.8677970974145	1154.3100000000002	393	SMELLED	27
1154.3100000000002	1154.69	421	SWEET	27
1165.4762465592453	1165.8023952779868	433	THAT	28
1165.8023952779868	1166.52	326	PICKPOCKET	28
1166.52	1166.5844117039321	99999	sp	28
1166.5844117039321	1166.822961538089	472	WAS	28
1166.822961538089	1167.1523907635317	80	CAUGHT	28
1167.1523907635317	1167.4090125548216	356	RED	28
1167.4090125548216	1168.0	199	HANDED	28
1179.35820085208	1179.51	19	AN	29
1179.51	1180.1862817611188	9	ADULT	29
1180.1862817611188	1180.542299316641	255	MALE	29
1180.542299316641	1180.630851906593	99999	sp	29
1180.630851906593	1181.3317751768027	42	BABOON'S	29
1181.3317751768027	1181.9116583346013	430	TEETH	29
1181.9116583346013	1182.0200100618274	30	ARE	29
1182.0200100618274	1182.4	285	NOT	29
1182.4	1183.0149486124944	415	SUITABLE	29
1183.0149486124944	1183.2488271164948	161	FOR	29
1183.2488271164948	1183.572411467263	135	EATING	29
1183.572411467263	1184.38	376	SHELLFISH	29
1195.201533487094	1195.4108624267826	204	HER	30
1195.4108624267826	1196.0258073685347	470	WARDROBE	30
1196.0258073685347	1196.89	102	CONSISTS	30
1196.89	1196.9976756624633	99999	sp	30
1196.9976756624633	1197.16	294	OF	30
1197.16	1197.5852547143857	298	ONLY	30
1197.5852547143857	1198.0400000000002	385	SKIRTS	30
1198.0400000000002	1198.2427574785506	20	AND	30
1198.2427574785506	1198.95	54	BLOUSES	30
1208.302425059351	1208.4397719335627	434	THE	31
1208.4397719335627	1208.4957950006753	99999	sp	31
1208.4957950006753	1208.8825348833236	453	TWO	31
1208.8825348833236	1209.421695129596	33	ARTISTS	31
1209.421695129596	1209.5409700466744	99999	sp	31
1209.5409700466744	1210.2317420966933	147	EXCHANGED	31
1210.2317420966933	1210.99	39	AUTOGRAPHS	31
1222.153591806889	1222.9035780279125	71	BUTTERSCOTCH	32
1222.9035780279125	1223.4420463200956	169	FUDGE	32
1223.4420463200956	1223.5095081974919	99999	sp	32
1223.5095081974919	1223.8703517041502	186	GOES	32
1223.8703517041502	1224.2	481	WELL	32
1224.2	1224.444771274428	487	WITH	32
1224.444771274428	1224.934521312735	463	VANILLA	32
1224.934521312735	1225.2567217553244	212	ICE	32
1225.2567217553244	1225.71	112	CREAM	32
1237.3435838962434	1237.742974148885	366	RICH	33
1237.742974148885	1237.8080331945641	99999	sp	33
1237.8080331945641	1238.49	349	PURCHASED	33
1238.49	1238.5722083147393	99999	sp	33
1238.5722083147393	1239.2231560187302	374	SEVERAL	33
1239.2231560187302	1239.8674303080732	382	SIGNED	33
1239.8674303080732	1239.9108030051925	99999	sp	33
1239.9108030051925	1240.89	245	LITHOGRAPHS	33
1253.9028549879854	1254.2552581520808	24	ANY	34
1254.2552581520808	1255.2404687700919	105	CONTRIBUTIONS	34
1255.2404687700919	1255.3001062286312	99999	sp	34
1255.3001062286312	1255.4555250599758	485	WILL	34
1255.4555250599758	1255.6387057659178	47	BE	34
1255.6387057659178	1256.074759538446	195	GREATLY	34
1256.074759538446	1257.2	28	APPRECIATED	34
1269.006659303913	1269.0988262852918	434	THE	35
1269.0988262852918	1269.1620781352576	99999	sp	35
1269.1620781352576	1269.828933353469	111	CRANBERRY	35
1269.828933353469	1269.9066427691412	99999	sp	35
1269.9066427691412	1270.2807322817964	57	BOG	35
1270.2807322817964	1270.3909712203083	99999	sp	35
1270.3909712203083	1270.67	178	GETS	35
1270.67	1271.0102056987785	465	VERY	35
1271.0102056987785	1271.0969510930172	99999	sp	35
1271.0969510930172	1271.5306020338282	340	PRETTY	35
1271.5306020338282	1271.6932496480263	217	IN	35
1271.6932496480263	1272.14	40	AUTUMN	35
1282.5796060573084	1282.8793197638392	210	HOW	36
1282.8793197638392	1283.1100000000001	128	DO	36
1283.1100000000001	1283.7087845810568	318	OYSTERS	36
1283.7087845810568	1283.7702292353094	99999	sp	36
1283.7702292353094	1284.0880270142973	253	MAKE	36
1284.0880270142973	1284.1783867999627	99999	sp	36
1284.1783867999627	1284.88	320	PEARLS	36
1296.163161390676	1296.3805171964452	257	MAY	37
1296.3805171964452	1296.63	211	I	37
1296.63	1297.032422528778	304	ORDER	37
1297.032422528778	1297.2463255618463	1	A	37
1297.2463255618463	1298.0103663487444	319	PARFAIT	37
1298.0103663487444	1298.497021601245	10	AFTER	37
1298.497021601245	1298.7446074139684	211	I	37
1298.7446074139684	1298.9771400249817	134	EAT	37
1298.9771400249817	1299.42	124	DINNER	37
1311.8027802280046	1311.94	224	IS	38
1311.94	1312.2805338352161	375	SHE	38
1312.2805338352161	1312.6423962654128	187	GOING	38
1312.6423962654128	1312.8990180567027	487	WITH	38
1312.8990180567027	1313.22	495	YOU	38
1325.5298080921368	1325.8600000000001	76	CAN	39
1325.8600000000001	1326.0231725218705	434	THE	39
1326.0231725218705	1326.7226155658157	11	AGENCY	39
1326.7226155658157	1326.7858674157815	99999	sp	39
1326.7858674157815	1327.5193202088308	315	OVERTHROW	39
1327.5193202088308	1327.5789576673699	99999	sp	39
1327.5789576673699	1328.0818396660989	13	ALIEN	39
1328.0818396660989	1328.8400000000001	162	FORCES	39
1340.7062272060466	1340.8023278724893	1	A	40
1340.8023278724893	1341.607883533711	371	SCREWDRIVER	40
1341.607883533711	1341.7958318878952	224	IS	40
1341.7958318878952	1342.1361042876179	252	MADE	40
1342.1361042876179	1342.4360987760272	166	FROM	40
1342.4360987760272	1342.9280792975821	469	VODKA	40
1342.9280792975821	1343.1200000000001	20	AND	40
1343.1200000000001	1343.588129020475	303	ORANGE	40
1343.588129020475	1344.13	230	JUICE	40
1356.4797711623319	1356.6695267122295	210	HOW	41
1356.6695267122295	1357.0345802463182	269	MUCH	41
1357.0345802463182	1357.682210250581	16	ALLOWANCE	41
1357.682210250581	1357.75	128	DO	41
1357.75	1357.9643254180287	495	YOU	41
1357.9643254180287	1358.22	177	GET	41
1368.2330320655703	1368.9269952194813	115	CYCLICAL	42
1368.9269952194813	1369.0137406137203	99999	sp	42
1369.0137406137203	1369.7104538564997	346	PROGRAMS	42
1369.7104538564997	1369.8044280335916	485	WILL	42
1369.8044280335916	1370.2291190262197	281	NEVER	42
1370.2291190262197	1370.93	100	COMPILE	42
1381.9564835534682	1382.0739512748332	434	THE	43
1382.0739512748332	1382.148046299079	99999	sp	43
1382.148046299079	1382.7350199212642	61	BOSTON	43
1382.7350199212642	1383.3545230662892	45	BALLET	43
1383.3545230662892	1384.129407027467	312	OVERCAME	43
1384.129407027467	1384.2848258588117	435	THEIR	43
1384.2848258588117	1384.7700000000002	170	FUNDING	43
1384.7700000000002	1385.5700000000002	380	SHORTAGE	43
1397.5375801738821	1397.8954049251174	145	EVERY	44
1397.8954049251174	1397.9658855579366	99999	sp	44
1397.9658855579366	1398.38	74	CAB	44
1398.38	1398.7831232926956	280	NEEDS	44
1398.7831232926956	1399.6250078285434	364	REPAINTING	44
1399.6250078285434	1400.3200000000002	296	OFTEN	44
1412.4317497870663	1412.8058392997216	203	HELP	45
1412.8058392997216	1412.8835487153938	99999	sp	45
1412.8835487153938	1413.2531975492557	196	GREG	45
1413.2531975492557	1413.3222359710019	99999	sp	45
1413.3222359710019	1413.5025905576924	446	TO	45
1413.5025905576924	1413.5965647347846	99999	sp	45
1413.5965647347846	1413.9381247246001	325	PICK	45
1413.9381247246001	1414.1200558556409	1	A	45
1414.1200558556409	1414.45152292816	321	PECK	45
1414.45152292816	1414.5979057809382	294	OF	45
1414.5979057809382	1414.6683864137572	99999	sp	45
1414.6683864137572	1415.5200000000002	338	POTATOES	45
1427.325957415442	1427.4940266167798	476	WE	46
1427.4940266167798	1427.8120930623224	241	LIKE	46
1427.8120930623224	1427.8970312608478	99999	sp	46
1427.8970312608478	1428.1331782632878	55	BLUE	46
1428.1331782632878	1428.69	88	CHEESE	46
1428.69	1428.8227970564913	99999	sp	46
1428.8227970564913	1429.0035166278224	70	BUT	46
1429.0035166278224	1429.453191075111	466	VICTOR	46
1429.453191075111	1429.9	242	LIKES	46
1429.9	1429.9819217505149	99999	sp	46
1429.9819217505149	1430.41	64	BRIE	46
1442.2247603435908	1442.5446339848465	108	COUNT	47
1442.5446339848465	1442.6368009662253	99999	sp	47
1442.6368009662253	1442.7289679476041	434	THE	47
1442.7289679476041	1443.2700000000002	289	NUMBER	47
1443.2700000000002	1443.4200669670722	294	OF	47
1443.4200669670722	1443.483318817038	99999	sp	47
1443.483318817038	1444.315244768867	429	TEASPOONS	47
1444.315244768867	1444.45	294	OF	47
1444.45	1445.2975912524348	395	SOYSAUCE	47
1445.2975912524348	1445.3662646895405	99999	sp	47
1445.3662646895405	1445.5400000000002	433	THAT	47
1445.5400000000002	1445.73	495	YOU	47
1445.73	1446.17	7	ADD	47
1454.4702324197467	1455.1154012893983	44	BAGPIPES	48
1455.1154012893983	1455.3485295364155	20	AND	48
1455.3485295364155	1455.958958687682	59	BONGOS	48
1455.958958687682	1456.0728120176207	30	ARE	48
1456.0728120176207	1456.6872205449542	273	MUSICAL	48
1456.6872205449542	1457.5900000000001	220	INSTRUMENTS	48
1470.9152268940163	1471.2043782081457	210	HOW	49
1471.2043782081457	1471.2658228623984	99999	sp	49
1471.2658228623984	1471.5694317422344	189	GOOD	49
1471.5694317422344	1471.8300000000002	224	IS	49
1471.8300000000002	1472.0884198427434	496	YOUR	49
1472.0884198427434	1473.01	138	ENDURANCE	49
2201.5114216579414	2201.6332110974417	30	ARE	0
2201.6332110974417	2202.059300033439	496	YOUR	0
2202.059300033439	2202.4576616955396	192	GRADES	0
2202.4576616955396	2203.0056182371372	206	HIGHER	0
2203.0056182371372	2203.19711247269	302	OR	0
2203.19711247269	2203.589300122156	251	LOWER	0
2203.589300122156	2203.72	432	THAN	0
2203.72	2204.5420683653	275	NANCY'S	0
2215.210399194088	2215.47	375	SHE	1
2215.47	2215.7506012941976	490	WORE	1
2215.7506012941976	2216.3350633327223	471	WARM	1
2216.3350633327223	2216.3896740781106	99999	sp	1
2216.3896740781106	2217.03898304473	158	FLEECY	1
2217.03898304473	2217.561812956316	489	WOOLEN	1
2217.561812956316	2218.37	311	OVERALLS	1
2229.9776130477594	2230.442186411939	354	READING	2
2230.442186411939	2230.6477497517344	217	IN	2
2230.6477497517344	2230.98	335	POOR	2
2230.98	2231.4098387571016	240	LIGHT	2
2231.4098387571016	2231.545301325397	99999	sp	2
2231.545301325397	2231.8353231522865	181	GIVES	2
2231.8353231522865	2232.0021999068595	495	YOU	2
2232.0021999068595	2232.83	150	EYESTRAIN	2
2243.8749465721553	2244.2638030173507	142	EVEN	3
2244.2638030173507	2244.652850613706	211	I	3
2244.652850613706	2245.5279574556635	293	OCCASIONALLY	3
2245.5279574556635	2245.8029713616224	177	GET	3
2245.8029713616224	2245.87	434	THE	3
2245.87	2246.3513361503287	265	MONDAY	3
2246.3513361503287	2246.95	56	BLUES	3
2256.823703906789	2256.969984892632	476	WE	4
2256.969984892632	2257.2122404323777	30	ARE	4
2257.2122404323777	2257.7139048681815	301	OPEN	4
2257.7139048681815	2257.8587218329	99999	sp	4
2257.8587218329	2258.2244546490215	145	EVERY	4
2258.2244546490215	2258.791639275357	265	MONDAY	4
2258.791639275357	2259.43	143	EVENING	4
2269.35652724064	2269.582692006528	226	IT'S	5
2269.582692006528	2269.9697645109927	285	NOT	5
2269.9697645109927	2270.4774469526124	133	EASY	5
2270.4774469526124	2270.67589983019	446	TO	5
2270.67589983019	2271.2857064013333	113	CREATE	5
2271.2857064013333	2272.063271945722	215	ILLUMINATING	5
2272.063271945722	2273.0155701935923	146	EXAMPLES	5
2284.6190471998593	2284.98	270	MUM	6
2284.98	2285.669164462518	407	STRONGLY	6
2285.669164462518	2286.3383102972275	126	DISLIKES	6
2286.3383102972275	2287.39	27	APPETIZERS	6
2298.6259606670283	2298.9433347161894	443	THOSE	7
2298.9433347161894	2299.2069010960963	484	WHO	7
2299.2069010960963	2299.54	427	TEACH	7
2299.54	2300.194769843425	462	VALUES	7
2300.194769843425	2300.646048680683	156	FIRST	7
2300.646048680683	2301.3247445181873	4	ABOLISH	7
2301.3247445181873	2301.8233369319055	87	CHEATING	7
2311.9887346614846	2312.0916338519596	434	THE	8
2312.0916338519596	2312.847923242196	165	FRIGHTENED	8
2312.847923242196	2313.41	89	CHILD	8
2313.41	2313.686405253681	472	WAS	8
2313.686405253681	2314.037457883006	176	GENTLY	8
2314.037457883006	2314.7893358044375	410	SUBDUED	8
2314.7893358044375	2314.93	73	BY	8
2314.93	2315.228450594524	208	HIS	8
2315.228450594524	2315.456020665501	52	BIG	8
2315.456020665501	2315.9199999999996	66	BROTHER	8
2326.5999401152067	2327.0256641027704	142	EVEN	9
2327.0256641027704	2327.1710270753115	1	A	9
2327.1710270753115	2327.647193943149	383	SIMPLE	9
2327.647193943149	2328.6591887556697	468	VOCABULARY	9
2328.6591887556697	2329.3399999999992	104	CONTAINS	9
2329.3399999999992	2330.0899999999992	422	SYMBOLS	9
2340.5010147441335	2340.6757368088115	1	A	10
2340.6757368088115	2341.1325402791144	110	CRAB	10
2341.1325402791144	2341.7632152210144	85	CHALLENGED	10
2341.7632152210144	2342.17986547558	258	ME	10
2342.17986547558	2342.325116348625	99999	sp	10
2342.325116348625	2342.432475689572	70	BUT	10
2342.432475689572	2342.569306222151	1	A	10
2342.569306222151	2343.0071639264047	350	QUICK	10
2343.0071639264047	2343.512720652876	402	STAB	10
2343.512720652876	2344.1499999999996	464	VANQUISHED	10
2344.1499999999996	2344.4499999999994	207	HIM	10
2355.314930821638	2356.0057350383704	183	GLUCOSE	11
2356.0057350383704	2356.1425655709495	20	AND	11
2356.1425655709495	2356.9018073034854	167	FRUCTOSE	11
2356.9018073034854	2357.0299999999993	30	ARE	11
2357.0299999999993	2357.52065782874	276	NATURAL	11
2357.52065782874	2358.105177496597	414	SUGARS	11
2358.105177496597	2358.4299999999994	163	FOUND	11
2358.4299999999994	2358.565497142575	217	IN	11
2358.565497142575	2359.1499999999996	168	FRUIT	11
2369.714026663544	2369.8699999999994	30	ARE	12
2369.8699999999994	2370.0399999999995	495	YOU	12
2370.0399999999995	2370.4799999999996	250	LOOKING	12
2370.4799999999996	2370.7799999999993	161	FOR	12
2370.7799999999993	2371.7999999999993	136	EMPLOYMENT	12
2383.9419969531805	2384.377480998487	98	COFFEE	13
2384.377480998487	2384.6871970844577	224	IS	13
2384.6871970844577	2385.068931917928	198	GROWN	13
2385.068931917928	2385.322888290645	297	ON	13
2385.322888290645	2385.859752595848	404	STEEP	13
2385.859752595848	2386.0120127188015	99999	sp	13
2386.0120127188015	2386.4399999999996	231	JUNGLE	13
2386.4399999999996	2386.8275098544227	241	LIKE	13
2386.8275098544227	2387.4199999999996	390	SLOPES	13
2387.4199999999996	2387.627241101183	217	IN	13
2387.627241101183	2388.1554608669276	431	TEMPERATE	13
2388.1554608669276	2388.859999999999	497	ZONES	13
2399.139755617907	2399.352369214684	476	WE	14
2399.352369214684	2399.741809961256	480	WELCOME	14
2399.741809961256	2400.097569345962	256	MANY	14
2400.097569345962	2400.368812128959	282	NEW	14
2400.368812128959	2400.9540257913745	408	STUDENTS	14
2400.9540257913745	2401.2599999999993	132	EACH	14
2401.2599999999993	2401.6299999999997	491	YEAR	14
2411.0861585011594	2411.435630496026	298	ONLY	15
2411.435630496026	2411.566145773256	434	THE	15
2411.566145773256	2411.6445150306727	99999	sp	15
2411.6445150306727	2411.9198000728447	51	BEST	15
2411.9198000728447	2412.022974709656	99999	sp	15
2412.022974709656	2412.5020580570636	330	PLAYERS	15
2412.5020580570636	2413.0156988255144	139	ENJOY	15
2413.0156988255144	2413.9599999999996	336	POPULARITY	15
2424.584123478257	2425.3347972403853	75	CALCIUM	16
2425.3347972403853	2425.7373613946656	254	MAKES	16
2425.7373613946656	2425.8215647993297	99999	sp	16
2425.8215647993297	2426.3565927174336	58	BONES	16
2426.3565927174336	2426.638674123058	20	AND	16
2426.638674123058	2426.68709108074	99999	sp	16
2426.68709108074	2427.0449555505625	430	TEETH	16
2427.0449555505625	2427.6799999999994	406	STRONG	16
2438.6355824155926	2439.1450130138105	286	NOTHING	17
2439.1450130138105	2439.3932564590473	224	IS	17
2439.3932564590473	2439.6647679400626	34	AS	17
2439.6647679400626	2440.366270680536	295	OFFENSIVE	17
2440.366270680536	2440.5599999999995	34	AS	17
2440.5599999999995	2441.3899999999994	219	INNOCENCE	17
2453.105944322551	2453.68905289985	405	STEVE	18
2453.68905289985	2453.8827207305776	490	WORE	18
2453.8827207305776	2454.0586972872916	1	A	18
2454.0586972872916	2454.1295085862293	99999	sp	18
2454.1295085862293	2454.4312973529304	65	BRIGHT	18
2454.4312973529304	2454.9966700590658	356	RED	18
2454.9966700590658	2455.5672371134656	78	CASHMERE	18
2455.5672371134656	2456.1199999999994	420	SWEATER	18
2465.877771762834	2466.3192786154373	46	BARB'S	19
2466.3192786154373	2466.6639306794978	188	GOLD	19
2466.6639306794978	2467.2428290865632	63	BRACELET	19
2467.2428290865632	2467.415446066125	472	WAS	19
2467.415446066125	2467.5501715135874	1	A	19
2467.5501715135874	2468.3124365247886	193	GRADUATION	19
2468.3124365247886	2468.8099999999995	339	PRESENT	19
2478.8109697970463	2479.0899999999992	130	DRAW	20
2479.0899999999992	2479.155309775442	99999	sp	20
2479.155309775442	2479.5405403517807	145	EVERY	20
2479.5405403517807	2479.624743756445	99999	sp	20
2479.624743756445	2479.9699999999993	308	OUTER	20
2479.9699999999993	2480.3373576705803	244	LINE	20
2480.3373576705803	2480.9346671964495	156	FIRST	20
2480.9346671964495	2481.230636846204	99999	sp	20
2481.230636846204	2481.5752182439605	436	THEN	20
2481.5752182439605	2481.8679369991046	154	FILL	20
2481.8679369991046	2482.1289675535636	217	IN	20
2482.1289675535636	2482.278932771067	434	THE	20
2482.278932771067	2483.0699999999993	222	INTERIOR	20
2495.3845195243834	2495.513046675096	434	THE	21
2495.513046675096	2495.954680517832	475	WATER	21
2495.954680517832	2496.7158707369617	103	CONTAINED	21
2496.7158707369617	2496.8066736428746	99999	sp	21
2496.8066736428746	2496.9999999999995	448	TOO	21
2496.9999999999995	2497.3099976368526	269	MUCH	21
2497.3099976368526	2497.944233253455	90	CHLORINE	21
2497.944233253455	2498.1063248074333	20	AND	21
2498.1063248074333	2498.457135528321	409	STUNG	21
2498.457135528321	2498.6799999999994	208	HIS	21
2498.6799999999994	2499.2699999999995	149	EYES	21
2509.2883927260486	2509.794591681881	229	JOHN'S	22
2509.794591681881	2509.8846174448854	99999	sp	22
2509.8846174448854	2510.3734900889463	66	BROTHER	22
2510.3734900889463	2510.5440019833914	99999	sp	22
2510.5440019833914	2511.361604204129	363	REPAINTED	22
2511.361604204129	2511.5005398218245	434	THE	22
2511.5005398218245	2512.049541740718	173	GARAGE	22
2512.049541740718	2512.4799999999996	129	DOOR	22
2524.0147282287076	2524.5938842630644	84	CHALLENGE	23
2524.5938842630644	2525.0866983793403	132	EACH	23
2525.0866983793403	2525.7567204429247	175	GENERAL'S	23
2525.7567204429247	2526.859999999999	221	INTELLIGENCE	23
2535.982934987066	2536.8939248123893	17	AMBIDEXTROUS	24
2536.8939248123893	2537.66882033429	327	PICKPOCKETS	24
2537.66882033429	2538.398971672707	6	ACCOMPLISH	24
2538.398971672707	2538.8284090364937	267	MORE	24
2549.658338579403	2549.7199999999993	1	A	25
2549.7199999999993	2550.3930132850974	271	MUSCULAR	25
2550.3930132850974	2551.024606420547	2	ABDOMEN	25
2551.024606420547	2551.2919522303555	224	IS	25
2551.2919522303555	2551.4666742950335	189	GOOD	25
2551.4666742950335	2551.645606529945	161	FOR	25
2551.645606529945	2551.8561150416053	496	YOUR	25
2551.8561150416053	2552.3190766563043	43	BACK	25
2562.595682523023	2562.799875779333	438	THEY	26
2562.799875779333	2563.1199895279483	317	OWN	26
2563.1199895279483	2563.273519930569	1	A	26
2563.273519930569	2563.3408826543	99999	sp	26
2563.3408826543	2563.6082284641084	52	BIG	26
2563.6082284641084	2564.241120590621	209	HOUSE	26
2564.241120590621	2564.4099999999994	217	IN	26
2564.4099999999994	2564.5199999999995	434	THE	26
2564.5199999999995	2565.1298028083143	361	REMOTE	26
2565.1298028083143	2566.0799999999995	109	COUNTRYSIDE	26
2577.353903694919	2577.480463630653	434	THE	27
2577.480463630653	2577.9579065248618	369	ROSE	27
2577.9579065248618	2578.730696961646	106	CORSAGE	27
2578.730696961646	2578.7896393449114	99999	sp	27
2578.7896393449114	2579.2927546877795	393	SMELLED	27
2579.2927546877795	2579.9399999999996	421	SWEET	27
2589.8891294257205	2590.1971419918973	433	THAT	28
2590.1971419918973	2590.9735194153095	326	PICKPOCKET	28
2590.9735194153095	2591.2142607136293	472	WAS	28
2591.2142607136293	2591.492131949021	80	CAUGHT	28
2591.492131949021	2591.805789631395	356	RED	28
2591.805789631395	2592.4599999999996	199	HANDED	28
2602.1680928852184	2602.3334375105937	19	AN	29
2602.3334375105937	2603.0435509831264	9	ADULT	29
2603.0435509831264	2603.6089179937067	255	MALE	29
2603.6089179937067	2604.2967464760527	42	BABOON'S	29
2604.2967464760527	2604.8210448257714	430	TEETH	29
2604.8210448257714	2604.9699999999993	30	ARE	29
2604.9699999999993	2605.267322870491	285	NOT	29
2605.267322870491	2605.897167567307	415	SUITABLE	29
2605.897167567307	2606.103377960269	161	FOR	29
2606.103377960269	2606.4276481782695	135	EATING	29
2606.4276481782695	2607.2399999999993	376	SHELLFISH	29
2617.162537581897	2617.4044652921584	204	HER	30
2617.4044652921584	2617.9708902666725	470	WARDROBE	30
2617.9708902666725	2618.737096750089	102	CONSISTS	30
2618.737096750089	2618.992417045703	294	OF	30
2618.992417045703	2619.3911024618237	298	ONLY	30
2619.3911024618237	2619.906203686273	385	SKIRTS	30
2619.906203686273	2620.1103969425835	20	AND	30
2620.1103969425835	2620.8499999999995	54	BLOUSES	30
2631.288941419353	2631.427877037049	434	THE	31
2631.427877037049	2631.5099753565964	99999	sp	31
2631.5099753565964	2631.902663580825	453	TWO	31
2631.902663580825	2632.5529337843063	33	ARTISTS	31
2632.5529337843063	2632.664503295486	99999	sp	31
2632.664503295486	2633.5028200689035	147	EXCHANGED	31
2633.5028200689035	2634.3699999999994	39	AUTOGRAPHS	31
2645.3934805359945	2646.0617415885445	71	BUTTERSCOTCH	32
2646.0617415885445	2646.5859077825785	169	FUDGE	32
2646.5859077825785	2646.6848467830587	99999	sp	32
2646.6848467830587	2646.9346134183497	186	GOES	32
2646.9346134183497	2647.393521973769	481	WELL	32
2647.393521973769	2647.6359430606653	487	WITH	32
2647.6359430606653	2648.013258025618	463	VANILLA	32
2648.013258025618	2648.403685326988	212	ICE	32
2648.403685326988	2648.7799999999993	112	CREAM	32
2659.7271993859335	2660.08295877064	366	RICH	33
2660.08295877064	2660.1861079413534	99999	sp	33
2660.1861079413534	2660.7494646585487	349	PURCHASED	33
2660.7494646585487	2661.3396877376167	374	SEVERAL	33
2661.3396877376167	2661.8794255705975	382	SIGNED	33
2661.8794255705975	2662.7799999999993	245	LITHOGRAPHS	33
2675.262167893094	2675.5699999999993	24	ANY	34
2675.5699999999993	2676.62696471839	105	CONTRIBUTIONS	34
2676.62696471839	2676.780635931902	485	WILL	34
2676.780635931902	2676.95535799658	47	BE	34
2676.95535799658	2677.40618251002	195	GREATLY	34
2677.40618251002	2678.3699999999994	28	APPRECIATED	34
2689.598524543799	2689.753990521496	434	THE	35
2689.753990521496	2690.4086719927595	111	CRANBERRY	35
2690.4086719927595	2690.8796291638155	57	BOG	35
2690.8796291638155	2691.1723035954924	178	GETS	35
2691.1723035954924	2691.502801958799	465	VERY	35
2691.502801958799	2691.593320618813	99999	sp	35
2691.593320618813	2692.0124567560083	340	PRETTY	35
2692.0124567560083	2692.1429720332376	217	IN	35
2692.1429720332376	2692.6899999999996	40	AUTUMN	35
2703.136874016251	2703.412640166526	210	HOW	36
2703.412640166526	2703.642094444236	128	DO	36
2703.642094444236	2704.2153115227247	318	OYSTERS	36
2704.2153115227247	2704.57335453421	253	MAKE	36
2704.57335453421	2705.3299999999995	320	PEARLS	36
2715.4223905578106	2715.5799999999995	257	MAY	37
2715.5799999999995	2715.7696746125225	211	I	37
2715.7696746125225	2716.1799999999994	304	ORDER	37
2716.1799999999994	2716.3941908975953	1	A	37
2716.3941908975953	2717.054874427164	319	PARFAIT	37
2717.054874427164	2717.130657491362	99999	sp	37
2717.130657491362	2717.6157007627035	10	AFTER	37
2717.6157007627035	2717.8472601255294	211	I	37
2717.8472601255294	2718.1205032223875	134	EAT	37
2718.1205032223875	2718.53790774374	124	DINNER	37
2728.5141404473316	2728.615968312584	224	IS	38
2728.615968312584	2728.893513024853	375	SHE	38
2728.893513024853	2729.203317324807	187	GOING	38
2729.203317324807	2729.4776849815667	487	WITH	38
2729.4776849815667	2729.7925884470656	495	YOU	38
2741.2281679631506	2741.4369380822864	76	CAN	39
2741.4369380822864	2741.5379722631046	434	THE	39
2741.5379722631046	2742.21525152769	11	AGENCY	39
2742.21525152769	2742.2675740316818	99999	sp	39
2742.2675740316818	2743.0735636460713	315	OVERTHROW	39
2743.0735636460713	2743.161685758058	99999	sp	39
2743.161685758058	2743.59130109497	13	ALIEN	39
2743.59130109497	2744.3899999999994	162	FORCES	39
2755.208991836353	2755.330159740335	1	A	40
2755.330159740335	2756.071497347759	371	SCREWDRIVER	40
2756.071497347759	2756.3200544200463	224	IS	40
2756.3200544200463	2756.698822515516	252	MADE	40
2756.698822515516	2756.993452177886	166	FROM	40
2756.993452177886	2757.4056461043333	469	VODKA	40
2757.4056461043333	2757.5727217572303	20	AND	40
2757.5727217572303	2757.9099999999994	303	ORANGE	40
2757.9099999999994	2758.4299999999994	230	JUICE	40
2769.8528348425734	2770.0599999999995	210	HOW	41
2770.0599999999995	2770.3442350014075	269	MUCH	41
2770.3442350014075	2770.9818347202927	16	ALLOWANCE	41
2770.9818347202927	2771.089233544277	128	DO	41
2771.089233544277	2771.290262112247	495	YOU	41
2771.290262112247	2771.5299999999993	177	GET	41
2780.8595835552665	2781.5922456562703	115	CYCLICAL	42
2781.5922456562703	2781.6583372402606	99999	sp	42
2781.6583372402606	2782.24017100851	346	PROGRAMS	42
2782.24017100851	2782.401883783534	485	WILL	42
2782.401883783534	2782.830849823233	281	NEVER	42
2782.830849823233	2783.5099999999993	100	COMPILE	42
2793.8897974144775	2794.0596843692	434	THE	43
2794.0596843692	2794.571089194189	61	BOSTON	43
2794.571089194189	2795.1667346244194	45	BALLET	43
2795.1667346244194	2795.2465952884077	99999	sp	43
2795.2465952884077	2795.9499999999994	312	OVERCAME	43
2795.9499999999994	2796.102034941862	435	THEIR	43
2796.102034941862	2796.5299999999993	170	FUNDING	43
2796.5299999999993	2797.3099999999995	380	SHORTAGE	43
2808.5429488405985	2808.9046220830064	145	EVERY	44
2808.9046220830064	2808.9693367589966	99999	sp	44
2808.9693367589966	2809.3879167909345	74	CAB	44
2809.3879167909345	2809.677505088253	280	NEEDS	44
2809.677505088253	2810.450404894661	364	REPAINTING	44
2810.450404894661	2811.1799999999994	296	OFTEN	44
2821.718574954079	2822.089327691688	203	HELP	45
2822.089327691688	2822.14578091968	99999	sp	45
2822.14578091968	2822.491883262137	196	GREG	45
2822.491883262137	2822.5951513621217	99999	sp	45
2822.5951513621217	2822.8198079337562	446	TO	45
2822.8198079337562	2823.0359824897246	325	PICK	45
2823.0359824897246	2823.131810316029	1	A	45
2823.131810316029	2823.204786440018	99999	sp	45
2823.204786440018	2823.509083107973	321	PECK	45
2823.509083107973	2823.685327331947	294	OF	45
2823.685327331947	2823.740403651939	99999	sp	45
2823.740403651939	2824.5799999999995	338	POTATOES	45
2834.3916396167847	2834.5799999999995	476	WE	46
2834.5799999999995	2834.9047727391703	241	LIKE	46
2834.9047727391703	2834.9694874151605	99999	sp	46
2834.9694874151605	2835.2365053949784	55	BLUE	46
2835.2365053949784	2835.7258510423844	88	CHEESE	46
2835.7258510423844	2835.89108000236	99999	sp	46
2835.89108000236	2836.072831858333	70	BUT	46
2836.072831858333	2836.5328868753413	466	VICTOR	46
2836.5328868753413	2836.9303838987485	242	LIKES	46
2836.9303838987485	2837.0237930750673	99999	sp	46
2837.0237930750673	2837.5299999999993	64	BRIE	46
2848.0526980942236	2848.395548186173	108	COUNT	47
2848.395548186173	2848.4754088501613	434	THE	47
2848.4754088501613	2848.9399999999996	289	NUMBER	47
2848.9399999999996	2849.1025188201024	294	OF	47
2849.1025188201024	2849.165856588093	99999	sp	47
2849.165856588093	2849.866044854166	429	TEASPOONS	47
2849.866044854166	2849.9899999999993	294	OF	47
2849.9899999999993	2850.7676866001616	395	SOYSAUCE	47
2850.7676866001616	2850.877839240145	433	THAT	47
2850.877839240145	2851.0926368881132	495	YOU	47
2851.0926368881132	2851.5499999999997	7	ADD	47
2862.027912163284	2862.6172287871964	44	BAGPIPES	48
2862.6172287871964	2862.827266454928	20	AND	48
2862.827266454928	2863.333662082426	59	BONGOS	48
2863.333662082426	2863.452076170409	30	ARE	48
2863.452076170409	2864.0253683328324	273	MUSICAL	48
2864.0253683328324	2864.8899999999994	220	INSTRUMENTS	48
2877.5538636033075	2877.80996849127	210	HOW	49
2877.80996849127	2877.8650448112617	99999	sp	49
2877.8650448112617	2878.139049503221	189	GOOD	49
2878.139049503221	2878.3604538243476	224	IS	49
2878.3604538243476	2878.6399999999994	496	YOUR	49
2878.6399999999994	2879.4799999999996	138	ENDURANCE	49
3592.2149435672895	3592.3493687982887	30	ARE	0
3592.3493687982887	3592.762548749682	496	YOUR	0
3592.762548749682	3593.2570441573685	192	GRADES	0
3593.2570441573685	3593.8256320329083	206	HIGHER	0
3593.8256320329083	3593.960057263907	302	OR	0
3593.960057263907	3594.367522587412	251	LOWER	0
3594.367522587412	3594.5199999999995	432	THAN	0
3594.5199999999995	3595.3299999999995	275	NANCY'S	0
3605.416432319358	3605.6699999999996	375	SHE	1
3605.6699999999996	3605.9541495466074	490	WORE	1
3605.9541495466074	3606.593596498712	471	WARM	1
3606.593596498712	3607.2423723815978	158	FLEECY	1
3607.2423723815978	3607.314104440107	99999	sp	1
3607.314104440107	3607.646164013695	489	WOOLEN	1
3607.646164013695	3608.5099999999993	311	OVERALLS	1
3620.22644785959	3620.6799999999994	354	READING	2
3620.6799999999994	3620.9114588226003	217	IN	2
3620.9114588226003	3621.2450135929325	335	POOR	2
3621.2450135929325	3621.7105086097504	240	LIGHT	2
3621.7105086097504	3621.7913862914093	99999	sp	2
3621.7913862914093	3622.063087718041	181	GIVES	2
3622.063087718041	3622.2151541490734	495	YOU	2
3622.2151541490734	3623.0599999999995	150	EYESTRAIN	2
3633.8629854466735	3634.261853755047	142	EVEN	3
3634.261853755047	3634.6164709354935	211	I	3
3634.6164709354935	3635.464015266441	293	OCCASIONALLY	3
3635.464015266441	3635.682180805275	177	GET	3
3635.682180805275	3635.7499999999995	434	THE	3
3635.7499999999995	3636.2304549298733	265	MONDAY	3
3636.2304549298733	3636.8299999999995	56	BLUES	3
3646.633723908993	3646.7583412394565	476	WE	4
3646.7583412394565	3647.053636009191	30	ARE	4
3647.053636009191	3647.5090737645064	301	OPEN	4
3647.5090737645064	3647.6092555971713	99999	sp	4
3647.6092555971713	3647.986947058588	145	EVERY	4
3647.986947058588	3648.462944597862	265	MONDAY	4
3648.462944597862	3649.0399999999995	143	EVENING	4
3658.4445431253152	3658.719143490586	226	IT'S	5
3658.719143490586	3659.0901610302126	285	NOT	5
3659.0901610302126	3659.496437646823	133	EASY	5
3659.496437646823	3659.580177954658	99999	sp	5
3659.580177954658	3659.778510262689	446	TO	5
3659.778510262689	3660.4547158648015	113	CREATE	5
3660.4547158648015	3661.3333006244034	215	ILLUMINATING	5
3661.3333006244034	3662.2799999999993	146	EXAMPLES	5
3673.2755148456054	3673.6299999999997	270	MUM	6
3673.6299999999997	3674.3507359685814	407	STRONGLY	6
3674.3507359685814	3675.0404916620664	126	DISLIKES	6
3675.0404916620664	3676.1699999999996	27	APPETIZERS	6
3686.6754994214493	3687.0599999999995	443	THOSE	7
3687.0599999999995	3687.2572741916733	484	WHO	7
3687.2572741916733	3687.66298822388	427	TEACH	7
3687.66298822388	3688.260928150585	462	VALUES	7
3688.260928150585	3688.7683512423223	156	FIRST	7
3688.7683512423223	3689.368388813589	4	ABOLISH	7
3689.368388813589	3689.447721736801	99999	sp	7
3689.447721736801	3689.9999999999995	87	CHEATING	7
3699.7858217082107	3699.8799999999997	434	THE	8
3699.8799999999997	3700.645647832516	165	FRIGHTENED	8
3700.645647832516	3701.2352295266282	89	CHILD	8
3701.2352295266282	3701.5040799886256	472	WAS	8
3701.5040799886256	3701.8719326358864	176	GENTLY	8
3701.8719326358864	3702.6317612223843	410	SUBDUED	8
3702.6317612223843	3702.7599999999993	73	BY	8
3702.7599999999993	3703.0632396544756	208	HIS	8
3703.0632396544756	3703.330800978914	52	BIG	8
3703.330800978914	3703.8099999999995	66	BROTHER	8
3713.604378660154	3713.9986450729252	142	EVEN	9
3713.9986450729252	3714.1044223038753	1	A	9
3714.1044223038753	3714.5999999999995	383	SIMPLE	9
3714.5999999999995	3715.6474762156918	468	VOCABULARY	9
3715.6474762156918	3716.4399999999996	104	CONTAINS	9
3716.4399999999996	3717.1899999999996	422	SYMBOLS	9
3727.616595137346	3727.777174890622	1	A	10
3727.777174890622	3728.2870863768962	110	CRAB	10
3728.2870863768962	3728.9331800676405	85	CHALLENGED	10
3728.9331800676405	3729.285992256536	258	ME	10
3729.285992256536	3729.5195369962476	99999	sp	10
3729.5195369962476	3729.6164994579512	70	BUT	10
3729.6164994579512	3729.7222766889013	1	A	10
3729.7222766889013	3729.7861837659334	99999	sp	10
3729.7861837659334	3730.1799999999994	350	QUICK	10
3730.1799999999994	3730.79622543058	402	STAB	10
3730.79622543058	3731.3499999999995	464	VANQUISHED	10
3731.3499999999995	3731.6299999999997	207	HIM	10
3742.654656153931	3743.2457554685952	183	GLUCOSE	11
3743.2457554685952	3743.417643468889	20	AND	11
3743.417643468889	3744.1245367946094	167	FRUCTOSE	11
3744.1245367946094	3744.2299999999996	30	ARE	11
3744.2299999999996	3744.712922641768	276	NATURAL	11
3744.712922641768	3745.3104752285208	414	SUGARS	11
3745.3104752285208	3745.5947515366984	163	FOUND	11
3745.5947515366984	3745.753417383123	217	IN	11
3745.753417383123	3746.2599999999993	168	FRUIT	11
3756.289574174926	3756.4399999999996	30	ARE	12
3756.4399999999996	3756.5988671207024	495	YOU	12
3756.5988671207024	3756.9699207059775	250	LOOKING	12
3756.9699207059775	3757.3298193283017	161	FOR	12
3757.3298193283017	3758.0499999999997	136	EMPLOYMENT	12
3769.5743722698294	3770.0215539703026	98	COFFEE	13
3770.0215539703026	3770.252029791142	224	IS	13
3770.252029791142	3770.616508640925	198	GROWN	13
3770.616508640925	3770.8499999999995	297	ON	13
3770.8499999999995	3771.519059739685	404	STEEP	13
3771.519059739685	3771.9354341529283	231	JUNGLE	13
3771.9354341529283	3772.2143709496413	241	LIKE	13
3772.2143709496413	3772.851059606045	390	SLOPES	13
3772.851059606045	3773.0515157618674	217	IN	13
3773.0515157618674	3773.5200109430903	431	TEMPERATE	13
3773.5200109430903	3774.2099999999996	497	ZONES	13
3784.2178921706104	3784.3797773427045	476	WE	14
3784.3797773427045	3784.8328042051994	480	WELCOME	14
3784.8328042051994	3785.211660265208	256	MANY	14
3785.211660265208	3785.467231896324	282	NEW	14
3785.467231896324	3786.0303700351374	408	STUDENTS	14
3786.0303700351374	3786.3499999999995	132	EACH	14
3786.3499999999995	3786.7099999999996	491	YEAR	14
3795.9136634711203	3796.2596050779607	298	ONLY	15
3796.2596050779607	3796.4297395123162	434	THE	15
3796.4297395123162	3796.761238564824	51	BEST	15
3796.761238564824	3796.8231725428564	99999	sp	15
3796.8231725428564	3797.322339590831	330	PLAYERS	15
3797.322339590831	3797.8697631178884	139	ENJOY	15
3797.8697631178884	3798.8399999999997	336	POPULARITY	15
3808.9857951465915	3809.6196105773925	75	CALCIUM	16
3809.6196105773925	3809.7174783118985	99999	sp	16
3809.7174783118985	3810.009270910747	254	MAKES	16
3810.009270910747	3810.08293736686	99999	sp	16
3810.08293736686	3810.4999999999995	58	BONES	16
3810.4999999999995	3810.8210016842513	20	AND	16
3810.8210016842513	3811.1299999999997	430	TEETH	16
3811.1299999999997	3811.7599999999993	406	STRONG	16
3822.983531232904	3823.514464295648	286	NOTHING	17
3823.514464295648	3823.579360935557	99999	sp	17
3823.579360935557	3823.8494712746374	224	IS	17
3823.8494712746374	3824.156784038318	34	AS	17
3824.156784038318	3824.8920167819692	295	OFFENSIVE	17
3824.8920167819692	3825.106000297344	34	AS	17
3825.106000297344	3825.8799999999997	219	INNOCENCE	17
3837.5486830218474	3838.1362607075093	405	STEVE	18
3838.1362607075093	3838.348677255578	490	WORE	18
3838.348677255578	3838.4942562045626	1	A	18
3838.4942562045626	3838.89479452434	65	BRIGHT	18
3838.89479452434	3839.285984968463	356	RED	18
3839.285984968463	3839.4192861747624	99999	sp	18
3839.4192861747624	3839.9705170068023	78	CASHMERE	18
3839.9705170068023	3840.4999999999995	420	SWEATER	18
3850.142560792036	3850.6266546464913	46	BARB'S	19
3850.6266546464913	3850.981683419975	188	GOLD	19
3850.981683419975	3851.5669290829464	63	BRACELET	19
3851.5669290829464	3851.7167441572587	472	WAS	19
3851.7167441572587	3851.807950245779	1	A	19
3851.807950245779	3851.865831032725	99999	sp	19
3851.865831032725	3852.680080824854	193	GRADUATION	19
3852.680080824854	3853.0999999999995	339	PRESENT	19
3863.255082651581	3863.50221208449	130	DRAW	20
3863.50221208449	3863.8933458871843	145	EVERY	20
3863.8933458871843	3863.961750453575	99999	sp	20
3863.961750453575	3864.2846666858127	308	OUTER	20
3864.2846666858127	3864.610903848598	244	LINE	20
3864.610903848598	3865.2189141771605	156	FIRST	20
3865.2189141771605	3865.538135486983	99999	sp	20
3865.538135486983	3865.83352951028	436	THEN	20
3865.83352951028	3866.093282801198	154	FILL	20
3866.093282801198	3866.3533373304303	217	IN	20
3866.3533373304303	3866.451559271914	434	THE	20
3866.451559271914	3867.2199999999993	222	INTERIOR	20
3877.9901292306017	3878.119922510419	434	THE	21
3878.119922510419	3878.5299957017846	475	WATER	21
3878.5299957017846	3879.1999728032247	103	CONTAINED	21
3879.1999728032247	3879.285917002023	99999	sp	21
3879.285917002023	3879.5199999999995	448	TOO	21
3879.5199999999995	3879.832127768752	269	MUCH	21
3879.832127768752	3880.452639692473	90	CHLORINE	21
3880.452639692473	3880.605234494421	20	AND	21
3880.605234494421	3880.941995436651	409	STUNG	21
3880.941995436651	3881.1399999999994	208	HIS	21
3881.1399999999994	3881.6499999999996	149	EYES	21
3891.5420449221247	3891.9992512685185	229	JOHN'S	22
3891.9992512685185	3892.0641304212413	99999	sp	22
3892.0641304212413	3892.5499999999997	66	BROTHER	22
3892.5499999999997	3893.341724490024	363	REPAINTED	22
3893.341724490024	3893.438192468267	434	THE	22
3893.438192468267	3893.9848509399403	173	GARAGE	22
3893.9848509399403	3894.3399999999997	129	DOOR	22
3906.6292025805956	3907.223796119221	84	CHALLENGE	23
3907.223796119221	3907.602932673131	132	EACH	23
3907.602932673131	3907.6783530924845	99999	sp	23
3907.6783530924845	3908.2310385092646	175	GENERAL'S	23
3908.2310385092646	3909.2599999999993	221	INTELLIGENCE	23
3917.9700592545587	3918.877175600482	17	AMBIDEXTROUS	24
3918.877175600482	3919.1899999999996	88888	PICKS	24
3919.1899999999996	3919.659686843234	99999	sp	24
3919.659686843234	3920.4499999999994	327	PICKPOCKETS	24
3920.4499999999994	3921.130647086261	6	ACCOMPLISH	24
3921.130647086261	3921.4099999999994	267	MORE	24
3931.584651728164	3931.6545479535353	1	A	25
3931.6545479535353	3932.292058306752	271	MUSCULAR	25
3932.292058306752	3932.930333715353	2	ABDOMEN	25
3932.930333715353	3933.188166311748	224	IS	25
3933.188166311748	3933.3495309298996	189	GOOD	25
3933.3495309298996	3933.5699999999993	161	FOR	25
3933.5699999999993	3933.7846639530094	496	YOUR	25
3933.7846639530094	3934.1957260522313	43	BACK	25
3944.440365795475	3944.6175797011006	438	THEY	26
3944.6175797011006	3944.8736583342547	317	OWN	26
3944.8736583342547	3945.118872393543	1	A	26
3945.118872393543	3945.347187550788	52	BIG	26
3945.347187550788	3945.882430835067	209	HOUSE	26
3945.882430835067	3946.0999999999995	217	IN	26
3946.0999999999995	3946.2055709197775	434	THE	26
3946.2055709197775	3946.677574027482	361	REMOTE	26
3946.677574027482	3947.5699999999993	109	COUNTRYSIDE	26
3957.299790334207	3957.4268834568775	434	THE	27
3957.4268834568775	3957.9363486361053	369	ROSE	27
3957.9363486361053	3958.709080243599	106	CORSAGE	27
3958.709080243599	3959.1999999999994	393	SMELLED	27
3959.1999999999994	3959.6199999999994	421	SWEET	27
3968.9244348461984	3969.2313784133353	433	THAT	28
3969.2313784133353	3969.944215687938	326	PICKPOCKET	28
3969.944215687938	3970.203802247574	472	WAS	28
3970.203802247574	3970.5042343081213	80	CAUGHT	28
3970.5042343081213	3970.7899999999995	356	RED	28
3970.7899999999995	3971.4499999999994	199	HANDED	28
3980.9612607197737	3981.1243793011668	19	AN	29
3981.1243793011668	3981.786221287282	9	ADULT	29
3981.786221287282	3982.179109053217	255	MALE	29
3982.179109053217	3982.8352783012033	42	BABOON'S	29
3982.8352783012033	3983.3912477919926	430	TEETH	29
3983.3912477919926	3983.4999999999995	30	ARE	29
3983.4999999999995	3983.7835206419395	285	NOT	29
3983.7835206419395	3984.374793250017	415	SUITABLE	29
3984.374793250017	3984.6199999999994	161	FOR	29
3984.6199999999994	3984.9377785937695	135	EATING	29
3984.9377785937695	3985.7299999999996	376	SHELLFISH	29
3995.4960395544226	3995.702286061673	204	HER	30
3995.702286061673	3996.2513737678014	470	WARDROBE	30
3996.2513737678014	3997.076364747525	102	CONSISTS	30
3997.076364747525	3997.3507176562553	294	OF	30
3997.3507176562553	3997.7551158785277	298	ONLY	30
3997.7551158785277	3998.259066547398	385	SKIRTS	30
3998.259066547398	3998.4414787244395	20	AND	30
3998.4414787244395	3999.1699999999996	54	BLOUSES	30
4008.083396790611	4008.2079281807064	434	THE	31
4008.2079281807064	4008.2728248206154	99999	sp	31
4008.2728248206154	4008.6109855191085	453	TWO	31
4008.6109855191085	4009.258197954957	33	ARTISTS	31
4009.258197954957	4009.949348355594	147	EXCHANGED	31
4009.949348355594	4010.8299999999995	39	AUTOGRAPHS	31
4021.5333587616956	4022.228656403891	71	BUTTERSCOTCH	32
4022.228656403891	4022.7455909984383	169	FUDGE	32
4022.7455909984383	4022.859598609089	99999	sp	32
4022.859598609089	4023.119185168725	186	GOES	32
4023.119185168725	4023.3905381994805	481	WELL	32
4023.3905381994805	4023.649610266287	487	WITH	32
4023.649610266287	4024.0349041198087	463	VANILLA	32
4024.0349041198087	4024.350039443699	212	ICE	32
4024.350039443699	4024.7399999999993	112	CREAM	32
4035.23333556429	4035.5490489476306	366	RICH	33
4035.5490489476306	4035.674440832271	99999	sp	33
4035.674440832271	4036.3147289719295	349	PURCHASED	33
4036.3147289719295	4036.8393509768575	374	SEVERAL	33
4036.8393509768575	4037.342477717951	382	SIGNED	33
4037.342477717951	4038.3199999999993	245	LITHOGRAPHS	33
4050.0517815810863	4050.3569711849823	24	ANY	34
4050.3569711849823	4051.3927615483617	105	CONTRIBUTIONS	34
4051.3927615483617	4051.5295706811426	485	WILL	34
4051.5295706811426	4051.6988097056087	47	BE	34
4051.6988097056087	4052.1074831407104	195	GREATLY	34
4052.1074831407104	4052.8599999999997	28	APPRECIATED	34
4052.8599999999997	4053.0799999999995	99999	{NS}	34
4063.7965886874867	4063.9437588406017	434	THE	35
4063.9437588406017	4064.5877749047386	111	CRANBERRY	35
4064.5877749047386	4065.0804510841776	57	BOG	35
4065.0804510841776	4065.3099999999995	178	GETS	35
4065.3099999999995	4065.743790237747	465	VERY	35
4065.743790237747	4066.0610348426376	340	PRETTY	35
4066.0610348426376	4066.2599999999993	217	IN	35
4066.2599999999993	4066.7199999999993	40	AUTUMN	35
4076.7798752336457	4077.0823807994657	210	HOW	36
4077.0823807994657	4077.2975817575602	128	DO	36
4077.2975817575602	4077.9012169009825	318	OYSTERS	36
4077.9012169009825	4078.2299999999996	253	MAKE	36
4078.2299999999996	4078.9159687904767	320	PEARLS	36
4089.514745720828	4089.686502354049	257	MAY	37
4089.686502354049	4089.8799999999997	211	I	37
4089.8799999999997	4090.2591229835452	304	ORDER	37
4090.2591229835452	4090.499520717559	1	A	37
4090.499520717559	4091.221597463561	319	PARFAIT	37
4091.221597463561	4091.6977957235235	10	AFTER	37
4091.6977957235235	4091.8499999999995	211	I	37
4091.8499999999995	4092.1617462418862	134	EAT	37
4092.1617462418862	4092.5299999999993	124	DINNER	37
4102.808014344225	4102.93	224	IS	38
4102.93	4103.144455278712	375	SHE	38
4103.144455278712	4103.481906546333	187	GOING	38
4103.481906546333	4103.738503387711	487	WITH	38
4103.738503387711	4103.98	495	YOU	38
4114.984909373186	4115.294071312985	76	CAN	39
4115.294071312985	4115.444354334704	434	THE	39
4115.444354334704	4116.1566998004355	11	AGENCY	39
4116.1566998004355	4116.979056177311	315	OVERTHROW	39
4116.979056177311	4117.454822968609	13	ALIEN	39
4117.454822968609	4118.21	162	FORCES	39
4128.776296615477	4128.893773522286	1	A	40
4128.893773522286	4129.72	371	SCREWDRIVER	40
4129.72	4130.033618764557	224	IS	40
4130.033618764557	4130.32	252	MADE	40
4130.32	4130.612762996896	166	FROM	40
4130.612762996896	4131.148302302494	469	VODKA	40
4131.148302302494	4131.308928849266	20	AND	40
4131.308928849266	4131.69	303	ORANGE	40
4131.69	4132.173909962794	230	JUICE	40
4142.80439284802	4143.03	210	HOW	41
4143.03	4143.374642384682	269	MUCH	41
4143.374642384682	4143.969245093554	16	ALLOWANCE	41
4143.969245093554	4144.08	128	DO	41
4144.08	4144.35824834349	495	YOU	41
4144.35824834349	4144.63	177	GET	41
4154.442803131425	4155.112151323513	115	CYCLICAL	42
4155.112151323513	4155.178963043601	99999	sp	42
4155.178963043601	4155.755577042143	346	PROGRAMS	42
4155.755577042143	4155.879555835248	485	WILL	42
4155.879555835248	4156.288289964778	281	NEVER	42
4156.288289964778	4156.98	100	COMPILE	42
4166.600804747001	4166.708804281862	434	THE	43
4166.708804281862	4166.777513560454	99999	sp	43
4166.777513560454	4167.307882766029	61	BOSTON	43
4167.307882766029	4167.953464152389	45	BALLET	43
4167.953464152389	4168.728969766762	312	OVERCAME	43
4168.728969766762	4168.869726115521	435	THEIR	43
4168.869726115521	4169.394139461008	170	FUNDING	43
4169.394139461008	4170.12	380	SHORTAGE	43
4181.102047209222	4181.494476743829	145	EVERY	44
4181.494476743829	4181.89	74	CAB	44
4181.89	4182.2699999999995	280	NEEDS	44
4182.2699999999995	4183.1	364	REPAINTING	44
4183.1	4183.81	296	OFTEN	44
4195.075105114009	4195.49935186093	203	HELP	45
4195.49935186093	4195.977867381844	196	GREG	45
4195.977867381844	4196.1093538241685	446	TO	45
4196.1093538241685	4196.207879885013	99999	sp	45
4196.207879885013	4196.496607490701	325	PICK	45
4196.496607490701	4196.658058664377	1	A	45
4196.658058664377	4196.91	321	PECK	45
4196.91	4197.016470159248	294	OF	45
4197.016470159248	4197.100923388896	99999	sp	45
4197.100923388896	4197.927160018206	338	POTATOES	45
4208.044150754656	4208.23	476	WE	46
4208.23	4208.611780554155	241	LIKE	46
4208.611780554155	4208.871195298111	55	BLUE	46
4208.871195298111	4209.5110330244215	88	CHEESE	46
4209.5110330244215	4209.726694581623	70	BUT	46
4209.726694581623	4210.107746660746	466	VICTOR	46
4210.107746660746	4210.58199633717	242	LIKES	46
4210.58199633717	4211.0199999999995	64	BRIE	46
4221.63159142683	4221.90786765099	108	COUNT	47
4221.90786765099	4221.99	434	THE	47
4221.99	4222.51	289	NUMBER	47
4222.51	4222.673420783847	294	OF	47
4222.673420783847	4222.7552804058205	99999	sp	47
4222.7552804058205	4223.454555166883	429	TEASPOONS	47
4223.454555166883	4223.57	294	OF	47
4223.57	4224.347133610963	395	SOYSAUCE	47
4224.347133610963	4224.477088947073	433	THAT	47
4224.477088947073	4224.72	495	YOU	47
4224.72	4225.17	7	ADD	47
4235.989441170642	4236.58	44	BAGPIPES	48
4236.58	4236.793271420104	20	AND	48
4236.793271420104	4237.367012860478	59	BONGOS	48
4237.367012860478	4237.54	30	ARE	48
4237.54	4238.1262470134925	273	MUSICAL	48
4238.1262470134925	4238.92	220	INSTRUMENTS	48
4250.442877327435	4250.794277561551	210	HOW	49
4250.794277561551	4251.125044611147	189	GOOD	49
4251.125044611147	4251.372762859909	224	IS	49
4251.372762859909	4251.604022547852	496	YOUR	49
4251.604022547852	4252.45	138	ENDURANCE	49
