26.685530109739986	27.019284149910476	490	WORE	1
27.019284149910476	27.510961216504423	471	WARM	1
27.510961216504423	27.590438153104884	99999	sp	1
27.590438153104884	28.184575117682837	158	FLEECY	1
28.184575117682837	28.573616966870116	489	WOOLEN	1
28.573616966870116	29.443616966870117	311	OVERALLS	1
40.5820625	40.997515571359116	354	READING	2
40.997515571359116	41.151411219838465	217	IN	2
41.151411219838465	41.22835904407813	99999	sp	2
41.22835904407813	41.601760971537814	335	POOR	2
41.601760971537814	42.04945043518459	240	LIGHT	2
42.04945043518459	42.11293239018232	99999	sp	2
42.11293239018232	42.37840238380919	181	GIVES	2
42.37840238380919	42.532062499999995	495	YOU	2
42.532062499999995	43.352062499999995	150	EYESTRAIN	2
54.8401875	55.16358463969408	142	EVEN	3
55.16358463969408	55.52887052694506	211	I	3
55.52887052694506	56.391341649039475	293	OCCASIONALLY	3
56.391341649039475	56.53369512388287	177	GET	3
56.53369512388287	56.59525338327461	99999	sp	3
56.59525338327461	56.683584639694075	434	THE	3
56.683584639694075	57.19599941300549	265	MONDAY	3
57.19599941300549	57.761158645310665	56	BLUES	3
67.874375	68.0327155541399	476	WE	4
68.0327155541399	68.2627155541399	30	ARE	4
68.2627155541399	68.72469194364254	301	OPEN	4
68.72469194364254	68.78929906276929	99999	sp	4
68.78929906276929	69.14810995685801	145	EVERY	4
69.14810995685801	69.50591733957249	265	MONDAY	4
69.50591733957249	70.0827155541399	143	EVENING	4
82.6646875	82.91221436865075	226	IT'S	5
82.91221436865075	83.21486444331364	285	NOT	5
83.21486444331364	83.65884955661534	133	EASY	5
83.65884955661534	83.87430346448642	446	TO	5
83.87430346448642	84.3459163578003	113	CREATE	5
84.3459163578003	85.19590373391488	215	ILLUMINATING	5
85.19590373391488	86.09504412241947	146	EXAMPLES	5
97.3243125	97.66087880006013	270	MUM	6
97.66087880006013	98.30920409934954	407	STRONGLY	6
98.30920409934954	98.93051722916663	126	DISLIKES	6
98.93051722916663	99.92648145393558	27	APPETIZERS	6
112.09406249999999	112.46455860859155	443	THOSE	7
112.46455860859155	112.6767992277486	484	WHO	7
112.6767992277486	113.06483812050426	427	TEACH	7
113.06483812050426	113.73483812050426	462	VALUES	7
113.73483812050426	113.9466646957125	99999	sp	7
113.9466646957125	114.44954778035333	156	FIRST	7
114.44954778035333	115.04483812050427	4	ABOLISH	7
115.04483812050427	115.61483812050427	87	CHEATING	7
128.5966875	128.7140329319655	434	THE	8
128.7140329319655	129.35654726436675	165	FRIGHTENED	8
129.35654726436675	129.4200292193645	99999	sp	8
129.4200292193645	130.050715296396	89	CHILD	8
130.050715296396	130.33513616434902	472	WAS	8
130.33513616434902	130.40823659737669	99999	sp	8
130.40823659737669	130.83787620812294	176	GENTLY	8
130.83787620812294	131.6024843851273	410	SUBDUED	8
131.6024843851273	131.79553525628685	73	BY	8
131.79553525628685	132.10264524268516	208	HIS	8
132.10264524268516	132.39588605719103	52	BIG	8
132.39588605719103	132.88553525628686	66	BROTHER	8
144.871	145.18263868817067	142	EVEN	9
145.18263868817067	145.40578737846573	1	A	9
145.40578737846573	145.83329831370872	383	SIMPLE	9
145.83329831370872	146.81272629608623	468	VOCABULARY	9
146.81272629608623	146.88005564229596	99999	sp	9
146.88005564229596	147.47547522146849	104	CONTAINS	9
147.47547522146849	148.19547522146848	422	SYMBOLS	9
161.67275	161.85742477817521	1	A	10
161.85742477817521	161.9266778199909	99999	sp	10
161.9266778199909	162.38259367861096	110	CRAB	10
162.38259367861096	162.43068606876076	99999	sp	10
162.43068606876076	163.07256629866404	85	CHALLENGED	10
163.07256629866404	163.41498411653058	258	ME	10
163.41498411653058	163.71706626570165	99999	sp	10
163.71706626570165	163.81132735039526	70	BUT	10
163.81132735039526	163.92097799993678	1	A	10
163.92097799993678	163.97676517251054	99999	sp	10
163.97676517251054	164.37251485479553	350	QUICK	10
164.37251485479553	164.44946267903518	99999	sp	10
164.44946267903518	165.02303143946665	402	STAB	10
165.02303143946665	165.08651339446436	99999	sp	10
165.08651339446436	165.7060053186241	464	VANQUISHED	10
165.7060053186241	166.01011583292973	207	HIM	10
178.7905	179.4253195499773	183	GLUCOSE	11
179.4253195499773	179.5869099808806	20	AND	11
179.5869099808806	180.38565361716172	167	FRUCTOSE	11
180.38565361716172	180.4587540501894	99999	sp	11
180.4587540501894	180.57225209094292	30	ARE	11
180.57225209094292	181.027042785434	276	NATURAL	11
181.027042785434	181.63685429253337	414	SUGARS	11
181.63685429253337	181.93334081996022	163	FOUND	11
181.93334081996022	182.08122797751747	217	IN	11
182.08122797751747	182.59679978803544	168	FRUIT	11
192.9225625	193.04200504315122	30	ARE	12
193.04200504315122	193.3055513411721	495	YOU	12
193.3055513411721	193.74792762686204	250	LOOKING	12
193.74792762686204	194.09576111263405	161	FOR	12
194.09576111263405	195.10667234370817	136	EMPLOYMENT	12
209.2523125	209.78132879164772	98	COFFEE	13
209.78132879164772	210.04872248088057	224	IS	13
210.04872248088057	210.48155399222873	198	GROWN	13
210.48155399222873	210.69509672892244	297	ON	13
210.69509672892244	211.3154152110488	404	STEEP	13
211.3154152110488	211.46738716392215	99999	sp	13
211.46738716392215	211.92805143517978	231	JUNGLE	13
211.92805143517978	212.2281479497145	241	LIKE	13
212.2281479497145	212.98477526256124	390	SLOPES	13
212.98477526256124	213.23772095928996	217	IN	13
213.23772095928996	213.80433152974408	431	TEMPERATE	13
213.80433152974408	214.51509672892243	497	ZONES	13
225.44875	225.60963612877106	476	WE	14
225.60963612877106	226.08356954997726	480	WELCOME	14
226.08356954997726	226.43339606853405	256	MANY	14
226.43339606853405	226.69309497534292	282	NEW	14
226.69309497534292	227.3050351579456	408	STUDENTS	14
227.3050351579456	227.6023283435609	132	EACH	14
227.6023283435609	227.94963612877106	491	YEAR	14
239.85	240.19434151347252	298	ONLY	15
240.19434151347252	240.4136428125556	434	THE	15
240.4136428125556	240.77145019527006	51	BEST	15
240.77145019527006	240.86571127996365	99999	sp	15
240.86571127996365	241.46033820211252	330	PLAYERS	15
241.46033820211252	241.99217921079185	139	ENJOY	15
241.99217921079185	242.8843544813255	336	POPULARITY	15
254.4443125	255.138766613763	75	CALCIUM	16
255.138766613763	255.20609595997274	99999	sp	16
255.20609595997274	255.6111560007519	254	MAKES	16
255.6111560007519	256.09223662010584	58	BONES	16
256.09223662010584	256.4317569799172	20	AND	16
256.4317569799172	256.7593382335973	430	TEETH	16
256.7593382335973	257.3822366201058	406	STRONG	16
269.407375	269.9837983109639	286	NOTHING	17
269.9837983109639	270.2415735221668	224	IS	17
270.2415735221668	270.51694245345243	34	AS	17
270.51694245345243	271.2516781442916	295	OFFENSIVE	17
271.2516781442916	271.47290313898066	34	AS	17
271.47290313898066	272.26694245345243	219	INNOCENCE	17
283.8164375	284.46962763939257	405	STEVE	18
284.46962763939257	284.7485635022614	490	WORE	18
284.7485635022614	284.96747622966205	1	A	18
284.96747622966205	285.3618338288904	65	BRIGHT	18
285.3618338288904	285.781752471658	356	RED	18
285.781752471658	285.8875557299876	99999	sp	18
285.8875557299876	286.4703949476849	78	CASHMERE	18
286.4703949476849	287.00476536010035	420	SWEATER	18
298.8608125	299.38982879164774	46	BARB'S	19
299.38982879164774	299.71878074027234	188	GOLD	19
299.71878074027234	299.8418972590558	99999	sp	19
299.8418972590558	300.4759396656683	63	BRACELET	19
300.4759396656683	300.6394537921776	99999	sp	19
300.6394537921776	300.80681530989887	472	WAS	19
300.80681530989887	300.93335009729367	1	A	19
300.93335009729367	301.68743877484246	193	GRADUATION	19
301.68743877484246	302.13366862005915	339	PRESENT	19
314.9668125	315.37848335968226	130	DRAW	20
315.37848335968226	315.8456553102045	145	EVERY	20
315.8456553102045	316.19932921997315	308	OUTER	20
316.19932921997315	316.5648313851116	244	LINE	20
316.5648313851116	317.18890729293	156	FIRST	20
317.18890729293	317.5379972190403	99999	sp	20
317.5379972190403	317.8179771442016	436	THEN	20
317.8179771442016	318.0603627905566	154	FILL	20
318.0603627905566	318.2774993435327	217	IN	20
318.2774993435327	318.36619599342936	434	THE	20
318.36619599342936	319.20749934353273	222	INTERIOR	20
331.0893125	331.2044253507339	434	THE	21
331.2044253507339	331.6279472696777	475	WATER	21
331.6279472696777	332.37080124343635	103	CONTAINED	21
332.37080124343635	332.4881466754019	99999	sp	21
332.4881466754019	332.7084920367774	448	TOO	21
332.7084920367774	333.0566809414619	269	MUCH	21
333.0566809414619	333.6662063668274	90	CHLORINE	21
333.6662063668274	333.8027887548528	99999	sp	21
333.8027887548528	333.9566844033322	20	AND	21
333.9566844033322	334.3244253507339	409	STUNG	21
334.3244253507339	334.5244253507339	208	HIS	21
334.5244253507339	335.1144253507339	149	EYES	21
346.644375	347.26292535181597	229	JOHN'S	22
347.26292535181597	347.6008430290959	66	BROTHER	22
347.6008430290959	348.45330436024244	363	REPAINTED	22
348.45330436024244	348.58411566144986	434	THE	22
348.58411566144986	349.1077708260741	173	GARAGE	22
349.1077708260741	349.5133853060162	129	DOOR	22
360.5440625	361.2000427016432	84	CHALLENGE	23
361.2000427016432	361.2712194390649	99999	sp	23
361.2712194390649	361.6078256191952	132	EACH	23
361.6078256191952	362.284419386935	175	GENERAL'S	23
362.284419386935	363.27441938693494	221	INTELLIGENCE	23
375.4255	376.3680702960176	17	AMBIDEXTROUS	24
376.3680702960176	376.45271290268124	99999	sp	24
376.45271290268124	377.21669938109676	327	PICKPOCKETS	24
377.21669938109676	377.8975727317602	6	ACCOMPLISH	24
377.8975727317602	378.26346667547267	267	MORE	24
389.939625	390.02684036845216	1	A	25
390.02684036845216	390.65527820516854	271	MUSCULAR	25
390.65527820516854	391.27918559504906	2	ABDOMEN	25
391.27918559504906	391.5934865722881	224	IS	25
391.5934865722881	391.7127556998596	189	GOOD	25
391.7127556998596	391.9320569989427	161	FOR	25
391.9320569989427	392.1225028639359	496	YOUR	25
392.1225028639359	392.5772207302803	43	BACK	25
403.9929375	404.26610227605084	438	THEY	26
404.26610227605084	404.6916895156878	317	OWN	26
404.6916895156878	404.9052197279529	1	A	26
404.9052197279529	405.18806492106387	52	BIG	26
405.18806492106387	405.7906321564521	209	HOUSE	26
405.7906321564521	405.97323721858163	217	IN	26
405.97323721858163	406.07918649735086	434	THE	26
406.07918649735086	406.6596718256004	361	REMOTE	26
406.6596718256004	406.73152428767935	99999	sp	26
406.73152428767935	407.6932372185816	109	COUNTRYSIDE	26
418.7766875	418.91565973311486	434	THE	27
418.91565973311486	419.3494132197618	369	ROSE	27
419.3494132197618	419.38788713188166	99999	sp	27
419.38788713188166	420.1073764276053	106	CORSAGE	27
420.1073764276053	420.16260423280585	99999	sp	27
420.16260423280585	420.5973764276053	393	SMELLED	27
420.5973764276053	421.2273764276053	421	SWEET	27
432.9130625	433.2291608394997	433	THAT	28
433.2291608394997	433.9843824977996	326	PICKPOCKET	28
433.9843824977996	434.23437400812	472	WAS	28
434.23437400812	434.5339389101055	80	CAUGHT	28
434.5339389101055	434.80133259933837	356	RED	28
434.80133259933837	435.44438249779955	199	HANDED	28
448.7656875	448.92916315838505	19	AN	29
448.92916315838505	449.5832581325465	9	ADULT	29
449.5832581325465	449.9679972537449	255	MALE	29
449.9679972537449	450.7362692301761	42	BABOON'S	29
450.7362692301761	451.24797226136997	430	TEETH	29
451.24797226136997	451.34992812848753	99999	sp	29
451.34992812848753	451.4480366043931	30	ARE	29
451.4480366043931	451.76012580327654	285	NOT	29
451.76012580327654	452.51812381106754	415	SUITABLE	29
452.51812381106754	452.6970275024248	161	FOR	29
452.6970275024248	453.0096072586839	135	EATING	29
453.0096072586839	453.839163158385	376	SHELLFISH	29
465.78875	465.9856041104563	204	HER	30
465.9856041104563	466.64562026680574	470	WARDROBE	30
466.64562026680574	467.3794493141142	88888	CONSIST	30
467.3794493141142	467.51218431092764	99999	sp	30
467.51218431092764	467.76459839510727	294	OF	30
467.76459839510727	468.1243294734278	298	ONLY	30
468.1243294734278	468.6488310485883	385	SKIRTS	30
468.6488310485883	468.88114037805946	20	AND	30
468.88114037805946	469.5888310485883	54	BLOUSES	30
480.609875	480.79402268426634	434	THE	31
480.79402268426634	481.1603445325126	453	TWO	31
481.1603445325126	481.777916852502	33	ARTISTS	31
481.777916852502	481.8965883370583	99999	sp	31
481.8965883370583	482.6296917908907	147	EXCHANGED	31
482.6296917908907	483.42791685250205	39	AUTOGRAPHS	31
495.591125	496.3135850970602	71	BUTTERSCOTCH	32
496.3135850970602	496.81374595461807	169	FUDGE	32
496.81374595461807	496.93493877779554	99999	sp	32
496.93493877779554	497.2078067573826	186	GOES	32
497.2078067573826	497.57780675738263	481	WELL	32
497.57780675738263	497.8356382811941	487	WITH	32
497.8356382811941	497.862570019678	99999	sp	32
497.862570019678	498.24007029084703	463	VANILLA	32
498.24007029084703	498.61025350791095	212	ICE	32
498.61025350791095	498.9678067573826	112	CREAM	32
512.64825	513.0541497728643	366	RICH	33
513.0541497728643	513.1907321608896	99999	sp	33
513.1907321608896	513.8731591721877	349	PURCHASED	33
513.8731591721877	514.4615007000414	374	SEVERAL	33
514.4615007000414	514.9560910306934	382	SIGNED	33
514.9560910306934	515.9218498762095	245	LITHOGRAPHS	33
527.4300625000001	527.8010200834083	24	ANY	34
527.8010200834083	528.8624709353152	105	CONTRIBUTIONS	34
528.8624709353152	529.0259850618245	485	WILL	34
529.0259850618245	529.1927124770476	47	BE	34
529.1927124770476	529.6120116248688	195	GREATLY	34
529.6120116248688	530.5461130234019	28	APPRECIATED	34
542.0025625000001	542.1845840106458	434	THE	35
542.1845840106458	542.8269607757736	111	CRANBERRY	35
542.8269607757736	542.9289166428912	99999	sp	35
542.9289166428912	543.3396673183419	57	BOG	35
543.3396673183419	543.4156116312071	99999	sp	35
543.4156116312071	543.671645692201	178	GETS	35
543.671645692201	544.0787144518068	465	VERY	35
544.0787144518068	544.4615298773991	340	PRETTY	35
544.4615298773991	544.6016456922009	217	IN	35
544.6016456922009	545.061645692201	40	AUTUMN	35
556.681	556.9810965145347	210	HOW	36
556.9810965145347	557.1984741180117	128	DO	36
557.1984741180117	557.7861022992647	318	OYSTERS	36
557.7861022992647	558.0496485972856	253	MAKE	36
558.0496485972856	558.1227490303132	99999	sp	36
558.1227490303132	558.8939877009929	320	PEARLS	36
571.5634375000001	571.7895490018884	257	MAY	37
571.7895490018884	572.0920477233229	211	I	37
572.0920477233229	572.4969779232622	304	ORDER	37
572.4969779232622	572.7214162066654	1	A	37
572.7214162066654	573.4243230834109	319	PARFAIT	37
573.4243230834109	573.5262789505284	99999	sp	37
573.5262789505284	573.9552630706646	10	AFTER	37
573.9552630706646	574.1707169785357	211	I	37
574.1707169785357	574.3982660607043	134	EAT	37
574.3982660607043	574.812047723323	124	DINNER	37
584.4738125000001	584.5985818115106	224	IS	38
584.5985818115106	584.9362879676853	375	SHE	38
584.9362879676853	585.2985818115106	187	GOING	38
585.2985818115106	585.563274474352	487	WITH	38
585.563274474352	585.8785818115107	495	YOU	38
598.566125	598.8504283481553	76	CAN	39
598.8504283481553	599.0046224265291	434	THE	39
599.0046224265291	599.7536472657426	11	AGENCY	39
599.7536472657426	600.5251111048949	315	OVERTHROW	39
600.5251111048949	601.0351111048949	13	ALIEN	39
601.0351111048949	601.8951111048949	162	FORCES	39
613.8464040068	613.9315854609922	1	A	40
613.9315854609922	614.7849745729497	371	SCREWDRIVER	40
614.7849745729497	615.0037457660596	224	IS	40
615.0037457660596	615.4253299819227	252	MADE	40
615.4253299819227	615.6956874328083	166	FROM	40
615.6956874328083	616.1550280714497	469	VODKA	40
616.1550280714497	616.3641003950727	20	AND	40
616.3641003950727	616.7672694361543	303	ORANGE	40
616.7672694361543	617.2433554712918	230	JUICE	40
627.4288750000001	627.6647212752669	210	HOW	41
627.6647212752669	627.9409897566115	269	MUCH	41
627.9409897566115	628.6343390517508	16	ALLOWANCE	41
628.6343390517508	628.7425580632869	128	DO	41
628.7425580632869	628.9886910022033	495	YOU	41
628.9886910022033	629.2525580632869	177	GET	41
640.95675	641.7003366058634	115	CYCLICAL	42
641.7003366058634	642.4158871445992	346	PROGRAMS	42
642.4158871445992	642.5219685972012	485	WILL	42
642.5219685972012	642.9513836309616	281	NEVER	42
642.9513836309616	643.7142119268777	100	COMPILE	42
655.4303750000001	655.5361647901705	434	THE	43
655.5361647901705	655.6167406470298	99999	sp	43
655.6167406470298	656.15519095669	61	BOSTON	43
656.15519095669	656.7823341065565	45	BALLET	43
656.7823341065565	656.8599641930696	99999	sp	43
656.8599641930696	657.565306247239	312	OVERCAME	43
657.565306247239	657.7047362075377	435	THEIR	43
657.7047362075377	658.2011721305535	170	FUNDING	43
658.2011721305535	658.9281857280383	380	SHORTAGE	43
670.5438125000001	670.9452936376937	145	EVERY	44
670.9452936376937	671.5054138828652	74	CAB	44
671.5054138828652	671.8329107647359	280	NEEDS	44
671.8329107647359	672.6073267140312	364	REPAINTING	44
672.6073267140312	673.3181519775375	296	OFTEN	44
683.6061875000001	684.0554067998864	203	HELP	45
684.0554067998864	684.5358156383245	196	GREG	45
684.5358156383245	684.7401597559419	446	TO	45
684.7401597559419	685.2061415464816	325	PICK	45
685.2061415464816	685.3675128772707	1	A	45
685.3675128772707	685.7627813638508	321	PECK	45
685.7627813638508	685.9024460023579	294	OF	45
685.9024460023579	685.9739300969252	99999	sp	45
685.9739300969252	686.7858303630267	338	POTATOES	45
698.4936250000001	698.6679575663965	476	WE	46
698.6679575663965	698.9694594956605	241	LIKE	46
698.9694594956605	699.0789001547596	99999	sp	46
699.0789001547596	699.3047001353144	55	BLUE	46
699.3047001353144	699.8979575663965	88	CHEESE	46
699.8979575663965	700.150153500153	99999	sp	46
700.150153500153	700.3253062341487	70	BUT	46
700.3253062341487	700.7467971131468	466	VICTOR	46
700.7467971131468	701.1327454127386	242	LIKES	46
701.1327454127386	701.2213924527116	99999	sp	46
701.2213924527116	701.6838715149847	64	BRIE	46
714.2108125000001	714.6894930933372	108	COUNT	47
714.6894930933372	714.7694930933371	434	THE	47
714.7694930933371	715.2294340444903	289	NUMBER	47
715.2294340444903	715.4552994357955	294	OF	47
715.4552994357955	716.2215465361866	429	TEASPOONS	47
716.2215465361866	716.3194930933372	294	OF	47
716.3194930933372	717.0978971437443	395	SOYSAUCE	47
717.0978971437443	717.2351651822217	433	THAT	47
717.2351651822217	717.4094930933372	495	YOU	47
717.4094930933372	717.8594930933372	7	ADD	47
730.2636250000002	730.9739336661497	44	BAGPIPES	48
730.9739336661497	731.2092117670511	20	AND	48
731.2092117670511	731.7995577486995	59	BONGOS	48
731.7995577486995	731.9408300084639	30	ARE	48
731.9408300084639	732.4974768310234	273	MUSICAL	48
732.4974768310234	733.3518563093429	220	INSTRUMENTS	48
743.1274375000002	743.4906028300675	210	HOW	49
743.4906028300675	743.7980647793968	189	GOOD	49
743.7980647793968	744.034999040395	224	IS	49
744.034999040395	744.2878151439345	496	YOUR	49
744.2878151439345	745.144999040395	138	ENDURANCE	49
1499.0716875000003	1499.2380317486288	30	ARE	0
1499.2380317486288	1499.6532395350455	496	YOUR	0
1499.6532395350455	1500.0327506348406	192	GRADES	0
1500.0327506348406	1500.604901706679	206	HIGHER	0
1500.604901706679	1500.7548989508837	302	OR	0
1500.7548989508837	1501.1819167448452	251	LOWER	0
1501.1819167448452	1501.3280317486287	432	THAN	0
1501.3280317486287	1502.1080317486287	275	NANCY'S	0
1512.4111875	1512.700133388266	375	SHE	1
1512.700133388266	1513.0437059996586	490	WORE	1
1513.0437059996586	1513.1015362624846	99999	sp	1
1513.1015362624846	1513.5955166159242	471	WARM	1
1513.5955166159242	1513.7256347072826	99999	sp	1
1513.7256347072826	1514.4020455096809	158	FLEECY	1
1514.4020455096809	1514.496019686773	99999	sp	1
1514.496019686773	1514.8303508937354	489	WOOLEN	1
1514.8303508937354	1515.7101333882663	311	OVERALLS	1
1526.5526875000003	1527.0237699451707	354	READING	2
1527.0237699451707	1527.2044895165016	217	IN	2
1527.2044895165016	1527.2605125836142	99999	sp	2
1527.2605125836142	1527.6237589219895	335	POOR	2
1527.6237589219895	1528.0990513945899	240	LIGHT	2
1528.0990513945899	1528.2056759416753	99999	sp	2
1528.2056759416753	1528.4514748463878	181	GIVES	2
1528.4514748463878	1528.610508069159	495	YOU	2
1528.610508069159	1529.4052398005613	150	EYESTRAIN	2
1540.66125	1541.0190747512354	142	EVEN	3
1541.0190747512354	1541.3476633645078	211	I	3
1541.3476633645078	1542.290803200296	293	OCCASIONALLY	3
1542.290803200296	1542.5445608571429	177	GET	3
1542.5445608571429	1542.6211715686784	434	THE	3
1542.6211715686784	1543.1084059196958	265	MONDAY	3
1543.1084059196958	1543.6911715686783	56	BLUES	3
1554.7556250000002	1554.9236942013379	476	WE	4
1554.9236942013379	1555.104413772669	30	ARE	4
1555.104413772669	1555.5850898172175	301	OPEN	4
1555.5850898172175	1555.6537632543234	99999	sp	4
1555.6537632543234	1556.0280834183416	145	EVERY	4
1556.0280834183416	1556.5296126371268	265	MONDAY	4
1556.5296126371268	1557.1257689085314	143	EVENING	4
1569.298375	1569.537038396194	226	IT'S	5
1569.537038396194	1569.8875457470187	285	NOT	5
1569.8875457470187	1570.3631430945068	133	EASY	5
1570.3631430945068	1570.5414603172999	446	TO	5
1570.5414603172999	1571.194790936469	113	CREATE	5
1571.194790936469	1572.1609946589233	215	ILLUMINATING	5
1572.1609946589233	1573.0538097800832	146	EXAMPLES	5
1583.9718125000002	1584.3799614963898	270	MUM	6
1584.3799614963898	1585.0525507176758	407	STRONGLY	6
1585.0525507176758	1585.7039814810928	126	DISLIKES	6
1585.7039814810928	1586.720269774316	27	APPETIZERS	6
1598.8315000000002	1599.2297753663147	443	THOSE	7
1599.2297753663147	1599.3958020767104	484	WHO	7
1599.3958020767104	1599.4597915380089	99999	sp	7
1599.4597915380089	1599.871442743033	427	TEACH	7
1599.871442743033	1600.5214695389107	462	VALUES	7
1600.5214695389107	1600.5992945594087	99999	sp	7
1600.5992945594087	1601.0770264708663	156	FIRST	7
1601.0770264708663	1601.670281947726	4	ABOLISH	7
1601.670281947726	1601.7279235932908	99999	sp	7
1601.7279235932908	1602.2814427430328	87	CHEATING	7
1614.7354375000002	1614.8392041939976	434	THE	8
1614.8392041939976	1615.6122660642782	165	FRIGHTENED	8
1615.6122660642782	1616.193415426838	89	CHILD	8
1616.193415426838	1616.4650304751801	472	WAS	8
1616.4650304751801	1616.853236370909	176	GENTLY	8
1616.853236370909	1617.5546003154532	410	SUBDUED	8
1617.5546003154532	1617.6902063820328	73	BY	8
1617.6902063820328	1617.8927808310063	208	HIS	8
1617.8927808310063	1617.9827119658041	99999	sp	8
1617.9827119658041	1618.217916472198	52	BIG	8
1618.217916472198	1618.7102063820328	66	BROTHER	8
1629.9818125000002	1630.37439649229	142	EVEN	9
1630.37439649229	1630.5289647977922	1	A	9
1630.5289647977922	1630.9722729912182	383	SIMPLE	9
1630.9722729912182	1632.0146478498393	468	VOCABULARY	9
1632.0146478498393	1632.671487668928	104	CONTAINS	9
1632.671487668928	1633.4922729912182	422	SYMBOLS	9
1645.1821250000003	1645.3792817185954	1	A	10
1645.3792817185954	1645.908491857982	110	CRAB	10
1645.908491857982	1646.6098194796518	85	CHALLENGED	10
1646.6098194796518	1646.996958093396	258	ME	10
1646.996958093396	1647.1743009716163	99999	sp	10
1647.1743009716163	1647.3445765182873	70	BUT	10
1647.3445765182873	1647.4485276103821	1	A	10
1647.4485276103821	1647.510603228683	99999	sp	10
1647.510603228683	1647.9540228392875	350	QUICK	10
1647.9540228392875	1648.557029145506	402	STAB	10
1648.557029145506	1649.2515377204932	464	VANQUISHED	10
1649.2515377204932	1649.6610967078939	207	HIM	10
1661.1749375000002	1661.8419332675169	183	GLUCOSE	11
1661.8419332675169	1661.9923949738131	20	AND	11
1661.9923949738131	1662.7900378688882	167	FRUCTOSE	11
1662.7900378688882	1662.9351827185612	30	ARE	11
1662.9351827185612	1663.3771299281118	276	NATURAL	11
1663.3771299281118	1664.0263898046856	414	SUGARS	11
1664.0263898046856	1664.3733851865843	163	FOUND	11
1664.3733851865843	1664.5333851865842	217	IN	11
1664.5333851865842	1665.1033851865843	168	FRUIT	11
1674.8755625000001	1675.0022869243978	30	ARE	12
1675.0022869243978	1675.2599043868595	495	YOU	12
1675.2599043868595	1675.6922869243979	250	LOOKING	12
1675.6922869243979	1676.0156354852656	161	FOR	12
1676.0156354852656	1677.0522869243978	136	EMPLOYMENT	12
1690.1619375000002	1690.6928770842867	98	COFFEE	13
1690.6928770842867	1690.9480442446418	224	IS	13
1690.9480442446418	1691.374960091085	198	GROWN	13
1691.374960091085	1691.4369071874628	99999	sp	13
1691.4369071874628	1691.6741540587775	297	ON	13
1691.6741540587775	1692.1882965121824	404	STEEP	13
1692.1882965121824	1692.4010182348773	99999	sp	13
1692.4010182348773	1692.8469278875004	231	JUNGLE	13
1692.8469278875004	1693.1069278875004	241	LIKE	13
1693.1069278875004	1693.7047821988983	390	SLOPES	13
1693.7047821988983	1693.7877955540962	99999	sp	13
1693.7877955540962	1694.0039761665907	217	IN	13
1694.0039761665907	1694.5300040133236	431	TEMPERATE	13
1694.5300040133236	1695.2469278875003	497	ZONES	13
1705.6531250000003	1705.867576167595	476	WE	14
1705.867576167595	1706.3151531537887	480	WELCOME	14
1706.3151531537887	1706.7205148574385	256	MANY	14
1706.7205148574385	1706.9932799526691	282	NEW	14
1706.9932799526691	1707.597359398099	408	STUDENTS	14
1707.597359398099	1707.921385577205	132	EACH	14
1707.921385577205	1708.2705148574385	491	YEAR	14
1719.6158750000002	1719.9503247575808	298	ONLY	15
1719.9503247575808	1720.0886392977293	434	THE	15
1720.0886392977293	1720.1612759835273	99999	sp	15
1720.1612759835273	1720.4725397426453	51	BEST	15
1720.4725397426453	1720.562470877443	99999	sp	15
1720.562470877443	1721.1066513998364	330	PLAYERS	15
1721.1066513998364	1721.7238316022197	139	ENJOY	15
1721.7238316022197	1722.7803247575807	336	POPULARITY	15
1732.9790000000003	1733.74727865465	75	CALCIUM	16
1733.74727865465	1734.1123759266384	254	MAKES	16
1734.1123759266384	1734.197118726736	99999	sp	16
1734.197118726736	1734.664879087863	58	BONES	16
1734.664879087863	1734.9623436106554	20	AND	16
1734.9623436106554	1735.350144387315	430	TEETH	16
1735.350144387315	1735.999426204045	406	STRONG	16
1746.3956875000001	1746.9652066169926	286	NOTHING	17
1746.9652066169926	1747.1072349249296	224	IS	17
1747.1072349249296	1747.4233695577707	34	AS	17
1747.4233695577707	1748.07948386739	295	OFFENSIVE	17
1748.07948386739	1748.3578167165872	34	AS	17
1748.3578167165872	1749.2023063180816	219	INNOCENCE	17
1760.2408125000002	1760.8375522594254	405	STEVE	18
1760.8375522594254	1761.0865558510523	490	WORE	18
1761.0865558510523	1761.165423385024	1	A	18
1761.165423385024	1761.5809745998954	65	BRIGHT	18
1761.5809745998954	1762.1290212592824	356	RED	18
1762.1290212592824	1762.692869595251	78	CASHMERE	18
1762.692869595251	1763.3002078516365	420	SWEATER	18
1774.6768125000003	1775.1920764102981	46	BARB'S	19
1775.1920764102981	1775.5407899305565	188	GOLD	19
1775.5407899305565	1776.1169647706888	63	BRACELET	19
1776.1169647706888	1776.2922525046426	472	WAS	19
1776.2922525046426	1776.4320847713268	1	A	19
1776.4320847713268	1777.2502696954482	193	GRADUATION	19
1777.2502696954482	1777.658139618739	339	PRESENT	19
1789.5454375000002	1789.8259764916	130	DRAW	20
1789.8259764916	1790.2735460421645	145	EVERY	20
1790.2735460421645	1790.6335460421647	308	OUTER	20
1790.6335460421647	1791.0130273704992	244	LINE	20
1791.0130273704992	1791.5944541563808	156	FIRST	20
1791.5944541563808	1791.9967873845667	99999	sp	20
1791.9967873845667	1792.251902477456	436	THEN	20
1792.251902477456	1792.5630310864724	154	FILL	20
1792.5630310864724	1792.801348123514	217	IN	20
1792.801348123514	1792.9635460421646	434	THE	20
1792.9635460421646	1793.7835460421645	222	INTERIOR	20
1805.0492500000003	1805.1490560942511	434	THE	21
1805.1490560942511	1805.5763259696694	475	WATER	21
1805.5763259696694	1806.4680564104035	103	CONTAINED	21
1806.4680564104035	1806.69406280991	448	TOO	21
1806.69406280991	1807.0469366162986	269	MUCH	21
1807.0469366162986	1807.6150309229504	90	CHLORINE	21
1807.6150309229504	1807.7174137699096	99999	sp	21
1807.7174137699096	1807.887370714136	20	AND	21
1807.887370714136	1808.2489954241773	409	STUNG	21
1808.2489954241773	1808.4789954241774	208	HIS	21
1808.4789954241774	1809.043942781001	149	EYES	21
1820.2210000000002	1820.6943258089036	229	JOHN'S	22
1820.6943258089036	1820.7945042892184	99999	sp	22
1820.7945042892184	1821.2641471860816	66	BROTHER	22
1821.2641471860816	1822.1960685441059	363	REPAINTED	22
1822.1960685441059	1822.3311798302875	434	THE	22
1822.3311798302875	1822.878071001759	173	GARAGE	22
1822.878071001759	1823.2860079868542	129	DOOR	22
1834.6058125000002	1835.38450544119	84	CHALLENGE	23
1835.38450544119	1835.8612483757431	132	EACH	23
1835.8612483757431	1836.5472511992073	175	GENERAL'S	23
1836.5472511992073	1837.5900615414412	221	INTELLIGENCE	23
1847.8811250000003	1848.698025124791	17	AMBIDEXTROUS	24
1848.698025124791	1848.7634448126373	99999	sp	24
1848.7634448126373	1849.5206862728937	327	PICKPOCKETS	24
1849.5206862728937	1850.1933922303745	6	ACCOMPLISH	24
1850.1933922303745	1850.587670677775	267	MORE	24
1860.984375	1861.0599998299847	1	A	25
1861.0599998299847	1861.7429631786117	271	MUSCULAR	25
1861.7429631786117	1862.3727966553088	2	ABDOMEN	25
1862.3727966553088	1862.6672838739996	224	IS	25
1862.6672838739996	1862.866289174714	189	GOOD	25
1862.866289174714	1863.073474104947	161	FOR	25
1863.073474104947	1863.2910018979799	496	YOUR	25
1863.2910018979799	1863.7675225561143	43	BACK	25
1874.7605000000003	1875.0022064251816	438	THEY	26
1875.0022064251816	1875.3908961189218	317	OWN	26
1875.3908961189218	1875.6476218494738	1	A	26
1875.6476218494738	1875.8699054369174	52	BIG	26
1875.8699054369174	1876.5456847398907	209	HOUSE	26
1876.5456847398907	1876.728717109908	217	IN	26
1876.728717109908	1876.7837651603463	434	THE	26
1876.7837651603463	1877.436683372015	361	REMOTE	26
1877.436683372015	1878.2979871281293	109	COUNTRYSIDE	26
1888.6116875000002	1888.765784857189	434	THE	27
1888.765784857189	1889.197034718698	369	ROSE	27
1889.197034718698	1889.9706042491785	106	CORSAGE	27
1889.9706042491785	1890.0630305576196	99999	sp	27
1890.0630305576196	1890.564139410006	393	SMELLED	27
1890.564139410006	1891.304139410006	421	SWEET	27
1900.7916250000003	1901.071257995404	433	THAT	28
1901.071257995404	1901.8281960377583	326	PICKPOCKET	28
1901.8281960377583	1902.0780663001879	472	WAS	28
1902.0780663001879	1902.4298477023863	80	CAUGHT	28
1902.4298477023863	1902.6672387817007	356	RED	28
1902.6672387817007	1903.2008331498341	199	HANDED	28
1916.876625	1917.0459661707741	19	AN	29
1917.0459661707741	1917.6683357129289	9	ADULT	29
1917.6683357129289	1917.8198738132467	99999	sp	29
1917.8198738132467	1918.215257594178	255	MALE	29
1918.215257594178	1918.9164913202042	42	BABOON'S	29
1918.9164913202042	1919.3821023376727	430	TEETH	29
1919.3821023376727	1919.563045256879	30	ARE	29
1919.563045256879	1919.8592155712033	285	NOT	29
1919.8592155712033	1920.575536355285	415	SUITABLE	29
1920.575536355285	1920.8950240211423	161	FOR	29
1920.8950240211423	1921.1780552002585	135	EATING	29
1921.1780552002585	1921.992603474921	376	SHELLFISH	29
1932.5720625000001	1932.7831591223598	204	HER	30
1932.7831591223598	1933.3942025551864	470	WARDROBE	30
1933.3942025551864	1934.1349425016267	102	CONSISTS	30
1934.1349425016267	1934.4371738551322	294	OF	30
1934.4371738551322	1934.8473442349998	298	ONLY	30
1934.8473442349998	1935.2973442349999	385	SKIRTS	30
1935.2973442349999	1935.4870016158661	20	AND	30
1935.4870016158661	1936.2273442349997	54	BLOUSES	30
1946.3048750000003	1946.491454797715	434	THE	31
1946.491454797715	1946.80851850625	453	TWO	31
1946.80851850625	1947.4783872073854	33	ARTISTS	31
1947.4783872073854	1948.2142549208177	147	EXCHANGED	31
1948.2142549208177	1949.0470690367922	39	AUTOGRAPHS	31
1960.3001875000002	1960.978667013516	71	BUTTERSCOTCH	32
1960.978667013516	1961.675687913424	169	FUDGE	32
1961.675687913424	1962.0036816203315	186	GOES	32
1962.0036816203315	1962.256149603516	481	WELL	32
1962.256149603516	1962.6123277609126	487	WITH	32
1962.6123277609126	1963.0704552597253	463	VANILLA	32
1963.0704552597253	1963.404627215053	212	ICE	32
1963.404627215053	1963.7523277609127	112	CREAM	32
1973.9776250000002	1974.2770975881242	366	RICH	33
1974.2770975881242	1974.347696385154	99999	sp	33
1974.347696385154	1975.0296041832526	349	PURCHASED	33
1975.0296041832526	1975.6156919046052	374	SEVERAL	33
1975.6156919046052	1976.282992755327	382	SIGNED	33
1976.282992755327	1977.3838449653774	245	LITHOGRAPHS	33
1987.5743750000001	1987.8980500885891	24	ANY	34
1987.8980500885891	1989.0338581782682	105	CONTRIBUTIONS	34
1989.0338581782682	1989.166214951982	485	WILL	34
1989.166214951982	1989.3669643485407	47	BE	34
1989.3669643485407	1989.800992916403	195	GREATLY	34
1989.800992916403	1990.7762149519822	28	APPRECIATED	34
2000.5926250000005	2000.7422738993794	434	THE	35
2000.7422738993794	2001.4844979622078	111	CRANBERRY	35
2001.4844979622078	2001.986493918121	57	BOG	35
2001.986493918121	2002.2253564482473	178	GETS	35
2002.2253564482473	2002.5764020095578	465	VERY	35
2002.5764020095578	2002.6718342604884	99999	sp	35
2002.6718342604884	2003.0168014308178	340	PRETTY	35
2003.0168014308178	2003.204790185677	217	IN	35
2003.204790185677	2003.735356448247	40	AUTUMN	35
2013.2606875000001	2013.5117486890954	210	HOW	36
2013.5117486890954	2013.7334202458312	128	DO	36
2013.7334202458312	2014.288952782313	318	OYSTERS	36
2014.288952782313	2014.510926302485	253	MAKE	36
2014.510926302485	2014.6327419697823	99999	sp	36
2014.6327419697823	2015.3334202458313	320	PEARLS	36
2026.292	2026.507349682473	257	MAY	37
2026.507349682473	2026.7076201382602	211	I	37
2026.7076201382602	2027.0729758112113	304	ORDER	37
2027.0729758112113	2027.3186872412214	1	A	37
2027.3186872412214	2028.0732546213583	319	PARFAIT	37
2028.0732546213583	2028.566355352015	10	AFTER	37
2028.566355352015	2028.7477467393253	211	I	37
2028.7477467393253	2029.046697914337	134	EAT	37
2029.046697914337	2029.4777467393253	124	DINNER	37
2038.1798125	2038.335416861065	224	IS	38
2038.335416861065	2038.6652076458074	375	SHE	38
2038.6652076458074	2039.0154168610648	187	GOING	38
2039.0154168610648	2039.2597229559042	487	WITH	38
2039.2597229559042	2039.5354168610647	495	YOU	38
2050.6048125	2050.8513435007817	76	CAN	39
2050.8513435007817	2050.9604887337923	434	THE	39
2050.9604887337923	2051.6881654623658	11	AGENCY	39
2051.6881654623658	2052.535987983738	315	OVERTHROW	39
2052.535987983738	2053.0455756684014	13	ALIEN	39
2053.0455756684014	2053.951343500781	162	FORCES	39
2064.7207197862194	2064.7856875	1	A	40
2064.7856875	2065.5974802400956	371	SCREWDRIVER	40
2065.5974802400956	2065.7973436328593	224	IS	40
2065.7973436328593	2066.262390336198	252	MADE	40
2066.262390336198	2066.5356875	166	FROM	40
2066.5356875	2067.048661382333	469	VODKA	40
2067.048661382333	2067.183553756727	20	AND	40
2067.183553756727	2067.5756875	303	ORANGE	40
2067.5756875	2068.10005422664	230	JUICE	40
2077.9024375000004	2078.144718807777	210	HOW	41
2078.144718807777	2078.4868924028824	269	MUCH	41
2078.4868924028824	2079.179501204522	16	ALLOWANCE	41
2079.179501204522	2079.274718807777	128	DO	41
2079.274718807777	2079.546798712892	495	YOU	41
2079.546798712892	2079.8447188077766	177	GET	41
2089.7020624999996	2090.513087635168	115	CYCLICAL	42
2090.513087635168	2091.1483518177015	346	PROGRAMS	42
2091.1483518177015	2091.2327333279845	485	WILL	42
2091.2327333279845	2091.6850217933156	281	NEVER	42
2091.6850217933156	2092.3909503445484	100	COMPILE	42
2103.6344375	2103.8039920101705	434	THE	43
2103.8039920101705	2104.3367908494265	61	BOSTON	43
2104.3367908494265	2104.931563153081	45	BALLET	43
2104.931563153081	2105.0035026583014	99999	sp	43
2105.0035026583014	2105.75629352419	312	OVERCAME	43
2105.75629352419	2105.8949384596976	435	THEIR	43
2105.8949384596976	2106.3684883217666	170	FUNDING	43
2106.3684883217666	2107.061411722925	380	SHORTAGE	43
2116.8466249999997	2117.2803090799325	145	EVERY	44
2117.2803090799325	2117.6603243676377	74	CAB	44
2117.6603243676377	2118.0278059456023	280	NEEDS	44
2118.0278059456023	2118.8178607354707	364	REPAINTING	44
2118.8178607354707	2119.4844354022193	296	OFTEN	44
2130.0555624999997	2130.421896616874	203	HELP	45
2130.421896616874	2130.4885707677586	99999	sp	45
2130.4885707677586	2131.0448535505243	196	GREG	45
2131.0448535505243	2131.2962749665317	446	TO	45
2131.2962749665317	2131.648259127438	325	PICK	45
2131.648259127438	2131.831218926933	1	A	45
2131.831218926933	2132.137165295683	321	PECK	45
2132.137165295683	2132.2374027537053	294	OF	45
2132.2374027537053	2132.3133770318614	99999	sp	45
2132.3133770318614	2133.1982591274377	338	POTATOES	45
2143.6743749999996	2143.903567393665	476	WE	46
2143.903567393665	2144.2474163176425	241	LIKE	46
2144.2474163176425	2144.3252813980093	99999	sp	46
2144.3252813980093	2144.5647613340307	55	BLUE	46
2144.5647613340307	2145.0995732543333	88	CHEESE	46
2145.0995732543333	2145.2288800037	99999	sp	46
2145.2288800037	2145.4346900054175	70	BUT	46
2145.4346900054175	2145.847216727797	466	VICTOR	46
2145.847216727797	2146.230646427653	242	LIKES	46
2146.230646427653	2146.336642856409	99999	sp	46
2146.336642856409	2146.7831647169387	64	BRIE	46
2157.9906874999997	2158.343187251444	108	COUNT	47
2158.343187251444	2158.409126890263	434	THE	47
2158.409126890263	2158.9367408702633	289	NUMBER	47
2158.9367408702633	2159.1017843410154	294	OF	47
2159.1017843410154	2159.1772944256727	99999	sp	47
2159.1772944256727	2159.9784692425824	429	TEASPOONS	47
2159.9784692425824	2160.1006452521906	294	OF	47
2160.1006452521906	2160.8906452521906	395	SOYSAUCE	47
2160.8906452521906	2161.100290891705	433	THAT	47
2161.100290891705	2161.2606452521904	495	YOU	47
2161.2606452521904	2161.8006452521904	7	ADD	47
2172.1838749999997	2172.85064777097	44	BAGPIPES	48
2172.85064777097	2173.1120141783504	20	AND	48
2173.1120141783504	2173.7525024324523	59	BONGOS	48
2173.7525024324523	2173.882379445755	30	ARE	48
2173.882379445755	2174.4495014498516	273	MUSICAL	48
2174.4495014498516	2175.352732802934	220	INSTRUMENTS	48
2184.6411875	2184.930729166202	210	HOW	49
2184.930729166202	2185.1687089874754	189	GOOD	49
2185.1687089874754	2185.4384165885267	224	IS	49
2185.4384165885267	2185.6957861161814	496	YOUR	49
2185.6957861161814	2186.6259846937887	138	ENDURANCE	49
2908.7588124999993	2908.918630666979	30	ARE	0
2908.918630666979	2909.2887721320894	496	YOUR	0
2909.2887721320894	2909.6914762408464	192	GRADES	0
2909.6914762408464	2910.222966784749	206	HIGHER	0
2910.222966784749	2910.4317734036645	302	OR	0
2910.4317734036645	2910.9276732883263	251	LOWER	0
2910.9276732883263	2911.048025605337	432	THAN	0
2911.048025605337	2911.8376086545304	275	NANCY'S	0
2921.6147499999993	2921.892509221169	375	SHE	1
2921.892509221169	2922.2920376019574	490	WORE	1
2922.2920376019574	2922.8602545137906	471	WARM	1
2922.8602545137906	2923.5424823635963	158	FLEECY	1
2923.5424823635963	2923.9073000910453	489	WOOLEN	1
2923.9073000910453	2924.6969534547143	311	OVERALLS	1
2934.2179999999994	2934.710205641597	354	READING	2
2934.710205641597	2934.9490539819053	217	IN	2
2934.9490539819053	2935.2750556739275	335	POOR	2
2935.2750556739275	2935.7159879739293	240	LIGHT	2
2935.7159879739293	2935.92176024888	99999	sp	2
2935.92176024888	2936.190146500205	181	GIVES	2
2936.190146500205	2936.3560071203387	495	YOU	2
2936.3560071203387	2937.1850556739273	150	EYESTRAIN	2
2947.0519374999994	2947.4125731416675	142	EVEN	3
2947.4125731416675	2947.7434790506786	211	I	3
2947.7434790506786	2948.5577050184106	293	OCCASIONALLY	3
2948.5577050184106	2948.7898974788086	177	GET	3
2948.7898974788086	2948.865989421218	434	THE	3
2948.865989421218	2949.380949086929	265	MONDAY	3
2949.380949086929	2950.015989421218	56	BLUES	3
2959.2137499999994	2959.348368925114	476	WE	4
2959.348368925114	2959.5444992382595	30	ARE	4
2959.5444992382595	2960.103387195361	301	OPEN	4
2960.103387195361	2960.4710775097324	145	EVERY	4
2960.4710775097324	2960.9257726371648	265	MONDAY	4
2960.9257726371648	2961.531537474453	143	EVENING	4
2971.6358749999995	2971.84885246148	226	IT'S	5
2971.84885246148	2972.1954916449126	285	NOT	5
2972.1954916449126	2972.6176090330623	133	EASY	5
2972.6176090330623	2972.843381903611	446	TO	5
2972.843381903611	2973.4527610966356	113	CREATE	5
2973.4527610966356	2974.3501152657686	215	ILLUMINATING	5
2974.3501152657686	2975.22885246148	146	EXAMPLES	5
2985.6432499999996	2985.91686438775	270	MUM	6
2985.91686438775	2986.61646423679	407	STRONGLY	6
2986.61646423679	2987.209425499959	126	DISLIKES	6
2987.209425499959	2988.312901300825	27	APPETIZERS	6
2999.2294999999995	2999.644322979265	443	THOSE	7
2999.644322979265	2999.8351807611784	484	WHO	7
2999.8351807611784	3000.267549934943	427	TEACH	7
3000.267549934943	3000.876726643581	462	VALUES	7
3000.876726643581	3001.3473155748843	156	FIRST	7
3001.3473155748843	3001.8959382635035	4	ABOLISH	7
3001.8959382635035	3001.998592225918	99999	sp	7
3001.998592225918	3002.6034964633996	87	CHEATING	7
3013.7413749999996	3013.8272004439855	434	THE	8
3013.8272004439855	3014.5763808003308	165	FRIGHTENED	8
3014.5763808003308	3015.098919285386	89	CHILD	8
3015.098919285386	3015.367334154322	472	WAS	8
3015.367334154322	3015.752076174283	176	GENTLY	8
3015.752076174283	3016.4712388876264	410	SUBDUED	8
3016.4712388876264	3016.6311021890824	73	BY	8
3016.6311021890824	3016.9390382286742	208	HIS	8
3016.9390382286742	3017.2441920043557	52	BIG	8
3017.2441920043557	3017.7820761742832	66	BROTHER	8
3028.4020624999994	3028.772961093198	142	EVEN	9
3028.772961093198	3028.813586902595	99999	sp	9
3028.813586902595	3028.9195216966245	1	A	9
3028.9195216966245	3029.3797019909307	383	SIMPLE	9
3029.3797019909307	3030.386814364313	468	VOCABULARY	9
3030.386814364313	3031.1391138174217	104	CONTAINS	9
3031.1391138174217	3031.8996627906395	422	SYMBOLS	9
3042.5034999999993	3042.6526279192617	1	A	10
3042.6526279192617	3043.106208022658	110	CRAB	10
3043.106208022658	3043.749094854995	85	CHALLENGED	10
3043.749094854995	3044.3269145714376	258	ME	10
3044.3269145714376	3044.404674589628	70	BUT	10
3044.404674589628	3044.5787954933926	1	A	10
3044.5787954933926	3044.9537810270867	350	QUICK	10
3044.9537810270867	3045.462966154225	402	STAB	10
3045.462966154225	3046.033467904948	464	VANQUISHED	10
3046.033467904948	3046.341017748322	207	HIM	10
3057.0435624999996	3057.598614106398	183	GLUCOSE	11
3057.598614106398	3057.794979476967	20	AND	11
3057.794979476967	3058.5047819317715	167	FRUCTOSE	11
3058.5047819317715	3058.660224648221	30	ARE	11
3058.660224648221	3059.117179989803	276	NATURAL	11
3059.117179989803	3059.664513973903	414	SUGARS	11
3059.664513973903	3059.9645139739027	163	FOUND	11
3059.9645139739027	3060.1159895216424	217	IN	11
3060.1159895216424	3060.7145139739027	168	FRUIT	11
3070.6103124999995	3070.7772865016905	30	ARE	12
3070.7772865016905	3070.930113930273	495	YOU	12
3070.930113930273	3071.3804757796433	250	LOOKING	12
3071.3804757796433	3071.588391529586	161	FOR	12
3071.588391529586	3072.5872865016904	136	EMPLOYMENT	12
3084.5979374999993	3085.035780960427	98	COFFEE	13
3085.035780960427	3085.311136838786	224	IS	13
3085.311136838786	3085.7018872609515	198	GROWN	13
3085.7018872609515	3085.95850172604	297	ON	13
3085.95850172604	3086.4947539962886	404	STEEP	13
3086.4947539962886	3086.6296482477464	99999	sp	13
3086.6296482477464	3087.01850172604	231	JUNGLE	13
3087.01850172604	3087.31969680727	241	LIKE	13
3087.31969680727	3088.063591550082	390	SLOPES	13
3088.063591550082	3088.29179744927	217	IN	13
3088.29179744927	3088.7993076966677	431	TEMPERATE	13
3088.7993076966677	3089.5885017260402	497	ZONES	13
3099.4397499999995	3099.613827599652	476	WE	14
3099.613827599652	3100.0151275465705	480	WELCOME	14
3100.0151275465705	3100.3864137284636	256	MANY	14
3100.3864137284636	3100.650257394257	282	NEW	14
3100.650257394257	3101.2164713503707	408	STUDENTS	14
3101.2164713503707	3101.5264223961253	132	EACH	14
3101.5264223961253	3101.8947280922253	491	YEAR	14
3113.3507499999996	3113.7042155584118	298	ONLY	15
3113.7042155584118	3113.9301671192084	434	THE	15
3113.9301671192084	3114.3108335473476	51	BEST	15
3114.3108335473476	3114.785282501837	330	PLAYERS	15
3114.785282501837	3115.2827979578815	139	ENJOY	15
3115.2827979578815	3115.3243038814066	99999	sp	15
3115.3243038814066	3116.294215558412	336	POPULARITY	15
3126.4278124999996	3127.174924089816	75	CALCIUM	16
3127.174924089816	3127.532664667971	254	MAKES	16
3127.532664667971	3128.0175702862275	58	BONES	16
3128.0175702862275	3128.399670703529	20	AND	16
3128.399670703529	3128.678199603515	430	TEETH	16
3128.678199603515	3129.3747752027507	406	STRONG	16
3139.353249999999	3139.781457577798	286	NOTHING	17
3139.781457577798	3140.0339032951733	224	IS	17
3140.0339032951733	3140.316338209323	34	AS	17
3140.316338209323	3141.012185294324	295	OFFENSIVE	17
3141.012185294324	3141.2511092479476	34	AS	17
3141.2511092479476	3142.026338209323	219	INNOCENCE	17
3152.7677499999995	3153.4829325007568	405	STEVE	18
3153.4829325007568	3153.7693699820848	490	WORE	18
3153.7693699820848	3153.896249763802	1	A	18
3153.896249763802	3154.3631896435604	65	BRIGHT	18
3154.3631896435604	3154.883381782499	356	RED	18
3154.883381782499	3155.453106325864	78	CASHMERE	18
3155.453106325864	3156.0166643796993	420	SWEATER	18
3166.8860624999993	3167.4015314473213	46	BARB'S	19
3167.4015314473213	3167.756952944737	188	GOLD	19
3167.756952944737	3168.424479858119	63	BRACELET	19
3168.424479858119	3168.6056242705117	472	WAS	19
3168.6056242705117	3168.735405858646	1	A	19
3168.735405858646	3169.4775936440064	193	GRADUATION	19
3169.4775936440064	3169.8908015188936	339	PRESENT	19
3180.7454999999995	3181.008982781662	130	DRAW	20
3181.008982781662	3181.0397224395224	99999	sp	20
3181.0397224395224	3181.4311903839716	145	EVERY	20
3181.4311903839716	3181.7834058964704	308	OUTER	20
3181.7834058964704	3182.129133301033	244	LINE	20
3182.129133301033	3182.7140914864685	156	FIRST	20
3182.7140914864685	3182.9577174244364	99999	sp	20
3182.9577174244364	3183.2026140309395	436	THEN	20
3183.2026140309395	3183.49730608797	154	FILL	20
3183.49730608797	3183.7411903839716	217	IN	20
3183.7411903839716	3183.902850193112	434	THE	20
3183.902850193112	3184.7211903839716	222	INTERIOR	20
3196.1313749999995	3196.2096987222435	434	THE	21
3196.2096987222435	3196.654236836918	475	WATER	21
3196.654236836918	3197.3540913334778	103	CONTAINED	21
3197.3540913334778	3197.4376584202464	99999	sp	21
3197.4376584202464	3197.6487827344595	448	TOO	21
3197.6487827344595	3198.003256481492	269	MUCH	21
3198.003256481492	3198.583219054664	90	CHLORINE	21
3198.583219054664	3198.754554767813	20	AND	21
3198.754554767813	3199.11801917825	409	STUNG	21
3199.11801917825	3199.3651753629765	208	HIS	21
3199.3651753629765	3199.931363427265	149	EYES	21
3210.7926874999994	3211.3251260389634	229	JOHN'S	22
3211.3251260389634	3211.7580398665214	66	BROTHER	22
3211.7580398665214	3212.653095329398	363	REPAINTED	22
3212.653095329398	3212.7767871781416	434	THE	22
3212.7767871781416	3213.3419981251977	173	GARAGE	22
3213.3419981251977	3213.691577867075	129	DOOR	22
3224.4364374999996	3224.996209259601	84	CHALLENGE	23
3224.996209259601	3225.4997327213423	132	EACH	23
3225.4997327213423	3226.1027702824963	175	GENERAL'S	23
3226.1027702824963	3227.1627702824962	221	INTELLIGENCE	23
3237.8146249999995	3238.681833727267	17	AMBIDEXTROUS	24
3238.681833727267	3239.4819904317415	327	PICKPOCKETS	24
3239.4819904317415	3240.2217336312324	6	ACCOMPLISH	24
3240.2217336312324	3240.621719348951	267	MORE	24
3250.5378749999995	3250.621710264379	1	A	25
3250.621710264379	3251.37473468053	271	MUSCULAR	25
3251.37473468053	3252.0743794669647	2	ABDOMEN	25
3252.0743794669647	3252.303872488019	224	IS	25
3252.303872488019	3252.4627616072585	189	GOOD	25
3252.4627616072585	3252.695732464304	161	FOR	25
3252.695732464304	3252.9199019140397	496	YOUR	25
3252.9199019140397	3253.325732464304	43	BACK	25
3263.4313124999994	3263.6160248056754	438	THEY	26
3263.6160248056754	3263.6562395463056	99999	sp	26
3263.6562395463056	3263.9080233539275	317	OWN	26
3263.9080233539275	3264.1671533098993	1	A	26
3264.1671533098993	3264.386274091902	52	BIG	26
3264.386274091902	3264.9632881554967	209	HOUSE	26
3264.9632881554967	3265.1360248056753	217	IN	26
3265.1360248056753	3265.2531920776382	434	THE	26
3265.2531920776382	3265.6886765079703	361	REMOTE	26
3265.6886765079703	3265.8488687509403	99999	sp	26
3265.8488687509403	3266.756024805675	109	COUNTRYSIDE	26
3276.4926249999994	3276.6311395076054	434	THE	27
3276.6311395076054	3277.0488473196056	369	ROSE	27
3277.0488473196056	3277.8321968659952	106	CORSAGE	27
3277.8321968659952	3278.3163498131034	393	SMELLED	27
3278.3163498131034	3278.9263498131036	421	SWEET	27
3288.8536874999995	3289.157770129979	433	THAT	28
3289.157770129979	3289.9333485991106	326	PICKPOCKET	28
3289.9333485991106	3290.0458916365405	99999	sp	28
3290.0458916365405	3290.26989556681	472	WAS	28
3290.26989556681	3290.6114687000404	80	CAUGHT	28
3290.6114687000404	3290.845211931626	356	RED	28
3290.845211931626	3291.457306074636	199	HANDED	28
3303.2683749999997	3303.4112180859684	19	AN	29
3303.4112180859684	3304.062444173322	9	ADULT	29
3304.062444173322	3304.473993465808	255	MALE	29
3304.473993465808	3305.143725403001	42	BABOON'S	29
3305.143725403001	3305.212982656804	99999	sp	29
3305.212982656804	3305.6537501338494	430	TEETH	29
3305.6537501338494	3305.7840646894065	30	ARE	29
3305.7840646894065	3306.1509117056453	285	NOT	29
3306.1509117056453	3306.88740225943	415	SUITABLE	29
3306.88740225943	3307.1448948897932	161	FOR	29
3307.1448948897932	3307.4608811102703	135	EATING	29
3307.4608811102703	3308.2937501338492	376	SHELLFISH	29
3319.2734374999995	3319.4979131062673	204	HER	30
3319.4979131062673	3320.058971125987	470	WARDROBE	30
3320.058971125987	3320.7641044858415	102	CONSISTS	30
3320.7641044858415	3321.0127030924446	294	OF	30
3321.0127030924446	3321.385273296814	298	ONLY	30
3321.385273296814	3321.923106570532	385	SKIRTS	30
3321.923106570532	3322.1280569849555	20	AND	30
3322.1280569849555	3322.867913106267	54	BLOUSES	30
3332.8129999999996	3332.9913613821286	434	THE	31
3332.9913613821286	3333.3438551699846	453	TWO	31
3333.3438551699846	3334.0135816505262	33	ARTISTS	31
3334.0135816505262	3334.801449502344	147	EXCHANGED	31
3334.801449502344	3335.601449502344	39	AUTOGRAPHS	31
3346.8674999999994	3347.5236601763604	71	BUTTERSCOTCH	32
3347.5236601763604	3348.0454484474294	169	FUDGE	32
3348.0454484474294	3348.370694741478	186	GOES	32
3348.370694741478	3348.6212199930133	481	WELL	32
3348.6212199930133	3348.9101097974503	487	WITH	32
3348.9101097974503	3349.304927423731	463	VANILLA	32
3349.304927423731	3349.6386779411623	212	ICE	32
3349.6386779411623	3349.996319115807	112	CREAM	32
3361.0386249999992	3361.45575953143	366	RICH	33
3361.45575953143	3361.5368982483187	99999	sp	33
3361.5368982483187	3362.1367666043043	349	PURCHASED	33
3362.1367666043043	3362.658522054179	374	SEVERAL	33
3362.658522054179	3363.2745059655063	382	SIGNED	33
3363.2745059655063	3364.301654236261	245	LITHOGRAPHS	33
3374.032937499999	3374.3931659177715	24	ANY	34
3374.3931659177715	3375.369573572149	105	CONTRIBUTIONS	34
3375.369573572149	3375.562971996914	485	WILL	34
3375.562971996914	3375.7346982481904	47	BE	34
3375.7346982481904	3376.139743380296	195	GREATLY	34
3376.139743380296	3377.129573572149	28	APPRECIATED	34
3386.4739999999993	3386.6345747112828	434	THE	35
3386.6345747112828	3387.2668417436576	111	CRANBERRY	35
3387.2668417436576	3387.7292945068684	57	BOG	35
3387.7292945068684	3387.9846373212204	178	GETS	35
3387.9846373212204	3388.3156178891313	465	VERY	35
3388.3156178891313	3388.4148048443913	99999	sp	35
3388.4148048443913	3388.8029711894874	340	PRETTY	35
3388.8029711894874	3388.9511708600894	217	IN	35
3388.9511708600894	3389.42463732122	40	AUTUMN	35
3398.6075624999994	3398.8730252636346	210	HOW	36
3398.8730252636346	3399.081815915008	128	DO	36
3399.081815915008	3399.6473993352743	318	OYSTERS	36
3399.6473993352743	3399.907789114294	253	MAKE	36
3399.907789114294	3400.0070927693314	99999	sp	36
3400.0070927693314	3400.691815915008	320	PEARLS	36
3411.4181874999995	3411.6008135635116	257	MAY	37
3411.6008135635116	3411.7707134872085	211	I	37
3411.7707134872085	3412.17384125419	304	ORDER	37
3412.17384125419	3412.409507412299	1	A	37
3412.409507412299	3413.031775022442	319	PARFAIT	37
3413.031775022442	3413.5111684391613	10	AFTER	37
3413.5111684391613	3413.7007134872088	211	I	37
3413.7007134872088	3413.9169271141377	134	EAT	37
3413.9169271141377	3414.2807134872087	124	DINNER	37
3423.2471874999997	3423.361760681174	224	IS	38
3423.361760681174	3423.62353384346	375	SHE	38
3423.62353384346	3423.9369366797214	187	GOING	38
3423.9369366797214	3424.1786318434015	487	WITH	38
3424.1786318434015	3424.4422025572294	495	YOU	38
3436.2373749999992	3436.5126469701304	76	CAN	39
3436.5126469701304	3436.628764809845	434	THE	39
3436.628764809845	3437.331764929325	11	AGENCY	39
3437.331764929325	3437.451439233672	99999	sp	39
3437.451439233672	3438.227885528547	315	OVERTHROW	39
3438.227885528547	3438.3403048669347	99999	sp	39
3438.3403048669347	3438.8158706359313	13	ALIEN	39
3438.8158706359313	3439.6187648098453	162	FORCES	39
3450.3247389548496	3451.0643892807375	371	SCREWDRIVER	40
3451.0643892807375	3451.339594292267	224	IS	40
3451.339594292267	3451.71473895485	252	MADE	40
3451.71473895485	3452.025005175702	166	FROM	40
3452.025005175702	3452.45495437906	469	VODKA	40
3452.45495437906	3452.62473895485	20	AND	40
3452.62473895485	3453.0444275491964	303	ORANGE	40
3453.0444275491964	3453.5247389548495	230	JUICE	40
3462.6544374999994	3462.8500697493228	210	HOW	41
3462.8500697493228	3463.1715178119557	269	MUCH	41
3463.1715178119557	3463.811817741913	16	ALLOWANCE	41
3463.811817741913	3463.935940378705	128	DO	41
3463.935940378705	3464.1422445403346	495	YOU	41
3464.1422445403346	3464.385940378705	177	GET	41
3474.7720624999993	3475.478249710049	115	CYCLICAL	42
3475.478249710049	3476.131586630678	346	PROGRAMS	42
3476.131586630678	3476.2684484400966	485	WILL	42
3476.2684484400966	3476.647738821942	281	NEVER	42
3476.647738821942	3477.3075784897583	100	COMPILE	42
3487.5629374999994	3487.7487109621125	434	THE	43
3487.7487109621125	3488.291569451372	61	BOSTON	43
3488.291569451372	3488.9311465562587	45	BALLET	43
3488.9311465562587	3489.1396630537774	99999	sp	43
3489.1396630537774	3489.8441180402874	312	OVERCAME	43
3489.8441180402874	3489.9935238565126	435	THEIR	43
3489.9935238565126	3490.4508840119374	170	FUNDING	43
3490.4508840119374	3491.1611465562587	380	SHORTAGE	43
3500.6135624999993	3500.941748685654	145	EVERY	44
3500.941748685654	3501.005424454069	99999	sp	44
3501.005424454069	3501.402836317849	74	CAB	44
3501.402836317849	3501.738313488291	280	NEEDS	44
3501.738313488291	3501.817646411503	99999	sp	44
3501.817646411503	3502.5528115427333	364	REPAINTING	44
3502.5528115427333	3503.2762215344487	296	OFTEN	44
3513.7563124999992	3514.1347694882534	203	HELP	45
3514.1347694882534	3514.696961179486	196	GREG	45
3514.696961179486	3514.895293487517	446	TO	45
3514.895293487517	3515.206928658184	325	PICK	45
3515.206928658184	3515.4008535815924	1	A	45
3515.4008535815924	3515.7754812745393	321	PECK	45
3515.7754812745393	3515.9583877363903	294	OF	45
3515.9583877363903	3516.773133280451	338	POTATOES	45
3528.1329999999994	3528.3259471074807	476	WE	46
3528.3259471074807	3528.6148820630524	241	LIKE	46
3528.6148820630524	3528.714048217068	99999	sp	46
3528.714048217068	3528.9520469867048	55	BLUE	46
3528.9520469867048	3529.6089819424174	88	CHEESE	46
3529.6089819424174	3529.785277327334	70	BUT	46
3529.785277327334	3530.248052712739	466	VICTOR	46
3530.248052712739	3530.659697914027	242	LIKES	46
3530.659697914027	3530.7566603757314	99999	sp	46
3530.7566603757314	3531.1559471074806	64	BRIE	46
3542.670937499999	3542.9588832244813	108	COUNT	47
3542.9588832244813	3543.0316050707593	434	THE	47
3543.0316050707593	3543.5121273181057	289	NUMBER	47
3543.5121273181057	3543.7104596261365	294	OF	47
3543.7104596261365	3543.7539058025236	99999	sp	47
3543.7539058025236	3544.4764073833126	429	TEASPOONS	47
3544.4764073833126	3544.5976104604424	294	OF	47
3544.5976104604424	3545.3444981852736	395	SOYSAUCE	47
3545.3444981852736	3545.600126493402	433	THAT	47
3545.600126493402	3545.7598708633313	495	YOU	47
3545.7598708633313	3546.1478902887993	7	ADD	47
3557.0850624999994	3557.712387713744	44	BAGPIPES	48
3557.712387713744	3557.9902028318525	20	AND	48
3557.9902028318525	3558.611878710582	59	BONGOS	48
3558.611878710582	3558.733081787712	30	ARE	48
3558.733081787712	3559.3451155092166	273	MUSICAL	48
3559.3451155092166	3560.1751155092165	220	INSTRUMENTS	48
3570.755812499999	3571.062125731291	210	HOW	49
3571.062125731291	3571.3608061833115	189	GOOD	49
3571.3608061833115	3571.6537937942653	224	IS	49
3571.6537937942653	3571.9008061833115	496	YOUR	49
3571.9008061833115	3572.713207363385	138	ENDURANCE	49
