11.445751206081633	11.594775344902265	30	ARE	0
11.594775344902265	12.037399279608325	496	YOUR	0
12.037399279608325	12.50068053507415	192	GRADES	0
12.50068053507415	13.07351742691771	206	HIGHER	0
13.07351742691771	13.204747638714984	302	OR	0
13.204747638714984	13.58573198169777	251	LOWER	0
13.58573198169777	13.7	432	THAN	0
13.7	14.45	275	NANCY'S	0
20.193883033129882	20.47191314286987	375	SHE	1
20.47191314286987	20.80566718304036	490	WORE	1
20.80566718304036	21.297344249634307	471	WARM	1
21.297344249634307	21.376821186234768	99999	sp	1
21.376821186234768	21.97095815081272	158	FLEECY	1
21.97095815081272	22.36	489	WOOLEN	1
22.36	23.23	311	OVERALLS	1
34.39	34.80545307135912	354	READING	2
34.80545307135912	34.95934871983847	217	IN	2
34.95934871983847	35.036296544078134	99999	sp	2
35.036296544078134	35.409698471537816	335	POOR	2
35.409698471537816	35.85738793518459	240	LIGHT	2
35.85738793518459	35.920869890182324	99999	sp	2
35.920869890182324	36.18633988380919	181	GIVES	2
36.18633988380919	36.339999999999996	495	YOU	2
36.339999999999996	37.16	150	EYESTRAIN	2
48.37660286030592	48.7	142	EVEN	3
48.7	49.06528588725099	211	I	3
49.06528588725099	49.9277570093454	293	OCCASIONALLY	3
49.9277570093454	50.070110484188795	177	GET	3
50.070110484188795	50.13166874358053	99999	sp	3
50.13166874358053	50.22	434	THE	3
50.22	50.73241477331141	265	MONDAY	3
50.73241477331141	51.29757400561659	56	BLUES	3
62.511659445860104	62.67	476	WE	4
62.67	62.9	30	ARE	4
62.9	63.361976389502644	301	OPEN	4
63.361976389502644	63.42658350862939	99999	sp	4
63.42658350862939	63.78539440271812	145	EVERY	4
63.78539440271812	64.1432017854326	265	MONDAY	4
64.1432017854326	64.72	143	EVENING	4
75.59243199382773	75.83995886247848	226	IT'S	5
75.83995886247848	76.14260893714138	285	NOT	5
76.14260893714138	76.58659405044307	133	EASY	5
76.58659405044307	76.80204795831415	446	TO	5
76.80204795831415	77.27366085162804	113	CREATE	5
77.27366085162804	78.1236482277426	215	ILLUMINATING	5
78.1236482277426	79.0227886162472	146	EXAMPLES	5
91.22783104606442	91.56439734612455	270	MUM	6
91.56439734612455	92.21272264541396	407	STRONGLY	6
92.21272264541396	92.83403577523104	126	DISLIKES	6
92.83403577523104	93.83	27	APPETIZERS	6
104.76922437949572	105.13972048808728	443	THOSE	7
105.13972048808728	105.35196110724434	484	WHO	7
105.35196110724434	105.74	427	TEACH	7
105.74	106.41	462	VALUES	7
106.41	106.62182657520823	99999	sp	7
106.62182657520823	107.12470965984906	156	FIRST	7
107.12470965984906	107.72	4	ABOLISH	7
107.72	108.29	87	CHEATING	7
120.83115224371315	120.94849767567865	434	THE	8
120.94849767567865	121.5910120080799	165	FRIGHTENED	8
121.5910120080799	121.65449396307763	99999	sp	8
121.65449396307763	122.28518004010913	89	CHILD	8
122.28518004010913	122.56960090806216	472	WAS	8
122.56960090806216	122.64270134108985	99999	sp	8
122.64270134108985	123.07234095183608	176	GENTLY	8
123.07234095183608	123.83694912884044	410	SUBDUED	8
123.83694912884044	124.03	73	BY	8
124.03	124.3371099863983	208	HIS	8
124.3371099863983	124.63035080090417	52	BIG	8
124.63035080090417	125.12	66	BROTHER	8
137.77552477853152	138.08716346670218	142	EVEN	9
138.08716346670218	138.31031215699724	1	A	9
138.31031215699724	138.73782309224023	383	SIMPLE	9
138.73782309224023	139.71725107461774	468	VOCABULARY	9
139.71725107461774	139.78458042082747	99999	sp	9
139.78458042082747	140.38	104	CONTAINS	9
140.38	141.1	422	SYMBOLS	9
153.51263416707027	153.69730894524548	1	A	10
153.69730894524548	153.76656198706118	99999	sp	10
153.76656198706118	154.22247784568123	110	CRAB	10
154.22247784568123	154.27057023583103	99999	sp	10
154.27057023583103	154.9124504657343	85	CHALLENGED	10
154.9124504657343	155.25486828360084	258	ME	10
155.25486828360084	155.5569504327719	99999	sp	10
155.5569504327719	155.65121151746553	70	BUT	10
155.65121151746553	155.76086216700705	1	A	10
155.76086216700705	155.8166493395808	99999	sp	10
155.8166493395808	156.2123990218658	350	QUICK	10
156.2123990218658	156.28934684610545	99999	sp	10
156.28934684610545	156.86291560653692	402	STAB	10
156.86291560653692	156.92639756153463	99999	sp	10
156.92639756153463	157.54588948569437	464	VANQUISHED	10
157.54588948569437	157.85	207	HIM	10
171.05715918003978	171.69197873001707	183	GLUCOSE	11
171.69197873001707	171.85356916092036	20	AND	11
171.85356916092036	172.6523127972015	167	FRUCTOSE	11
172.6523127972015	172.72541323022918	99999	sp	11
172.72541323022918	172.8389112709827	30	ARE	11
172.8389112709827	173.29370196547376	276	NATURAL	11
173.29370196547376	173.90351347257314	414	SUGARS	11
173.90351347257314	174.2	163	FOUND	11
174.2	174.34788715755724	217	IN	11
174.34788715755724	174.8634589680752	168	FRUIT	11
187.50463487313797	187.6240774162892	30	ARE	12
187.6240774162892	187.88762371431008	495	YOU	12
187.88762371431008	188.33	250	LOOKING	12
188.33	188.67783348577203	161	FOR	12
188.67783348577203	189.68874471684614	136	EMPLOYMENT	12
200.16721577107757	200.6962320627253	98	COFFEE	13
200.6962320627253	200.96362575195815	224	IS	13
200.96362575195815	201.3964572633063	198	GROWN	13
201.3964572633063	201.61	297	ON	13
201.61	202.23031848212636	404	STEEP	13
202.23031848212636	202.38229043499973	99999	sp	13
202.38229043499973	202.84295470625736	231	JUNGLE	13
202.84295470625736	203.14305122079207	241	LIKE	13
203.14305122079207	203.89967853363882	390	SLOPES	13
203.89967853363882	204.15262423036754	217	IN	13
204.15262423036754	204.71923480082165	431	TEMPERATE	13
204.71923480082165	205.43	497	ZONES	13
219.48911387122894	219.65	476	WE	14
219.65	220.1239334212062	480	WELCOME	14
220.1239334212062	220.473759939763	256	MANY	14
220.473759939763	220.73345884657186	282	NEW	14
220.73345884657186	221.34539902917456	408	STUDENTS	14
221.34539902917456	221.64269221478986	132	EACH	14
221.64269221478986	221.99	491	YEAR	14
232.92564551867451	233.26998703214704	298	ONLY	15
233.26998703214704	233.4892883312301	434	THE	15
233.4892883312301	233.84709571394458	51	BEST	15
233.84709571394458	233.94135679863817	99999	sp	15
233.94135679863817	234.53598372078704	330	PLAYERS	15
234.53598372078704	235.06782472946637	139	ENJOY	15
235.06782472946637	235.96	336	POPULARITY	15
248.04207587989416	248.73652999365717	75	CALCIUM	16
248.73652999365717	248.8038593398669	99999	sp	16
248.8038593398669	249.20891938064605	254	MAKES	16
249.20891938064605	249.69	58	BONES	16
249.69	250.02952035981139	20	AND	16
250.02952035981139	250.35710161349147	430	TEETH	16
250.35710161349147	250.98	406	STRONG	16
262.4504325465476	263.02685585751146	286	NOTHING	17
263.02685585751146	263.28463106871436	224	IS	17
263.28463106871436	263.56	34	AS	17
263.56	264.29473569083916	295	OFFENSIVE	17
264.29473569083916	264.5159606855282	34	AS	17
264.5159606855282	265.31	219	INNOCENCE	17
276.7562264811121	277.40941662050466	405	STEVE	18
277.40941662050466	277.6883524833735	490	WORE	18
277.6883524833735	277.90726521077414	1	A	18
277.90726521077414	278.30162281000247	65	BRIGHT	18
278.30162281000247	278.7215414527701	356	RED	18
278.7215414527701	278.82734471109967	99999	sp	18
278.82734471109967	279.410183928797	78	CASHMERE	18
279.410183928797	279.94455434121244	420	SWEATER	18
292.11714387994084	292.6461601715886	46	BARB'S	19
292.6461601715886	292.97511212021317	188	GOLD	19
292.97511212021317	293.09822863899666	99999	sp	19
293.09822863899666	293.73227104560914	63	BRACELET	19
293.73227104560914	293.89578517211845	99999	sp	19
293.89578517211845	294.0631466898397	472	WAS	19
294.0631466898397	294.1896814772345	1	A	19
294.1896814772345	294.9437701547833	193	GRADUATION	19
294.9437701547833	295.39	339	PRESENT	19
307.13931315646727	307.5509840161495	130	DRAW	20
307.5509840161495	308.01815596667177	145	EVERY	20
308.01815596667177	308.3718298764404	308	OUTER	20
308.3718298764404	308.73733204157884	244	LINE	20
308.73733204157884	309.3614079493973	156	FIRST	20
309.3614079493973	309.71049787550754	99999	sp	20
309.71049787550754	309.9904778006689	436	THEN	20
309.9904778006689	310.2328634470239	154	FILL	20
310.2328634470239	310.45	217	IN	20
310.45	310.5386966498966	434	THE	20
310.5386966498966	311.38	222	INTERIOR	20
323.6848871492661	323.8	434	THE	21
323.8	324.2235219189438	475	WATER	21
324.2235219189438	324.96637589270244	103	CONTAINED	21
324.96637589270244	325.083721324668	99999	sp	21
325.083721324668	325.3040666860435	448	TOO	21
325.3040666860435	325.652255590728	269	MUCH	21
325.652255590728	326.2617810160935	90	CHLORINE	21
326.2617810160935	326.3983634041189	99999	sp	21
326.3983634041189	326.5522590525983	20	AND	21
326.5522590525983	326.92	409	STUNG	21
326.92	327.12	208	HIS	21
327.12	327.71	149	EYES	21
339.89098969398384	340.5095400457998	229	JOHN'S	22
340.5095400457998	340.84745772307974	66	BROTHER	22
340.84745772307974	341.69991905422626	363	REPAINTED	22
341.69991905422626	341.8307303554337	434	THE	22
341.8307303554337	342.3543855200579	173	GARAGE	22
342.3543855200579	342.76	129	DOOR	22
354.29964311306503	354.95562331470825	84	CHALLENGE	23
354.95562331470825	355.02680005212994	99999	sp	23
355.02680005212994	355.3634062322602	132	EACH	23
355.3634062322602	356.04	175	GENERAL'S	23
356.04	357.03	221	INTELLIGENCE	23
368.4188006189032	369.3613709149208	17	AMBIDEXTROUS	24
369.3613709149208	369.44601352158446	99999	sp	24
369.44601352158446	370.21	327	PICKPOCKETS	24
370.21	370.8908733506634	6	ACCOMPLISH	24
370.8908733506634	371.2567672943759	267	MORE	24
383.4904394049509	383.5776547734031	1	A	25
383.5776547734031	384.20609261011947	271	MUSCULAR	25
384.20609261011947	384.83	2	ABDOMEN	25
384.83	385.144300977239	224	IS	25
385.144300977239	385.2635701048105	189	GOOD	25
385.2635701048105	385.4828714038936	161	FOR	25
385.4828714038936	385.6733172688868	496	YOUR	25
385.6733172688868	386.12803513523124	43	BACK	25
397.19970028141836	397.4728650574692	438	THEY	26
397.4728650574692	397.8984522971062	317	OWN	26
397.8984522971062	398.1119825093713	1	A	26
398.1119825093713	398.39482770248225	52	BIG	26
398.39482770248225	398.99739493787047	209	HOUSE	26
398.99739493787047	399.18	217	IN	26
399.18	399.28594927876924	434	THE	26
399.28594927876924	399.8664346070188	361	REMOTE	26
399.8664346070188	399.9382870690977	99999	sp	26
399.9382870690977	400.9	109	COUNTRYSIDE	26
412.4093110723947	412.5482833055096	434	THE	27
412.5482833055096	412.9820367921565	369	ROSE	27
412.9820367921565	413.0205107042764	99999	sp	27
413.0205107042764	413.74	106	CORSAGE	27
413.74	413.79522780520057	99999	sp	27
413.79522780520057	414.23	393	SMELLED	27
414.23	414.86	421	SWEET	27
426.28868000220046	426.6047783417001	433	THAT	28
426.6047783417001	427.36	326	PICKPOCKET	28
427.36	427.60999151032047	472	WAS	28
427.60999151032047	427.90955641230596	80	CAUGHT	28
427.90955641230596	428.1769501015388	356	RED	28
428.1769501015388	428.82	199	HANDED	28
439.95652434161497	440.12	19	AN	29
440.12	440.77409497416147	9	ADULT	29
440.77409497416147	441.15883409535985	255	MALE	29
441.15883409535985	441.92710607179106	42	BABOON'S	29
441.92710607179106	442.4388091029849	430	TEETH	29
442.4388091029849	442.5407649701025	99999	sp	29
442.5407649701025	442.63887344600806	30	ARE	29
442.63887344600806	442.9509626448915	285	NOT	29
442.9509626448915	443.7089606526825	415	SUITABLE	29
443.7089606526825	443.88786434403977	161	FOR	29
443.88786434403977	444.20044410029885	135	EATING	29
444.20044410029885	445.03	376	SHELLFISH	29
458.6499189514117	458.84677306186796	204	HER	30
458.84677306186796	459.5067892182174	470	WARDROBE	30
459.5067892182174	460.2406182655259	88888	CONSIST	30
460.2406182655259	460.3733532623393	99999	sp	30
460.3733532623393	460.62576734651896	294	OF	30
460.62576734651896	460.9854984248395	298	ONLY	30
460.9854984248395	461.51	385	SKIRTS	30
461.51	461.74230932947114	20	AND	30
461.74230932947114	462.45	54	BLOUSES	30
473.91195814749796	474.0961058317643	434	THE	31
474.0961058317643	474.4624276800106	453	TWO	31
474.4624276800106	475.08	33	ARTISTS	31
475.08	475.19867148455626	99999	sp	31
475.19867148455626	475.9317749383887	147	EXCHANGED	31
475.9317749383887	476.73	39	AUTOGRAPHS	31
488.64331824261734	489.36577833967755	71	BUTTERSCOTCH	32
489.36577833967755	489.86593919723543	169	FUDGE	32
489.86593919723543	489.9871320204129	99999	sp	32
489.9871320204129	490.26	186	GOES	32
490.26	490.63	481	WELL	32
490.63	490.8878315238115	487	WITH	32
490.8878315238115	490.91476326229537	99999	sp	32
490.91476326229537	491.2922635334644	463	VANILLA	32
491.2922635334644	491.6624467505283	212	ICE	32
491.6624467505283	492.02	112	CREAM	32
504.81640012379046	505.2222998966547	366	RICH	33
505.2222998966547	505.35888228468013	99999	sp	33
505.35888228468013	506.0413092959781	349	PURCHASED	33
506.0413092959781	506.62965082383175	374	SEVERAL	33
506.62965082383175	507.1242411544839	382	SIGNED	33
507.1242411544839	508.09	245	LITHOGRAPHS	33
520.7239494765982	521.0949070600064	24	ANY	34
521.0949070600064	522.1563579119133	105	CONTRIBUTIONS	34
522.1563579119133	522.3198720384227	485	WILL	34
522.3198720384227	522.4865994536458	47	BE	34
522.4865994536458	522.905898601467	195	GREATLY	34
522.905898601467	523.84	28	APPRECIATED	34
535.2609168077992	535.4429383184449	434	THE	35
535.4429383184449	536.0853150835727	111	CRANBERRY	35
536.0853150835727	536.1872709506903	99999	sp	35
536.1872709506903	536.598021626141	57	BOG	35
536.598021626141	536.6739659390062	99999	sp	35
536.6739659390062	536.9300000000001	178	GETS	35
536.9300000000001	537.3370687596059	465	VERY	35
537.3370687596059	537.7198841851982	340	PRETTY	35
537.7198841851982	537.86	217	IN	35
537.86	538.32	40	AUTUMN	35
550.5170122990072	550.8171088135418	210	HOW	36
550.8171088135418	551.0344864170189	128	DO	36
551.0344864170189	551.6221145982719	318	OYSTERS	36
551.6221145982719	551.8856608962927	253	MAKE	36
551.8856608962927	551.9587613293204	99999	sp	36
551.9587613293204	552.73	320	PEARLS	36
564.3013897766772	564.5275012785655	257	MAY	37
564.5275012785655	564.83	211	I	37
564.83	565.2349301999393	304	ORDER	37
565.2349301999393	565.4593684833425	1	A	37
565.4593684833425	566.162275360088	319	PARFAIT	37
566.162275360088	566.2642312272055	99999	sp	37
566.2642312272055	566.6932153473417	10	AFTER	37
566.6932153473417	566.9086692552128	211	I	37
566.9086692552128	567.1362183373814	134	EAT	37
567.1362183373814	567.5500000000001	124	DINNER	37
578.98	579.3552306884895	99999	sp	38
579.3552306884895	579.48	224	IS	38
579.48	579.8177061561747	375	SHE	38
579.8177061561747	580.1800000000001	187	GOING	38
580.1800000000001	580.4446926628415	487	WITH	38
580.4446926628415	580.7600000000001	495	YOU	38
591.3210138951052	591.6053172432605	76	CAN	39
591.6053172432605	591.7595113216342	434	THE	39
591.7595113216342	592.5085361608478	11	AGENCY	39
592.5085361608478	593.2800000000001	315	OVERTHROW	39
593.2800000000001	593.7900000000001	13	ALIEN	39
593.7900000000001	594.6500000000001	162	FORCES	39
606.5910740248773	606.6762554790696	1	A	40
606.6762554790696	607.5296445910271	371	SCREWDRIVER	40
607.5296445910271	607.748415784137	224	IS	40
607.748415784137	608.1700000000001	252	MADE	40
608.1700000000001	608.4403574508857	166	FROM	40
608.4403574508857	608.8996980895271	469	VODKA	40
608.8996980895271	609.1087704131501	20	AND	40
609.1087704131501	609.5119394542317	303	ORANGE	40
609.5119394542317	609.9880254893692	230	JUICE	40
622.0563169367133	622.2921632119801	210	HOW	41
622.2921632119801	622.5684316933248	269	MUCH	41
622.5684316933248	623.261780988464	16	ALLOWANCE	41
623.261780988464	623.3700000000001	128	DO	41
623.3700000000001	623.6161329389165	495	YOU	41
623.6161329389165	623.8800000000001	177	GET	41
634.1425380731224	634.8861246789858	115	CYCLICAL	42
634.8861246789858	635.6016752177215	346	PROGRAMS	42
635.6016752177215	635.7077566703235	485	WILL	42
635.7077566703235	636.1371717040839	281	NEVER	42
636.1371717040839	636.9000000000001	100	COMPILE	42
648.5456261948343	648.6514159850046	434	THE	43
648.6514159850046	648.731991841864	99999	sp	43
648.731991841864	649.2704421515242	61	BOSTON	43
649.2704421515242	649.8975853013907	45	BALLET	43
649.8975853013907	649.9752153879037	99999	sp	43
649.9752153879037	650.6805574420732	312	OVERCAME	43
650.6805574420732	650.8199874023719	435	THEIR	43
650.8199874023719	651.3164233253876	170	FUNDING	43
651.3164233253876	652.0434369228725	380	SHORTAGE	43
664.1056605224627	664.5071416601563	145	EVERY	44
664.5071416601563	665.0672619053279	74	CAB	44
665.0672619053279	665.3947587871985	280	NEEDS	44
665.3947587871985	666.1691747364938	364	REPAINTING	44
666.1691747364938	666.8800000000001	296	OFTEN	44
677.4824522674097	677.931671567296	203	HELP	45
677.931671567296	678.4120804057341	196	GREG	45
678.4120804057341	678.6164245233515	446	TO	45
678.6164245233515	679.0824063138912	325	PICK	45
679.0824063138912	679.2437776446802	1	A	45
679.2437776446802	679.6390461312603	321	PECK	45
679.6390461312603	679.7787107697675	294	OF	45
679.7787107697675	679.8501948643348	99999	sp	45
679.8501948643348	680.6620951304362	338	POTATOES	45
691.3656674336037	691.5400000000001	476	WE	46
691.5400000000001	691.8415019292642	241	LIKE	46
691.8415019292642	691.9509425883632	99999	sp	46
691.9509425883632	692.176742568918	55	BLUE	46
692.176742568918	692.7700000000001	88	CHEESE	46
692.7700000000001	693.0221959337566	99999	sp	46
693.0221959337566	693.1973486677523	70	BUT	46
693.1973486677523	693.6188395467505	466	VICTOR	46
693.6188395467505	694.0047878463422	242	LIKES	46
694.0047878463422	694.0934348863152	99999	sp	46
694.0934348863152	694.5559139485883	64	BRIE	46
706.671319406663	707.1500000000001	108	COUNT	47
707.1500000000001	707.23	434	THE	47
707.23	707.6899409511532	289	NUMBER	47
707.6899409511532	707.9158063424584	294	OF	47
707.9158063424584	708.6820534428495	429	TEASPOONS	47
708.6820534428495	708.7800000000001	294	OF	47
708.7800000000001	709.5584040504071	395	SOYSAUCE	47
709.5584040504071	709.6956720888846	433	THAT	47
709.6956720888846	709.8700000000001	495	YOU	47
709.8700000000001	710.32	7	ADD	47
723.0817686906573	723.7920773568069	44	BAGPIPES	48
723.7920773568069	724.0273554577083	20	AND	48
724.0273554577083	724.6177014393567	59	BONGOS	48
724.6177014393567	724.758973699121	30	ARE	48
724.758973699121	725.3156205216806	273	MUSICAL	48
725.3156205216806	726.1700000000001	220	INSTRUMENTS	48
738.0024384596053	738.3656037896726	210	HOW	49
738.3656037896726	738.6730657390019	189	GOOD	49
738.6730657390019	738.9100000000001	224	IS	49
738.9100000000001	739.1628161035396	496	YOUR	49
739.1628161035396	740.0200000000001	138	ENDURANCE	49
1492.5836557513717	1492.7500000000002	30	ARE	0
1492.7500000000002	1493.1652077864169	496	YOUR	0
1493.1652077864169	1493.544718886212	192	GRADES	0
1493.544718886212	1494.1168699580503	206	HIGHER	0
1494.1168699580503	1494.266867202255	302	OR	0
1494.266867202255	1494.6938849962166	251	LOWER	0
1494.6938849962166	1494.8400000000001	432	THAN	0
1494.8400000000001	1495.6200000000001	275	NANCY'S	0
1506.011054111734	1506.3	375	SHE	1
1506.3	1506.6435726113925	490	WORE	1
1506.6435726113925	1506.7014028742185	99999	sp	1
1506.7014028742185	1507.195383227658	471	WARM	1
1507.195383227658	1507.3255013190164	99999	sp	1
1507.3255013190164	1508.0019121214148	158	FLEECY	1
1508.0019121214148	1508.095886298507	99999	sp	1
1508.095886298507	1508.4302175054693	489	WOOLEN	1
1508.4302175054693	1509.3100000000002	311	OVERALLS	1
1520.157447699439	1520.6285301446094	354	READING	2
1520.6285301446094	1520.8092497159403	217	IN	2
1520.8092497159403	1520.865272783053	99999	sp	2
1520.865272783053	1521.2285191214282	335	POOR	2
1521.2285191214282	1521.7038115940286	240	LIGHT	2
1521.7038115940286	1521.810436141114	99999	sp	2
1521.810436141114	1522.0562350458265	181	GIVES	2
1522.0562350458265	1522.2152682685978	495	YOU	2
1522.2152682685978	1523.01	150	EYESTRAIN	2
1534.1400784313219	1534.4979031825571	142	EVEN	3
1534.4979031825571	1534.8264917958295	211	I	3
1534.8264917958295	1535.7696316316178	293	OCCASIONALLY	3
1535.7696316316178	1536.0233892884646	177	GET	3
1536.0233892884646	1536.1000000000001	434	THE	3
1536.1000000000001	1536.5872343510175	265	MONDAY	3
1536.5872343510175	1537.17	56	BLUES	3
1548.6398560914688	1548.8079252928064	476	WE	4
1548.8079252928064	1548.9886448641375	30	ARE	4
1548.9886448641375	1549.469320908686	301	OPEN	4
1549.469320908686	1549.537994345792	99999	sp	4
1549.537994345792	1549.9123145098101	145	EVERY	4
1549.9123145098101	1550.4138437285953	265	MONDAY	4
1550.4138437285953	1551.01	143	EVENING	4
1562.094565219917	1562.333228616111	226	IT'S	5
1562.333228616111	1562.6837359669357	285	NOT	5
1562.6837359669357	1563.1593333144237	133	EASY	5
1563.1593333144237	1563.3376505372169	446	TO	5
1563.3376505372169	1563.990981156386	113	CREATE	5
1563.990981156386	1564.9571848788403	215	ILLUMINATING	5
1564.9571848788403	1565.8500000000001	146	EXAMPLES	5
1577.8615427256843	1578.269691722074	270	MUM	6
1578.269691722074	1578.94228094336	407	STRONGLY	6
1578.94228094336	1579.593711706777	126	DISLIKES	6
1579.593711706777	1580.6100000000001	27	APPETIZERS	6
1591.6000572569674	1591.9983326232818	443	THOSE	7
1591.9983326232818	1592.1643593336776	484	WHO	7
1592.1643593336776	1592.228348794976	99999	sp	7
1592.228348794976	1592.64	427	TEACH	7
1592.64	1593.2900267958778	462	VALUES	7
1593.2900267958778	1593.3678518163758	99999	sp	7
1593.3678518163758	1593.8455837278334	156	FIRST	7
1593.8455837278334	1594.438839204693	4	ABOLISH	7
1594.438839204693	1594.496480850258	99999	sp	7
1594.496480850258	1595.05	87	CHEATING	7
1607.1252311179676	1607.228997811965	434	THE	8
1607.228997811965	1608.0020596822455	165	FRIGHTENED	8
1608.0020596822455	1608.5832090448055	89	CHILD	8
1608.5832090448055	1608.8548240931475	472	WAS	8
1608.8548240931475	1609.2430299888763	176	GENTLY	8
1609.2430299888763	1609.9443939334205	410	SUBDUED	8
1609.9443939334205	1610.0800000000002	73	BY	8
1610.0800000000002	1610.2825744489737	208	HIS	8
1610.2825744489737	1610.3725055837715	99999	sp	8
1610.3725055837715	1610.6077100901655	52	BIG	8
1610.6077100901655	1611.1000000000001	66	BROTHER	8
1623.289539508782	1623.6821235010718	142	EVEN	9
1623.6821235010718	1623.836691806574	1	A	9
1623.836691806574	1624.28	383	SIMPLE	9
1624.28	1625.322374858621	468	VOCABULARY	9
1625.322374858621	1625.9792146777097	104	CONTAINS	9
1625.9792146777097	1626.8	422	SYMBOLS	9
1637.6505872795071	1637.8477439981023	1	A	10
1637.8477439981023	1638.3769541374888	110	CRAB	10
1638.3769541374888	1639.0782817591587	85	CHALLENGED	10
1639.0782817591587	1639.4654203729028	258	ME	10
1639.4654203729028	1639.6427632511231	99999	sp	10
1639.6427632511231	1639.8130387977942	70	BUT	10
1639.8130387977942	1639.916989889889	1	A	10
1639.916989889889	1639.97906550819	99999	sp	10
1639.97906550819	1640.4224851187944	350	QUICK	10
1640.4224851187944	1641.025491425013	402	STAB	10
1641.025491425013	1641.72	464	VANQUISHED	10
1641.72	1642.1295589874007	207	HIM	10
1653.901552313416	1654.5685480809327	183	GLUCOSE	11
1654.5685480809327	1654.719009787229	20	AND	11
1654.719009787229	1655.516652682304	167	FRUCTOSE	11
1655.516652682304	1655.661797531977	30	ARE	11
1655.661797531977	1656.1037447415276	276	NATURAL	11
1656.1037447415276	1656.7530046181014	414	SUGARS	11
1656.7530046181014	1657.1000000000001	163	FOUND	11
1657.1000000000001	1657.26	217	IN	11
1657.26	1657.8300000000002	168	FRUIT	11
1669.3132755756023	1669.44	30	ARE	12
1669.44	1669.6976174624617	495	YOU	12
1669.6976174624617	1670.13	250	LOOKING	12
1670.13	1670.4533485608679	161	FOR	12
1670.4533485608679	1671.49	136	EMPLOYMENT	12
1681.6750096125	1682.2059491967864	98	COFFEE	13
1682.2059491967864	1682.4611163571415	224	IS	13
1682.4611163571415	1682.8880322035848	198	GROWN	13
1682.8880322035848	1682.9499792999625	99999	sp	13
1682.9499792999625	1683.1872261712772	297	ON	13
1683.1872261712772	1683.7013686246821	404	STEEP	13
1683.7013686246821	1683.914090347377	99999	sp	13
1683.914090347377	1684.3600000000001	231	JUNGLE	13
1684.3600000000001	1684.6200000000001	241	LIKE	13
1684.6200000000001	1685.217854311398	390	SLOPES	13
1685.217854311398	1685.3008676665959	99999	sp	13
1685.3008676665959	1685.5170482790904	217	IN	13
1685.5170482790904	1686.0430761258233	431	TEMPERATE	13
1686.0430761258233	1686.76	497	ZONES	13
1699.5726101425619	1699.7870613101566	476	WE	14
1699.7870613101566	1700.2346382963503	480	WELCOME	14
1700.2346382963503	1700.64	256	MANY	14
1700.64	1700.9127650952307	282	NEW	14
1700.9127650952307	1701.5168445406605	408	STUDENTS	14
1701.5168445406605	1701.8408707197666	132	EACH	14
1701.8408707197666	1702.19	491	YEAR	14
1713.0455502424195	1713.38	298	ONLY	15
1713.38	1713.5183145401486	434	THE	15
1713.5183145401486	1713.5909512259466	99999	sp	15
1713.5909512259466	1713.9022149850646	51	BEST	15
1713.9022149850646	1713.9921461198624	99999	sp	15
1713.9921461198624	1714.5363266422557	330	PLAYERS	15
1714.5363266422557	1715.153506844639	139	ENJOY	15
1715.153506844639	1716.21	336	POPULARITY	15
1726.7495737959555	1727.5178524506052	75	CALCIUM	16
1727.5178524506052	1727.8829497225936	254	MAKES	16
1727.8829497225936	1727.9676925226913	99999	sp	16
1727.9676925226913	1728.4354528838182	58	BONES	16
1728.4354528838182	1728.7329174066106	20	AND	16
1728.7329174066106	1729.1207181832701	430	TEETH	16
1729.1207181832701	1729.7700000000002	406	STRONG	16
1740.2133811819187	1740.7829002989113	286	NOTHING	17
1740.7829002989113	1740.9249286068482	224	IS	17
1740.9249286068482	1741.2410632396893	34	AS	17
1741.2410632396893	1741.8971775493087	295	OFFENSIVE	17
1741.8971775493087	1742.1755103985058	34	AS	17
1742.1755103985058	1743.0200000000002	219	INNOCENCE	17
1753.5136892852959	1754.110429044721	405	STEVE	18
1754.110429044721	1754.359432636348	490	WORE	18
1754.359432636348	1754.4383001703197	1	A	18
1754.4383001703197	1754.853851385191	65	BRIGHT	18
1754.853851385191	1755.401898044578	356	RED	18
1755.401898044578	1755.9657463805468	78	CASHMERE	18
1755.9657463805468	1756.5730846369322	420	SWEATER	18
1768.3304303234415	1768.8456942337393	46	BARB'S	19
1768.8456942337393	1769.1944077539977	188	GOLD	19
1769.1944077539977	1769.77058259413	63	BRACELET	19
1769.77058259413	1769.9458703280839	472	WAS	19
1769.9458703280839	1770.085702594768	1	A	19
1770.085702594768	1770.9038875188894	193	GRADUATION	19
1770.9038875188894	1771.3117574421801	339	PRESENT	19
1781.9918914578357	1782.2724304494354	130	DRAW	20
1782.2724304494354	1782.72	145	EVERY	20
1782.72	1783.0800000000002	308	OUTER	20
1783.0800000000002	1783.4594813283347	244	LINE	20
1783.4594813283347	1784.0409081142163	156	FIRST	20
1784.0409081142163	1784.4432413424022	99999	sp	20
1784.4432413424022	1784.6983564352915	436	THEN	20
1784.6983564352915	1785.009485044308	154	FILL	20
1785.009485044308	1785.2478020813494	217	IN	20
1785.2478020813494	1785.41	434	THE	20
1785.41	1786.23	222	INTERIOR	20
1797.950254575823	1798.050060670074	434	THE	21
1798.050060670074	1798.4773305454921	475	WATER	21
1798.4773305454921	1799.3690609862263	103	CONTAINED	21
1799.3690609862263	1799.5950673857328	448	TOO	21
1799.5950673857328	1799.9479411921213	269	MUCH	21
1799.9479411921213	1800.5160354987731	90	CHLORINE	21
1800.5160354987731	1800.6184183457324	99999	sp	21
1800.6184183457324	1800.7883752899588	20	AND	21
1800.7883752899588	1801.15	409	STUNG	21
1801.15	1801.38	208	HIS	21
1801.38	1801.9449473568238	149	EYES	21
1813.5349920131462	1814.0083178220495	229	JOHN'S	22
1814.0083178220495	1814.1084963023643	99999	sp	22
1814.1084963023643	1814.5781391992275	66	BROTHER	22
1814.5781391992275	1815.5100605572518	363	REPAINTED	22
1815.5100605572518	1815.6451718434334	434	THE	22
1815.6451718434334	1816.192063014905	173	GARAGE	22
1816.192063014905	1816.6000000000001	129	DOOR	22
1828.205750958559	1828.9844438997488	84	CHALLENGE	23
1828.9844438997488	1829.461186834302	132	EACH	23
1829.461186834302	1830.1471896577661	175	GENERAL'S	23
1830.1471896577661	1831.19	221	INTELLIGENCE	23
1841.6791542751944	1842.496054399985	17	AMBIDEXTROUS	24
1842.496054399985	1842.5614740878314	99999	sp	24
1842.5614740878314	1843.3187155480878	327	PICKPOCKETS	24
1843.3187155480878	1843.9914215055685	6	ACCOMPLISH	24
1843.9914215055685	1844.385699952969	267	MORE	24
1854.9943751700155	1855.0700000000002	1	A	25
1855.0700000000002	1855.7529633486272	271	MUSCULAR	25
1855.7529633486272	1856.3827968253242	2	ABDOMEN	25
1856.3827968253242	1856.677284044015	224	IS	25
1856.677284044015	1856.8762893447295	189	GOOD	25
1856.8762893447295	1857.0834742749626	161	FOR	25
1857.0834742749626	1857.3010020679953	496	YOUR	25
1857.3010020679953	1857.7775227261297	43	BACK	25
1867.926734839654	1868.1684412648353	438	THEY	26
1868.1684412648353	1868.5571309585755	317	OWN	26
1868.5571309585755	1868.8138566891275	1	A	26
1868.8138566891275	1869.0361402765711	52	BIG	26
1869.0361402765711	1869.7119195795444	209	HOUSE	26
1869.7119195795444	1869.8949519495618	217	IN	26
1869.8949519495618	1869.95	434	THE	26
1869.95	1870.6029182116688	361	REMOTE	26
1870.6029182116688	1871.464221967783	109	COUNTRYSIDE	26
1882.7275480899943	1882.881645447183	434	THE	27
1882.881645447183	1883.312895308692	369	ROSE	27
1883.312895308692	1884.0864648391725	106	CORSAGE	27
1884.0864648391725	1884.1788911476137	99999	sp	27
1884.1788911476137	1884.68	393	SMELLED	27
1884.68	1885.42	421	SWEET	27
1895.1843862182998	1895.4640192137035	433	THAT	28
1895.4640192137035	1896.2209572560578	326	PICKPOCKET	28
1896.2209572560578	1896.4708275184873	472	WAS	28
1896.4708275184873	1896.8226089206858	80	CAUGHT	28
1896.8226089206858	1897.0600000000002	356	RED	28
1897.0600000000002	1897.5935943681336	199	HANDED	28
1908.1306588292261	1908.3000000000002	19	AN	29
1908.3000000000002	1908.922369542155	9	ADULT	29
1908.922369542155	1909.0739076424727	99999	sp	29
1909.0739076424727	1909.469291423404	255	MALE	29
1909.469291423404	1910.1705251494302	42	BABOON'S	29
1910.1705251494302	1910.6361361668987	430	TEETH	29
1910.6361361668987	1910.817079086105	30	ARE	29
1910.817079086105	1911.1132494004294	285	NOT	29
1911.1132494004294	1911.829570184511	415	SUITABLE	29
1911.829570184511	1912.1490578503683	161	FOR	29
1912.1490578503683	1912.4320890294846	135	EATING	29
1912.4320890294846	1913.246637304147	376	SHELLFISH	29
1926.0547182650005	1926.2658148873602	204	HER	30
1926.2658148873602	1926.8768583201868	470	WARDROBE	30
1926.8768583201868	1927.617598266627	102	CONSISTS	30
1927.617598266627	1927.9198296201325	294	OF	30
1927.9198296201325	1928.3300000000002	298	ONLY	30
1928.3300000000002	1928.7800000000002	385	SKIRTS	30
1928.7800000000002	1928.9696573808665	20	AND	30
1928.9696573808665	1929.71	54	BLOUSES	30
1940.3078059632082	1940.494385760923	434	THE	31
1940.494385760923	1940.811449469458	453	TWO	31
1940.811449469458	1941.4813181705933	33	ARTISTS	31
1941.4813181705933	1942.2171858840256	147	EXCHANGED	31
1942.2171858840256	1943.0500000000002	39	AUTOGRAPHS	31
1953.4278597390876	1954.1063392526034	71	BUTTERSCOTCH	32
1954.1063392526034	1954.8033601525115	169	FUDGE	32
1954.8033601525115	1955.1313538594188	186	GOES	32
1955.1313538594188	1955.3838218426033	481	WELL	32
1955.3838218426033	1955.74	487	WITH	32
1955.74	1956.1981274988127	463	VANILLA	32
1956.1981274988127	1956.5322994541405	212	ICE	32
1956.5322994541405	1956.88	112	CREAM	32
1967.7837800346229	1968.0832526227468	366	RICH	33
1968.0832526227468	1968.1538514197766	99999	sp	33
1968.1538514197766	1968.8357592178752	349	PURCHASED	33
1968.8357592178752	1969.4218469392279	374	SEVERAL	33
1969.4218469392279	1970.0891477899497	382	SIGNED	33
1970.0891477899497	1971.19	245	LITHOGRAPHS	33
1981.3581600480181	1981.681835136607	24	ANY	34
1981.681835136607	1982.8176432262862	105	CONTRIBUTIONS	34
1982.8176432262862	1982.95	485	WILL	34
1982.95	1983.1507493965587	47	BE	34
1983.1507493965587	1983.584777964421	195	GREATLY	34
1983.584777964421	1984.5600000000002	28	APPRECIATED	34
1994.3872685517533	1994.5369174511322	434	THE	35
1994.5369174511322	1995.2791415139607	111	CRANBERRY	35
1995.2791415139607	1995.7811374698738	57	BOG	35
1995.7811374698738	1996.0200000000002	178	GETS	35
1996.0200000000002	1996.3710455613107	465	VERY	35
1996.3710455613107	1996.4664778122412	99999	sp	35
1996.4664778122412	1996.8114449825707	340	PRETTY	35
1996.8114449825707	1996.9994337374299	217	IN	35
1996.9994337374299	1997.53	40	AUTUMN	35
2007.807267254169	2008.0583284432641	210	HOW	36
2008.0583284432641	2008.28	128	DO	36
2008.28	2008.8355325364817	318	OYSTERS	36
2008.8355325364817	2009.0575060566537	253	MAKE	36
2009.0575060566537	2009.179321723951	99999	sp	36
2009.179321723951	2009.88	320	PEARLS	36
2019.7542532606747	2019.9696029431477	257	MAY	37
2019.9696029431477	2020.169873398935	211	I	37
2020.169873398935	2020.535229071886	304	ORDER	37
2020.535229071886	2020.780940501896	1	A	37
2020.780940501896	2021.535507882033	319	PARFAIT	37
2021.535507882033	2022.0286086126898	10	AFTER	37
2022.0286086126898	2022.21	211	I	37
2022.21	2022.5089511750118	134	EAT	37
2022.5089511750118	2022.94	124	DINNER	37
2033.3443956389353	2033.5000000000002	224	IS	38
2033.5000000000002	2033.8297907847427	375	SHE	38
2033.8297907847427	2034.18	187	GOING	38
2034.18	2034.4243060948395	487	WITH	38
2034.4243060948395	2034.7	495	YOU	38
2044.0934689992189	2044.3400000000001	76	CAN	39
2044.3400000000001	2044.449145233011	434	THE	39
2044.449145233011	2045.1768219615844	11	AGENCY	39
2045.1768219615844	2046.0246444829565	315	OVERTHROW	39
2046.0246444829565	2046.5342321676203	13	ALIEN	39
2046.5342321676203	2047.44	162	FORCES	39
2057.7991373829936	2057.92	1	A	40
2057.92	2058.7317927400954	371	SCREWDRIVER	40
2058.7317927400954	2058.931656132859	224	IS	40
2058.931656132859	2059.396702836198	252	MADE	40
2059.396702836198	2059.67	166	FROM	40
2059.67	2060.182973882333	469	VODKA	40
2060.182973882333	2060.317866256727	20	AND	40
2060.317866256727	2060.71	303	ORANGE	40
2060.71	2061.23436672664	230	JUICE	40
2072.7377186922236	2072.98	210	HOW	41
2072.98	2073.3221735951056	269	MUCH	41
2073.3221735951056	2074.014782396745	16	ALLOWANCE	41
2074.014782396745	2074.11	128	DO	41
2074.11	2074.382079905115	495	YOU	41
2074.382079905115	2074.68	177	GET	41
2084.321112155451	2085.1321372906195	115	CYCLICAL	42
2085.1321372906195	2085.767401473153	346	PROGRAMS	42
2085.767401473153	2085.851782983436	485	WILL	42
2085.851782983436	2086.304071448767	281	NEVER	42
2086.304071448767	2087.0099999999998	100	COMPILE	42
2097.352874346919	2097.52242885709	434	THE	43
2097.52242885709	2098.055227696346	61	BOSTON	43
2098.055227696346	2098.65	45	BALLET	43
2098.65	2098.7219395052207	99999	sp	43
2098.7219395052207	2099.474730371109	312	OVERCAME	43
2099.474730371109	2099.613375306617	435	THEIR	43
2099.613375306617	2100.086925168686	170	FUNDING	43
2100.086925168686	2100.7798485698445	380	SHORTAGE	43
2111.06218959778	2111.495873677713	145	EVERY	44
2111.495873677713	2111.875888965418	74	CAB	44
2111.875888965418	2112.2433705433828	280	NEEDS	44
2112.2433705433828	2113.033425333251	364	REPAINTING	44
2113.033425333251	2113.7	296	OFTEN	44
2123.557303372562	2123.9236374894363	203	HELP	45
2123.9236374894363	2123.9903116403207	99999	sp	45
2123.9903116403207	2124.5465944230864	196	GREG	45
2124.5465944230864	2124.7980158390938	446	TO	45
2124.7980158390938	2125.15	325	PICK	45
2125.15	2125.3329597994953	1	A	45
2125.3329597994953	2125.6389061682453	321	PECK	45
2125.6389061682453	2125.7391436262674	294	OF	45
2125.7391436262674	2125.8151179044235	99999	sp	45
2125.8151179044235	2126.7	338	POTATOES	45
2137.4412102830606	2137.670402676726	476	WE	46
2137.670402676726	2138.0142516007036	241	LIKE	46
2138.0142516007036	2138.0921166810704	99999	sp	46
2138.0921166810704	2138.3315966170917	55	BLUE	46
2138.3315966170917	2138.8664085373944	88	CHEESE	46
2138.8664085373944	2138.995715286761	99999	sp	46
2138.995715286761	2139.2015252884785	70	BUT	46
2139.2015252884785	2139.614052010858	466	VICTOR	46
2139.614052010858	2139.997481710714	242	LIKES	46
2139.997481710714	2140.10347813947	99999	sp	46
2140.10347813947	2140.5499999999997	64	BRIE	46
2150.870042247809	2151.2225419992533	108	COUNT	47
2151.2225419992533	2151.2884816380724	434	THE	47
2151.2884816380724	2151.8160956180727	289	NUMBER	47
2151.8160956180727	2151.981139088825	294	OF	47
2151.981139088825	2152.056649173482	99999	sp	47
2152.056649173482	2152.857823990392	429	TEASPOONS	47
2152.857823990392	2152.98	294	OF	47
2152.98	2153.77	395	SOYSAUCE	47
2153.77	2153.9796456395143	433	THAT	47
2153.9796456395143	2154.14	495	YOU	47
2154.14	2154.68	7	ADD	47
2165.8931841781764	2166.559956949147	44	BAGPIPES	48
2166.559956949147	2166.821323356527	20	AND	48
2166.821323356527	2167.461811610629	59	BONGOS	48
2167.461811610629	2167.5916886239315	30	ARE	48
2167.5916886239315	2168.1588106280283	273	MUSICAL	48
2168.1588106280283	2169.0620419811107	220	INSTRUMENTS	48
2179.5274667884555	2179.8170084546578	210	HOW	49
2179.8170084546578	2180.054988275931	189	GOOD	49
2180.054988275931	2180.3246958769823	224	IS	49
2180.3246958769823	2180.582065404637	496	YOUR	49
2180.582065404637	2181.5122639822443	138	ENDURANCE	49
2902.440786894662	2902.6006050616415	30	ARE	0
2902.6006050616415	2902.970746526752	496	YOUR	0
2902.970746526752	2903.373450635509	192	GRADES	0
2903.373450635509	2903.9049411794117	206	HIGHER	0
2903.9049411794117	2904.113747798327	302	OR	0
2904.113747798327	2904.609647682989	251	LOWER	0
2904.609647682989	2904.7299999999996	432	THAN	0
2904.7299999999996	2905.519583049193	275	NANCY'S	0
2915.7522407788297	2916.0299999999993	375	SHE	1
2916.0299999999993	2916.429528380788	490	WORE	1
2916.429528380788	2916.997745292621	471	WARM	1
2916.997745292621	2917.6799731424267	158	FLEECY	1
2917.6799731424267	2918.0447908698757	489	WOOLEN	1
2918.0447908698757	2918.8344442335447	311	OVERALLS	1
2928.1729443260715	2928.665149967669	354	READING	2
2928.665149967669	2928.9039983079774	217	IN	2
2928.9039983079774	2929.2299999999996	335	POOR	2
2929.2299999999996	2929.6709323000014	240	LIGHT	2
2929.6709323000014	2929.8767045749523	99999	sp	2
2929.8767045749523	2930.1450908262773	181	GIVES	2
2930.1450908262773	2930.310951446411	495	YOU	2
2930.310951446411	2931.1399999999994	150	EYESTRAIN	2
2941.015948078781	2941.376583720449	142	EVEN	3
2941.376583720449	2941.7074896294603	211	I	3
2941.7074896294603	2942.5217155971923	293	OCCASIONALLY	3
2942.5217155971923	2942.7539080575903	177	GET	3
2942.7539080575903	2942.8299999999995	434	THE	3
2942.8299999999995	2943.3449596657106	265	MONDAY	3
2943.3449596657106	2943.9799999999996	56	BLUES	3
2953.875381074885	2954.0099999999993	476	WE	4
2954.0099999999993	2954.206130313145	30	ARE	4
2954.206130313145	2954.7650182702464	301	OPEN	4
2954.7650182702464	2955.132708584618	145	EVERY	4
2955.132708584618	2955.58740371205	265	MONDAY	4
2955.58740371205	2956.1931685493387	143	EVENING	4
2965.267022538519	2965.4799999999996	226	IT'S	5
2965.4799999999996	2965.8266391834322	285	NOT	5
2965.8266391834322	2966.248756571582	133	EASY	5
2966.248756571582	2966.4745294421305	446	TO	5
2966.4745294421305	2967.0839086351552	113	CREATE	5
2967.0839086351552	2967.9812628042882	215	ILLUMINATING	5
2967.9812628042882	2968.8599999999997	146	EXAMPLES	5
2979.4538245000404	2979.727438887791	270	MUM	6
2979.727438887791	2980.4270387368306	407	STRONGLY	6
2980.4270387368306	2981.0199999999995	126	DISLIKES	6
2981.0199999999995	2982.123475800866	27	APPETIZERS	6
2992.926003536599	2993.3408265158646	443	THOSE	7
2993.3408265158646	2993.531684297778	484	WHO	7
2993.531684297778	2993.9640534715427	427	TEACH	7
2993.9640534715427	2994.573230180181	462	VALUES	7
2994.573230180181	2995.043819111484	156	FIRST	7
2995.043819111484	2995.592441800103	4	ABOLISH	7
2995.592441800103	2995.6950957625177	99999	sp	7
2995.6950957625177	2996.2999999999993	87	CHEATING	7
3006.629298825716	3006.715124269702	434	THE	8
3006.715124269702	3007.464304626047	165	FRIGHTENED	8
3007.464304626047	3007.986843111102	89	CHILD	8
3007.986843111102	3008.2552579800386	472	WAS	8
3008.2552579800386	3008.6399999999994	176	GENTLY	8
3008.6399999999994	3009.359162713343	410	SUBDUED	8
3009.359162713343	3009.519026014799	73	BY	8
3009.519026014799	3009.8269620543906	208	HIS	8
3009.8269620543906	3010.132115830072	52	BIG	8
3010.132115830072	3010.6699999999996	66	BROTHER	8
3022.1223997093593	3022.493298302558	142	EVEN	9
3022.493298302558	3022.533924111955	99999	sp	9
3022.533924111955	3022.6398589059845	1	A	9
3022.6398589059845	3023.1000392002907	383	SIMPLE	9
3023.1000392002907	3024.107151573673	468	VOCABULARY	9
3024.107151573673	3024.8594510267817	104	CONTAINS	9
3024.8594510267817	3025.6199999999994	422	SYMBOLS	9
3035.1524822516767	3035.301610170939	1	A	10
3035.301610170939	3035.7551902743353	110	CRAB	10
3035.7551902743353	3036.398077106672	85	CHALLENGED	10
3036.398077106672	3036.975896823115	258	ME	10
3036.975896823115	3037.0536568413054	70	BUT	10
3037.0536568413054	3037.22777774507	1	A	10
3037.22777774507	3037.602763278764	350	QUICK	10
3037.602763278764	3038.1119484059022	402	STAB	10
3038.1119484059022	3038.6824501566252	464	VANQUISHED	10
3038.6824501566252	3038.9899999999993	207	HIM	10
3050.279048526096	3050.8341001324948	183	GLUCOSE	11
3050.8341001324948	3051.0304655030636	20	AND	11
3051.0304655030636	3051.740267957868	167	FRUCTOSE	11
3051.740267957868	3051.895710674318	30	ARE	11
3051.895710674318	3052.3526660158996	276	NATURAL	11
3052.3526660158996	3052.8999999999996	414	SUGARS	11
3052.8999999999996	3053.1999999999994	163	FOUND	11
3053.1999999999994	3053.351475547739	217	IN	11
3053.351475547739	3053.9499999999994	168	FRUIT	11
3065.2330259983087	3065.3999999999996	30	ARE	12
3065.3999999999996	3065.552827428582	495	YOU	12
3065.552827428582	3066.0031892779525	250	LOOKING	12
3066.0031892779525	3066.211105027895	161	FOR	12
3066.211105027895	3067.2099999999996	136	EMPLOYMENT	12
3076.7394357739586	3077.1772792343863	98	COFFEE	13
3077.1772792343863	3077.452635112745	224	IS	13
3077.452635112745	3077.843385534911	198	GROWN	13
3077.843385534911	3078.0999999999995	297	ON	13
3078.0999999999995	3078.636252270248	404	STEEP	13
3078.636252270248	3078.7711465217058	99999	sp	13
3078.7711465217058	3079.1599999999994	231	JUNGLE	13
3079.1599999999994	3079.461195081229	241	LIKE	13
3079.461195081229	3080.2050898240414	390	SLOPES	13
3080.2050898240414	3080.433295723229	217	IN	13
3080.433295723229	3080.940805970627	431	TEMPERATE	13
3080.940805970627	3081.7299999999996	497	ZONES	13
3093.7233362715356	3093.897413871188	476	WE	14
3093.897413871188	3094.2987138181065	480	WELCOME	14
3094.2987138181065	3094.6699999999996	256	MANY	14
3094.6699999999996	3094.933843665793	282	NEW	14
3094.933843665793	3095.5000576219068	408	STUDENTS	14
3095.5000576219068	3095.8100086676614	132	EACH	14
3095.8100086676614	3096.1783143637613	491	YEAR	14
3106.716534441587	3107.0699999999993	298	ONLY	15
3107.0699999999993	3107.295951560796	434	THE	15
3107.295951560796	3107.676617988935	51	BEST	15
3107.676617988935	3108.1510669434247	330	PLAYERS	15
3108.1510669434247	3108.648582399469	139	ENJOY	15
3108.648582399469	3108.690088322994	99999	sp	15
3108.690088322994	3109.6599999999994	336	POPULARITY	15
3120.2830372972485	3121.030148887065	75	CALCIUM	16
3121.030148887065	3121.38788946522	254	MAKES	16
3121.38788946522	3121.8727950834764	58	BONES	16
3121.8727950834764	3122.254895500778	20	AND	16
3122.254895500778	3122.533424400764	430	TEETH	16
3122.533424400764	3123.2299999999996	406	STRONG	16
3133.5069117906755	3133.9351193684743	286	NOTHING	17
3133.9351193684743	3134.1875650858497	224	IS	17
3134.1875650858497	3134.4699999999993	34	AS	17
3134.4699999999993	3135.165847085	295	OFFENSIVE	17
3135.165847085	3135.404771038624	34	AS	17
3135.404771038624	3136.1799999999994	219	INNOCENCE	17
3146.3910856202997	3147.106268121057	405	STEVE	18
3147.106268121057	3147.392705602385	490	WORE	18
3147.392705602385	3147.5195853841024	1	A	18
3147.5195853841024	3147.9865252638606	65	BRIGHT	18
3147.9865252638606	3148.506717402799	356	RED	18
3148.506717402799	3149.0764419461643	78	CASHMERE	18
3149.0764419461643	3149.6399999999994	420	SWEATER	18
3160.635260981105	3161.150729928427	46	BARB'S	19
3161.150729928427	3161.5061514258427	188	GOLD	19
3161.5061514258427	3162.173678339225	63	BRACELET	19
3162.173678339225	3162.3548227516176	472	WAS	19
3162.3548227516176	3162.484604339752	1	A	19
3162.484604339752	3163.2267921251123	193	GRADUATION	19
3163.2267921251123	3163.6399999999994	339	PRESENT	19
3173.5243096160275	3173.78779239769	130	DRAW	20
3173.78779239769	3173.8185320555503	99999	sp	20
3173.8185320555503	3174.2099999999996	145	EVERY	20
3174.2099999999996	3174.5622155124984	308	OUTER	20
3174.5622155124984	3174.907942917061	244	LINE	20
3174.907942917061	3175.4929011024965	156	FIRST	20
3175.4929011024965	3175.7365270404644	99999	sp	20
3175.7365270404644	3175.9814236469674	436	THEN	20
3175.9814236469674	3176.276115703998	154	FILL	20
3176.276115703998	3176.5199999999995	217	IN	20
3176.5199999999995	3176.68165980914	434	THE	20
3176.68165980914	3177.4999999999995	222	INTERIOR	20
3189.0633558217487	3189.1416795439927	434	THE	21
3189.1416795439927	3189.586217658667	475	WATER	21
3189.586217658667	3190.286072155227	103	CONTAINED	21
3190.286072155227	3190.3696392419956	99999	sp	21
3190.3696392419956	3190.5807635562087	448	TOO	21
3190.5807635562087	3190.935237303241	269	MUCH	21
3190.935237303241	3191.515199876413	90	CHLORINE	21
3191.515199876413	3191.686535589562	20	AND	21
3191.686535589562	3192.0499999999993	409	STUNG	21
3192.0499999999993	3192.2971561847257	208	HIS	21
3192.2971561847257	3192.863344249014	149	EYES	21
3204.291109632924	3204.823548171888	229	JOHN'S	22
3204.823548171888	3205.256461999446	66	BROTHER	22
3205.256461999446	3206.1515174623228	363	REPAINTED	22
3206.1515174623228	3206.275209311066	434	THE	22
3206.275209311066	3206.8404202581223	173	GARAGE	22
3206.8404202581223	3207.1899999999996	129	DOOR	22
3218.4536672175027	3219.013438977104	84	CHALLENGE	23
3219.013438977104	3219.5169624388454	132	EACH	23
3219.5169624388454	3220.1199999999994	175	GENERAL'S	23
3220.1199999999994	3221.1799999999994	221	INTELLIGENCE	23
3231.2483532387832	3232.115561966051	17	AMBIDEXTROUS	24
3232.115561966051	3232.915718670525	327	PICKPOCKETS	24
3232.915718670525	3233.655461870016	6	ACCOMPLISH	24
3233.655461870016	3234.0554475877348	267	MORE	24
3244.5099999999993	3244.902142535695	99999	sp	25
3244.902142535695	3244.9859778000746	1	A	25
3244.9859778000746	3245.7390022162253	271	MUSCULAR	25
3245.7390022162253	3246.43864700266	2	ABDOMEN	25
3246.43864700266	3246.6681400237144	224	IS	25
3246.6681400237144	3246.827029142954	189	GOOD	25
3246.827029142954	3247.0599999999995	161	FOR	25
3247.0599999999995	3247.284169449735	496	YOUR	25
3247.284169449735	3247.6899999999996	43	BACK	25
3257.1052876943236	3257.2899999999995	438	THEY	26
3257.2899999999995	3257.33021474063	99999	sp	26
3257.33021474063	3257.5819985482517	317	OWN	26
3257.5819985482517	3257.8411285042234	1	A	26
3257.8411285042234	3258.0602492862263	52	BIG	26
3258.0602492862263	3258.637263349821	209	HOUSE	26
3258.637263349821	3258.8099999999995	217	IN	26
3258.8099999999995	3258.9271672719624	434	THE	26
3258.9271672719624	3259.3626517022944	361	REMOTE	26
3259.3626517022944	3259.5228439452644	99999	sp	26
3259.5228439452644	3260.4299999999994	109	COUNTRYSIDE	26
3270.9762751868952	3271.1147896945013	434	THE	27
3271.1147896945013	3271.5324975065014	369	ROSE	27
3271.5324975065014	3272.315847052891	106	CORSAGE	27
3272.315847052891	3272.7999999999993	393	SMELLED	27
3272.7999999999993	3273.4099999999994	421	SWEET	27
3283.106381425363	3283.4104640553423	433	THAT	28
3283.4104640553423	3284.186042524474	326	PICKPOCKET	28
3284.186042524474	3284.298585561904	99999	sp	28
3284.298585561904	3284.5225894921737	472	WAS	28
3284.5225894921737	3284.864162625404	80	CAUGHT	28
3284.864162625404	3285.0979058569897	356	RED	28
3285.0979058569897	3285.7099999999996	199	HANDED	28
3295.28462486615	3295.4274679521186	19	AN	29
3295.4274679521186	3296.0786940394723	9	ADULT	29
3296.0786940394723	3296.490243331958	255	MALE	29
3296.490243331958	3297.1599752691513	42	BABOON'S	29
3297.1599752691513	3297.229232522954	99999	sp	29
3297.229232522954	3297.6699999999996	430	TEETH	29
3297.6699999999996	3297.8003145555567	30	ARE	29
3297.8003145555567	3298.1671615717955	285	NOT	29
3298.1671615717955	3298.9036521255803	415	SUITABLE	29
3298.9036521255803	3299.1611447559435	161	FOR	29
3299.1611447559435	3299.4771309764205	135	EATING	29
3299.4771309764205	3300.3099999999995	376	SHELLFISH	29
3312.6055243937317	3312.8299999999995	204	HER	30
3312.8299999999995	3313.391058019719	470	WARDROBE	30
3313.391058019719	3314.0961913795736	102	CONSISTS	30
3314.0961913795736	3314.3447899861767	294	OF	30
3314.3447899861767	3314.717360190546	298	ONLY	30
3314.717360190546	3315.2551934642643	385	SKIRTS	30
3315.2551934642643	3315.4601438786876	20	AND	30
3315.4601438786876	3316.1999999999994	54	BLOUSES	30
3327.091550497655	3327.269911879784	434	THE	31
3327.269911879784	3327.62240566764	453	TWO	31
3327.62240566764	3328.2921321481817	33	ARTISTS	31
3328.2921321481817	3329.0799999999995	147	EXCHANGED	31
3329.0799999999995	3329.8799999999997	39	AUTOGRAPHS	31
3339.831180884192	3340.487341060553	71	BUTTERSCOTCH	32
3340.487341060553	3341.009129331622	169	FUDGE	32
3341.009129331622	3341.3343756256704	186	GOES	32
3341.3343756256704	3341.5849008772057	481	WELL	32
3341.5849008772057	3341.8737906816427	487	WITH	32
3341.8737906816427	3342.2686083079234	463	VANILLA	32
3342.2686083079234	3342.6023588253547	212	ICE	32
3342.6023588253547	3342.9599999999996	112	CREAM	32
3354.3469707637373	3354.764105295168	366	RICH	33
3354.764105295168	3354.845244012057	99999	sp	33
3354.845244012057	3355.4451123680424	349	PURCHASED	33
3355.4451123680424	3355.966867817917	374	SEVERAL	33
3355.966867817917	3356.5828517292443	382	SIGNED	33
3356.5828517292443	3357.609999999999	245	LITHOGRAPHS	33
3368.0233639278495	3368.3835923456218	24	ANY	34
3368.3835923456218	3369.359999999999	105	CONTRIBUTIONS	34
3369.359999999999	3369.553398424764	485	WILL	34
3369.553398424764	3369.7251246760407	47	BE	34
3369.7251246760407	3370.130169808146	195	GREATLY	34
3370.130169808146	3371.1199999999994	28	APPRECIATED	34
3380.8693626787785	3381.029937390062	434	THE	35
3381.029937390062	3381.662204422437	111	CRANBERRY	35
3381.662204422437	3382.1246571856477	57	BOG	35
3382.1246571856477	3382.3799999999997	178	GETS	35
3382.3799999999997	3382.7109805679106	465	VERY	35
3382.7109805679106	3382.8101675231705	99999	sp	35
3382.8101675231705	3383.1983338682667	340	PRETTY	35
3383.1983338682667	3383.3465335388687	217	IN	35
3383.3465335388687	3383.8199999999993	40	AUTUMN	35
3393.255746584991	3393.521209348626	210	HOW	36
3393.521209348626	3393.7299999999996	128	DO	36
3393.7299999999996	3394.2955834202658	318	OYSTERS	36
3394.2955834202658	3394.5559731992853	253	MAKE	36
3394.5559731992853	3394.655276854323	99999	sp	36
3394.655276854323	3395.3399999999997	320	PEARLS	36
3404.8474740127904	3405.0301000763025	257	MAY	37
3405.0301000763025	3405.1999999999994	211	I	37
3405.1999999999994	3405.603127766981	304	ORDER	37
3405.603127766981	3405.8387939250897	1	A	37
3405.8387939250897	3406.461061535233	319	PARFAIT	37
3406.461061535233	3406.9404549519522	10	AFTER	37
3406.9404549519522	3407.1299999999997	211	I	37
3407.1299999999997	3407.3462136269286	134	EAT	37
3407.3462136269286	3407.7099999999996	124	DINNER	37
3418.5849849427696	3418.699558123944	224	IS	38
3418.699558123944	3418.96133128623	375	SHE	38
3418.96133128623	3419.2747341224913	187	GOING	38
3419.2747341224913	3419.5164292861714	487	WITH	38
3419.5164292861714	3419.7799999999993	495	YOU	38
3429.7486101901536	3430.0238821602848	76	CAN	39
3430.0238821602848	3430.1399999999994	434	THE	39
3430.1399999999994	3430.8430001194793	11	AGENCY	39
3430.8430001194793	3430.9626744238262	99999	sp	39
3430.9626744238262	3431.7391207187015	315	OVERTHROW	39
3431.7391207187015	3431.851540057089	99999	sp	39
3431.851540057089	3432.3271058260857	13	ALIEN	39
3432.3271058260857	3433.1299999999997	162	FORCES	39
3444.0493237203536	3444.1599999999994	1	A	40
3444.1599999999994	3444.8996503258873	371	SCREWDRIVER	40
3444.8996503258873	3445.174855337417	224	IS	40
3445.174855337417	3445.5499999999997	252	MADE	40
3445.5499999999997	3445.860266220852	166	FROM	40
3445.860266220852	3446.2902154242097	469	VODKA	40
3446.2902154242097	3446.4599999999996	20	AND	40
3446.4599999999996	3446.879688594346	303	ORANGE	40
3446.879688594346	3447.359999999999	230	JUICE	40
3457.538497121294	3457.734129370617	210	HOW	41
3457.734129370617	3458.05557743325	269	MUCH	41
3458.05557743325	3458.6958773632073	16	ALLOWANCE	41
3458.6958773632073	3458.8199999999993	128	DO	41
3458.8199999999993	3459.026304161629	495	YOU	41
3459.026304161629	3459.2699999999995	177	GET	41
3469.1844840102403	3469.89067122029	115	CYCLICAL	42
3469.89067122029	3470.5440081409192	346	PROGRAMS	42
3470.5440081409192	3470.6808699503376	485	WILL	42
3470.6808699503376	3471.060160332183	281	NEVER	42
3471.060160332183	3471.7199999999993	100	COMPILE	42
3481.0717909437403	3481.2575644058534	434	THE	43
3481.2575644058534	3481.800422895113	61	BOSTON	43
3481.800422895113	3482.4399999999996	45	BALLET	43
3482.4399999999996	3482.6485164975184	99999	sp	43
3482.6485164975184	3483.3529714840283	312	OVERCAME	43
3483.3529714840283	3483.5023773002536	435	THEIR	43
3483.5023773002536	3483.9597374556784	170	FUNDING	43
3483.9597374556784	3484.6699999999996	380	SHORTAGE	43
3494.93734096555	3495.265527151205	145	EVERY	44
3495.265527151205	3495.3292029196195	99999	sp	44
3495.3292029196195	3495.7266147834	74	CAB	44
3495.7266147834	3496.062091953842	280	NEEDS	44
3496.062091953842	3496.141424877054	99999	sp	44
3496.141424877054	3496.876590008284	364	REPAINTING	44
3496.876590008284	3497.5999999999995	296	OFTEN	44
3507.6431792195476	3508.0216362078017	203	HELP	45
3508.0216362078017	3508.5838278990345	196	GREG	45
3508.5838278990345	3508.7821602070653	446	TO	45
3508.7821602070653	3509.0937953777325	325	PICK	45
3509.0937953777325	3509.287720301141	1	A	45
3509.287720301141	3509.6623479940877	321	PECK	45
3509.6623479940877	3509.8452544559386	294	OF	45
3509.8452544559386	3510.6599999999994	338	POTATOES	45
3521.547052892518	3521.7399999999993	476	WE	46
3521.7399999999993	3522.028934955571	241	LIKE	46
3522.028934955571	3522.1281011095866	99999	sp	46
3522.1281011095866	3522.3660998792234	55	BLUE	46
3522.3660998792234	3523.023034834936	88	CHEESE	46
3523.023034834936	3523.1993302198525	70	BUT	46
3523.1993302198525	3523.6621056052577	466	VICTOR	46
3523.6621056052577	3524.073750806546	242	LIKES	46
3524.073750806546	3524.17071326825	99999	sp	46
3524.17071326825	3524.5699999999993	64	BRIE	46
3535.6330472111995	3535.9209929356816	108	COUNT	47
3535.9209929356816	3535.9937147819596	434	THE	47
3535.9937147819596	3536.474237029306	289	NUMBER	47
3536.474237029306	3536.672569337337	294	OF	47
3536.672569337337	3536.716015513724	99999	sp	47
3536.716015513724	3537.438517094513	429	TEASPOONS	47
3537.438517094513	3537.5597201716428	294	OF	47
3537.5597201716428	3538.306607896474	395	SOYSAUCE	47
3538.306607896474	3538.5622362046024	433	THAT	47
3538.5622362046024	3538.7219805745317	495	YOU	47
3538.7219805745317	3539.1099999999997	7	ADD	47
3551.1399469907824	3551.767272204527	44	BAGPIPES	48
3551.767272204527	3552.0450873226355	20	AND	48
3552.0450873226355	3552.666763201365	59	BONGOS	48
3552.666763201365	3552.787966278495	30	ARE	48
3552.787966278495	3553.3999999999996	273	MUSICAL	48
3553.3999999999996	3554.2299999999996	220	INSTRUMENTS	48
3565.185006316687	3565.491319547979	210	HOW	49
3565.491319547979	3565.7899999999995	189	GOOD	49
3565.7899999999995	3566.0829876109533	224	IS	49
3566.0829876109533	3566.3299999999995	496	YOUR	49
3566.3299999999995	3567.142401180073	138	ENDURANCE	49
