580.392	587.312	99999	sp
587.312	587.912	99999	sp
587.912	588.052	99999	sp
588.052	588.122	99999	sp
588.122	588.242	99999	sp
588.242	588.872	99999	sp
588.872	599.922	99999	{NS}
599.922	599.992	99999	sp
599.992	601.7139999999999	99999	sp
601.7139999999999	601.8439999999999	30	ARE
601.8439999999999	602.084	495	YOUR
602.084	602.414	192	GRADES
602.414	602.944	206	HIGHER
602.944	602.9939999999999	301	OR
602.9939999999999	603.454	250	LOWER
603.454	603.634	431	THAN
603.634	604.434	274	NANCY'S
604.434	611.9739999999999	99999	sp
611.9739999999999	612.304	374	SHE
612.304	612.834	489	WORE
612.834	612.8739999999999	99999	sp
612.8739999999999	613.414	470	WARM
613.414	613.524	99999	sp
613.524	613.9739999999999	158	FLEECY
613.9739999999999	614.784	488	WOOLEN
614.784	615.654	310	OVERALLS
615.654	624.2439999999999	99999	sp
624.2439999999999	624.6239999999999	353	READING
624.6239999999999	624.774	217	IN
624.774	624.9939999999999	334	POOR
624.9939999999999	625.3439999999999	239	LIGHT
625.3439999999999	625.394	99999	sp
625.394	625.664	181	GIVES
625.664	625.904	494	YOU
625.904	626.704	150	EYESTRAIN
626.704	634.6039999999999	99999	sp
634.6039999999999	635.0939999999999	142	EVEN
635.0939999999999	635.454	211	I
635.454	636.074	292	OCCASIONALLY
636.074	636.294	177	GET
636.294	636.414	433	THE
636.414	636.8739999999999	264	MONDAY
636.8739999999999	637.534	56	BLUES
637.534	644.9639999999999	99999	sp
644.9639999999999	645.0939999999999	475	WE
645.0939999999999	645.404	30	ARE
645.404	645.8539999999999	300	OPEN
645.8539999999999	646.324	145	EVERY
646.324	646.6239999999999	264	MONDAY
646.6239999999999	647.3539999999999	143	EVENING
647.3539999999999	656.574	99999	sp
656.574	656.784	226	IT'S
656.784	657.014	284	NOT
657.014	657.424	133	EASY
657.424	657.534	445	TO
657.534	657.934	113	CREATE
657.934	658.8739999999999	215	ILLUMINATING
658.8739999999999	659.664	146	EXAMPLES
659.664	667.514	99999	sp
667.514	667.8539999999999	269	MUM
667.8539999999999	668.514	406	STRONGLY
668.514	668.9939999999999	126	DISLIKES
668.9939999999999	669.992	27	APPETIZERS
669.992	676.9739999999999	99999	sp
676.9739999999999	677.2339999999999	442	THOSE
677.2339999999999	677.3539999999999	483	WHO
677.3539999999999	677.694	426	TEACH
677.694	678.274	461	VALUES
678.274	678.6139999999999	156	FIRST
678.6139999999999	679.174	4	ABOLISH
679.174	679.7339999999999	87	CHEATING
679.7339999999999	688.084	99999	sp
688.084	688.194	433	THE
688.194	688.7539999999999	165	FRIGHTENED
688.7539999999999	688.8439999999999	99999	sp
688.8439999999999	689.3439999999999	89	CHILD
689.3439999999999	689.584	471	WAS
689.584	689.9639999999999	176	GENTLY
689.9639999999999	690.4839999999999	409	SUBDUED
690.4839999999999	690.644	73	BY
690.644	690.914	208	HIS
690.914	691.174	52	BIG
691.174	691.5939999999999	66	BROTHER
691.5939999999999	700.7239999999999	99999	sp
700.7239999999999	701.024	142	EVEN
701.024	701.084	1	A
701.084	701.584	382	SIMPLE
701.584	702.294	467	VOCABULARY
702.294	702.7539999999999	104	CONTAINS
702.7539999999999	703.514	421	SYMBOLS
703.514	703.914	99999	sp
703.914	703.9739999999999	1	A
703.9739999999999	712.184	99999	sp
712.184	712.884	110	CRAB
712.884	713.4939999999999	85	CHALLENGED
713.4939999999999	713.7139999999999	257	ME
713.7139999999999	713.914	70	BUT
713.914	713.954	1	A
713.954	714.3539999999999	349	QUICK
714.3539999999999	714.9839999999999	401	STAB
714.9839999999999	715.554	463	VANQUISHED
715.554	715.564	99999	sp
715.564	715.8539999999999	207	HIM
715.8539999999999	723.5939999999999	99999	sp
723.5939999999999	724.064	183	GLUCOSE
724.064	724.204	20	AND
724.204	724.804	167	FRUCTOSE
724.804	724.8539999999999	30	ARE
724.8539999999999	725.274	275	NATURAL
725.274	725.794	413	SUGARS
725.794	726.064	163	FOUND
726.064	726.2139999999999	217	IN
726.2139999999999	726.574	168	FRUIT
726.574	735.084	99999	sp
735.084	735.2239999999999	30	ARE
735.2239999999999	735.384	494	YOU
735.384	735.7339999999999	249	LOOKING
735.7339999999999	735.884	161	FOR
735.884	736.5139999999999	136	EMPLOYMENT
736.5139999999999	744.9839999999999	99999	sp
744.9839999999999	745.434	98	COFFEE
745.434	745.5939999999999	224	IS
745.5939999999999	745.874	198	GROWN
745.874	746.074	296	ON
746.074	746.4839999999999	403	STEEP
746.4839999999999	746.5039999999999	99999	sp
746.5039999999999	746.934	88888	JUNGLE
746.934	747.194	240	LIKE
747.194	747.7139999999999	389	SLOPES
747.7139999999999	747.934	217	IN
747.934	748.414	430	TEMPERATE
748.414	749.074	496	ZONES
749.074	757.834	99999	sp
757.834	758.034	475	WE
758.034	758.454	479	WELCOME
758.454	758.774	255	MANY
758.774	758.884	281	NEW
758.884	759.544	407	STUDENTS
759.544	759.784	132	EACH
759.784	760.084	490	YEAR
760.084	768.544	99999	sp
768.544	768.914	297	ONLY
768.914	768.9839999999999	433	THE
768.9839999999999	769.334	51	BEST
769.334	769.384	99999	sp
769.384	769.824	329	PLAYERS
769.824	770.114	139	ENJOY
770.114	771.0139999999999	335	POPULARITY
771.0139999999999	779.7339999999999	99999	sp
779.7339999999999	780.2539999999999	75	CALCIUM
780.2539999999999	780.5939999999999	253	MAKES
780.5939999999999	780.9639999999999	58	BONES
780.9639999999999	781.154	20	AND
781.154	781.444	429	TEETH
781.444	782.134	405	STRONG
782.134	791.144	99999	sp
791.144	791.684	285	NOTHING
791.684	791.774	224	IS
791.774	792.064	34	AS
792.064	792.614	294	OFFENSIVE
792.614	792.824	34	AS
792.824	793.654	219	INNOCENCE
793.654	801.804	99999	sp
801.804	802.2239999999999	404	STEVE
802.2239999999999	802.4739999999999	489	WORE
802.4739999999999	802.574	1	A
802.574	802.9639999999999	65	BRIGHT
802.9639999999999	803.2539999999999	355	RED
803.2539999999999	803.954	78	CASHMERE
803.954	804.554	419	SWEATER
804.554	813.334	99999	sp
813.334	813.7439999999999	46	BARB'S
813.7439999999999	814.0039999999999	188	GOLD
814.0039999999999	814.424	63	BRACELET
814.424	814.554	471	WAS
814.554	814.634	1	A
814.634	815.374	193	GRADUATION
815.374	815.814	338	PRESENT
815.814	823.8439999999999	99999	sp
823.8439999999999	824.124	130	DRAW
824.124	824.624	145	EVERY
824.624	824.9839999999999	307	OUTER
824.9839999999999	825.2439999999999	243	LINE
825.2439999999999	826.1039999999999	156	FIRST
826.1039999999999	826.174	99999	sp
826.174	826.434	435	THEN
826.434	826.654	154	FILL
826.654	826.784	217	IN
826.784	826.894	433	THE
826.894	827.694	222	INTERIOR
827.694	837.7439999999999	99999	sp
837.7439999999999	837.894	433	THE
837.894	838.204	474	WATER
838.204	838.674	103	CONTAINED
838.674	838.7339999999999	99999	sp
838.7339999999999	839.024	447	TOO
839.024	839.2139999999999	268	MUCH
839.2139999999999	839.7639999999999	90	CHLORINE
839.7639999999999	839.904	20	AND
839.904	840.184	408	STUNG
840.184	840.374	208	HIS
840.374	840.9939999999999	149	EYES
840.9939999999999	850.2539999999999	99999	sp
850.2539999999999	850.674	229	JOHN'S
850.674	850.9839999999999	66	BROTHER
850.9839999999999	851.554	362	REPAINTED
851.554	851.654	433	THE
851.654	852.174	173	GARAGE
852.174	852.564	129	DOOR
852.564	861.2639999999999	99999	sp
861.2639999999999	861.804	84	CHALLENGE
861.804	862.114	132	EACH
862.114	862.634	175	GENERAL'S
862.634	863.564	221	INTELLIGENCE
863.564	871.874	99999	sp
871.874	872.804	17	AMBIDEXTROUS
872.804	873.4739999999999	326	PICKPOCKETS
873.4739999999999	874.154	6	ACCOMPLISH
874.154	874.5139999999999	266	MORE
874.5139999999999	882.9639999999999	99999	sp
882.9639999999999	883.044	1	A
883.044	883.4739999999999	270	MUSCULAR
883.4739999999999	884.064	2	ABDOMEN
884.064	884.2139999999999	224	IS
884.2139999999999	884.384	189	GOOD
884.384	884.5239999999999	161	FOR
884.5239999999999	884.7739999999999	495	YOUR
884.7739999999999	885.294	43	BACK
885.294	894.2139999999999	99999	sp
894.2139999999999	894.3439999999999	437	THEY
894.3439999999999	894.654	316	OWN
894.654	894.684	1	A
894.684	894.894	52	BIG
894.894	894.904	99999	sp
894.904	895.2839999999999	209	HOUSE
895.2839999999999	895.384	217	IN
895.384	895.454	433	THE
895.454	895.914	360	REMOTE
895.914	896.7339999999999	109	COUNTRYSIDE
896.7339999999999	905.634	99999	sp
905.634	905.7439999999999	433	THE
905.7439999999999	906.064	368	ROSE
906.064	906.084	99999	sp
906.084	906.644	106	CORSAGE
906.644	907.054	392	SMELLED
907.054	907.544	420	SWEET
907.544	915.394	99999	sp
915.394	915.7239999999999	432	THAT
915.7239999999999	916.294	325	PICKPOCKET
916.294	916.424	471	WAS
916.424	916.794	80	CAUGHT
916.794	917.054	355	RED
917.054	917.654	199	HANDED
917.654	927.174	99999	sp
927.174	927.294	19	AN
927.294	927.314	99999	sp
927.314	927.894	9	ADULT
927.894	928.154	254	MALE
928.154	928.7539999999999	42	BABOON'S
928.7539999999999	929.084	429	TEETH
929.084	929.164	30	ARE
929.164	929.5139999999999	284	NOT
929.5139999999999	930.044	414	SUITABLE
930.044	930.154	161	FOR
930.154	930.5239999999999	135	EATING
930.5239999999999	931.364	375	SHELLFISH
931.364	938.864	99999	sp
938.864	939.7339999999999	204	HER
939.7339999999999	940.184	469	WARDROBE
940.184	940.674	102	CONSISTS
940.674	940.7739999999999	293	OF
940.7739999999999	941.184	297	ONLY
941.184	941.584	384	SKIRTS
941.584	941.694	20	AND
941.694	942.404	54	BLOUSES
942.404	949.2739999999999	99999	sp
949.2739999999999	949.384	433	THE
949.384	949.614	452	TWO
949.614	950.134	33	ARTISTS
950.134	950.834	147	EXCHANGED
950.834	951.7139999999999	39	AUTOGRAPHS
951.7139999999999	960.204	99999	sp
960.204	960.9639999999999	71	BUTTERSCOTCH
960.9639999999999	961.314	169	FUDGE
961.314	961.614	186	GOES
961.614	961.7839999999999	99999	sp
961.7839999999999	962.074	480	WELL
962.074	962.2339999999999	486	WITH
962.2339999999999	962.2739999999999	99999	sp
962.2739999999999	962.644	462	VANILLA
962.644	963.074	212	ICE
963.074	963.5239999999999	112	CREAM
963.5239999999999	973.2639999999999	99999	sp
973.2639999999999	973.554	365	RICH
973.554	974.5039999999999	348	PURCHASED
974.5039999999999	974.634	99999	sp
974.634	975.194	373	SEVERAL
975.194	975.654	381	SIGNED
975.654	976.5339999999999	244	LITHOGRAPHS
976.5339999999999	985.0239999999999	99999	sp
985.0239999999999	985.304	24	ANY
985.304	986.114	105	CONTRIBUTIONS
986.114	986.204	484	WILL
986.204	986.334	47	BE
986.334	986.7639999999999	195	GREATLY
986.7639999999999	987.654	28	APPRECIATED
987.654	995.5339999999999	99999	sp
995.5339999999999	995.634	433	THE
995.634	996.2239999999999	111	CRANBERRY
996.2239999999999	996.5939999999999	57	BOG
996.5939999999999	996.864	178	GETS
996.864	997.204	464	VERY
997.204	997.554	339	PRETTY
997.554	997.664	217	IN
997.664	998.204	40	AUTUMN
998.204	1006.2539999999999	99999	sp
1006.2539999999999	1006.7839999999999	210	HOW
1006.7839999999999	1006.8439999999999	128	DO
1006.8439999999999	1007.294	317	OYSTERS
1007.294	1007.564	252	MAKE
1007.564	1008.134	319	PEARLS
1008.134	1011.204	99999	sp
1011.204	1011.2639999999999	256	MAY
1011.2639999999999	1014.294	99999	sp
1014.294	1014.324	211	I
1014.324	1015.944	99999	sp
1015.944	1016.064	303	ORDER
1016.064	1016.104	99999	sp
1016.104	1016.2439999999999	1	A
1016.2439999999999	1017.544	318	PARFAIT
1017.544	1017.954	10	AFTER
1017.954	1018.064	211	I
1018.064	1018.304	134	EAT
1018.304	1018.664	124	DINNER
1018.664	1026.0339999999999	99999	sp
1026.0339999999999	1026.304	224	IS
1026.304	1026.454	374	SHE
1026.454	1026.974	187	GOING
1026.974	1027.3139999999999	486	WITH
1027.3139999999999	1036.0639999999999	99999	sp
1036.0639999999999	1036.124	494	YOU
1036.124	1036.984	99999	sp
1036.984	1037.164	76	CAN
1037.164	1037.2839999999999	433	THE
1037.2839999999999	1037.8339999999998	11	AGENCY
1037.8339999999998	1038.474	314	OVERTHROW
1038.474	1038.924	13	ALIEN
1038.924	1039.664	162	FORCES
1039.664	1047.464	99999	sp
1047.464	1047.624	1	A
1047.624	1048.3139999999999	370	SCREWDRIVER
1048.3139999999999	1048.5339999999999	224	IS
1048.5339999999999	1048.804	251	MADE
1048.804	1049.0439999999999	166	FROM
1049.0439999999999	1049.414	468	VODKA
1049.414	1049.804	20	AND
1049.804	1050.164	302	ORANGE
1050.164	1050.664	230	JUICE
1050.664	1059.054	99999	sp
1059.054	1059.204	210	HOW
1059.204	1059.394	268	MUCH
1059.394	1059.934	16	ALLOWANCE
1059.934	1060.024	128	DO
1060.024	1060.244	494	YOU
1060.244	1060.5439999999999	177	GET
1060.5439999999999	1068.244	99999	sp
1068.244	1068.694	115	CYCLICAL
1068.694	1069.3339999999998	345	PROGRAMS
1069.3339999999998	1069.454	484	WILL
1069.454	1069.694	280	NEVER
1069.694	1070.454	100	COMPILE
1070.454	1079.474	99999	sp
1079.474	1079.614	433	THE
1079.614	1080.104	61	BOSTON
1080.104	1080.634	45	BALLET
1080.634	1081.254	311	OVERCAME
1081.254	1081.414	434	THEIR
1081.414	1081.914	170	FUNDING
1081.914	1082.764	379	SHORTAGE
1082.764	1093.504	99999	sp
1093.504	1093.844	145	EVERY
1093.844	1094.434	110	CRAB
1094.434	1094.464	99999	sp
1094.464	1094.494	88888	UH
1094.494	1094.644	99999	sp
1094.644	1094.884	145	EVERY
1094.884	1094.974	99999	sp
1094.974	1095.444	74	CAB
1095.444	1095.614	99999	sp
1095.614	1096.014	279	NEEDS
1096.014	1096.574	363	REPAINTING
1096.574	1097.184	295	OFTEN
1097.184	1105.214	99999	sp
1105.214	1105.7939999999999	203	HELP
1105.7939999999999	1106.114	196	GREG
1106.114	1106.254	445	TO
1106.254	1106.474	324	PICK
1106.474	1106.554	1	A
1106.554	1106.844	320	PECK
1106.844	1106.984	293	OF
1106.984	1107.8339999999998	337	POTATOES
1107.8339999999998	1116.0839999999998	99999	sp
1116.0839999999998	1116.234	475	WE
1116.234	1116.5639999999999	240	LIKE
1116.5639999999999	1116.824	55	BLUE
1116.824	1117.184	88	CHEESE
1117.184	1117.344	70	BUT
1117.344	1117.744	465	VICTOR
1117.744	1118.1239999999998	241	LIKES
1118.1239999999998	1118.184	99999	sp
1118.184	1118.554	64	BRIE
1118.554	1128.2640000000001	99999	sp
1128.2640000000001	1128.5439999999999	108	COUNT
1128.5439999999999	1128.654	433	THE
1128.654	1128.924	288	NUMBER
1128.924	1129.1239999999998	293	OF
1129.1239999999998	1129.884	428	TEASPOONS
1129.884	1130.054	293	OF
1130.054	1130.984	394	SOYSAUCE
1130.984	1131.114	432	THAT
1131.114	1131.3539999999998	494	YOU
1131.3539999999998	1131.744	7	ADD
1131.744	1140.504	99999	sp
1140.504	1141.164	44	BAGPIPES
1141.164	1141.284	20	AND
1141.284	1141.844	59	BONGOS
1141.844	1141.884	30	ARE
1141.884	1142.394	272	MUSICAL
1142.394	1143.254	220	INSTRUMENTS
1143.254	1150.734	99999	sp
1150.734	1150.994	210	HOW
1150.994	1151.194	99999	sp
1151.194	1151.474	189	GOOD
1151.474	1151.774	224	IS
1151.774	1151.944	495	YOUR
1151.944	1152.704	138	ENDURANCE
1152.704	1161.654	99999	sp
1673.616	1674.356	138	ENDURANCE
1674.356	1680.326	99999	sp
1680.326	1693.446	99999	{NS}
1693.446	1693.4759999999999	30	ARE
1693.4759999999999	1693.716	495	YOUR
1693.716	1694.0859999999998	192	GRADES
1694.0859999999998	1694.4959999999999	206	HIGHER
1694.4959999999999	1694.626	301	OR
1694.626	1695.036	250	LOWER
1695.036	1695.186	431	THAN
1695.186	1696.0059999999999	274	NANCY'S
1696.0059999999999	1703.116	99999	sp
1703.116	1703.416	374	SHE
1703.416	1703.7759999999998	489	WORE
1703.7759999999998	1704.206	470	WARM
1704.206	1704.2459999999999	99999	sp
1704.2459999999999	1704.8159999999998	158	FLEECY
1704.8159999999998	1705.2259999999999	488	WOOLEN
1705.2259999999999	1706.096	310	OVERALLS
1706.096	1713.686	99999	sp
1713.686	1714.116	353	READING
1714.116	1714.176	217	IN
1714.176	1714.456	334	POOR
1714.456	1714.886	239	LIGHT
1714.886	1715.136	181	GIVES
1715.136	1715.286	494	YOU
1715.286	1716.136	150	EYESTRAIN
1716.136	1723.056	99999	sp
1723.056	1723.5459999999998	142	EVEN
1723.5459999999998	1723.946	211	I
1723.946	1724.5059999999999	292	OCCASIONALLY
1724.5059999999999	1724.686	177	GET
1724.686	1724.7559999999999	433	THE
1724.7559999999999	1725.2259999999999	264	MONDAY
1725.2259999999999	1725.846	56	BLUES
1725.846	1732.206	99999	sp
1732.206	1732.346	475	WE
1732.346	1732.576	30	ARE
1732.576	1732.946	300	OPEN
1732.946	1733.406	145	EVERY
1733.406	1733.676	264	MONDAY
1733.676	1734.466	143	EVENING
1734.466	1741.936	99999	sp
1741.936	1742.2359999999999	226	IT'S
1742.2359999999999	1742.4759999999999	284	NOT
1742.4759999999999	1742.926	133	EASY
1742.926	1742.9959999999999	445	TO
1742.9959999999999	1743.416	113	CREATE
1743.416	1744.346	215	ILLUMINATING
1744.346	1745.1059999999998	146	EXAMPLES
1745.1059999999998	1751.786	99999	sp
1751.786	1752.196	269	MUM
1752.196	1752.7759999999998	406	STRONGLY
1752.7759999999998	1753.2559999999999	126	DISLIKES
1753.2559999999999	1754.2559999999999	27	APPETIZERS
1754.2559999999999	1760.2759999999998	99999	sp
1760.2759999999998	1760.5459999999998	442	THOSE
1760.5459999999998	1760.686	483	WHO
1760.686	1761.036	426	TEACH
1761.036	1761.5659999999998	461	VALUES
1761.5659999999998	1761.596	99999	sp
1761.596	1761.896	156	FIRST
1761.896	1762.416	4	ABOLISH
1762.416	1762.9959999999999	87	CHEATING
1762.9959999999999	1770.5659999999998	99999	sp
1770.5659999999998	1770.676	433	THE
1770.676	1771.126	165	FRIGHTENED
1771.126	1771.6059999999998	89	CHILD
1771.6059999999998	1771.786	471	WAS
1771.786	1772.176	176	GENTLY
1772.176	1772.666	409	SUBDUED
1772.666	1772.846	73	BY
1772.846	1773.0659999999998	208	HIS
1773.0659999999998	1773.2959999999998	52	BIG
1773.2959999999998	1773.696	66	BROTHER
1773.696	1781.1059999999998	99999	sp
1781.1059999999998	1781.416	142	EVEN
1781.416	1781.446	1	A
1781.446	1781.896	382	SIMPLE
1781.896	1782.656	467	VOCABULARY
1782.656	1783.136	104	CONTAINS
1783.136	1783.876	421	SYMBOLS
1783.876	1791.616	99999	sp
1791.616	1791.7359999999999	1	A
1791.7359999999999	1792.056	110	CRAB
1792.056	1792.626	85	CHALLENGED
1792.626	1792.806	257	ME
1792.806	1792.9859999999999	70	BUT
1792.9859999999999	1793.0259999999998	1	A
1793.0259999999998	1793.306	349	QUICK
1793.306	1794.0659999999998	401	STAB
1794.0659999999998	1794.616	463	VANQUISHED
1794.616	1794.906	207	HIM
1794.906	1799.9759999999999	99999	sp
1799.9759999999999	1802.0479999999998	99999	sp
1802.0479999999998	1802.578	183	GLUCOSE
1802.578	1802.7179999999998	20	AND
1802.7179999999998	1803.2379999999998	167	FRUCTOSE
1803.2379999999998	1803.2879999999998	30	ARE
1803.2879999999998	1803.6879999999999	275	NATURAL
1803.6879999999999	1804.1879999999999	413	SUGARS
1804.1879999999999	1804.4579999999999	163	FOUND
1804.4579999999999	1804.568	217	IN
1804.568	1804.9279999999999	168	FRUIT
1804.9279999999999	1812.398	99999	sp
1812.398	1813.138	30	ARE
1813.138	1813.2879999999998	494	YOU
1813.2879999999998	1813.318	99999	sp
1813.318	1813.7779999999998	249	LOOKING
1813.7779999999998	1819.6779999999999	99999	sp
1819.6779999999999	1819.7679999999998	161	FOR
1819.7679999999998	1821.2679999999998	99999	sp
1821.2679999999998	1821.568	136	EMPLOYMENT
1821.568	1822.0279999999998	98	COFFEE
1822.0279999999998	1822.2079999999999	224	IS
1822.2079999999999	1822.4979999999998	198	GROWN
1822.4979999999998	1822.6979999999999	296	ON
1822.6979999999999	1823.158	403	STEEP
1823.158	1823.2679999999998	99999	sp
1823.2679999999998	1823.6879999999999	88888	JUNGLE
1823.6879999999999	1823.9779999999998	240	LIKE
1823.9779999999998	1824.4979999999998	389	SLOPES
1824.4979999999998	1824.648	217	IN
1824.648	1825.2179999999998	430	TEMPERATE
1825.2179999999998	1825.918	496	ZONES
1825.918	1832.7279999999998	99999	sp
1832.7279999999998	1832.818	475	WE
1832.818	1832.9979999999998	99999	sp
1832.9979999999998	1833.568	479	WELCOME
1833.568	1833.888	255	MANY
1833.888	1834.0279999999998	281	NEW
1834.0279999999998	1834.588	407	STUDENTS
1834.588	1834.808	132	EACH
1834.808	1835.118	490	YEAR
1835.118	1842.638	99999	sp
1842.638	1842.9579999999999	297	ONLY
1842.9579999999999	1843.0379999999998	433	THE
1843.0379999999998	1843.408	51	BEST
1843.408	1843.7579999999998	329	PLAYERS
1843.7579999999998	1844.068	139	ENJOY
1844.068	1845.0479999999998	335	POPULARITY
1845.0479999999998	1852.338	99999	sp
1852.338	1852.818	75	CALCIUM
1852.818	1853.108	253	MAKES
1853.108	1853.5279999999998	58	BONES
1853.5279999999998	1853.6879999999999	20	AND
1853.6879999999999	1853.9679999999998	429	TEETH
1853.9679999999998	1854.618	405	STRONG
1854.618	1861.6879999999999	99999	sp
1861.6879999999999	1862.148	285	NOTHING
1862.148	1862.2979999999998	224	IS
1862.2979999999998	1862.5279999999998	34	AS
1862.5279999999998	1863.0179999999998	294	OFFENSIVE
1863.0179999999998	1863.1979999999999	34	AS
1863.1979999999999	1864.058	219	INNOCENCE
1864.058	1871.4679999999998	99999	sp
1871.4679999999998	1871.9979999999998	404	STEVE
1871.9979999999998	1872.2179999999998	489	WORE
1872.2179999999998	1872.318	1	A
1872.318	1872.7279999999998	65	BRIGHT
1872.7279999999998	1873.078	355	RED
1873.078	1873.818	78	CASHMERE
1873.818	1874.4579999999999	419	SWEATER
1874.4579999999999	1882.2779999999998	99999	sp
1882.2779999999998	1882.658	46	BARB'S
1882.658	1882.888	188	GOLD
1882.888	1883.168	63	BRACELET
1883.168	1883.4579999999999	471	WAS
1883.4579999999999	1883.5179999999998	1	A
1883.5179999999998	1884.2479999999998	193	GRADUATION
1884.2479999999998	1884.848	338	PRESENT
1884.848	1891.5479999999998	99999	sp
1891.5479999999998	1891.828	130	DRAW
1891.828	1891.898	99999	sp
1891.898	1892.2879999999998	145	EVERY
1892.2879999999998	1892.628	307	OUTER
1892.628	1892.9679999999998	243	LINE
1892.9679999999998	1893.578	156	FIRST
1893.578	1893.808	435	THEN
1893.808	1894.078	154	FILL
1894.078	1894.1979999999999	217	IN
1894.1979999999999	1894.318	433	THE
1894.318	1895.098	222	INTERIOR
1895.098	1903.608	99999	sp
1903.608	1903.7379999999998	433	THE
1903.7379999999998	1904.058	474	WATER
1904.058	1904.4879999999998	103	CONTAINED
1904.4879999999998	1904.5279999999998	99999	sp
1904.5279999999998	1904.7979999999998	447	TOO
1904.7979999999998	1904.9779999999998	268	MUCH
1904.9779999999998	1905.0079999999998	99999	sp
1905.0079999999998	1905.4979999999998	90	CHLORINE
1905.4979999999998	1905.648	20	AND
1905.648	1905.9479999999999	408	STUNG
1905.9479999999999	1906.128	208	HIS
1906.128	1906.6779999999999	149	EYES
1906.6779999999999	1914.308	99999	sp
1914.308	1914.668	229	JOHN'S
1914.668	1914.918	66	BROTHER
1914.918	1915.4979999999998	362	REPAINTED
1915.4979999999998	1915.588	433	THE
1915.588	1916.118	173	GARAGE
1916.118	1916.4679999999998	129	DOOR
1916.4679999999998	1923.7579999999998	99999	sp
1923.7579999999998	1924.358	84	CHALLENGE
1924.358	1924.378	99999	sp
1924.378	1924.4579999999999	132	EACH
1924.4579999999999	1924.9879999999998	175	GENERAL'S
1924.9879999999998	1925.9379999999999	221	INTELLIGENCE
1925.9379999999999	1932.9679999999998	99999	sp
1932.9679999999998	1933.788	17	AMBIDEXTROUS
1933.788	1934.4279999999999	326	PICKPOCKETS
1934.4279999999999	1935.0079999999998	6	ACCOMPLISH
1935.0079999999998	1935.348	266	MORE
1935.348	1942.418	99999	sp
1942.418	1942.4879999999998	1	A
1942.4879999999998	1942.9379999999999	270	MUSCULAR
1942.9379999999999	1943.5079999999998	2	ABDOMEN
1943.5079999999998	1943.638	224	IS
1943.638	1943.828	189	GOOD
1943.828	1944.0179999999998	161	FOR
1944.0179999999998	1944.2079999999999	495	YOUR
1944.2079999999999	1944.7979999999998	43	BACK
1944.7979999999998	1952.638	99999	sp
1952.638	1952.858	437	THEY
1952.858	1953.058	316	OWN
1953.058	1953.118	1	A
1953.118	1953.368	52	BIG
1953.368	1953.7479999999998	209	HOUSE
1953.7479999999998	1953.838	217	IN
1953.838	1953.908	433	THE
1953.908	1954.2779999999998	360	REMOTE
1954.2779999999998	1955.098	109	COUNTRYSIDE
1955.098	1962.568	99999	sp
1962.568	1962.6779999999999	433	THE
1962.6779999999999	1963.0479999999998	368	ROSE
1963.0479999999998	1963.598	106	CORSAGE
1963.598	1963.9479999999999	392	SMELLED
1963.9479999999999	1964.348	420	SWEET
1964.348	1971.598	99999	sp
1971.598	1971.828	432	THAT
1971.828	1972.408	325	PICKPOCKET
1972.408	1972.538	471	WAS
1972.538	1972.858	80	CAUGHT
1972.858	1973.038	355	RED
1973.038	1973.668	199	HANDED
1973.668	1982.5279999999998	99999	sp
1982.5279999999998	1982.668	19	AN
1982.668	1983.068	9	ADULT
1983.068	1983.288	254	MALE
1983.288	1983.858	42	BABOON'S
1983.858	1984.1879999999999	429	TEETH
1984.1879999999999	1984.2579999999998	30	ARE
1984.2579999999998	1984.558	284	NOT
1984.558	1985.088	414	SUITABLE
1985.088	1985.2179999999998	161	FOR
1985.2179999999998	1985.538	135	EATING
1985.538	1986.328	375	SHELLFISH
1986.328	1993.308	99999	sp
1993.308	1993.5079999999998	204	HER
1993.5079999999998	1993.9679999999998	469	WARDROBE
1993.9679999999998	1994.4379999999999	102	CONSISTS
1994.4379999999999	1994.538	293	OF
1994.538	1994.868	297	ONLY
1994.868	1995.2679999999998	384	SKIRTS
1995.2679999999998	1995.358	20	AND
1995.358	1996.098	54	BLOUSES
1996.098	2000.2679999999998	99999	sp
2000.2679999999998	2000.358	433	THE
2000.358	2002.378	99999	sp
2002.378	2002.598	452	TWO
2002.598	2003.368	33	ARTISTS
2003.368	2004.168	147	EXCHANGED
2004.168	2005.0079999999998	39	AUTOGRAPHS
2005.0079999999998	2012.0079999999998	99999	sp
2012.0079999999998	2012.608	71	BUTTERSCOTCH
2012.608	2012.9879999999998	169	FUDGE
2012.9879999999998	2013.368	186	GOES
2013.368	2013.598	480	WELL
2013.598	2013.7679999999998	486	WITH
2013.7679999999998	2014.098	462	VANILLA
2014.098	2014.4679999999998	212	ICE
2014.4679999999998	2014.4879999999998	99999	sp
2014.4879999999998	2014.918	112	CREAM
2014.918	2022.848	99999	sp
2022.848	2023.148	365	RICH
2023.148	2023.628	348	PURCHASED
2023.628	2024.1779999999999	373	SEVERAL
2024.1779999999999	2024.788	381	SIGNED
2024.788	2024.808	99999	sp
2024.808	2025.7279999999998	244	LITHOGRAPHS
2025.7279999999998	2033.388	99999	sp
2033.388	2033.7579999999998	24	ANY
2033.7579999999998	2034.4379999999999	105	CONTRIBUTIONS
2034.4379999999999	2034.538	484	WILL
2034.538	2034.658	47	BE
2034.658	2035.038	195	GREATLY
2035.038	2035.818	28	APPRECIATED
2035.818	2035.838	99999	sp
2035.838	2035.9279999999999	433	THE
2035.9279999999999	2043.068	99999	sp
2043.068	2044.2579999999998	111	CRANBERRY
2044.2579999999998	2044.588	57	BOG
2044.588	2044.598	99999	sp
2044.598	2044.888	178	GETS
2044.888	2045.158	464	VERY
2045.158	2045.388	339	PRETTY
2045.388	2045.5279999999998	217	IN
2045.5279999999998	2046.0279999999998	40	AUTUMN
2046.0279999999998	2053.368	99999	sp
2053.368	2053.778	210	HOW
2053.778	2053.868	128	DO
2053.868	2054.3579999999997	317	OYSTERS
2054.3579999999997	2054.5679999999998	252	MAKE
2054.5679999999998	2055.208	319	PEARLS
2055.208	2055.348	99999	sp
2055.348	2055.408	256	MAY
2055.408	2055.428	99999	sp
2055.428	2055.458	211	I
2055.458	2060.368	99999	sp
2060.368	2060.488	303	ORDER
2060.488	2062.1079999999997	99999	sp
2062.1079999999997	2062.218	1	A
2062.218	2062.268	99999	sp
2062.268	2063.458	318	PARFAIT
2063.458	2063.8179999999998	10	AFTER
2063.8179999999998	2063.928	211	I
2063.928	2064.118	134	EAT
2064.118	2064.518	124	DINNER
2064.518	2071.228	99999	sp
2071.228	2071.398	224	IS
2071.398	2071.498	374	SHE
2071.498	2072.028	187	GOING
2072.028	2072.388	486	WITH
2072.388	2080.9179999999997	99999	sp
2080.9179999999997	2081.018	494	YOU
2081.018	2081.3379999999997	99999	sp
2081.3379999999997	2081.498	76	CAN
2081.498	2081.638	433	THE
2081.638	2082.158	11	AGENCY
2082.158	2082.828	314	OVERTHROW
2082.828	2083.258	13	ALIEN
2083.258	2083.988	162	FORCES
2083.988	2090.438	99999	sp
2090.438	2090.518	1	A
2090.518	2091.1279999999997	370	SCREWDRIVER
2091.1279999999997	2091.3379999999997	224	IS
2091.3379999999997	2091.598	251	MADE
2091.598	2091.8179999999998	166	FROM
2091.8179999999998	2092.158	468	VODKA
2092.158	2092.468	20	AND
2092.468	2092.788	302	ORANGE
2092.788	2093.288	230	JUICE
2093.288	2100.678	99999	sp
2100.678	2100.808	210	HOW
2100.808	2100.978	268	MUCH
2100.978	2101.508	16	ALLOWANCE
2101.508	2101.5879999999997	128	DO
2101.5879999999997	2101.728	494	YOU
2101.728	2102.048	177	GET
2102.048	2108.938	99999	sp
2108.938	2109.398	115	CYCLICAL
2109.398	2109.958	345	PROGRAMS
2109.958	2110.078	484	WILL
2110.078	2110.308	280	NEVER
2110.308	2110.988	100	COMPILE
2110.988	2118.368	99999	sp
2118.368	2118.488	433	THE
2118.488	2118.998	61	BOSTON
2118.998	2119.448	45	BALLET
2119.448	2120.098	311	OVERCAME
2120.098	2120.258	434	THEIR
2120.258	2120.678	170	FUNDING
2120.678	2121.458	379	SHORTAGE
2121.458	2132.1279999999997	99999	sp
2132.1279999999997	2132.478	145	EVERY
2132.478	2132.808	74	CAB
2132.808	2133.098	279	NEEDS
2133.098	2133.638	363	REPAINTING
2133.638	2134.268	295	OFTEN
2134.268	2141.3579999999997	99999	sp
2141.3579999999997	2141.788	203	HELP
2141.788	2142.0679999999998	196	GREG
2142.0679999999998	2142.188	445	TO
2142.188	2142.388	324	PICK
2142.388	2142.478	1	A
2142.478	2142.718	320	PECK
2142.718	2142.8579999999997	293	OF
2142.8579999999997	2143.618	337	POTATOES
2143.618	2150.648	99999	sp
2150.648	2150.808	475	WE
2150.808	2151.138	240	LIKE
2151.138	2151.3579999999997	55	BLUE
2151.3579999999997	2151.718	88	CHEESE
2151.718	2151.908	70	BUT
2151.908	2152.238	465	VICTOR
2152.238	2152.5879999999997	241	LIKES
2152.5879999999997	2152.958	64	BRIE
2152.958	2160.488	99999	sp
2160.488	2160.768	108	COUNT
2160.768	2160.8579999999997	433	THE
2160.8579999999997	2161.138	288	NUMBER
2161.138	2161.198	293	OF
2161.198	2161.778	428	TEASPOONS
2161.778	2161.888	293	OF
2161.888	2162.468	394	SOYSAUCE
2162.468	2162.6679999999997	432	THAT
2162.6679999999997	2162.788	494	YOU
2162.788	2163.158	7	ADD
2163.158	2163.278	99999	sp
2163.278	2163.498	44	BAGPIPES
2163.498	2170.868	99999	sp
2170.868	2171.538	20	AND
2171.538	2172.058	59	BONGOS
2172.058	2172.118	30	ARE
2172.118	2172.618	272	MUSICAL
2172.618	2173.488	220	INSTRUMENTS
2173.488	2180.8179999999998	99999	sp
2180.8179999999998	2180.998	210	HOW
2180.998	2181.188	189	GOOD
2181.188	2181.348	224	IS
2181.348	2181.518	495	YOUR
2181.518	2182.298	138	ENDURANCE
2182.298	2201.8179999999998	99999	sp
