7.422	7.592	99999	sp
7.592	7.772	30	ARE
7.772	8.042	495	YOUR
8.042	8.462	192	GRADES
8.462	9.202	206	HIGHER
9.202	9.342	301	OR
9.342	9.922	250	LOWER
9.922	10.052	431	THAN
10.052	10.892	274	NANCY'S
10.892	15.892	99999	sp
15.892	16.292	374	SHE
16.292	16.632	489	WORE
16.632	17.282	470	WARM
17.282	17.392	99999	sp
17.392	18.212	158	FLEECY
18.212	18.602	488	WOOLEN
18.602	19.622	310	OVERALLS
19.622	29.062	99999	sp
29.062	29.492	353	READING
29.492	29.722	217	IN
29.722	30.152	334	POOR
30.152	30.592	239	LIGHT
30.592	30.882	181	GIVES
30.882	31.062	494	YOU
31.062	31.982	150	EYESTRAIN
31.982	41.492	99999	sp
41.492	41.802	142	EVEN
41.802	42.262	211	I
42.262	42.962	292	OCCASIONALLY
42.962	43.162	177	GET
43.162	43.252	433	THE
43.252	43.752	264	MONDAY
43.752	44.422	56	BLUES
44.422	53.932	99999	sp
53.932	54.132	475	WE
54.132	54.312	30	ARE
54.312	54.742	300	OPEN
54.742	55.292	145	EVERY
55.292	55.642	264	MONDAY
55.642	56.432	143	EVENING
56.432	65.212	99999	sp
65.212	65.462	226	IT'S
65.462	65.812	284	NOT
65.812	66.222	133	EASY
66.222	66.302	445	TO
66.302	66.812	113	CREATE
66.812	67.752	215	ILLUMINATING
67.752	68.882	146	EXAMPLES
68.882	78.992	99999	sp
78.992	79.472	269	MUM
79.472	80.412	406	STRONGLY
80.412	80.982	126	DISLIKES
80.982	82.122	27	APPETIZERS
82.122	91.312	99999	sp
91.312	91.672	442	THOSE
91.672	91.802	483	WHO
91.802	92.152	426	TEACH
92.152	92.802	461	VALUES
92.802	92.852	99999	sp
92.852	93.362	156	FIRST
93.362	94.082	4	ABOLISH
94.082	94.672	87	CHEATING
94.672	104.232	99999	sp
104.232	104.352	433	THE
104.352	104.972	165	FRIGHTENED
104.972	105.542	89	CHILD
105.542	105.802	471	WAS
105.802	106.232	176	GENTLY
106.232	106.882	409	SUBDUED
106.882	107.032	73	BY
107.032	107.292	208	HIS
107.292	107.322	99999	sp
107.322	107.602	52	BIG
107.602	108.082	66	BROTHER
108.082	118.682	99999	sp
118.682	118.982	142	EVEN
118.982	119.052	1	A
119.052	119.652	382	SIMPLE
119.652	120.542	467	VOCABULARY
120.542	121.182	104	CONTAINS
121.182	122.042	421	SYMBOLS
122.042	131.092	99999	sp
131.092	131.122	1	A
131.122	131.792	110	CRAB
131.792	131.802	99999	sp
131.802	132.472	85	CHALLENGED
132.472	132.812	257	ME
132.812	133.182	99999	sp
133.182	133.332	70	BUT
133.332	133.372	1	A
133.372	133.802	349	QUICK
133.802	134.542	401	STAB
134.542	135.172	463	VANQUISHED
135.172	135.542	207	HIM
135.542	146.072	99999	sp
146.072	146.642	183	GLUCOSE
146.642	146.802	20	AND
146.802	147.432	167	FRUCTOSE
147.432	147.532	30	ARE
147.532	147.982	275	NATURAL
147.982	148.532	413	SUGARS
148.532	148.842	163	FOUND
148.842	148.982	217	IN
148.982	149.362	168	FRUIT
149.362	158.782	99999	sp
158.782	158.902	30	ARE
158.902	159.082	494	YOU
159.082	159.422	249	LOOKING
159.422	159.642	161	FOR
159.642	160.252	136	EMPLOYMENT
160.252	168.102	99999	sp
168.102	168.592	98	COFFEE
168.592	168.772	224	IS
168.772	169.172	198	GROWN
169.172	169.462	296	ON
169.462	170.142	403	STEEP
170.142	170.712	88888	JUNGLE
170.712	171.032	240	LIKE
171.032	171.792	389	SLOPES
171.792	171.832	99999	sp
171.832	172.072	217	IN
172.072	172.632	430	TEMPERATE
172.632	173.472	496	ZONES
173.472	184.552	99999	sp
184.552	184.792	475	WE
184.792	185.312	479	WELCOME
185.312	185.652	255	MANY
185.652	185.812	281	NEW
185.812	186.502	407	STUDENTS
186.502	186.762	132	EACH
186.762	187.062	490	YEAR
187.062	195.212	99999	sp
195.212	195.512	297	ONLY
195.512	195.632	433	THE
195.632	196.122	51	BEST
196.122	196.592	329	PLAYERS
196.592	196.962	139	ENJOY
196.962	197.952	335	POPULARITY
197.952	206.492	99999	sp
206.492	207.102	75	CALCIUM
207.102	207.452	253	MAKES
207.452	207.932	58	BONES
207.932	208.202	20	AND
208.202	208.582	429	TEETH
208.582	209.372	405	STRONG
209.372	218.252	99999	sp
218.252	218.692	285	NOTHING
218.692	218.862	224	IS
218.862	219.142	34	AS
219.142	219.782	294	OFFENSIVE
219.782	220.112	34	AS
220.112	220.162	99999	sp
220.162	220.992	219	INNOCENCE
220.992	229.132	99999	sp
229.132	229.582	404	STEVE
229.582	229.812	489	WORE
229.812	229.872	1	A
229.872	230.462	65	BRIGHT
230.462	230.882	355	RED
230.882	231.752	78	CASHMERE
231.752	232.372	419	SWEATER
232.372	240.922	99999	sp
240.922	241.452	46	BARB'S
241.452	241.832	188	GOLD
241.832	242.422	63	BRACELET
242.422	242.552	471	WAS
242.552	242.632	1	A
242.632	243.532	193	GRADUATION
243.532	243.962	338	PRESENT
243.962	252.582	99999	sp
252.582	252.902	130	DRAW
252.902	253.452	145	EVERY
253.452	253.822	307	OUTER
253.822	254.162	243	LINE
254.162	254.912	156	FIRST
254.912	255.182	435	THEN
255.182	255.522	154	FILL
255.522	255.722	217	IN
255.722	255.862	433	THE
255.862	256.682	222	INTERIOR
256.682	266.362	99999	sp
266.362	266.502	433	THE
266.502	266.832	474	WATER
266.832	267.502	103	CONTAINED
267.502	267.812	447	TOO
267.812	268.042	268	MUCH
268.042	268.622	90	CHLORINE
268.622	268.772	20	AND
268.772	269.162	408	STUNG
269.162	269.372	208	HIS
269.372	269.932	149	EYES
269.932	279.102	99999	sp
279.102	279.622	229	JOHN'S
279.622	280.062	66	BROTHER
280.062	280.662	362	REPAINTED
280.662	280.772	433	THE
280.772	281.282	173	GARAGE
281.282	281.722	129	DOOR
281.722	290.502	99999	sp
290.502	291.012	84	CHALLENGE
291.012	291.252	132	EACH
291.252	291.492	88888	UH
291.492	291.692	99999	sp
291.692	292.662	175	GENERAL'S
292.662	293.722	221	INTELLIGENCE
293.722	301.972	99999	sp
301.972	302.972	17	AMBIDEXTROUS
302.972	303.712	326	PICKPOCKETS
303.712	304.392	6	ACCOMPLISH
304.392	304.832	266	MORE
304.832	313.302	99999	sp
313.302	313.402	1	A
313.402	313.912	270	MUSCULAR
313.912	314.522	2	ABDOMEN
314.522	314.682	224	IS
314.682	314.872	189	GOOD
314.872	315.072	161	FOR
315.072	315.242	495	YOUR
315.242	315.752	43	BACK
315.752	323.782	99999	sp
323.782	324.032	437	THEY
324.032	324.372	316	OWN
324.372	324.402	1	A
324.402	324.612	52	BIG
324.612	324.632	99999	sp
324.632	325.072	209	HOUSE
325.072	325.322	217	IN
325.322	325.392	433	THE
325.392	325.882	360	REMOTE
325.882	326.722	109	COUNTRYSIDE
326.722	334.962	99999	sp
334.962	335.062	433	THE
335.062	335.452	368	ROSE
335.452	335.462	99999	sp
335.462	336.122	106	CORSAGE
336.122	336.522	392	SMELLED
336.522	336.972	420	SWEET
336.972	345.192	99999	sp
345.192	345.492	432	THAT
345.492	346.182	325	PICKPOCKET
346.182	346.352	471	WAS
346.352	346.712	80	CAUGHT
346.712	347.002	355	RED
347.002	347.432	199	HANDED
347.432	347.632	19	AN
347.632	356.142	99999	sp
356.142	356.622	9	ADULT
356.622	356.972	254	MALE
356.972	357.662	42	BABOON'S
357.662	358.052	429	TEETH
358.052	358.152	30	ARE
358.152	358.462	284	NOT
358.462	359.032	414	SUITABLE
359.032	359.212	161	FOR
359.212	359.562	135	EATING
359.562	360.432	375	SHELLFISH
360.432	370.032	99999	sp
370.032	370.212	204	HER
370.212	370.722	469	WARDROBE
370.722	371.332	102	CONSISTS
371.332	371.552	293	OF
371.552	371.982	297	ONLY
371.982	372.412	384	SKIRTS
372.412	372.542	20	AND
372.542	373.272	54	BLOUSES
373.272	382.112	99999	sp
382.112	382.202	433	THE
382.202	382.452	452	TWO
382.452	383.182	33	ARTISTS
383.182	384.022	147	EXCHANGED
384.022	384.052	99999	sp
384.052	384.952	39	AUTOGRAPHS
384.952	393.072	99999	sp
393.072	393.782	71	BUTTERSCOTCH
393.782	394.202	169	FUDGE
394.202	394.442	186	GOES
394.442	394.682	480	WELL
394.682	394.922	486	WITH
394.922	395.222	462	VANILLA
395.222	395.632	212	ICE
395.632	396.022	112	CREAM
396.022	405.322	99999	sp
405.322	405.652	365	RICH
405.652	406.172	348	PURCHASED
406.172	406.662	373	SEVERAL
406.662	407.152	381	SIGNED
407.152	408.032	244	LITHOGRAPHS
408.032	416.192	99999	sp
416.192	416.502	24	ANY
416.502	417.362	105	CONTRIBUTIONS
417.362	417.472	484	WILL
417.472	417.602	47	BE
417.602	418.032	195	GREATLY
418.032	419.052	28	APPRECIATED
419.052	426.542	99999	sp
426.542	426.652	433	THE
426.652	427.402	111	CRANBERRY
427.402	427.742	57	BOG
427.742	427.982	178	GETS
427.982	428.372	464	VERY
428.372	428.422	99999	sp
428.422	428.682	339	PRETTY
428.682	428.842	217	IN
428.842	429.322	40	AUTUMN
429.322	438.202	99999	sp
438.202	438.552	210	HOW
438.552	438.712	128	DO
438.712	439.202	317	OYSTERS
439.202	439.492	252	MAKE
439.492	440.082	319	PEARLS
440.082	440.162	256	MAY
440.162	445.962	99999	sp
445.962	445.992	211	I
445.992	446.532	99999	sp
446.532	446.662	303	ORDER
446.662	448.222	99999	sp
448.222	448.472	1	A
448.472	448.542	99999	sp
448.542	449.882	318	PARFAIT
449.882	450.262	10	AFTER
450.262	450.302	211	I
450.302	451.062	134	EAT
451.062	459.052	99999	sp
459.052	459.242	124	DINNER
459.242	459.272	99999	sp
459.272	459.442	224	IS
459.442	459.602	374	SHE
459.602	460.122	187	GOING
460.122	460.442	486	WITH
460.442	461.102	99999	sp
461.102	461.162	494	YOU
461.162	467.552	99999	sp
467.552	467.742	76	CAN
467.742	467.912	433	THE
467.912	468.652	11	AGENCY
468.652	469.392	314	OVERTHROW
469.392	469.872	13	ALIEN
469.872	470.622	162	FORCES
470.622	478.882	99999	sp
478.882	478.962	1	A
478.962	479.712	370	SCREWDRIVER
479.712	479.992	224	IS
479.992	480.282	251	MADE
480.282	480.522	166	FROM
480.522	480.922	468	VODKA
480.922	481.362	20	AND
481.362	481.772	302	ORANGE
481.772	482.322	230	JUICE
482.322	490.662	99999	sp
490.662	490.882	210	HOW
490.882	491.272	99999	sp
491.272	491.572	268	MUCH
491.572	492.162	16	ALLOWANCE
492.162	492.252	128	DO
492.252	492.452	494	YOU
492.452	492.792	177	GET
492.792	500.262	99999	sp
500.262	500.832	115	CYCLICAL
500.832	501.522	345	PROGRAMS
501.522	501.642	484	WILL
501.642	502.012	280	NEVER
502.012	502.712	100	COMPILE
502.712	510.522	99999	sp
510.522	510.652	433	THE
510.652	511.242	61	BOSTON
511.242	511.292	99999	sp
511.292	511.752	45	BALLET
511.752	512.692	311	OVERCAME
512.692	512.902	434	THEIR
512.902	513.502	170	FUNDING
513.502	514.372	379	SHORTAGE
514.372	523.432	99999	sp
523.432	523.792	145	EVERY
523.792	524.172	74	CAB
524.172	524.432	279	NEEDS
524.432	525.262	363	REPAINTING
525.262	525.842	295	OFTEN
525.842	533.522	99999	sp
533.522	533.832	203	HELP
533.832	533.862	99999	sp
533.862	534.192	196	GREG
534.192	534.222	99999	sp
534.222	534.382	445	TO
534.382	534.622	324	PICK
534.622	534.712	1	A
534.712	535.032	320	PECK
535.032	535.152	293	OF
535.152	535.222	99999	sp
535.222	536.232	337	POTATOES
536.232	544.362	99999	sp
544.362	544.532	475	WE
544.532	544.882	240	LIKE
544.882	545.142	55	BLUE
545.142	545.562	88	CHEESE
545.562	545.712	70	BUT
545.712	546.112	465	VICTOR
546.112	546.502	241	LIKES
546.502	546.992	64	BRIE
546.992	555.742	99999	sp
555.742	556.032	108	COUNT
556.032	556.132	433	THE
556.132	556.402	288	NUMBER
556.402	556.592	293	OF
556.592	557.242	428	TEASPOONS
557.242	557.322	293	OF
557.322	558.082	394	SOYSAUCE
558.082	558.242	432	THAT
558.242	558.462	494	YOU
558.462	558.892	7	ADD
558.892	567.552	99999	sp
567.552	568.282	44	BAGPIPES
568.282	568.442	20	AND
568.442	569.032	59	BONGOS
569.032	569.092	30	ARE
569.092	569.622	272	MUSICAL
569.622	570.442	220	INSTRUMENTS
570.442	578.212	99999	sp
578.212	578.942	210	HOW
578.942	579.082	189	GOOD
579.082	579.332	224	IS
579.332	579.512	495	YOUR
579.512	580.392	138	ENDURANCE
580.392	587.312	99999	sp
587.312	587.912	99999	sp
587.912	588.052	99999	sp
588.052	588.122	99999	sp
588.122	588.242	99999	sp
588.242	588.872	99999	sp
588.872	599.922	99999	{NS}
599.922	599.992	99999	sp
599.992	601.7139999999999	99999	sp
601.7139999999999	601.8439999999999	30	ARE
601.8439999999999	602.084	495	YOUR
602.084	602.414	192	GRADES
602.414	602.944	206	HIGHER
602.944	602.9939999999999	301	OR
602.9939999999999	603.454	250	LOWER
603.454	603.634	431	THAN
603.634	604.434	274	NANCY'S
604.434	611.9739999999999	99999	sp
611.9739999999999	612.304	374	SHE
612.304	612.834	489	WORE
612.834	612.8739999999999	99999	sp
612.8739999999999	613.414	470	WARM
613.414	613.524	99999	sp
613.524	613.9739999999999	158	FLEECY
613.9739999999999	614.784	488	WOOLEN
614.784	615.654	310	OVERALLS
615.654	624.2439999999999	99999	sp
624.2439999999999	624.6239999999999	353	READING
624.6239999999999	624.774	217	IN
624.774	624.9939999999999	334	POOR
624.9939999999999	625.3439999999999	239	LIGHT
625.3439999999999	625.394	99999	sp
625.394	625.664	181	GIVES
625.664	625.904	494	YOU
625.904	626.704	150	EYESTRAIN
626.704	634.6039999999999	99999	sp
634.6039999999999	635.0939999999999	142	EVEN
635.0939999999999	635.454	211	I
635.454	636.074	292	OCCASIONALLY
636.074	636.294	177	GET
636.294	636.414	433	THE
636.414	636.8739999999999	264	MONDAY
636.8739999999999	637.534	56	BLUES
637.534	644.9639999999999	99999	sp
644.9639999999999	645.0939999999999	475	WE
645.0939999999999	645.404	30	ARE
645.404	645.8539999999999	300	OPEN
645.8539999999999	646.324	145	EVERY
646.324	646.6239999999999	264	MONDAY
646.6239999999999	647.3539999999999	143	EVENING
647.3539999999999	656.574	99999	sp
656.574	656.784	226	IT'S
656.784	657.014	284	NOT
657.014	657.424	133	EASY
657.424	657.534	445	TO
657.534	657.934	113	CREATE
657.934	658.8739999999999	215	ILLUMINATING
658.8739999999999	659.664	146	EXAMPLES
659.664	667.514	99999	sp
667.514	667.8539999999999	269	MUM
667.8539999999999	668.514	406	STRONGLY
668.514	668.9939999999999	126	DISLIKES
668.9939999999999	669.992	27	APPETIZERS
669.992	676.9739999999999	99999	sp
676.9739999999999	677.2339999999999	442	THOSE
677.2339999999999	677.3539999999999	483	WHO
677.3539999999999	677.694	426	TEACH
677.694	678.274	461	VALUES
678.274	678.6139999999999	156	FIRST
678.6139999999999	679.174	4	ABOLISH
679.174	679.7339999999999	87	CHEATING
679.7339999999999	688.084	99999	sp
688.084	688.194	433	THE
688.194	688.7539999999999	165	FRIGHTENED
688.7539999999999	688.8439999999999	99999	sp
688.8439999999999	689.3439999999999	89	CHILD
689.3439999999999	689.584	471	WAS
689.584	689.9639999999999	176	GENTLY
689.9639999999999	690.4839999999999	409	SUBDUED
690.4839999999999	690.644	73	BY
690.644	690.914	208	HIS
690.914	691.174	52	BIG
691.174	691.5939999999999	66	BROTHER
691.5939999999999	700.7239999999999	99999	sp
700.7239999999999	701.024	142	EVEN
701.024	701.084	1	A
701.084	701.584	382	SIMPLE
701.584	702.294	467	VOCABULARY
702.294	702.7539999999999	104	CONTAINS
702.7539999999999	703.514	421	SYMBOLS
703.514	703.914	99999	sp
703.914	703.9739999999999	1	A
703.9739999999999	712.184	99999	sp
712.184	712.884	110	CRAB
712.884	713.4939999999999	85	CHALLENGED
713.4939999999999	713.7139999999999	257	ME
713.7139999999999	713.914	70	BUT
713.914	713.954	1	A
713.954	714.3539999999999	349	QUICK
714.3539999999999	714.9839999999999	401	STAB
714.9839999999999	715.554	463	VANQUISHED
715.554	715.564	99999	sp
715.564	715.8539999999999	207	HIM
715.8539999999999	723.5939999999999	99999	sp
723.5939999999999	724.064	183	GLUCOSE
724.064	724.204	20	AND
724.204	724.804	167	FRUCTOSE
724.804	724.8539999999999	30	ARE
724.8539999999999	725.274	275	NATURAL
725.274	725.794	413	SUGARS
725.794	726.064	163	FOUND
726.064	726.2139999999999	217	IN
726.2139999999999	726.574	168	FRUIT
726.574	735.084	99999	sp
735.084	735.2239999999999	30	ARE
735.2239999999999	735.384	494	YOU
735.384	735.7339999999999	249	LOOKING
735.7339999999999	735.884	161	FOR
735.884	736.5139999999999	136	EMPLOYMENT
736.5139999999999	744.9839999999999	99999	sp
744.9839999999999	745.434	98	COFFEE
745.434	745.5939999999999	224	IS
745.5939999999999	745.874	198	GROWN
745.874	746.074	296	ON
746.074	746.4839999999999	403	STEEP
746.4839999999999	746.5039999999999	99999	sp
746.5039999999999	746.934	88888	JUNGLE
746.934	747.194	240	LIKE
747.194	747.7139999999999	389	SLOPES
747.7139999999999	747.934	217	IN
747.934	748.414	430	TEMPERATE
748.414	749.074	496	ZONES
749.074	757.834	99999	sp
757.834	758.034	475	WE
758.034	758.454	479	WELCOME
758.454	758.774	255	MANY
758.774	758.884	281	NEW
758.884	759.544	407	STUDENTS
759.544	759.784	132	EACH
759.784	760.084	490	YEAR
760.084	768.544	99999	sp
768.544	768.914	297	ONLY
768.914	768.9839999999999	433	THE
768.9839999999999	769.334	51	BEST
769.334	769.384	99999	sp
769.384	769.824	329	PLAYERS
769.824	770.114	139	ENJOY
770.114	771.0139999999999	335	POPULARITY
771.0139999999999	779.7339999999999	99999	sp
779.7339999999999	780.2539999999999	75	CALCIUM
780.2539999999999	780.5939999999999	253	MAKES
780.5939999999999	780.9639999999999	58	BONES
780.9639999999999	781.154	20	AND
781.154	781.444	429	TEETH
781.444	782.134	405	STRONG
782.134	791.144	99999	sp
791.144	791.684	285	NOTHING
791.684	791.774	224	IS
791.774	792.064	34	AS
792.064	792.614	294	OFFENSIVE
792.614	792.824	34	AS
792.824	793.654	219	INNOCENCE
793.654	801.804	99999	sp
801.804	802.2239999999999	404	STEVE
802.2239999999999	802.4739999999999	489	WORE
802.4739999999999	802.574	1	A
802.574	802.9639999999999	65	BRIGHT
802.9639999999999	803.2539999999999	355	RED
803.2539999999999	803.954	78	CASHMERE
803.954	804.554	419	SWEATER
804.554	813.334	99999	sp
813.334	813.7439999999999	46	BARB'S
813.7439999999999	814.0039999999999	188	GOLD
814.0039999999999	814.424	63	BRACELET
814.424	814.554	471	WAS
814.554	814.634	1	A
814.634	815.374	193	GRADUATION
815.374	815.814	338	PRESENT
815.814	823.8439999999999	99999	sp
823.8439999999999	824.124	130	DRAW
824.124	824.624	145	EVERY
824.624	824.9839999999999	307	OUTER
824.9839999999999	825.2439999999999	243	LINE
825.2439999999999	826.1039999999999	156	FIRST
826.1039999999999	826.174	99999	sp
826.174	826.434	435	THEN
826.434	826.654	154	FILL
826.654	826.784	217	IN
826.784	826.894	433	THE
826.894	827.694	222	INTERIOR
827.694	837.7439999999999	99999	sp
837.7439999999999	837.894	433	THE
837.894	838.204	474	WATER
838.204	838.674	103	CONTAINED
838.674	838.7339999999999	99999	sp
838.7339999999999	839.024	447	TOO
839.024	839.2139999999999	268	MUCH
839.2139999999999	839.7639999999999	90	CHLORINE
839.7639999999999	839.904	20	AND
839.904	840.184	408	STUNG
840.184	840.374	208	HIS
840.374	840.9939999999999	149	EYES
840.9939999999999	850.2539999999999	99999	sp
850.2539999999999	850.674	229	JOHN'S
850.674	850.9839999999999	66	BROTHER
850.9839999999999	851.554	362	REPAINTED
851.554	851.654	433	THE
851.654	852.174	173	GARAGE
852.174	852.564	129	DOOR
852.564	861.2639999999999	99999	sp
861.2639999999999	861.804	84	CHALLENGE
861.804	862.114	132	EACH
862.114	862.634	175	GENERAL'S
862.634	863.564	221	INTELLIGENCE
863.564	871.874	99999	sp
871.874	872.804	17	AMBIDEXTROUS
872.804	873.4739999999999	326	PICKPOCKETS
873.4739999999999	874.154	6	ACCOMPLISH
874.154	874.5139999999999	266	MORE
874.5139999999999	882.9639999999999	99999	sp
882.9639999999999	883.044	1	A
883.044	883.4739999999999	270	MUSCULAR
883.4739999999999	884.064	2	ABDOMEN
884.064	884.2139999999999	224	IS
884.2139999999999	884.384	189	GOOD
884.384	884.5239999999999	161	FOR
884.5239999999999	884.7739999999999	495	YOUR
884.7739999999999	885.294	43	BACK
885.294	894.2139999999999	99999	sp
894.2139999999999	894.3439999999999	437	THEY
894.3439999999999	894.654	316	OWN
894.654	894.684	1	A
894.684	894.894	52	BIG
894.894	894.904	99999	sp
894.904	895.2839999999999	209	HOUSE
895.2839999999999	895.384	217	IN
895.384	895.454	433	THE
895.454	895.914	360	REMOTE
895.914	896.7339999999999	109	COUNTRYSIDE
896.7339999999999	905.634	99999	sp
905.634	905.7439999999999	433	THE
905.7439999999999	906.064	368	ROSE
906.064	906.084	99999	sp
906.084	906.644	106	CORSAGE
906.644	907.054	392	SMELLED
907.054	907.544	420	SWEET
907.544	915.394	99999	sp
915.394	915.7239999999999	432	THAT
915.7239999999999	916.294	325	PICKPOCKET
916.294	916.424	471	WAS
916.424	916.794	80	CAUGHT
916.794	917.054	355	RED
917.054	917.654	199	HANDED
917.654	927.174	99999	sp
927.174	927.294	19	AN
927.294	927.314	99999	sp
927.314	927.894	9	ADULT
927.894	928.154	254	MALE
928.154	928.7539999999999	42	BABOON'S
928.7539999999999	929.084	429	TEETH
929.084	929.164	30	ARE
929.164	929.5139999999999	284	NOT
929.5139999999999	930.044	414	SUITABLE
930.044	930.154	161	FOR
930.154	930.5239999999999	135	EATING
930.5239999999999	931.364	375	SHELLFISH
931.364	938.864	99999	sp
938.864	939.7339999999999	204	HER
939.7339999999999	940.184	469	WARDROBE
940.184	940.674	102	CONSISTS
940.674	940.7739999999999	293	OF
940.7739999999999	941.184	297	ONLY
941.184	941.584	384	SKIRTS
941.584	941.694	20	AND
941.694	942.404	54	BLOUSES
942.404	949.2739999999999	99999	sp
949.2739999999999	949.384	433	THE
949.384	949.614	452	TWO
949.614	950.134	33	ARTISTS
950.134	950.834	147	EXCHANGED
950.834	951.7139999999999	39	AUTOGRAPHS
951.7139999999999	960.204	99999	sp
960.204	960.9639999999999	71	BUTTERSCOTCH
960.9639999999999	961.314	169	FUDGE
961.314	961.614	186	GOES
961.614	961.7839999999999	99999	sp
961.7839999999999	962.074	480	WELL
962.074	962.2339999999999	486	WITH
962.2339999999999	962.2739999999999	99999	sp
962.2739999999999	962.644	462	VANILLA
962.644	963.074	212	ICE
963.074	963.5239999999999	112	CREAM
963.5239999999999	973.2639999999999	99999	sp
973.2639999999999	973.554	365	RICH
973.554	974.5039999999999	348	PURCHASED
974.5039999999999	974.634	99999	sp
974.634	975.194	373	SEVERAL
975.194	975.654	381	SIGNED
975.654	976.5339999999999	244	LITHOGRAPHS
976.5339999999999	985.0239999999999	99999	sp
985.0239999999999	985.304	24	ANY
985.304	986.114	105	CONTRIBUTIONS
986.114	986.204	484	WILL
986.204	986.334	47	BE
986.334	986.7639999999999	195	GREATLY
986.7639999999999	987.654	28	APPRECIATED
987.654	995.5339999999999	99999	sp
995.5339999999999	995.634	433	THE
995.634	996.2239999999999	111	CRANBERRY
996.2239999999999	996.5939999999999	57	BOG
996.5939999999999	996.864	178	GETS
996.864	997.204	464	VERY
997.204	997.554	339	PRETTY
997.554	997.664	217	IN
997.664	998.204	40	AUTUMN
998.204	1006.2539999999999	99999	sp
1006.2539999999999	1006.7839999999999	210	HOW
1006.7839999999999	1006.8439999999999	128	DO
1006.8439999999999	1007.294	317	OYSTERS
1007.294	1007.564	252	MAKE
1007.564	1008.134	319	PEARLS
1008.134	1011.204	99999	sp
1011.204	1011.2639999999999	256	MAY
1011.2639999999999	1014.294	99999	sp
1014.294	1014.324	211	I
1014.324	1015.944	99999	sp
1015.944	1016.064	303	ORDER
1016.064	1016.104	99999	sp
1016.104	1016.2439999999999	1	A
1016.2439999999999	1017.544	318	PARFAIT
1017.544	1017.954	10	AFTER
1017.954	1018.064	211	I
1018.064	1018.304	134	EAT
1018.304	1018.664	124	DINNER
1018.664	1026.0339999999999	99999	sp
1026.0339999999999	1026.304	224	IS
1026.304	1026.454	374	SHE
1026.454	1026.974	187	GOING
1026.974	1027.3139999999999	486	WITH
1027.3139999999999	1036.0639999999999	99999	sp
1036.0639999999999	1036.124	494	YOU
1036.124	1036.984	99999	sp
1036.984	1037.164	76	CAN
1037.164	1037.2839999999999	433	THE
1037.2839999999999	1037.8339999999998	11	AGENCY
1037.8339999999998	1038.474	314	OVERTHROW
1038.474	1038.924	13	ALIEN
1038.924	1039.664	162	FORCES
1039.664	1047.464	99999	sp
1047.464	1047.624	1	A
1047.624	1048.3139999999999	370	SCREWDRIVER
1048.3139999999999	1048.5339999999999	224	IS
1048.5339999999999	1048.804	251	MADE
1048.804	1049.0439999999999	166	FROM
1049.0439999999999	1049.414	468	VODKA
1049.414	1049.804	20	AND
1049.804	1050.164	302	ORANGE
1050.164	1050.664	230	JUICE
1050.664	1059.054	99999	sp
1059.054	1059.204	210	HOW
1059.204	1059.394	268	MUCH
1059.394	1059.934	16	ALLOWANCE
1059.934	1060.024	128	DO
1060.024	1060.244	494	YOU
1060.244	1060.5439999999999	177	GET
1060.5439999999999	1068.244	99999	sp
1068.244	1068.694	115	CYCLICAL
1068.694	1069.3339999999998	345	PROGRAMS
1069.3339999999998	1069.454	484	WILL
1069.454	1069.694	280	NEVER
1069.694	1070.454	100	COMPILE
1070.454	1079.474	99999	sp
1079.474	1079.614	433	THE
1079.614	1080.104	61	BOSTON
1080.104	1080.634	45	BALLET
1080.634	1081.254	311	OVERCAME
1081.254	1081.414	434	THEIR
1081.414	1081.914	170	FUNDING
1081.914	1082.764	379	SHORTAGE
1082.764	1093.504	99999	sp
1093.504	1093.844	145	EVERY
1093.844	1094.434	110	CRAB
1094.434	1094.464	99999	sp
1094.464	1094.494	88888	UH
1094.494	1094.644	99999	sp
1094.644	1094.884	145	EVERY
1094.884	1094.974	99999	sp
1094.974	1095.444	74	CAB
1095.444	1095.614	99999	sp
1095.614	1096.014	279	NEEDS
1096.014	1096.574	363	REPAINTING
1096.574	1097.184	295	OFTEN
1097.184	1105.214	99999	sp
1105.214	1105.7939999999999	203	HELP
1105.7939999999999	1106.114	196	GREG
1106.114	1106.254	445	TO
1106.254	1106.474	324	PICK
1106.474	1106.554	1	A
1106.554	1106.844	320	PECK
1106.844	1106.984	293	OF
1106.984	1107.8339999999998	337	POTATOES
1107.8339999999998	1116.0839999999998	99999	sp
1116.0839999999998	1116.234	475	WE
1116.234	1116.5639999999999	240	LIKE
1116.5639999999999	1116.824	55	BLUE
1116.824	1117.184	88	CHEESE
1117.184	1117.344	70	BUT
1117.344	1117.744	465	VICTOR
1117.744	1118.1239999999998	241	LIKES
1118.1239999999998	1118.184	99999	sp
1118.184	1118.554	64	BRIE
1118.554	1128.2640000000001	99999	sp
1128.2640000000001	1128.5439999999999	108	COUNT
1128.5439999999999	1128.654	433	THE
1128.654	1128.924	288	NUMBER
1128.924	1129.1239999999998	293	OF
1129.1239999999998	1129.884	428	TEASPOONS
1129.884	1130.054	293	OF
1130.054	1130.984	394	SOYSAUCE
1130.984	1131.114	432	THAT
1131.114	1131.3539999999998	494	YOU
1131.3539999999998	1131.744	7	ADD
1131.744	1140.504	99999	sp
1140.504	1141.164	44	BAGPIPES
1141.164	1141.284	20	AND
1141.284	1141.844	59	BONGOS
1141.844	1141.884	30	ARE
1141.884	1142.394	272	MUSICAL
1142.394	1143.254	220	INSTRUMENTS
1143.254	1150.734	99999	sp
1150.734	1150.994	210	HOW
1150.994	1151.194	99999	sp
1151.194	1151.474	189	GOOD
1151.474	1151.774	224	IS
1151.774	1151.944	495	YOUR
1151.944	1152.704	138	ENDURANCE
1152.704	1161.654	99999	sp
1161.654	1161.904	99999	sp
1161.904	1163.134	99999	sp
1163.134	1164.694	99999	sp
1164.694	1170.844	99999	sp
1170.844	1170.984	30	ARE
1170.984	1171.184	495	YOUR
1171.184	1171.484	192	GRADES
1171.484	1171.8139999999999	206	HIGHER
1171.8139999999999	1171.904	301	OR
1171.904	1172.424	250	LOWER
1172.424	1172.724	431	THAN
1172.724	1173.394	274	NANCY'S
1173.394	1180.944	99999	sp
1180.944	1181.274	374	SHE
1181.274	1181.5839999999998	489	WORE
1181.5839999999998	1181.974	470	WARM
1181.974	1182.5439999999999	158	FLEECY
1182.5439999999999	1182.864	488	WOOLEN
1182.864	1183.864	310	OVERALLS
1183.864	1191.284	99999	sp
1191.284	1191.5639999999999	353	READING
1191.5639999999999	1191.6039999999998	99999	sp
1191.6039999999998	1192.0839999999998	217	IN
1192.0839999999998	1192.444	334	POOR
1192.444	1192.8339999999998	239	LIGHT
1192.8339999999998	1193.1239999999998	181	GIVES
1193.1239999999998	1193.3539999999998	494	YOU
1193.3539999999998	1194.1039999999998	150	EYESTRAIN
1194.1039999999998	1199.984	99999	sp
1199.984	1201.386	99999	sp
1201.386	1201.9859999999999	142	EVEN
1201.9859999999999	1202.376	211	I
1202.376	1202.9759999999999	292	OCCASIONALLY
1202.9759999999999	1203.196	177	GET
1203.196	1203.2759999999998	433	THE
1203.2759999999998	1203.716	264	MONDAY
1203.716	1204.376	56	BLUES
1204.376	1212.936	99999	sp
1212.936	1213.126	475	WE
1213.126	1213.326	30	ARE
1213.326	1213.396	99999	sp
1213.396	1213.7359999999999	300	OPEN
1213.7359999999999	1214.196	145	EVERY
1214.196	1214.5159999999998	264	MONDAY
1214.5159999999998	1215.2459999999999	143	EVENING
1215.2459999999999	1222.386	99999	sp
1222.386	1222.596	226	IT'S
1222.596	1222.836	284	NOT
1222.836	1223.2959999999998	133	EASY
1223.2959999999998	1223.356	445	TO
1223.356	1223.7359999999999	113	CREATE
1223.7359999999999	1224.616	215	ILLUMINATING
1224.616	1225.416	146	EXAMPLES
1225.416	1233.056	99999	sp
1233.056	1233.4959999999999	269	MUM
1233.4959999999999	1234.196	406	STRONGLY
1234.196	1234.676	126	DISLIKES
1234.676	1235.676	27	APPETIZERS
1235.676	1243.386	99999	sp
1243.386	1243.646	442	THOSE
1243.646	1243.7859999999998	483	WHO
1243.7859999999998	1244.106	426	TEACH
1244.106	1244.626	461	VALUES
1244.626	1244.646	99999	sp
1244.646	1244.9759999999999	156	FIRST
1244.9759999999999	1245.556	4	ABOLISH
1245.556	1246.126	87	CHEATING
1246.126	1254.0359999999998	99999	sp
1254.0359999999998	1254.126	433	THE
1254.126	1254.626	165	FRIGHTENED
1254.626	1254.716	99999	sp
1254.716	1255.196	89	CHILD
1255.196	1255.386	471	WAS
1255.386	1255.7459999999999	176	GENTLY
1255.7459999999999	1256.2759999999998	409	SUBDUED
1256.2759999999998	1256.416	73	BY
1256.416	1256.666	208	HIS
1256.666	1256.896	52	BIG
1256.896	1257.376	66	BROTHER
1257.376	1265.9959999999999	99999	sp
1265.9959999999999	1266.2959999999998	142	EVEN
1266.2959999999998	1266.336	1	A
1266.336	1266.826	382	SIMPLE
1266.826	1267.606	467	VOCABULARY
1267.606	1268.076	104	CONTAINS
1268.076	1268.846	421	SYMBOLS
1268.846	1276.5259999999998	99999	sp
1276.5259999999998	1276.646	1	A
1276.646	1277.0459999999998	110	CRAB
1277.0459999999998	1277.656	85	CHALLENGED
1277.656	1278.056	257	ME
1278.056	1278.2259999999999	70	BUT
1278.2259999999999	1278.2659999999998	1	A
1278.2659999999998	1278.5259999999998	349	QUICK
1278.5259999999998	1279.2959999999998	401	STAB
1279.2959999999998	1280.136	463	VANQUISHED
1280.136	1280.386	207	HIM
1280.386	1289.406	99999	sp
1289.406	1289.876	183	GLUCOSE
1289.876	1290.0159999999998	20	AND
1290.0159999999998	1290.5459999999998	167	FRUCTOSE
1290.5459999999998	1290.586	30	ARE
1290.586	1290.9959999999999	275	NATURAL
1290.9959999999999	1291.5059999999999	413	SUGARS
1291.5059999999999	1292.0059999999999	163	FOUND
1292.0059999999999	1292.2759999999998	217	IN
1292.2759999999998	1300.166	99999	sp
1300.166	1300.666	168	FRUIT
1300.666	1300.826	30	ARE
1300.826	1300.886	494	YOU
1300.886	1301.0359999999998	249	LOOKING
1301.0359999999998	1301.186	161	FOR
1301.186	1301.7959999999998	136	EMPLOYMENT
1301.7959999999998	1308.426	99999	sp
1308.426	1308.876	98	COFFEE
1308.876	1309.0459999999998	224	IS
1309.0459999999998	1309.336	198	GROWN
1309.336	1309.5159999999998	296	ON
1309.5159999999998	1310.056	403	STEEP
1310.056	1310.606	88888	JUNGLE
1310.606	1310.896	240	LIKE
1310.896	1311.456	389	SLOPES
1311.456	1311.626	217	IN
1311.626	1312.086	430	TEMPERATE
1312.086	1312.696	496	ZONES
1312.696	1321.396	99999	sp
1321.396	1321.5259999999998	475	WE
1321.5259999999998	1322.146	479	WELCOME
1322.146	1322.466	255	MANY
1322.466	1322.626	281	NEW
1322.626	1323.206	407	STUDENTS
1323.206	1323.416	132	EACH
1323.416	1323.716	490	YEAR
1323.716	1330.306	99999	sp
1330.306	1330.446	297	ONLY
1330.446	1330.686	99999	sp
1330.686	1331.086	433	THE
1331.086	1331.386	51	BEST
1331.386	1331.406	99999	sp
1331.406	1331.826	329	PLAYERS
1331.826	1332.156	139	ENJOY
1332.156	1333.116	335	POPULARITY
1333.116	1340.2959999999998	99999	sp
1340.2959999999998	1340.8159999999998	75	CALCIUM
1340.8159999999998	1341.106	253	MAKES
1341.106	1341.436	58	BONES
1341.436	1341.606	20	AND
1341.606	1341.916	429	TEETH
1341.916	1342.5659999999998	405	STRONG
1342.5659999999998	1349.886	99999	sp
1349.886	1350.2359999999999	285	NOTHING
1350.2359999999999	1350.446	224	IS
1350.446	1350.696	34	AS
1350.696	1351.206	294	OFFENSIVE
1351.206	1351.4759999999999	34	AS
1351.4759999999999	1352.2959999999998	219	INNOCENCE
1352.2959999999998	1359.366	99999	sp
1359.366	1359.836	404	STEVE
1359.836	1360.126	489	WORE
1360.126	1360.156	1	A
1360.156	1360.446	65	BRIGHT
1360.446	1360.8159999999998	355	RED
1360.8159999999998	1361.5659999999998	78	CASHMERE
1361.5659999999998	1362.156	419	SWEATER
1362.156	1369.886	99999	sp
1369.886	1370.306	46	BARB'S
1370.306	1370.596	188	GOLD
1370.596	1371.0459999999998	63	BRACELET
1371.0459999999998	1371.176	471	WAS
1371.176	1371.2559999999999	1	A
1371.2559999999999	1371.956	193	GRADUATION
1371.956	1372.366	338	PRESENT
1372.366	1379.336	99999	sp
1379.336	1379.4859999999999	130	DRAW
1379.4859999999999	1379.7259999999999	99999	sp
1379.7259999999999	1380.5259999999998	145	EVERY
1380.5259999999998	1380.896	307	OUTER
1380.896	1381.206	243	LINE
1381.206	1381.906	156	FIRST
1381.906	1381.9959999999999	99999	sp
1381.9959999999999	1382.206	435	THEN
1382.206	1382.4859999999999	154	FILL
1382.4859999999999	1382.676	217	IN
1382.676	1382.826	433	THE
1382.826	1383.626	222	INTERIOR
1383.626	1391.9959999999999	99999	sp
1391.9959999999999	1392.146	433	THE
1392.146	1392.4759999999999	474	WATER
1392.4759999999999	1392.956	103	CONTAINED
1392.956	1392.9959999999999	99999	sp
1392.9959999999999	1393.2359999999999	447	TOO
1393.2359999999999	1393.4859999999999	268	MUCH
1393.4859999999999	1394.0159999999998	90	CHLORINE
1394.0159999999998	1394.176	20	AND
1394.176	1394.466	408	STUNG
1394.466	1394.656	208	HIS
1394.656	1395.2459999999999	149	EYES
1395.2459999999999	1403.696	99999	sp
1403.696	1404.096	229	JOHN'S
1404.096	1404.386	66	BROTHER
1404.386	1404.936	362	REPAINTED
1404.936	1405.0259999999998	433	THE
1405.0259999999998	1405.5159999999998	173	GARAGE
1405.5159999999998	1405.936	129	DOOR
1405.936	1413.386	99999	sp
1413.386	1413.886	84	CHALLENGE
1413.886	1414.2459999999999	132	EACH
1414.2459999999999	1414.7959999999998	175	GENERAL'S
1414.7959999999998	1415.7359999999999	221	INTELLIGENCE
1415.7359999999999	1423.086	99999	sp
1423.086	1424.186	17	AMBIDEXTROUS
1424.186	1424.846	326	PICKPOCKETS
1424.846	1425.4859999999999	6	ACCOMPLISH
1425.4859999999999	1425.876	266	MORE
1425.876	1433.5459999999998	99999	sp
1433.5459999999998	1433.616	1	A
1433.616	1434.076	270	MUSCULAR
1434.076	1434.676	2	ABDOMEN
1434.676	1434.836	224	IS
1434.836	1435.0259999999998	189	GOOD
1435.0259999999998	1435.156	161	FOR
1435.156	1435.406	495	YOUR
1435.406	1435.906	43	BACK
1435.906	1443.676	99999	sp
1443.676	1443.866	437	THEY
1443.866	1444.176	316	OWN
1444.176	1444.206	1	A
1444.206	1444.436	52	BIG
1444.436	1444.876	209	HOUSE
1444.876	1445.0659999999998	217	IN
1445.0659999999998	1445.136	433	THE
1445.136	1445.5359999999998	360	REMOTE
1445.5359999999998	1446.346	109	COUNTRYSIDE
1446.346	1454.2759999999998	99999	sp
1454.2759999999998	1454.406	433	THE
1454.406	1454.676	368	ROSE
1454.676	1454.706	99999	sp
1454.706	1455.2459999999999	106	CORSAGE
1455.2459999999999	1455.5659999999998	392	SMELLED
1455.5659999999998	1455.9859999999999	420	SWEET
1455.9859999999999	1463.0259999999998	99999	sp
1463.0259999999998	1463.286	432	THAT
1463.286	1463.306	99999	sp
1463.306	1463.916	325	PICKPOCKET
1463.916	1464.056	471	WAS
1464.056	1464.386	80	CAUGHT
1464.386	1464.666	355	RED
1464.666	1465.036	199	HANDED
1465.036	1465.2759999999998	19	AN
1465.2759999999998	1472.926	99999	sp
1472.926	1473.436	9	ADULT
1473.436	1473.706	254	MALE
1473.706	1474.346	42	BABOON'S
1474.346	1474.7359999999999	429	TEETH
1474.7359999999999	1474.786	30	ARE
1474.786	1475.096	284	NOT
1475.096	1475.666	414	SUITABLE
1475.666	1475.806	161	FOR
1475.806	1476.2359999999999	135	EATING
1476.2359999999999	1476.9959999999999	375	SHELLFISH
1476.9959999999999	1485.686	99999	sp
1485.686	1486.146	204	HER
1486.146	1486.636	469	WARDROBE
1486.636	1487.136	102	CONSISTS
1487.136	1487.2459999999999	293	OF
1487.2459999999999	1487.626	297	ONLY
1487.626	1487.9859999999999	384	SKIRTS
1487.9859999999999	1488.106	20	AND
1488.106	1488.8159999999998	54	BLOUSES
1488.8159999999998	1496.416	99999	sp
1496.416	1496.5159999999998	433	THE
1496.5159999999998	1496.7259999999999	452	TWO
1496.7259999999999	1497.2359999999999	33	ARTISTS
1497.2359999999999	1497.956	147	EXCHANGED
1497.956	1498.166	99999	sp
1498.166	1499.116	39	AUTOGRAPHS
1499.116	1506.7459999999999	99999	sp
1506.7459999999999	1507.436	71	BUTTERSCOTCH
1507.436	1507.7959999999998	169	FUDGE
1507.7959999999998	1507.8359999999998	99999	sp
1507.8359999999998	1508.056	186	GOES
1508.056	1508.2959999999998	480	WELL
1508.2959999999998	1508.5159999999998	486	WITH
1508.5159999999998	1508.786	462	VANILLA
1508.786	1509.146	212	ICE
1509.146	1509.166	99999	sp
1509.166	1509.556	112	CREAM
1509.556	1517.4859999999999	99999	sp
1517.4859999999999	1517.7759999999998	365	RICH
1517.7759999999998	1518.2559999999999	348	PURCHASED
1518.2559999999999	1518.716	373	SEVERAL
1518.716	1519.2459999999999	381	SIGNED
1519.2459999999999	1520.116	244	LITHOGRAPHS
1520.116	1527.906	99999	sp
1527.906	1528.166	24	ANY
1528.166	1528.9759999999999	105	CONTRIBUTIONS
1528.9759999999999	1529.076	484	WILL
1529.076	1529.216	47	BE
1529.216	1529.616	195	GREATLY
1529.616	1530.406	28	APPRECIATED
1530.406	1537.876	99999	sp
1537.876	1537.9759999999999	433	THE
1537.9759999999999	1538.5459999999998	111	CRANBERRY
1538.5459999999998	1538.876	57	BOG
1538.876	1539.136	178	GETS
1539.136	1539.4759999999999	464	VERY
1539.4759999999999	1539.826	339	PRETTY
1539.826	1539.926	217	IN
1539.926	1540.426	40	AUTUMN
1540.426	1547.716	99999	sp
1547.716	1547.9759999999999	210	HOW
1547.9759999999999	1548.036	128	DO
1548.036	1548.4859999999999	317	OYSTERS
1548.4859999999999	1548.716	252	MAKE
1548.716	1549.386	319	PEARLS
1549.386	1554.2659999999998	99999	sp
1554.2659999999998	1554.326	256	MAY
1554.326	1554.356	211	I
1554.356	1555.936	99999	sp
1555.936	1556.056	303	ORDER
1556.056	1556.106	1	A
1556.106	1556.2559999999999	99999	sp
1556.2559999999999	1557.436	318	PARFAIT
1557.436	1557.7659999999998	10	AFTER
1557.7659999999998	1557.886	211	I
1557.886	1558.096	134	EAT
1558.096	1558.446	124	DINNER
1558.446	1565.696	99999	sp
1565.696	1565.846	224	IS
1565.846	1565.9959999999999	374	SHE
1565.9959999999999	1566.3159999999998	187	GOING
1566.3159999999998	1566.5459999999998	486	WITH
1566.5459999999998	1566.916	494	YOU
1566.916	1573.786	99999	sp
1573.786	1573.936	76	CAN
1573.936	1574.216	433	THE
1574.216	1574.646	11	AGENCY
1574.646	1575.216	314	OVERTHROW
1575.216	1575.676	13	ALIEN
1575.676	1576.376	162	FORCES
1576.376	1583.9959999999999	99999	sp
1583.9959999999999	1584.096	1	A
1584.096	1584.7759999999998	370	SCREWDRIVER
1584.7759999999998	1584.9959999999999	224	IS
1584.9959999999999	1585.2459999999999	251	MADE
1585.2459999999999	1585.446	166	FROM
1585.446	1585.786	468	VODKA
1585.786	1586.156	20	AND
1586.156	1586.646	302	ORANGE
1586.646	1587.146	230	JUICE
1587.146	1594.966	99999	sp
1594.966	1595.0859999999998	210	HOW
1595.0859999999998	1595.2759999999998	268	MUCH
1595.2759999999998	1595.826	16	ALLOWANCE
1595.826	1595.906	128	DO
1595.906	1596.096	494	YOU
1596.096	1596.416	177	GET
1596.416	1603.7759999999998	99999	sp
1603.7759999999998	1604.326	115	CYCLICAL
1604.326	1604.956	345	PROGRAMS
1604.956	1605.076	484	WILL
1605.076	1605.406	280	NEVER
1605.406	1606.186	100	COMPILE
1606.186	1613.2459999999999	99999	sp
1613.2459999999999	1613.356	433	THE
1613.356	1613.876	61	BOSTON
1613.876	1613.906	99999	sp
1613.906	1614.306	45	BALLET
1614.306	1614.896	311	OVERCAME
1614.896	1615.056	434	THEIR
1615.056	1615.5059999999999	170	FUNDING
1615.5059999999999	1616.2359999999999	379	SHORTAGE
1616.2359999999999	1624.206	99999	sp
1624.206	1624.536	145	EVERY
1624.536	1624.946	74	CAB
1624.946	1625.286	279	NEEDS
1625.286	1625.966	363	REPAINTING
1625.966	1626.626	295	OFTEN
1626.626	1633.846	99999	sp
1633.846	1634.2759999999998	203	HELP
1634.2759999999998	1634.576	196	GREG
1634.576	1634.676	445	TO
1634.676	1634.886	324	PICK
1634.886	1634.966	1	A
1634.966	1635.2459999999999	320	PECK
1635.2459999999999	1635.376	293	OF
1635.376	1636.3359999999998	337	POTATOES
1636.3359999999998	1643.216	99999	sp
1643.216	1643.366	475	WE
1643.366	1643.646	240	LIKE
1643.646	1643.916	55	BLUE
1643.916	1644.346	88	CHEESE
1644.346	1644.4959999999999	70	BUT
1644.4959999999999	1644.876	465	VICTOR
1644.876	1645.206	241	LIKES
1645.206	1645.616	64	BRIE
1645.616	1653.306	99999	sp
1653.306	1653.5859999999998	108	COUNT
1653.5859999999998	1653.676	433	THE
1653.676	1653.9959999999999	288	NUMBER
1653.9959999999999	1654.106	293	OF
1654.106	1654.676	428	TEASPOONS
1654.676	1654.7459999999999	293	OF
1654.7459999999999	1655.386	394	SOYSAUCE
1655.386	1655.876	432	THAT
1655.876	1655.946	494	YOU
1655.946	1663.446	99999	sp
1663.446	1663.696	7	ADD
1663.696	1664.036	44	BAGPIPES
1664.036	1664.166	20	AND
1664.166	1664.676	59	BONGOS
1664.676	1664.7259999999999	30	ARE
1664.7259999999999	1665.206	272	MUSICAL
1665.206	1666.0159999999998	220	INSTRUMENTS
1666.0159999999998	1672.966	99999	sp
1672.966	1673.156	210	HOW
1673.156	1673.326	189	GOOD
1673.326	1673.466	224	IS
1673.466	1673.616	495	YOUR
1673.616	1674.356	138	ENDURANCE
1674.356	1680.326	99999	sp
1680.326	1693.446	99999	{NS}
1693.446	1693.4759999999999	30	ARE
1693.4759999999999	1693.716	495	YOUR
1693.716	1694.0859999999998	192	GRADES
1694.0859999999998	1694.4959999999999	206	HIGHER
1694.4959999999999	1694.626	301	OR
1694.626	1695.036	250	LOWER
1695.036	1695.186	431	THAN
1695.186	1696.0059999999999	274	NANCY'S
1696.0059999999999	1703.116	99999	sp
1703.116	1703.416	374	SHE
1703.416	1703.7759999999998	489	WORE
1703.7759999999998	1704.206	470	WARM
1704.206	1704.2459999999999	99999	sp
1704.2459999999999	1704.8159999999998	158	FLEECY
1704.8159999999998	1705.2259999999999	488	WOOLEN
1705.2259999999999	1706.096	310	OVERALLS
1706.096	1713.686	99999	sp
1713.686	1714.116	353	READING
1714.116	1714.176	217	IN
1714.176	1714.456	334	POOR
1714.456	1714.886	239	LIGHT
1714.886	1715.136	181	GIVES
1715.136	1715.286	494	YOU
1715.286	1716.136	150	EYESTRAIN
1716.136	1723.056	99999	sp
1723.056	1723.5459999999998	142	EVEN
1723.5459999999998	1723.946	211	I
1723.946	1724.5059999999999	292	OCCASIONALLY
1724.5059999999999	1724.686	177	GET
1724.686	1724.7559999999999	433	THE
1724.7559999999999	1725.2259999999999	264	MONDAY
1725.2259999999999	1725.846	56	BLUES
1725.846	1732.206	99999	sp
1732.206	1732.346	475	WE
1732.346	1732.576	30	ARE
1732.576	1732.946	300	OPEN
1732.946	1733.406	145	EVERY
1733.406	1733.676	264	MONDAY
1733.676	1734.466	143	EVENING
1734.466	1741.936	99999	sp
1741.936	1742.2359999999999	226	IT'S
1742.2359999999999	1742.4759999999999	284	NOT
1742.4759999999999	1742.926	133	EASY
1742.926	1742.9959999999999	445	TO
1742.9959999999999	1743.416	113	CREATE
1743.416	1744.346	215	ILLUMINATING
1744.346	1745.1059999999998	146	EXAMPLES
1745.1059999999998	1751.786	99999	sp
1751.786	1752.196	269	MUM
1752.196	1752.7759999999998	406	STRONGLY
1752.7759999999998	1753.2559999999999	126	DISLIKES
1753.2559999999999	1754.2559999999999	27	APPETIZERS
1754.2559999999999	1760.2759999999998	99999	sp
1760.2759999999998	1760.5459999999998	442	THOSE
1760.5459999999998	1760.686	483	WHO
1760.686	1761.036	426	TEACH
1761.036	1761.5659999999998	461	VALUES
1761.5659999999998	1761.596	99999	sp
1761.596	1761.896	156	FIRST
1761.896	1762.416	4	ABOLISH
1762.416	1762.9959999999999	87	CHEATING
1762.9959999999999	1770.5659999999998	99999	sp
1770.5659999999998	1770.676	433	THE
1770.676	1771.126	165	FRIGHTENED
1771.126	1771.6059999999998	89	CHILD
1771.6059999999998	1771.786	471	WAS
1771.786	1772.176	176	GENTLY
1772.176	1772.666	409	SUBDUED
1772.666	1772.846	73	BY
1772.846	1773.0659999999998	208	HIS
1773.0659999999998	1773.2959999999998	52	BIG
1773.2959999999998	1773.696	66	BROTHER
1773.696	1781.1059999999998	99999	sp
1781.1059999999998	1781.416	142	EVEN
1781.416	1781.446	1	A
1781.446	1781.896	382	SIMPLE
1781.896	1782.656	467	VOCABULARY
1782.656	1783.136	104	CONTAINS
1783.136	1783.876	421	SYMBOLS
1783.876	1791.616	99999	sp
1791.616	1791.7359999999999	1	A
1791.7359999999999	1792.056	110	CRAB
1792.056	1792.626	85	CHALLENGED
1792.626	1792.806	257	ME
1792.806	1792.9859999999999	70	BUT
1792.9859999999999	1793.0259999999998	1	A
1793.0259999999998	1793.306	349	QUICK
1793.306	1794.0659999999998	401	STAB
1794.0659999999998	1794.616	463	VANQUISHED
1794.616	1794.906	207	HIM
1794.906	1799.9759999999999	99999	sp
1799.9759999999999	1802.0479999999998	99999	sp
1802.0479999999998	1802.578	183	GLUCOSE
1802.578	1802.7179999999998	20	AND
1802.7179999999998	1803.2379999999998	167	FRUCTOSE
1803.2379999999998	1803.2879999999998	30	ARE
1803.2879999999998	1803.6879999999999	275	NATURAL
1803.6879999999999	1804.1879999999999	413	SUGARS
1804.1879999999999	1804.4579999999999	163	FOUND
1804.4579999999999	1804.568	217	IN
1804.568	1804.9279999999999	168	FRUIT
1804.9279999999999	1812.398	99999	sp
1812.398	1813.138	30	ARE
1813.138	1813.2879999999998	494	YOU
1813.2879999999998	1813.318	99999	sp
1813.318	1813.7779999999998	249	LOOKING
1813.7779999999998	1819.6779999999999	99999	sp
1819.6779999999999	1819.7679999999998	161	FOR
1819.7679999999998	1821.2679999999998	99999	sp
1821.2679999999998	1821.568	136	EMPLOYMENT
1821.568	1822.0279999999998	98	COFFEE
1822.0279999999998	1822.2079999999999	224	IS
1822.2079999999999	1822.4979999999998	198	GROWN
1822.4979999999998	1822.6979999999999	296	ON
1822.6979999999999	1823.158	403	STEEP
1823.158	1823.2679999999998	99999	sp
1823.2679999999998	1823.6879999999999	88888	JUNGLE
1823.6879999999999	1823.9779999999998	240	LIKE
1823.9779999999998	1824.4979999999998	389	SLOPES
1824.4979999999998	1824.648	217	IN
1824.648	1825.2179999999998	430	TEMPERATE
1825.2179999999998	1825.918	496	ZONES
1825.918	1832.7279999999998	99999	sp
1832.7279999999998	1832.818	475	WE
1832.818	1832.9979999999998	99999	sp
1832.9979999999998	1833.568	479	WELCOME
1833.568	1833.888	255	MANY
1833.888	1834.0279999999998	281	NEW
1834.0279999999998	1834.588	407	STUDENTS
1834.588	1834.808	132	EACH
1834.808	1835.118	490	YEAR
1835.118	1842.638	99999	sp
1842.638	1842.9579999999999	297	ONLY
1842.9579999999999	1843.0379999999998	433	THE
1843.0379999999998	1843.408	51	BEST
1843.408	1843.7579999999998	329	PLAYERS
1843.7579999999998	1844.068	139	ENJOY
1844.068	1845.0479999999998	335	POPULARITY
1845.0479999999998	1852.338	99999	sp
1852.338	1852.818	75	CALCIUM
1852.818	1853.108	253	MAKES
1853.108	1853.5279999999998	58	BONES
1853.5279999999998	1853.6879999999999	20	AND
1853.6879999999999	1853.9679999999998	429	TEETH
1853.9679999999998	1854.618	405	STRONG
1854.618	1861.6879999999999	99999	sp
1861.6879999999999	1862.148	285	NOTHING
1862.148	1862.2979999999998	224	IS
1862.2979999999998	1862.5279999999998	34	AS
1862.5279999999998	1863.0179999999998	294	OFFENSIVE
1863.0179999999998	1863.1979999999999	34	AS
1863.1979999999999	1864.058	219	INNOCENCE
1864.058	1871.4679999999998	99999	sp
1871.4679999999998	1871.9979999999998	404	STEVE
1871.9979999999998	1872.2179999999998	489	WORE
1872.2179999999998	1872.318	1	A
1872.318	1872.7279999999998	65	BRIGHT
1872.7279999999998	1873.078	355	RED
1873.078	1873.818	78	CASHMERE
1873.818	1874.4579999999999	419	SWEATER
1874.4579999999999	1882.2779999999998	99999	sp
1882.2779999999998	1882.658	46	BARB'S
1882.658	1882.888	188	GOLD
1882.888	1883.168	63	BRACELET
1883.168	1883.4579999999999	471	WAS
1883.4579999999999	1883.5179999999998	1	A
1883.5179999999998	1884.2479999999998	193	GRADUATION
1884.2479999999998	1884.848	338	PRESENT
1884.848	1891.5479999999998	99999	sp
1891.5479999999998	1891.828	130	DRAW
1891.828	1891.898	99999	sp
1891.898	1892.2879999999998	145	EVERY
1892.2879999999998	1892.628	307	OUTER
1892.628	1892.9679999999998	243	LINE
1892.9679999999998	1893.578	156	FIRST
1893.578	1893.808	435	THEN
1893.808	1894.078	154	FILL
1894.078	1894.1979999999999	217	IN
1894.1979999999999	1894.318	433	THE
1894.318	1895.098	222	INTERIOR
1895.098	1903.608	99999	sp
1903.608	1903.7379999999998	433	THE
1903.7379999999998	1904.058	474	WATER
1904.058	1904.4879999999998	103	CONTAINED
1904.4879999999998	1904.5279999999998	99999	sp
1904.5279999999998	1904.7979999999998	447	TOO
1904.7979999999998	1904.9779999999998	268	MUCH
1904.9779999999998	1905.0079999999998	99999	sp
1905.0079999999998	1905.4979999999998	90	CHLORINE
1905.4979999999998	1905.648	20	AND
1905.648	1905.9479999999999	408	STUNG
1905.9479999999999	1906.128	208	HIS
1906.128	1906.6779999999999	149	EYES
1906.6779999999999	1914.308	99999	sp
1914.308	1914.668	229	JOHN'S
1914.668	1914.918	66	BROTHER
1914.918	1915.4979999999998	362	REPAINTED
1915.4979999999998	1915.588	433	THE
1915.588	1916.118	173	GARAGE
1916.118	1916.4679999999998	129	DOOR
1916.4679999999998	1923.7579999999998	99999	sp
1923.7579999999998	1924.358	84	CHALLENGE
1924.358	1924.378	99999	sp
1924.378	1924.4579999999999	132	EACH
1924.4579999999999	1924.9879999999998	175	GENERAL'S
1924.9879999999998	1925.9379999999999	221	INTELLIGENCE
1925.9379999999999	1932.9679999999998	99999	sp
1932.9679999999998	1933.788	17	AMBIDEXTROUS
1933.788	1934.4279999999999	326	PICKPOCKETS
1934.4279999999999	1935.0079999999998	6	ACCOMPLISH
1935.0079999999998	1935.348	266	MORE
1935.348	1942.418	99999	sp
1942.418	1942.4879999999998	1	A
1942.4879999999998	1942.9379999999999	270	MUSCULAR
1942.9379999999999	1943.5079999999998	2	ABDOMEN
1943.5079999999998	1943.638	224	IS
1943.638	1943.828	189	GOOD
1943.828	1944.0179999999998	161	FOR
1944.0179999999998	1944.2079999999999	495	YOUR
1944.2079999999999	1944.7979999999998	43	BACK
1944.7979999999998	1952.638	99999	sp
1952.638	1952.858	437	THEY
1952.858	1953.058	316	OWN
1953.058	1953.118	1	A
1953.118	1953.368	52	BIG
1953.368	1953.7479999999998	209	HOUSE
1953.7479999999998	1953.838	217	IN
1953.838	1953.908	433	THE
1953.908	1954.2779999999998	360	REMOTE
1954.2779999999998	1955.098	109	COUNTRYSIDE
1955.098	1962.568	99999	sp
1962.568	1962.6779999999999	433	THE
1962.6779999999999	1963.0479999999998	368	ROSE
1963.0479999999998	1963.598	106	CORSAGE
1963.598	1963.9479999999999	392	SMELLED
1963.9479999999999	1964.348	420	SWEET
1964.348	1971.598	99999	sp
1971.598	1971.828	432	THAT
1971.828	1972.408	325	PICKPOCKET
1972.408	1972.538	471	WAS
1972.538	1972.858	80	CAUGHT
1972.858	1973.038	355	RED
1973.038	1973.668	199	HANDED
1973.668	1982.5279999999998	99999	sp
1982.5279999999998	1982.668	19	AN
1982.668	1983.068	9	ADULT
1983.068	1983.288	254	MALE
1983.288	1983.858	42	BABOON'S
1983.858	1984.1879999999999	429	TEETH
1984.1879999999999	1984.2579999999998	30	ARE
1984.2579999999998	1984.558	284	NOT
1984.558	1985.088	414	SUITABLE
1985.088	1985.2179999999998	161	FOR
1985.2179999999998	1985.538	135	EATING
1985.538	1986.328	375	SHELLFISH
1986.328	1993.308	99999	sp
1993.308	1993.5079999999998	204	HER
1993.5079999999998	1993.9679999999998	469	WARDROBE
1993.9679999999998	1994.4379999999999	102	CONSISTS
1994.4379999999999	1994.538	293	OF
1994.538	1994.868	297	ONLY
1994.868	1995.2679999999998	384	SKIRTS
1995.2679999999998	1995.358	20	AND
1995.358	1996.098	54	BLOUSES
1996.098	2000.2679999999998	99999	sp
2000.2679999999998	2000.358	433	THE
2000.358	2002.378	99999	sp
2002.378	2002.598	452	TWO
2002.598	2003.368	33	ARTISTS
2003.368	2004.168	147	EXCHANGED
2004.168	2005.0079999999998	39	AUTOGRAPHS
2005.0079999999998	2012.0079999999998	99999	sp
2012.0079999999998	2012.608	71	BUTTERSCOTCH
2012.608	2012.9879999999998	169	FUDGE
2012.9879999999998	2013.368	186	GOES
2013.368	2013.598	480	WELL
2013.598	2013.7679999999998	486	WITH
2013.7679999999998	2014.098	462	VANILLA
2014.098	2014.4679999999998	212	ICE
2014.4679999999998	2014.4879999999998	99999	sp
2014.4879999999998	2014.918	112	CREAM
2014.918	2022.848	99999	sp
2022.848	2023.148	365	RICH
2023.148	2023.628	348	PURCHASED
2023.628	2024.1779999999999	373	SEVERAL
2024.1779999999999	2024.788	381	SIGNED
2024.788	2024.808	99999	sp
2024.808	2025.7279999999998	244	LITHOGRAPHS
2025.7279999999998	2033.388	99999	sp
2033.388	2033.7579999999998	24	ANY
2033.7579999999998	2034.4379999999999	105	CONTRIBUTIONS
2034.4379999999999	2034.538	484	WILL
2034.538	2034.658	47	BE
2034.658	2035.038	195	GREATLY
2035.038	2035.818	28	APPRECIATED
2035.818	2035.838	99999	sp
2035.838	2035.9279999999999	433	THE
2035.9279999999999	2043.068	99999	sp
2043.068	2044.2579999999998	111	CRANBERRY
2044.2579999999998	2044.588	57	BOG
2044.588	2044.598	99999	sp
2044.598	2044.888	178	GETS
2044.888	2045.158	464	VERY
2045.158	2045.388	339	PRETTY
2045.388	2045.5279999999998	217	IN
2045.5279999999998	2046.0279999999998	40	AUTUMN
2046.0279999999998	2053.368	99999	sp
2053.368	2053.778	210	HOW
2053.778	2053.868	128	DO
2053.868	2054.3579999999997	317	OYSTERS
2054.3579999999997	2054.5679999999998	252	MAKE
2054.5679999999998	2055.208	319	PEARLS
2055.208	2055.348	99999	sp
2055.348	2055.408	256	MAY
2055.408	2055.428	99999	sp
2055.428	2055.458	211	I
2055.458	2060.368	99999	sp
2060.368	2060.488	303	ORDER
2060.488	2062.1079999999997	99999	sp
2062.1079999999997	2062.218	1	A
2062.218	2062.268	99999	sp
2062.268	2063.458	318	PARFAIT
2063.458	2063.8179999999998	10	AFTER
2063.8179999999998	2063.928	211	I
2063.928	2064.118	134	EAT
2064.118	2064.518	124	DINNER
2064.518	2071.228	99999	sp
2071.228	2071.398	224	IS
2071.398	2071.498	374	SHE
2071.498	2072.028	187	GOING
2072.028	2072.388	486	WITH
2072.388	2080.9179999999997	99999	sp
2080.9179999999997	2081.018	494	YOU
2081.018	2081.3379999999997	99999	sp
2081.3379999999997	2081.498	76	CAN
2081.498	2081.638	433	THE
2081.638	2082.158	11	AGENCY
2082.158	2082.828	314	OVERTHROW
2082.828	2083.258	13	ALIEN
2083.258	2083.988	162	FORCES
2083.988	2090.438	99999	sp
2090.438	2090.518	1	A
2090.518	2091.1279999999997	370	SCREWDRIVER
2091.1279999999997	2091.3379999999997	224	IS
2091.3379999999997	2091.598	251	MADE
2091.598	2091.8179999999998	166	FROM
2091.8179999999998	2092.158	468	VODKA
2092.158	2092.468	20	AND
2092.468	2092.788	302	ORANGE
2092.788	2093.288	230	JUICE
2093.288	2100.678	99999	sp
2100.678	2100.808	210	HOW
2100.808	2100.978	268	MUCH
2100.978	2101.508	16	ALLOWANCE
2101.508	2101.5879999999997	128	DO
2101.5879999999997	2101.728	494	YOU
2101.728	2102.048	177	GET
2102.048	2108.938	99999	sp
2108.938	2109.398	115	CYCLICAL
2109.398	2109.958	345	PROGRAMS
2109.958	2110.078	484	WILL
2110.078	2110.308	280	NEVER
2110.308	2110.988	100	COMPILE
2110.988	2118.368	99999	sp
2118.368	2118.488	433	THE
2118.488	2118.998	61	BOSTON
2118.998	2119.448	45	BALLET
2119.448	2120.098	311	OVERCAME
2120.098	2120.258	434	THEIR
2120.258	2120.678	170	FUNDING
2120.678	2121.458	379	SHORTAGE
2121.458	2132.1279999999997	99999	sp
2132.1279999999997	2132.478	145	EVERY
2132.478	2132.808	74	CAB
2132.808	2133.098	279	NEEDS
2133.098	2133.638	363	REPAINTING
2133.638	2134.268	295	OFTEN
2134.268	2141.3579999999997	99999	sp
2141.3579999999997	2141.788	203	HELP
2141.788	2142.0679999999998	196	GREG
2142.0679999999998	2142.188	445	TO
2142.188	2142.388	324	PICK
2142.388	2142.478	1	A
2142.478	2142.718	320	PECK
2142.718	2142.8579999999997	293	OF
2142.8579999999997	2143.618	337	POTATOES
2143.618	2150.648	99999	sp
2150.648	2150.808	475	WE
2150.808	2151.138	240	LIKE
2151.138	2151.3579999999997	55	BLUE
2151.3579999999997	2151.718	88	CHEESE
2151.718	2151.908	70	BUT
2151.908	2152.238	465	VICTOR
2152.238	2152.5879999999997	241	LIKES
2152.5879999999997	2152.958	64	BRIE
2152.958	2160.488	99999	sp
2160.488	2160.768	108	COUNT
2160.768	2160.8579999999997	433	THE
2160.8579999999997	2161.138	288	NUMBER
2161.138	2161.198	293	OF
2161.198	2161.778	428	TEASPOONS
2161.778	2161.888	293	OF
2161.888	2162.468	394	SOYSAUCE
2162.468	2162.6679999999997	432	THAT
2162.6679999999997	2162.788	494	YOU
2162.788	2163.158	7	ADD
2163.158	2163.278	99999	sp
2163.278	2163.498	44	BAGPIPES
2163.498	2170.868	99999	sp
2170.868	2171.538	20	AND
2171.538	2172.058	59	BONGOS
2172.058	2172.118	30	ARE
2172.118	2172.618	272	MUSICAL
2172.618	2173.488	220	INSTRUMENTS
2173.488	2180.8179999999998	99999	sp
2180.8179999999998	2180.998	210	HOW
2180.998	2181.188	189	GOOD
2181.188	2181.348	224	IS
2181.348	2181.518	495	YOUR
2181.518	2182.298	138	ENDURANCE
2182.298	2201.8179999999998	99999	sp
