22.0551875	22.2451875	63	SH	1	1
22.2451875	22.4551875	32	IY1	1	1
22.4551875	22.4851875	67	W	1	1
22.4851875	22.7051875	10	AO1	1	1
22.7051875	22.7951875	61	R	1	1
22.7951875	22.8651875	67	W	1	1
22.8651875	23.1251875	10	AO1	1	1
23.1251875	23.3751875	61	R	1	1
23.3751875	23.4451875	57	M	1	1
23.4451875	23.5551875	74	sp	1	1
23.5551875	23.7451875	50	F	1	1
23.7451875	23.8151875	56	L	1	1
23.8151875	23.9851875	32	IY1	1	1
23.9851875	24.1151875	62	S	1	1
24.1151875	24.3751875	31	IY0	1	1
24.3751875	24.4951875	67	W	1	1
24.4951875	24.5251875	41	UH1	1	1
24.5251875	24.6651875	56	L	1	1
24.6651875	24.6951875	6	AH0	1	1
24.6951875	24.7651875	58	N	1	1
24.7651875	25.0451875	35	OW1	1	1
25.0451875	25.0751875	66	V	1	1
25.0751875	25.3051875	21	ER0	1	1
25.3051875	25.4551875	11	AO2	1	1
25.4551875	25.5451875	56	L	1	1
25.5451875	25.7851875	69	Z	1	1
34.9081875	34.9681875	61	R	1	2
34.9681875	35.2481875	19	EH1	1	2
35.2481875	35.2781875	48	D	1	2
35.2781875	35.3081875	27	IH0	1	2
35.3081875	35.3381875	59	NG	1	2
35.3381875	35.3981875	28	IH1	1	2
35.3981875	35.5681875	58	N	1	2
35.5681875	35.6781875	60	P	1	2
35.6781875	35.9481875	41	UH1	1	2
35.9481875	35.9981875	61	R	1	2
35.9981875	36.0581875	56	L	1	2
36.0581875	36.3481875	16	AY1	1	2
36.3481875	36.4381875	64	T	1	2
36.4381875	36.4781875	51	G	1	2
36.4781875	36.6381875	28	IH1	1	2
36.6381875	36.6681875	66	V	1	2
36.6681875	36.7281875	69	Z	1	2
36.7281875	36.8481875	68	Y	1	2
36.8481875	36.9081875	44	UW1	1	2
36.9081875	37.1681875	16	AY1	1	2
37.1681875	37.3481875	62	S	1	2
37.3481875	37.4181875	64	T	1	2
37.4181875	37.5281875	61	R	1	2
37.5281875	37.6281875	26	EY2	1	2
37.6281875	37.8281875	58	N	1	2
47.2994375	47.4894375	32	IY1	1	3
47.4894375	47.5194375	66	V	1	3
47.5194375	47.5794375	6	AH0	1	3
47.5794375	47.6094375	58	N	1	3
47.6094375	48.0694375	16	AY1	1	3
48.0694375	48.0994375	6	AH0	1	3
48.0994375	48.2294375	54	K	1	3
48.2294375	48.3894375	25	EY1	1	3
48.3894375	48.4594375	70	ZH	1	3
48.4594375	48.4894375	58	N	1	3
48.4894375	48.5494375	6	AH0	1	3
48.5494375	48.6294375	56	L	1	3
48.6294375	48.7694375	31	IY0	1	3
48.7694375	48.8294375	51	G	1	3
48.8294375	48.9294375	19	EH1	1	3
48.9294375	48.9694375	64	T	1	3
48.9694375	49.0194375	49	DH	1	3
49.0194375	49.0594375	7	AH1	1	3
49.0594375	49.1794375	57	M	1	3
49.1794375	49.2394375	7	AH1	1	3
49.2394375	49.3394375	58	N	1	3
49.3394375	49.3694375	48	D	1	3
49.3694375	49.5594375	31	IY0	1	3
49.5594375	49.6094375	46	B	1	3
49.6094375	49.7094375	56	L	1	3
49.7094375	49.8494375	44	UW1	1	3
49.8494375	50.2294375	69	Z	1	3
59.0749375	59.1249375	67	W	1	4
59.1249375	59.2749375	32	IY1	1	4
59.2749375	59.4249375	1	AA1	1	4
59.4249375	59.4549375	61	R	1	4
59.4549375	59.6149375	35	OW1	1	4
59.6149375	59.6749375	60	P	1	4
59.6749375	59.7549375	6	AH0	1	4
59.7549375	59.8849375	58	N	1	4
59.8849375	60.1149375	19	EH1	1	4
60.1149375	60.1849375	66	V	1	4
60.1849375	60.2549375	61	R	1	4
60.2549375	60.4349375	31	IY0	1	4
60.4349375	60.4849375	57	M	1	4
60.4849375	60.5749375	7	AH1	1	4
60.5749375	60.6649375	58	N	1	4
60.6649375	60.7049375	48	D	1	4
60.7049375	60.7849375	26	EY2	1	4
60.7849375	61.1649375	32	IY1	1	4
61.1649375	61.2549375	66	V	1	4
61.2549375	61.2849375	58	N	1	4
61.2849375	61.3149375	27	IH0	1	4
61.3149375	61.5749375	59	NG	1	4
71.657625	71.787625	28	IH1	1	5
71.787625	71.837625	64	T	1	5
71.837625	71.907625	62	S	1	5
71.907625	71.947625	58	N	1	5
71.947625	72.127625	1	AA1	1	5
72.127625	72.257625	64	T	1	5
72.257625	72.477625	32	IY1	1	5
72.477625	72.507625	69	Z	1	5
72.507625	72.667625	31	IY0	1	5
72.667625	72.697625	64	T	1	5
72.697625	72.747625	27	IH0	1	5
72.747625	72.867625	54	K	1	5
72.867625	72.897625	61	R	1	5
72.897625	72.927625	31	IY0	1	5
72.927625	73.227625	25	EY1	1	5
73.227625	73.257625	64	T	1	5
73.257625	73.327625	29	IH2	1	5
73.327625	73.527625	56	L	1	5
73.527625	73.607625	44	UW1	1	5
73.607625	73.687625	57	M	1	5
73.687625	73.717625	6	AH0	1	5
73.717625	73.827625	58	N	1	5
73.827625	73.987625	26	EY2	1	5
73.987625	74.057625	64	T	1	5
74.057625	74.107625	27	IH0	1	5
74.107625	74.197625	59	NG	1	5
74.197625	74.347625	27	IH0	1	5
74.347625	74.447625	51	G	1	5
74.447625	74.547625	69	Z	1	5
74.547625	74.707625	4	AE1	1	5
74.707625	74.777625	57	M	1	5
74.777625	74.807625	60	P	1	5
74.807625	74.857625	6	AH0	1	5
74.857625	75.067625	56	L	1	5
75.067625	75.327625	69	Z	1	5
84.7523125	84.9323125	57	M	1	6
84.9323125	85.1923125	7	AH1	1	6
85.1923125	85.2323125	57	M	1	6
85.2323125	85.5323125	62	S	1	6
85.5323125	85.6123125	64	T	1	6
85.6123125	85.7823125	61	R	1	6
85.7823125	85.8823125	10	AO1	1	6
85.8823125	85.9823125	59	NG	1	6
85.9823125	86.0423125	56	L	1	6
86.0423125	86.1723125	31	IY0	1	6
86.1723125	86.2123125	48	D	1	6
86.2123125	86.3023125	29	IH2	1	6
86.3023125	86.4623125	62	S	1	6
86.4623125	86.5223125	56	L	1	6
86.5223125	86.6423125	16	AY1	1	6
86.6423125	86.6723125	54	K	1	6
86.6723125	86.7423125	62	S	1	6
86.7423125	87.0323125	4	AE1	1	6
87.0323125	87.0723125	60	P	1	6
87.0723125	87.1223125	6	AH0	1	6
87.1223125	87.2423125	64	T	1	6
87.2423125	87.4223125	17	AY2	1	6
87.4223125	87.5223125	69	Z	1	6
87.5223125	87.6823125	21	ER0	1	6
87.6823125	87.8823125	69	Z	1	6
97.41025	97.49025	49	DH	1	7
97.49025	97.72025	35	OW1	1	7
97.72025	97.77025	69	Z	1	7
97.77025	97.87025	52	HH	1	7
97.87025	97.90025	44	UW1	1	7
97.90025	97.98025	64	T	1	7
97.98025	98.13025	32	IY1	1	7
98.13025	98.25025	47	CH	1	7
98.25025	98.33025	66	V	1	7
98.33025	98.53025	4	AE1	1	7
98.53025	98.56025	56	L	1	7
98.56025	98.73025	68	Y	1	7
98.73025	98.85025	43	UW0	1	7
98.85025	98.90025	69	Z	1	7
98.90025	98.95025	74	sp	1	7
98.95025	99.09025	50	F	1	7
99.09025	99.23025	22	ER1	1	7
99.23025	99.37025	62	S	1	7
99.37025	99.46025	64	T	1	7
99.46025	99.55025	6	AH0	1	7
99.55025	99.61025	46	B	1	7
99.61025	99.79025	1	AA1	1	7
99.79025	99.91025	56	L	1	7
99.91025	99.97025	29	IH2	1	7
99.97025	100.18025	63	SH	1	7
100.18025	100.31025	47	CH	1	7
100.31025	100.44025	32	IY1	1	7
100.44025	100.47025	64	T	1	7
100.47025	100.51025	27	IH0	1	7
100.51025	100.77025	59	NG	1	7
110.9934375	111.0634375	49	DH	1	8
111.0634375	111.1134375	7	AH1	1	8
111.1134375	111.3434375	50	F	1	8
111.3434375	111.3834375	61	R	1	8
111.3834375	111.4834375	16	AY1	1	8
111.4834375	111.5934375	64	T	1	8
111.5934375	111.6634375	6	AH0	1	8
111.6634375	111.7034375	58	N	1	8
111.7034375	111.7334375	48	D	1	8
111.7334375	111.8234375	47	CH	1	8
111.8234375	112.0534375	16	AY1	1	8
112.0534375	112.2434375	56	L	1	8
112.2434375	112.3034375	48	D	1	8
112.3034375	112.3434375	67	W	1	8
112.3434375	112.4034375	7	AH1	1	8
112.4034375	112.5634375	69	Z	1	8
112.5634375	112.6534375	53	JH	1	8
112.6534375	112.7634375	19	EH1	1	8
112.7634375	112.8034375	58	N	1	8
112.8034375	112.8434375	64	T	1	8
112.8434375	112.8734375	56	L	1	8
112.8734375	112.9934375	31	IY0	1	8
112.9934375	113.0934375	62	S	1	8
113.0934375	113.2034375	6	AH0	1	8
113.2034375	113.2634375	46	B	1	8
113.2634375	113.3634375	48	D	1	8
113.3634375	113.5734375	44	UW1	1	8
113.5734375	113.6434375	48	D	1	8
113.6434375	113.6934375	46	B	1	8
113.6934375	113.7934375	16	AY1	1	8
113.7934375	113.8234375	52	HH	1	8
113.8234375	113.9234375	28	IH1	1	8
113.9234375	114.0534375	69	Z	1	8
114.0534375	114.0834375	74	sp	1	8
114.0834375	114.1434375	46	B	1	8
114.1434375	114.3034375	28	IH1	1	8
114.3034375	114.3634375	51	G	1	8
114.3634375	114.4534375	46	B	1	8
114.4534375	114.5634375	61	R	1	8
114.5634375	114.6534375	7	AH1	1	8
114.6534375	114.6934375	49	DH	1	8
114.6934375	114.8434375	21	ER0	1	8
124.592375	124.772375	32	IY1	1	9
124.772375	124.832375	66	V	1	9
124.832375	124.862375	6	AH0	1	9
124.862375	124.892375	58	N	1	9
124.892375	124.962375	25	EY1	1	9
124.962375	125.242375	62	S	1	9
125.242375	125.362375	28	IH1	1	9
125.362375	125.392375	57	M	1	9
125.392375	125.422375	60	P	1	9
125.422375	125.482375	6	AH0	1	9
125.482375	125.562375	56	L	1	9
125.562375	125.622375	66	V	1	9
125.622375	125.742375	34	OW0	1	9
125.742375	125.832375	54	K	1	9
125.832375	126.022375	4	AE1	1	9
126.022375	126.052375	46	B	1	9
126.052375	126.082375	68	Y	1	9
126.082375	126.122375	6	AH0	1	9
126.122375	126.182375	56	L	1	9
126.182375	126.242375	20	EH2	1	9
126.242375	126.282375	61	R	1	9
126.282375	126.452375	31	IY0	1	9
126.452375	126.522375	54	K	1	9
126.522375	126.552375	6	AH0	1	9
126.552375	126.612375	58	N	1	9
126.612375	126.752375	64	T	1	9
126.752375	126.922375	25	EY1	1	9
126.922375	127.062375	58	N	1	9
127.062375	127.092375	69	Z	1	9
127.092375	127.272375	62	S	1	9
127.272375	127.352375	28	IH1	1	9
127.352375	127.412375	57	M	1	9
127.412375	127.462375	46	B	1	9
127.462375	127.492375	6	AH0	1	9
127.492375	127.702375	56	L	1	9
127.702375	127.952375	69	Z	1	9
138.09425	138.12425	6	AH0	1	10
138.12425	138.50425	54	K	1	10
138.50425	138.53425	61	R	1	10
138.53425	138.76425	4	AE1	1	10
138.76425	138.79425	46	B	1	10
138.79425	138.80425	74	sp	1	10
138.80425	138.93425	47	CH	1	10
138.93425	139.22425	4	AE1	1	10
139.22425	139.25425	56	L	1	10
139.25425	139.28425	6	AH0	1	10
139.28425	139.44425	53	JH	1	10
139.44425	139.47425	48	D	1	10
139.47425	139.52425	57	M	1	10
139.52425	139.81425	32	IY1	1	10
139.81425	140.18425	74	sp	1	10
140.18425	140.22425	46	B	1	10
140.22425	140.27425	7	AH1	1	10
140.27425	140.33425	64	T	1	10
140.33425	140.37425	6	AH0	1	10
140.37425	140.59425	54	K	1	10
140.59425	140.64425	67	W	1	10
140.64425	140.73425	28	IH1	1	10
140.73425	140.80425	54	K	1	10
140.80425	141.08425	62	S	1	10
141.08425	141.12425	64	T	1	10
141.12425	141.45425	4	AE1	1	10
141.45425	141.54425	46	B	1	10
141.54425	141.68425	66	V	1	10
141.68425	141.74425	4	AE1	1	10
141.74425	141.89425	59	NG	1	10
141.89425	141.92425	54	K	1	10
141.92425	141.96425	67	W	1	10
141.96425	142.01425	27	IH0	1	10
142.01425	142.13425	63	SH	1	10
142.13425	142.17425	64	T	1	10
142.17425	142.25425	52	HH	1	10
142.25425	142.34425	28	IH1	1	10
142.34425	142.54425	57	M	1	10
152.023125	152.093125	51	G	1	11
152.093125	152.193125	56	L	1	11
152.193125	152.303125	44	UW1	1	11
152.303125	152.393125	54	K	1	11
152.393125	152.443125	36	OW2	1	11
152.443125	152.593125	62	S	1	11
152.593125	152.643125	4	AE1	1	11
152.643125	152.713125	58	N	1	11
152.713125	152.753125	48	D	1	11
152.753125	152.833125	50	F	1	11
152.833125	152.893125	61	R	1	11
152.893125	152.953125	7	AH1	1	11
152.953125	153.143125	54	K	1	11
153.143125	153.183125	64	T	1	11
153.183125	153.253125	36	OW2	1	11
153.253125	153.383125	62	S	1	11
153.383125	153.423125	1	AA1	1	11
153.423125	153.483125	61	R	1	11
153.483125	153.573125	58	N	1	11
153.573125	153.713125	4	AE1	1	11
153.713125	153.803125	47	CH	1	11
153.803125	153.863125	61	R	1	11
153.863125	153.903125	6	AH0	1	11
153.903125	153.933125	56	L	1	11
153.933125	154.083125	63	SH	1	11
154.083125	154.163125	41	UH1	1	11
154.163125	154.223125	51	G	1	11
154.223125	154.353125	21	ER0	1	11
154.353125	154.483125	69	Z	1	11
154.483125	154.533125	50	F	1	11
154.533125	154.723125	13	AW1	1	11
154.723125	154.763125	58	N	1	11
154.763125	154.793125	48	D	1	11
154.793125	154.853125	28	IH1	1	11
154.853125	154.933125	58	N	1	11
154.933125	155.043125	50	F	1	11
155.043125	155.153125	61	R	1	11
155.153125	155.223125	44	UW1	1	11
155.223125	155.313125	64	T	1	11
163.32475	163.40475	1	AA1	1	12
163.40475	163.44475	61	R	1	12
163.44475	163.57475	68	Y	1	12
163.57475	163.62475	44	UW1	1	12
163.62475	163.67475	56	L	1	12
163.67475	163.76475	41	UH1	1	12
163.76475	163.82475	54	K	1	12
163.82475	163.85475	27	IH0	1	12
163.85475	163.96475	59	NG	1	12
163.96475	164.03475	50	F	1	12
164.03475	164.07475	10	AO1	1	12
164.07475	164.18475	61	R	1	12
164.18475	164.21475	6	AH0	1	12
164.21475	164.32475	57	M	1	12
164.32475	164.39475	60	P	1	12
164.39475	164.42475	56	L	1	12
164.42475	164.53475	38	OY1	1	12
164.53475	164.59475	57	M	1	12
164.59475	164.62475	6	AH0	1	12
164.62475	164.73475	58	N	1	12
164.73475	164.79475	64	T	1	12
175.9679375	176.0679375	54	K	1	13
176.0679375	176.2279375	1	AA1	1	13
176.2279375	176.2879375	50	F	1	13
176.2879375	176.4579375	31	IY0	1	13
176.4579375	176.5479375	28	IH1	1	13
176.5479375	176.6379375	69	Z	1	13
176.6379375	176.7179375	51	G	1	13
176.7179375	176.8279375	61	R	1	13
176.8279375	176.9979375	35	OW1	1	13
176.9979375	177.0379375	58	N	1	13
177.0379375	177.2279375	1	AA1	1	13
177.2279375	177.3279375	58	N	1	13
177.3279375	177.6179375	62	S	1	13
177.6179375	177.6779375	64	T	1	13
177.6779375	177.8659375	32	IY1	1	13
177.8659375	178.0079375	60	P	1	13
178.0079375	178.2079375	53	JH	1	13
178.2079375	178.2979375	7	AH1	1	13
178.2979375	178.3779375	59	NG	1	13
178.3779375	178.4079375	51	G	1	13
178.4079375	178.4779375	6	AH0	1	13
178.4779375	178.5779375	56	L	1	13
178.5779375	178.6379375	56	L	1	13
178.6379375	178.8279375	16	AY1	1	13
178.8279375	178.8979375	54	K	1	13
178.8979375	179.0579375	62	S	1	13
179.0579375	179.1779375	56	L	1	13
179.1779375	179.3479375	35	OW1	1	13
179.3479375	179.4079375	60	P	1	13
179.4079375	179.6579375	62	S	1	13
179.6579375	179.6979375	74	sp	1	13
179.6979375	179.8379375	28	IH1	1	13
179.8379375	179.9379375	58	N	1	13
179.9379375	180.0479375	64	T	1	13
180.0479375	180.1179375	19	EH1	1	13
180.1179375	180.1879375	57	M	1	13
180.1879375	180.2279375	60	P	1	13
180.2279375	180.3879375	61	R	1	13
180.3879375	180.4279375	6	AH0	1	13
180.4279375	180.4979375	64	T	1	13
180.4979375	180.6479375	69	Z	1	13
180.6479375	180.9579375	35	OW1	1	13
180.9579375	181.1179375	58	N	1	13
181.1179375	181.3379375	69	Z	1	13
189.472875	189.562875	67	W	1	14
189.562875	189.712875	32	IY1	1	14
189.712875	189.752875	67	W	1	14
189.752875	189.912875	19	EH1	1	14
189.912875	189.952875	56	L	1	14
189.952875	190.012875	54	K	1	14
190.012875	190.082875	6	AH0	1	14
190.082875	190.232875	57	M	1	14
190.232875	190.272875	57	M	1	14
190.272875	190.362875	19	EH1	1	14
190.362875	190.422875	58	N	1	14
190.422875	190.572875	31	IY0	1	14
190.572875	190.602875	58	N	1	14
190.602875	190.702875	68	Y	1	14
190.702875	190.732875	44	UW1	1	14
190.732875	190.952875	62	S	1	14
190.952875	191.042875	64	T	1	14
191.042875	191.082875	44	UW1	1	14
191.082875	191.162875	48	D	1	14
191.162875	191.202875	6	AH0	1	14
191.202875	191.302875	58	N	1	14
191.302875	191.332875	64	T	1	14
191.332875	191.422875	62	S	1	14
191.422875	191.542875	32	IY1	1	14
191.542875	191.682875	47	CH	1	14
191.682875	191.722875	68	Y	1	14
191.722875	191.852875	28	IH1	1	14
191.852875	191.982875	61	R	1	14
200.4281875	200.5581875	35	OW1	1	15
200.5581875	200.5881875	58	N	1	15
200.5881875	200.6281875	56	L	1	15
200.6281875	200.7281875	31	IY0	1	15
200.7281875	200.7781875	49	DH	1	15
200.7781875	200.8481875	7	AH1	1	15
200.8481875	200.9281875	46	B	1	15
200.9281875	201.0881875	19	EH1	1	15
201.0881875	201.2881875	62	S	1	15
201.2881875	201.3381875	64	T	1	15
201.3381875	201.3781875	60	P	1	15
201.3781875	201.4381875	56	L	1	15
201.4381875	201.5781875	25	EY1	1	15
201.5781875	201.6981875	21	ER0	1	15
201.6981875	201.8081875	69	Z	1	15
201.8081875	201.8481875	6	AH0	1	15
201.8481875	201.9281875	58	N	1	15
201.9281875	202.0381875	53	JH	1	15
202.0381875	202.1781875	38	OY1	1	15
202.1781875	202.3081875	60	P	1	15
202.3081875	202.4281875	2	AA2	1	15
202.4281875	202.4681875	60	P	1	15
202.4681875	202.5581875	68	Y	1	15
202.5581875	202.5881875	6	AH0	1	15
202.5881875	202.6281875	56	L	1	15
202.6281875	202.8281875	19	EH1	1	15
202.8281875	202.8781875	61	R	1	15
202.8781875	202.9081875	6	AH0	1	15
202.9081875	202.9481875	64	T	1	15
202.9481875	203.1681875	31	IY0	1	15
212.0285625	212.1485625	54	K	1	16
212.1485625	212.2285625	4	AE1	1	16
212.2285625	212.3285625	56	L	1	16
212.3285625	212.4185625	62	S	1	16
212.4185625	212.5685625	31	IY0	1	16
212.5685625	212.6085625	6	AH0	1	16
212.6085625	212.6385625	57	M	1	16
212.6385625	212.6885625	57	M	1	16
212.6885625	212.8085625	25	EY1	1	16
212.8085625	212.8585625	54	K	1	16
212.8585625	212.9885625	62	S	1	16
212.9885625	213.0685625	46	B	1	16
213.0685625	213.3885625	35	OW1	1	16
213.3885625	213.4185625	58	N	1	16
213.4185625	213.4685625	69	Z	1	16
213.4685625	213.6085625	4	AE1	1	16
213.6085625	213.7085625	58	N	1	16
213.7085625	213.7385625	48	D	1	16
213.7385625	213.8385625	64	T	1	16
213.8385625	214.0685625	32	IY1	1	16
214.0685625	214.1185625	65	TH	1	16
214.1185625	214.3485625	62	S	1	16
214.3485625	214.3985625	64	T	1	16
214.3985625	214.5185625	61	R	1	16
214.5185625	214.6885625	10	AO1	1	16
214.6885625	214.9085625	59	NG	1	16
223.3885625	223.5285625	58	N	1	17
223.5285625	223.6485625	7	AH1	1	17
223.6485625	223.7085625	65	TH	1	17
223.7085625	223.7485625	27	IH0	1	17
223.7485625	223.8285625	59	NG	1	17
223.8285625	223.9285625	28	IH1	1	17
223.9285625	223.9985625	69	Z	1	17
223.9985625	224.2385625	4	AE1	1	17
224.2385625	224.2785625	69	Z	1	17
224.2785625	224.3485625	6	AH0	1	17
224.3485625	224.4785625	50	F	1	17
224.4785625	224.5785625	19	EH1	1	17
224.5785625	224.6685625	58	N	1	17
224.6685625	224.7585625	62	S	1	17
224.7585625	224.8585625	27	IH0	1	17
224.8585625	224.9185625	66	V	1	17
224.9185625	225.1085625	19	EH1	1	17
225.1085625	225.2485625	69	Z	1	17
225.2485625	225.2985625	74	sp	1	17
225.2985625	225.4285625	28	IH1	1	17
225.4285625	225.4885625	58	N	1	17
225.4885625	225.5385625	6	AH0	1	17
225.5385625	225.6585625	62	S	1	17
225.6585625	225.7785625	6	AH0	1	17
225.7785625	225.8785625	58	N	1	17
225.8785625	226.1285625	62	S	1	17
234.7144375	234.8644375	62	S	1	18
234.8644375	234.9144375	64	T	1	18
234.9144375	235.1244375	32	IY1	1	18
235.1244375	235.1644375	66	V	1	18
235.1644375	235.1944375	67	W	1	18
235.1944375	235.3344375	10	AO1	1	18
235.3344375	235.3944375	61	R	1	18
235.3944375	235.4544375	6	AH0	1	18
235.4544375	235.5824375	46	B	1	18
235.5824375	235.7044375	61	R	1	18
235.7044375	235.7944375	16	AY1	1	18
235.7944375	236.0444375	64	T	1	18
236.0444375	236.1044375	61	R	1	18
236.1044375	236.3744375	19	EH1	1	18
236.3744375	236.4644375	48	D	1	18
236.4644375	236.5944375	54	K	1	18
236.5944375	236.9144375	4	AE1	1	18
236.9144375	237.0844375	70	ZH	1	18
237.0844375	237.1544375	57	M	1	18
237.1544375	237.2444375	27	IH0	1	18
237.2444375	237.3344375	61	R	1	18
237.3344375	237.5044375	62	S	1	18
237.5044375	237.5744375	67	W	1	18
237.5744375	237.8644375	19	EH1	1	18
237.8644375	237.9244375	64	T	1	18
237.9244375	237.9544375	21	ER0	1	18
246.5048125	246.5648125	46	B	1	19
246.5648125	246.8348125	1	AA1	1	19
246.8348125	246.8648125	61	R	1	19
246.8648125	246.8948125	46	B	1	19
246.8948125	247.0348125	69	Z	1	19
247.0348125	247.1048125	51	G	1	19
247.1048125	247.3348125	35	OW1	1	19
247.3348125	247.3648125	56	L	1	19
247.3648125	247.4148125	48	D	1	19
247.4148125	247.5048125	46	B	1	19
247.5048125	247.5648125	61	R	1	19
247.5648125	247.6648125	25	EY1	1	19
247.6648125	247.7848125	62	S	1	19
247.7848125	247.8348125	56	L	1	19
247.8348125	247.9748125	6	AH0	1	19
247.9748125	248.0048125	64	T	1	19
248.0048125	248.0348125	67	W	1	19
248.0348125	248.0848125	7	AH1	1	19
248.0848125	248.1348125	69	Z	1	19
248.1348125	248.2148125	6	AH0	1	19
248.2148125	248.2748125	51	G	1	19
248.2748125	248.3648125	61	R	1	19
248.3648125	248.4848125	5	AE2	1	19
248.4848125	248.5648125	53	JH	1	19
248.5648125	248.6448125	6	AH0	1	19
248.6448125	248.6848125	67	W	1	19
248.6848125	248.8048125	25	EY1	1	19
248.8048125	248.9348125	63	SH	1	19
248.9348125	248.9748125	6	AH0	1	19
248.9748125	249.1148125	58	N	1	19
249.1148125	249.1448125	60	P	1	19
249.1448125	249.2348125	61	R	1	19
249.2348125	249.2648125	31	IY0	1	19
249.2648125	249.3448125	69	Z	1	19
249.3448125	249.4648125	19	EH1	1	19
249.4648125	249.5048125	58	N	1	19
249.5048125	249.5448125	64	T	1	19
259.2150625	259.2950625	48	D	1	20
259.2950625	259.3250625	61	R	1	20
259.3250625	259.5350625	10	AO1	1	20
259.5350625	259.7650625	19	EH1	1	20
259.7650625	259.8450625	66	V	1	20
259.8450625	259.9150625	61	R	1	20
259.9150625	260.0850625	31	IY0	1	20
260.0850625	260.2850625	13	AW1	1	20
260.2850625	260.4250625	64	T	1	20
260.4250625	260.4550625	21	ER0	1	20
260.4550625	260.4850625	56	L	1	20
260.4850625	260.7250625	16	AY1	1	20
260.7250625	260.7950625	58	N	1	20
260.7950625	260.9750625	50	F	1	20
260.9750625	261.1750625	22	ER1	1	20
261.1750625	261.3950625	62	S	1	20
261.3950625	261.5450625	64	T	1	20
261.5450625	261.6550625	49	DH	1	20
261.6550625	261.7250625	19	EH1	1	20
261.7250625	261.8150625	58	N	1	20
261.8150625	261.9450625	50	F	1	20
261.9450625	262.0250625	28	IH1	1	20
262.0250625	262.1550625	56	L	1	20
262.1550625	262.2650625	28	IH1	1	20
262.2650625	262.3550625	58	N	1	20
262.3550625	262.3850625	49	DH	1	20
262.3850625	262.4950625	31	IY0	1	20
262.4950625	262.5850625	29	IH2	1	20
262.5850625	262.6650625	58	N	1	20
262.6650625	262.7850625	64	T	1	20
262.7850625	262.9350625	28	IH1	1	20
262.9350625	262.9750625	61	R	1	20
262.9750625	263.1350625	31	IY0	1	20
263.1350625	263.3150625	21	ER0	1	20
272.4996875	272.5496875	49	DH	1	21
272.5496875	272.6396875	7	AH1	1	21
272.6396875	272.6996875	67	W	1	21
272.6996875	272.7996875	10	AO1	1	21
272.7996875	272.9396875	64	T	1	21
272.9396875	272.9696875	21	ER0	1	21
272.9696875	273.0296875	54	K	1	21
273.0296875	273.0896875	6	AH0	1	21
273.0896875	273.1796875	58	N	1	21
273.1796875	273.3296875	64	T	1	21
273.3296875	273.4696875	25	EY1	1	21
273.4696875	273.5596875	58	N	1	21
273.5596875	273.6396875	48	D	1	21
273.6396875	273.9196875	64	T	1	21
273.9196875	273.9496875	44	UW1	1	21
273.9496875	273.9796875	57	M	1	21
273.9796875	274.0896875	7	AH1	1	21
274.0896875	274.1796875	47	CH	1	21
274.1796875	274.2996875	54	K	1	21
274.2996875	274.3396875	56	L	1	21
274.3396875	274.4796875	10	AO1	1	21
274.4796875	274.5496875	61	R	1	21
274.5496875	274.6996875	31	IY0	1	21
274.6996875	274.7596875	58	N	1	21
274.7596875	274.7996875	4	AE1	1	21
274.7996875	274.8796875	58	N	1	21
274.8796875	274.9096875	48	D	1	21
274.9096875	275.0596875	62	S	1	21
275.0596875	275.0996875	64	T	1	21
275.0996875	275.2196875	7	AH1	1	21
275.2196875	275.2996875	59	NG	1	21
275.2996875	275.3696875	52	HH	1	21
275.3696875	275.4496875	28	IH1	1	21
275.4496875	275.5096875	69	Z	1	21
275.5096875	275.8396875	16	AY1	1	21
275.8396875	276.0696875	69	Z	1	21
284.431375	284.561375	53	JH	1	22
284.561375	284.791375	1	AA1	1	22
284.791375	284.831375	58	N	1	22
284.831375	284.951375	69	Z	1	22
284.951375	285.001375	46	B	1	22
285.001375	285.091375	61	R	1	22
285.091375	285.181375	7	AH1	1	22
285.181375	285.231375	49	DH	1	22
285.231375	285.391375	21	ER0	1	22
285.391375	285.441375	61	R	1	22
285.441375	285.551375	31	IY0	1	22
285.551375	285.681375	60	P	1	22
285.681375	285.781375	25	EY1	1	22
285.781375	285.821375	58	N	1	22
285.821375	285.921375	64	T	1	22
285.921375	285.961375	6	AH0	1	22
285.961375	285.991375	48	D	1	22
285.991375	286.021375	49	DH	1	22
286.021375	286.101375	6	AH0	1	22
286.101375	286.151375	51	G	1	22
286.151375	286.291375	21	ER0	1	22
286.291375	286.481375	1	AA1	1	22
286.481375	286.611375	70	ZH	1	22
286.611375	286.711375	48	D	1	22
286.711375	286.901375	10	AO1	1	22
286.901375	287.051375	61	R	1	22
295.8364375	295.9764375	47	CH	1	23
295.9764375	296.0864375	4	AE1	1	23
296.0864375	296.2064375	56	L	1	23
296.2064375	296.2464375	6	AH0	1	23
296.2464375	296.2764375	58	N	1	23
296.2764375	296.3464375	53	JH	1	23
296.3464375	296.4464375	32	IY1	1	23
296.4464375	296.5864375	47	CH	1	23
296.5864375	296.8264375	7	AH1	1	23
296.8264375	297.0264375	74	sp	1	23
297.0264375	297.4864375	53	JH	1	23
297.4864375	297.5664375	19	EH1	1	23
297.5664375	297.6264375	58	N	1	23
297.6264375	297.7364375	61	R	1	23
297.7364375	297.7664375	6	AH0	1	23
297.7664375	297.9064375	56	L	1	23
297.9064375	297.9964375	69	Z	1	23
297.9964375	298.0964375	29	IH2	1	23
298.0964375	298.1764375	58	N	1	23
298.1764375	298.2864375	64	T	1	23
298.2864375	298.3764375	19	EH1	1	23
298.3764375	298.4764375	56	L	1	23
298.4764375	298.5164375	6	AH0	1	23
298.5164375	298.6264375	53	JH	1	23
298.6264375	298.6964375	6	AH0	1	23
298.6964375	298.7664375	58	N	1	23
298.7664375	299.0564375	62	S	1	23
307.2485	307.4185	5	AE2	1	24
307.4185	307.4485	57	M	1	24
307.4485	307.4785	46	B	1	24
307.4785	307.5285	6	AH0	1	24
307.5285	307.6385	48	D	1	24
307.6385	307.7485	19	EH1	1	24
307.7485	307.7885	54	K	1	24
307.7885	307.8785	62	S	1	24
307.8785	307.9585	64	T	1	24
307.9585	308.0385	61	R	1	24
308.0385	308.0685	6	AH0	1	24
308.0685	308.2485	62	S	1	24
308.2485	308.3185	60	P	1	24
308.3185	308.4085	28	IH1	1	24
308.4085	308.5185	54	K	1	24
308.5185	308.5485	60	P	1	24
308.5485	308.7085	2	AA2	1	24
308.7085	308.7785	54	K	1	24
308.7785	308.8785	6	AH0	1	24
308.8785	308.9285	64	T	1	24
308.9285	308.9885	62	S	1	24
308.9885	309.0785	6	AH0	1	24
309.0785	309.1885	54	K	1	24
309.1885	309.3285	1	AA1	1	24
309.3285	309.3785	57	M	1	24
309.3785	309.4185	60	P	1	24
309.4185	309.4985	56	L	1	24
309.4985	309.5285	27	IH0	1	24
309.5285	309.6685	63	SH	1	24
309.6685	309.7585	57	M	1	24
309.7585	309.9485	10	AO1	1	24
309.9485	310.1085	61	R	1	24
318.1849375	318.2849375	6	AH0	1	25
318.2849375	318.3349375	57	M	1	25
318.3349375	318.4549375	7	AH1	1	25
318.4549375	318.5549375	62	S	1	25
318.5549375	318.6149375	54	K	1	25
318.6149375	318.6849375	68	Y	1	25
318.6849375	318.7149375	6	AH0	1	25
318.7149375	318.7649375	56	L	1	25
318.7649375	318.7949375	21	ER0	1	25
318.7949375	319.0849375	4	AE1	1	25
319.0849375	319.1249375	46	B	1	25
319.1249375	319.1949375	48	D	1	25
319.1949375	319.2649375	6	AH0	1	25
319.2649375	319.2949375	57	M	1	25
319.2949375	319.3449375	6	AH0	1	25
319.3449375	319.4049375	58	N	1	25
319.4049375	319.4549375	28	IH1	1	25
319.4549375	319.5649375	69	Z	1	25
319.5649375	319.6249375	51	G	1	25
319.6249375	319.7149375	41	UH1	1	25
319.7149375	319.7549375	48	D	1	25
319.7549375	319.8449375	50	F	1	25
319.8449375	319.9249375	61	R	1	25
319.9249375	319.9549375	21	ER0	1	25
319.9549375	320.0349375	68	Y	1	25
320.0349375	320.0649375	41	UH1	1	25
320.0649375	320.1249375	61	R	1	25
320.1249375	320.1649375	46	B	1	25
320.1649375	320.3549375	4	AE1	1	25
320.3549375	320.6349375	54	K	1	25
329.049625	329.099625	49	DH	1	26
329.099625	329.299625	25	EY1	1	26
329.299625	329.589625	35	OW1	1	26
329.589625	329.639625	58	N	1	26
329.639625	329.669625	6	AH0	1	26
329.669625	329.709625	46	B	1	26
329.709625	329.849625	28	IH1	1	26
329.849625	329.879625	51	G	1	26
329.879625	329.899625	74	sp	1	26
329.899625	330.019625	52	HH	1	26
330.019625	330.219625	13	AW1	1	26
330.219625	330.339625	62	S	1	26
330.339625	330.529625	28	IH1	1	26
330.529625	330.589625	58	N	1	26
330.589625	330.619625	49	DH	1	26
330.619625	330.659625	7	AH1	1	26
330.659625	330.769625	61	R	1	26
330.769625	330.799625	31	IY0	1	26
330.799625	330.889625	57	M	1	26
330.889625	331.019625	35	OW1	1	26
331.019625	331.149625	64	T	1	26
331.149625	331.279625	54	K	1	26
331.279625	331.319625	7	AH1	1	26
331.319625	331.409625	58	N	1	26
331.409625	331.449625	64	T	1	26
331.449625	331.509625	61	R	1	26
331.509625	331.599625	31	IY0	1	26
331.599625	331.679625	62	S	1	26
331.679625	331.939625	17	AY2	1	26
331.939625	331.989625	48	D	1	26
339.6923125	339.7523125	49	DH	1	27
339.7523125	339.7923125	6	AH0	1	27
339.7923125	339.9823125	61	R	1	27
339.9823125	340.1323125	35	OW1	1	27
340.1323125	340.1823125	69	Z	1	27
340.1823125	340.1923125	74	sp	1	27
340.1923125	340.3023125	54	K	1	27
340.3023125	340.3423125	9	AO0	1	27
340.3423125	340.3823125	61	R	1	27
340.3823125	340.5523125	62	S	1	27
340.5523125	340.7823125	1	AA1	1	27
340.7823125	340.8523125	70	ZH	1	27
340.8523125	340.9923125	62	S	1	27
340.9923125	341.0523125	57	M	1	27
341.0523125	341.0923125	19	EH1	1	27
341.0923125	341.2223125	56	L	1	27
341.2223125	341.2523125	48	D	1	27
341.2523125	341.4123125	62	S	1	27
341.4123125	341.4423125	67	W	1	27
341.4423125	341.6323125	32	IY1	1	27
341.6323125	341.7023125	64	T	1	27
362.8246077	362.8718681	4	AE1	1	29
362.8718681	362.9157528	58	N	1	29
362.9157528	362.9813865	4	AE1	1	29
362.9813865	363.0213865	48	D	1	29
363.0213865	363.0713865	6	AH0	1	29
363.0713865	363.2313865	56	L	1	29
363.2313865	363.2713865	64	T	1	29
363.2713865	363.3713865	57	M	1	29
363.3713865	363.4813865	25	EY1	1	29
363.4813865	363.6213865	56	L	1	29
363.6213865	363.6713865	46	B	1	29
363.6713865	363.7413865	6	AH0	1	29
363.7413865	363.8613865	46	B	1	29
363.8613865	364.0513865	44	UW1	1	29
364.0513865	364.1513865	58	N	1	29
364.1513865	364.3113865	69	Z	1	29
364.3113865	364.4213865	64	T	1	29
364.4213865	364.6313865	32	IY1	1	29
364.6313865	364.7013865	65	TH	1	29
364.7013865	364.7413865	1	AA1	1	29
364.7413865	364.8013865	61	R	1	29
364.8013865	364.8713865	58	N	1	29
364.8713865	365.0613865	1	AA1	1	29
365.0613865	365.1113865	64	T	1	29
365.1113865	365.3213865	62	S	1	29
365.3213865	365.3813865	44	UW1	1	29
365.3813865	365.4613865	64	T	1	29
365.4613865	365.4913865	6	AH0	1	29
365.4913865	365.5613865	46	B	1	29
365.5613865	365.5913865	6	AH0	1	29
365.5913865	365.6813865	56	L	1	29
365.6813865	365.7513865	50	F	1	29
365.7513865	365.8613865	21	ER0	1	29
365.8613865	366.0113865	32	IY1	1	29
366.0113865	366.0713865	64	T	1	29
366.0713865	366.1013865	27	IH0	1	29
366.1013865	366.2113865	59	NG	1	29
366.2113865	366.4213865	63	SH	1	29
366.4213865	366.4913865	19	EH1	1	29
366.4913865	366.5913865	56	L	1	29
366.5913865	366.6513865	50	F	1	29
366.6513865	366.7713865	29	IH2	1	29
366.7713865	367.0813865	63	SH	1	29
375.803875	375.873875	52	HH	1	30
375.873875	375.983875	22	ER1	1	30
375.983875	376.053875	67	W	1	30
376.053875	376.183875	10	AO1	1	30
376.183875	376.263875	61	R	1	30
376.263875	376.313875	48	D	1	30
376.313875	376.413875	61	R	1	30
376.413875	376.443875	36	OW2	1	30
376.443875	376.493875	46	B	1	30
376.493875	376.553875	54	K	1	30
376.553875	376.593875	6	AH0	1	30
376.593875	376.673875	58	N	1	30
376.673875	376.833875	62	S	1	30
376.833875	376.943875	28	IH1	1	30
376.943875	377.103875	62	S	1	30
377.103875	377.243875	7	AH1	1	30
377.243875	377.323875	66	V	1	30
377.323875	377.663875	35	OW1	1	30
377.663875	377.693875	58	N	1	30
377.693875	377.723875	56	L	1	30
377.723875	377.753875	31	IY0	1	30
377.753875	377.863875	62	S	1	30
377.863875	377.913875	54	K	1	30
377.913875	377.983875	22	ER1	1	30
377.983875	378.103875	64	T	1	30
378.103875	378.183875	62	S	1	30
378.183875	378.223875	4	AE1	1	30
378.223875	378.283875	58	N	1	30
378.283875	378.313875	48	D	1	30
378.313875	378.383875	46	B	1	30
378.383875	378.483875	56	L	1	30
378.483875	378.563875	13	AW1	1	30
378.563875	378.733875	62	S	1	30
378.733875	378.833875	6	AH0	1	30
378.833875	379.043875	69	Z	1	30
387.30275	387.34275	49	DH	1	31
387.34275	387.39275	6	AH0	1	31
387.39275	387.61275	64	T	1	31
387.61275	387.64275	44	UW1	1	31
387.64275	387.86275	1	AA1	1	31
387.86275	387.89275	61	R	1	31
387.89275	388.08275	64	T	1	31
388.08275	388.11275	6	AH0	1	31
388.11275	388.37275	62	S	1	31
388.37275	388.46275	27	IH0	1	31
388.46275	388.51275	54	K	1	31
388.51275	388.65275	62	S	1	31
388.65275	388.72275	47	CH	1	31
388.72275	388.88275	25	EY1	1	31
388.88275	388.99275	58	N	1	31
388.99275	389.09275	53	JH	1	31
389.09275	389.21275	48	D	1	31
389.21275	389.24275	74	sp	1	31
389.24275	389.42275	10	AO1	1	31
389.42275	389.49275	64	T	1	31
389.49275	389.52275	6	AH0	1	31
389.52275	389.59275	51	G	1	31
389.59275	389.63275	61	R	1	31
389.63275	389.72275	5	AE2	1	31
389.72275	389.75275	50	F	1	31
389.75275	390.14275	62	S	1	31
398.8515625	398.9015625	46	B	1	32
398.9015625	398.9615625	7	AH1	1	32
398.9615625	399.3415625	64	T	1	32
399.3415625	399.3815625	21	ER0	1	32
399.3815625	399.4715625	62	S	1	32
399.4715625	399.5015625	54	K	1	32
399.5015625	399.5315625	2	AA2	1	32
399.5315625	399.5615625	47	CH	1	32
399.5615625	399.6015625	50	F	1	32
399.6015625	399.8115625	7	AH1	1	32
399.8115625	399.9815625	53	JH	1	32
399.9815625	400.0415625	51	G	1	32
400.0415625	400.1615625	35	OW1	1	32
400.1615625	400.2215625	69	Z	1	32
400.2215625	400.2815625	67	W	1	32
400.2815625	400.4315625	19	EH1	1	32
400.4315625	400.4615625	56	L	1	32
400.4615625	400.5115625	67	W	1	32
400.5115625	400.5515625	28	IH1	1	32
400.5515625	400.7015625	65	TH	1	32
400.7015625	400.7315625	66	V	1	32
400.7315625	400.7815625	6	AH0	1	32
400.7815625	400.8815625	58	N	1	32
400.8815625	400.9115625	28	IH1	1	32
400.9115625	400.9715625	56	L	1	32
400.9715625	401.0015625	6	AH0	1	32
401.0015625	401.2915625	16	AY1	1	32
401.2915625	401.4115625	62	S	1	32
401.4115625	401.5115625	54	K	1	32
401.5115625	401.5515625	61	R	1	32
401.5515625	401.6815625	32	IY1	1	32
401.6815625	401.8015625	57	M	1	32
410.43825	410.50825	61	R	1	33
410.50825	410.62825	28	IH1	1	33
410.62825	410.76825	47	CH	1	33
410.76825	410.81825	60	P	1	33
410.81825	410.95825	22	ER1	1	33
410.95825	411.07825	47	CH	1	33
411.07825	411.12825	6	AH0	1	33
411.12825	411.24825	62	S	1	33
411.24825	411.28825	64	T	1	33
411.28825	411.47825	62	S	1	33
411.47825	411.57825	19	EH1	1	33
411.57825	411.64825	66	V	1	33
411.64825	411.69825	61	R	1	33
411.69825	411.72825	6	AH0	1	33
411.72825	411.77825	56	L	1	33
411.77825	411.92825	62	S	1	33
411.92825	412.09825	16	AY1	1	33
412.09825	412.23825	58	N	1	33
412.23825	412.26825	48	D	1	33
412.26825	412.37825	56	L	1	33
412.37825	412.45825	28	IH1	1	33
412.45825	412.52825	65	TH	1	33
412.52825	412.59825	6	AH0	1	33
412.59825	412.63825	51	G	1	33
412.63825	412.66825	61	R	1	33
412.66825	412.86825	5	AE2	1	33
412.86825	412.91825	50	F	1	33
412.91825	413.14825	62	S	1	33
421.08525	421.20525	19	EH1	1	34
421.20525	421.24525	58	N	1	34
421.24525	421.39525	31	IY0	1	34
421.39525	421.42525	54	K	1	34
421.42525	421.54525	2	AA2	1	34
421.54525	421.57525	58	N	1	34
421.57525	421.64525	64	T	1	34
421.64525	421.67525	61	R	1	34
421.67525	421.71525	6	AH0	1	34
421.71525	421.77525	46	B	1	34
421.77525	421.85525	68	Y	1	34
421.85525	421.92525	44	UW1	1	34
421.92525	422.01525	63	SH	1	34
422.01525	422.08525	6	AH0	1	34
422.08525	422.18525	58	N	1	34
422.18525	422.25525	69	Z	1	34
422.25525	422.29525	67	W	1	34
422.29525	422.32525	6	AH0	1	34
422.32525	422.36525	56	L	1	34
422.36525	422.41525	46	B	1	34
422.41525	422.49525	31	IY0	1	34
422.49525	422.53525	51	G	1	34
422.53525	422.63525	61	R	1	34
422.63525	422.72525	25	EY1	1	34
422.72525	422.75525	64	T	1	34
422.75525	422.79525	56	L	1	34
422.79525	422.92525	31	IY0	1	34
422.92525	422.98525	6	AH0	1	34
422.98525	423.12525	60	P	1	34
423.12525	423.15525	61	R	1	34
423.15525	423.28525	32	IY1	1	34
423.28525	423.40525	63	SH	1	34
423.40525	423.44525	31	IY0	1	34
423.44525	423.60525	26	EY2	1	34
423.60525	423.64525	64	T	1	34
423.64525	423.71525	6	AH0	1	34
423.71525	423.94525	48	D	1	34
431.87475	431.94475	49	DH	1	35
431.94475	431.98475	7	AH1	1	35
431.98475	432.11475	54	K	1	35
432.11475	432.17475	61	R	1	35
432.17475	432.37475	4	AE1	1	35
432.37475	432.40475	58	N	1	35
432.40475	432.43475	46	B	1	35
432.43475	432.55475	20	EH2	1	35
432.55475	432.61475	61	R	1	35
432.61475	432.73475	31	IY0	1	35
432.73475	432.76475	46	B	1	35
432.76475	433.04475	1	AA1	1	35
433.04475	433.07475	51	G	1	35
433.07475	433.12475	51	G	1	35
433.12475	433.19475	28	IH1	1	35
433.19475	433.24475	64	T	1	35
433.24475	433.31475	62	S	1	35
433.31475	433.36475	66	V	1	35
433.36475	433.51475	19	EH1	1	35
433.51475	433.54475	61	R	1	35
433.54475	433.70475	31	IY0	1	35
433.70475	433.75475	74	sp	1	35
433.75475	433.78475	60	P	1	35
433.78475	433.81475	61	R	1	35
433.81475	433.88475	28	IH1	1	35
433.88475	433.93475	64	T	1	35
433.93475	434.01475	31	IY0	1	35
434.01475	434.09475	28	IH1	1	35
434.09475	434.17475	58	N	1	35
434.17475	434.43475	10	AO1	1	35
434.43475	434.50475	64	T	1	35
434.50475	434.53475	6	AH0	1	35
434.53475	434.65475	57	M	1	35
443.11175	443.41175	52	HH	1	36
443.41175	443.46175	13	AW1	1	36
443.46175	443.56175	48	D	1	36
443.56175	443.62175	44	UW1	1	36
443.62175	443.76175	38	OY1	1	36
443.76175	443.88175	62	S	1	36
443.88175	443.95175	64	T	1	36
443.95175	444.00175	21	ER0	1	36
444.00175	444.11175	69	Z	1	36
444.11175	444.14175	57	M	1	36
444.14175	444.26175	25	EY1	1	36
444.26175	444.40175	54	K	1	36
444.40175	444.43175	60	P	1	36
444.43175	444.64175	22	ER1	1	36
444.64175	444.80175	56	L	1	36
444.80175	444.99175	69	Z	1	36
453.6682821	453.7665839	57	M	1	37
453.7665839	453.8789287	25	EY1	1	37
453.8789287	453.9596765	16	AY1	1	37
453.9596765	454.0755322	10	AO1	1	37
454.0755322	454.1281938	61	R	1	37
454.1281938	454.15628	48	D	1	37
454.15628	454.2756464	21	ER0	1	37
454.2756464	454.4154649	25	EY1	1	37
454.4154649	454.4769035	60	P	1	37
454.4769035	454.5594067	1	AA1	1	37
454.5594067	454.6155791	61	R	1	37
454.6155791	454.7138808	50	F	1	37
454.7138808	455.0070307	25	EY1	1	37
455.0070307	455.126397	4	AE1	1	37
455.126397	455.2141664	50	F	1	37
455.2141664	455.2404973	64	T	1	37
455.2404973	455.3879499	21	ER0	1	37
455.3879499	455.4686977	16	AY1	1	37
455.4686977	455.6108841	32	IY1	1	37
455.6108841	455.7238415	64	T	1	37
455.7238415	455.7554385	48	D	1	37
455.7554385	455.8221433	28	IH1	1	37
455.8221433	455.8748049	58	N	1	37
455.8748049	456.0450775	21	ER0	1	37
463.1315	463.2315	28	IH1	1	38
463.2315	463.3015	69	Z	1	38
463.3015	463.3715	63	SH	1	38
463.3715	463.4615	32	IY1	1	38
463.4615	463.4915	51	G	1	38
463.4915	463.6096099	35	OW1	1	38
463.6096099	463.696029	6	AH0	1	38
463.696029	463.751023	58	N	1	38
463.751023	463.7883403	67	W	1	38
463.7883403	463.8649391	28	IH1	1	38
463.8649391	463.9336815	65	TH	1	38
463.9336815	464.057418	68	Y	1	38
464.057418	464.2047233	44	UW1	1	38
473.0728125	473.1428125	54	K	1	39
473.1428125	473.2328125	4	AE1	1	39
473.2328125	473.2628125	58	N	1	39
473.2628125	473.2928125	49	DH	1	39
473.2928125	473.4328125	31	IY0	1	39
473.4328125	473.6228125	25	EY1	1	39
473.6228125	473.6828125	53	JH	1	39
473.6828125	473.7328125	6	AH0	1	39
473.7328125	473.7928125	58	N	1	39
473.7928125	473.9328125	62	S	1	39
473.9328125	474.1728125	31	IY0	1	39
474.1728125	474.3228125	35	OW1	1	39
474.3228125	474.3828125	66	V	1	39
474.3828125	474.4728125	21	ER0	1	39
474.4728125	474.6028125	65	TH	1	39
474.6028125	474.7528125	61	R	1	39
474.7528125	474.9128125	36	OW2	1	39
474.9128125	475.1228125	25	EY1	1	39
475.1228125	475.1828125	56	L	1	39
475.1828125	475.2628125	31	IY0	1	39
475.2628125	475.2928125	6	AH0	1	39
475.2928125	475.3928125	58	N	1	39
475.3928125	475.4828125	50	F	1	39
475.4828125	475.5628125	10	AO1	1	39
475.5628125	475.6228125	61	R	1	39
475.6228125	475.7628125	62	S	1	39
475.7628125	475.9028125	6	AH0	1	39
475.9028125	476.1428125	69	Z	1	39
484.7029881	484.7829881	6	AH0	1	40
484.7829881	484.9229881	62	S	1	40
484.9229881	484.9829881	54	K	1	40
484.9829881	485.0329881	61	R	1	40
485.0329881	485.0629881	44	UW1	1	40
485.0629881	485.2129881	48	D	1	40
485.2129881	485.2829881	61	R	1	40
485.2829881	485.3929881	17	AY2	1	40
485.3929881	485.4629881	66	V	1	40
485.4629881	485.5329881	21	ER0	1	40
485.5329881	485.7029881	28	IH1	1	40
485.7029881	485.8129881	69	Z	1	40
485.8129881	485.8629881	57	M	1	40
485.8629881	486.0729881	25	EY1	1	40
486.0729881	486.1029881	48	D	1	40
486.1029881	486.1629881	50	F	1	40
486.1629881	486.2129881	61	R	1	40
486.2129881	486.2429881	7	AH1	1	40
486.2429881	486.3429881	57	M	1	40
486.3429881	486.3929881	66	V	1	40
486.3929881	486.5829881	1	AA1	1	40
486.5829881	486.6629881	48	D	1	40
486.6629881	486.7129881	54	K	1	40
486.7129881	486.7429881	6	AH0	1	40
486.7429881	487.0529881	4	AE1	1	40
487.0529881	487.1529881	58	N	1	40
487.1529881	487.1829881	48	D	1	40
487.1829881	487.2929881	10	AO1	1	40
487.2929881	487.3829881	61	R	1	40
487.3829881	487.4129881	6	AH0	1	40
487.4129881	487.4929881	58	N	1	40
487.4929881	487.5929881	53	JH	1	40
487.5929881	487.7129881	53	JH	1	40
487.7129881	487.8529881	44	UW1	1	40
487.8529881	488.1429881	62	S	1	40
495.6606805	495.6979979	52	HH	1	41
495.6979979	495.7903092	13	AW1	1	41
495.7903092	495.8197702	57	M	1	41
495.8197702	495.8952429	7	AH1	1	41
495.8952429	495.9552429	47	CH	1	41
495.9552429	496.0152429	6	AH0	1	41
496.0152429	496.1052429	56	L	1	41
496.1052429	496.3152429	13	AW1	1	41
496.3152429	496.3552429	6	AH0	1	41
496.3552429	496.4152429	58	N	1	41
496.4152429	496.5452429	62	S	1	41
496.5452429	496.6052429	48	D	1	41
496.6052429	496.6352429	44	UW1	1	41
496.6352429	496.7752429	68	Y	1	41
496.7752429	496.8352429	44	UW1	1	41
496.8352429	496.8652429	51	G	1	41
496.8652429	497.0752429	19	EH1	1	41
497.0752429	497.1752429	64	T	1	41
505.2416875	505.3816875	62	S	1	42
505.3816875	505.4716875	28	IH1	1	42
505.4716875	505.5216875	54	K	1	42
505.5216875	505.5716875	56	L	1	42
505.5716875	505.6016875	27	IH0	1	42
505.6016875	505.6616875	54	K	1	42
505.6616875	505.7416875	6	AH0	1	42
505.7416875	505.8116875	56	L	1	42
505.8116875	505.8716875	60	P	1	42
505.8716875	505.9516875	61	R	1	42
505.9516875	506.1216875	35	OW1	1	42
506.1216875	506.1516875	51	G	1	42
506.1516875	506.2116875	61	R	1	42
506.2116875	506.3216875	5	AE2	1	42
506.3216875	506.3616875	57	M	1	42
506.3616875	506.5016875	69	Z	1	42
506.5016875	506.5416875	67	W	1	42
506.5416875	506.5916875	6	AH0	1	42
506.5916875	506.6216875	56	L	1	42
506.6216875	506.7516875	58	N	1	42
506.7516875	506.8716875	19	EH1	1	42
506.8716875	506.9116875	66	V	1	42
506.9116875	506.9916875	21	ER0	1	42
506.9916875	507.0516875	54	K	1	42
507.0516875	507.1616875	6	AH0	1	42
507.1616875	507.1916875	57	M	1	42
507.1916875	507.2516875	60	P	1	42
507.2516875	507.5016875	16	AY1	1	42
507.5016875	507.6916875	56	L	1	42
516.8075625	516.8375625	49	DH	1	43
516.8375625	516.9375625	6	AH0	1	43
516.9375625	516.9975625	46	B	1	43
516.9975625	517.1975625	1	AA1	1	43
517.1975625	517.2975625	62	S	1	43
517.2975625	517.4375625	64	T	1	43
517.4375625	517.4775625	6	AH0	1	43
517.4775625	517.5275625	58	N	1	43
517.5275625	517.5775625	74	sp	1	43
517.5775625	517.6075625	46	B	1	43
517.6075625	517.6375625	3	AE0	1	43
517.6375625	517.7575625	56	L	1	43
517.7575625	518.0375625	25	EY1	1	43
518.0375625	518.2475625	35	OW1	1	43
518.2475625	518.2975625	66	V	1	43
518.2975625	518.3575625	21	ER0	1	43
518.3575625	518.5175625	54	K	1	43
518.5175625	518.8175625	25	EY1	1	43
518.8175625	518.9775625	57	M	1	43
518.9775625	519.0275625	49	DH	1	43
519.0275625	519.1475625	19	EH1	1	43
519.1475625	519.1875625	61	R	1	43
519.1875625	519.3775625	50	F	1	43
519.3775625	519.4775625	7	AH1	1	43
519.4775625	519.5675625	58	N	1	43
519.5675625	519.5975625	48	D	1	43
519.5975625	519.6275625	27	IH0	1	43
519.6275625	519.7875625	59	NG	1	43
519.7875625	520.0275625	63	SH	1	43
520.0275625	520.1075625	10	AO1	1	43
520.1075625	520.1675625	61	R	1	43
520.1675625	520.3075625	64	T	1	43
520.3075625	520.3475625	6	AH0	1	43
520.3475625	520.6575625	53	JH	1	43
528.0909375	528.2809375	19	EH1	1	44
528.2809375	528.3109375	66	V	1	44
528.3109375	528.3509375	61	R	1	44
528.3509375	528.4509375	31	IY0	1	44
528.4509375	528.5609375	54	K	1	44
528.5609375	528.7809375	4	AE1	1	44
528.7809375	528.8309375	46	B	1	44
528.8309375	528.9009375	58	N	1	44
528.9009375	529.0209375	32	IY1	1	44
529.0209375	529.0509375	48	D	1	44
529.0509375	529.0909375	69	Z	1	44
529.0909375	529.1509375	61	R	1	44
529.1509375	529.2909375	31	IY0	1	44
529.2909375	529.4809375	60	P	1	44
529.4809375	529.6109375	25	EY1	1	44
529.6109375	529.6509375	58	N	1	44
529.6509375	529.8409375	64	T	1	44
529.8409375	529.8709375	27	IH0	1	44
529.8709375	529.9209375	59	NG	1	44
529.9209375	530.1309375	10	AO1	1	44
530.1309375	530.1709375	50	F	1	44
530.1709375	530.3009375	64	T	1	44
530.3009375	530.4009375	6	AH0	1	44
530.4009375	530.5009375	58	N	1	44
538.430125	538.560125	52	HH	1	45
538.560125	538.670125	19	EH1	1	45
538.670125	538.700125	56	L	1	45
538.700125	538.740125	60	P	1	45
538.740125	538.770125	74	sp	1	45
538.770125	538.840125	51	G	1	45
538.840125	538.900125	61	R	1	45
538.900125	539.070125	19	EH1	1	45
539.070125	539.100125	51	G	1	45
539.100125	539.130125	74	sp	1	45
539.130125	539.210125	64	T	1	45
539.210125	539.290125	6	AH0	1	45
539.290125	539.340125	60	P	1	45
539.340125	539.490125	28	IH1	1	45
539.490125	539.530125	54	K	1	45
539.530125	539.620125	6	AH0	1	45
539.620125	539.740125	60	P	1	45
539.740125	539.890125	19	EH1	1	45
539.890125	539.940125	54	K	1	45
539.940125	540.020125	7	AH1	1	45
540.020125	540.060125	66	V	1	45
540.060125	540.130125	74	sp	1	45
540.130125	540.180125	60	P	1	45
540.180125	540.230125	6	AH0	1	45
540.230125	540.460125	64	T	1	45
540.460125	540.670125	25	EY1	1	45
540.670125	540.720125	64	T	1	45
540.720125	540.830125	34	OW0	1	45
540.830125	541.140125	69	Z	1	45
549.8195	549.8995	67	W	1	46
549.8995	549.9895	32	IY1	1	46
549.9895	550.0195	56	L	1	46
550.0195	550.2095	16	AY1	1	46
550.2095	550.3395	54	K	1	46
550.3395	550.3895	46	B	1	46
550.3895	550.4895	56	L	1	46
550.4895	550.5995	44	UW1	1	46
550.5995	550.7195	47	CH	1	46
550.7195	550.8895	32	IY1	1	46
550.8895	551.0195	69	Z	1	46
551.0195	551.0595	46	B	1	46
551.0595	551.1195	7	AH1	1	46
551.1195	551.1695	64	T	1	46
551.1695	551.2195	66	V	1	46
551.2195	551.3495	28	IH1	1	46
551.3495	551.3795	54	K	1	46
551.3795	551.5395	64	T	1	46
551.5395	551.5695	21	ER0	1	46
551.5695	551.5995	56	L	1	46
551.5995	551.7395	16	AY1	1	46
551.7395	551.7995	54	K	1	46
551.7995	551.9595	62	S	1	46
551.9595	552.0495	46	B	1	46
552.0495	552.1595	61	R	1	46
552.1595	552.4495	32	IY1	1	46
561.42225	561.51225	54	K	1	47
561.51225	561.65225	13	AW1	1	47
561.65225	561.68225	58	N	1	47
561.68225	561.71225	64	T	1	47
561.71225	561.74225	49	DH	1	47
561.74225	561.81225	7	AH1	1	47
561.81225	561.86225	58	N	1	47
561.86225	561.94225	7	AH1	1	47
561.94225	561.97225	57	M	1	47
561.97225	562.02225	46	B	1	47
562.02225	562.08225	21	ER0	1	47
562.08225	562.19225	7	AH1	1	47
562.19225	562.27225	66	V	1	47
562.27225	562.38225	64	T	1	47
562.38225	562.54225	32	IY1	1	47
562.54225	562.60225	62	S	1	47
562.60225	562.66225	60	P	1	47
562.66225	562.69225	45	UW2	1	47
562.69225	562.88225	58	N	1	47
562.88225	562.92225	69	Z	1	47
562.92225	562.97225	7	AH1	1	47
562.97225	563.00225	66	V	1	47
563.00225	563.23225	62	S	1	47
563.23225	563.35225	38	OY1	1	47
563.35225	563.48225	62	S	1	47
563.48225	563.63225	11	AO2	1	47
563.63225	563.76225	62	S	1	47
563.76225	563.79225	49	DH	1	47
563.79225	563.87225	4	AE1	1	47
563.87225	563.92225	64	T	1	47
563.92225	564.06225	68	Y	1	47
564.06225	564.14225	44	UW1	1	47
564.14225	564.42225	4	AE1	1	47
564.42225	564.57225	48	D	1	47
572.7468125	572.7968125	46	B	1	48
572.7968125	573.0012312	4	AE1	1	48
573.0012312	573.0758659	51	G	1	48
573.0758659	573.1151473	60	P	1	48
573.1151473	573.2703088	17	AY2	1	48
573.2703088	573.3390513	60	P	1	48
573.3390513	573.4768125	62	S	1	48
573.4768125	573.5268125	4	AE1	1	48
573.5268125	573.6068125	58	N	1	48
573.6068125	573.6368125	48	D	1	48
573.6368125	573.6868125	46	B	1	48
573.6868125	573.8768125	1	AA1	1	48
573.8768125	573.9368125	59	NG	1	48
573.9368125	574.0068125	51	G	1	48
574.0068125	574.0968125	36	OW2	1	48
574.0968125	574.2268125	69	Z	1	48
574.2268125	574.2868125	21	ER0	1	48
574.2868125	574.3768125	57	M	1	48
574.3768125	574.4768125	68	Y	1	48
574.4768125	574.5068125	44	UW1	1	48
574.5068125	574.5668125	69	Z	1	48
574.5668125	574.6068125	27	IH0	1	48
574.6068125	574.6768125	54	K	1	48
574.6768125	574.7068125	6	AH0	1	48
574.7068125	574.8168125	56	L	1	48
574.8168125	574.8968125	28	IH1	1	48
574.8968125	574.9568125	58	N	1	48
574.9568125	575.0468125	62	S	1	48
575.0468125	575.0768125	64	T	1	48
575.0768125	575.1068125	61	R	1	48
575.1068125	575.1568125	6	AH0	1	48
575.1568125	575.2168125	57	M	1	48
575.2168125	575.2668125	6	AH0	1	48
575.2668125	575.3568125	58	N	1	48
575.3568125	575.4068125	64	T	1	48
575.4068125	575.6368125	62	S	1	48
582.9582611	583.0224375	52	HH	1	49
583.0224375	583.1524375	13	AW1	1	49
583.1524375	583.1924375	51	G	1	49
583.1924375	583.2624375	41	UH1	1	49
583.2624375	583.2924375	48	D	1	49
583.2924375	583.4724375	28	IH1	1	49
583.4724375	583.5424375	69	Z	1	49
583.5424375	583.6124375	68	Y	1	49
583.6124375	583.6624375	41	UH1	1	49
583.6624375	583.7224375	61	R	1	49
583.7224375	583.7524375	19	EH1	1	49
583.7524375	583.8824375	58	N	1	49
583.8824375	583.9624375	48	D	1	49
583.9624375	584.1524375	21	ER0	1	49
584.1524375	584.1824375	6	AH0	1	49
584.1824375	584.3024375	58	N	1	49
584.3024375	584.6024375	62	S	1	49
1175.584938	1175.694938	1	AA1	2	0
1175.694938	1175.724938	61	R	2	0
1175.724938	1175.814938	68	Y	2	0
1175.814938	1175.864937	41	UH1	2	0
1175.864937	1175.924938	61	R	2	0
1175.924938	1175.954938	51	G	2	0
1175.954938	1176.014937	61	R	2	0
1176.014937	1176.124938	25	EY1	2	0
1176.124938	1176.164938	48	D	2	0
1176.164938	1176.224938	69	Z	2	0
1176.224938	1176.294938	52	HH	2	0
1176.294938	1176.524938	16	AY1	2	0
1176.524938	1176.554937	21	ER0	2	0
1176.554937	1176.584938	10	AO1	2	0
1176.584938	1176.644938	61	R	2	0
1176.644938	1176.834938	56	L	2	0
1176.834938	1177.094937	35	OW1	2	0
1177.094937	1177.164938	21	ER0	2	0
1177.164938	1177.224938	49	DH	2	0
1177.224938	1177.274938	4	AE1	2	0
1177.274938	1177.464938	58	N	2	0
1177.464938	1177.504938	58	N	2	0
1177.504938	1177.574937	4	AE1	2	0
1177.574937	1177.644938	58	N	2	0
1177.644938	1177.744937	62	S	2	0
1177.744937	1177.884938	31	IY0	2	0
1177.884938	1178.134938	69	Z	2	0
1185.8845	1186.0145	63	SH	2	1
1186.0145	1186.2145	32	IY1	2	1
1186.2145	1186.2645	67	W	2	1
1186.2645	1186.3945	10	AO1	2	1
1186.3945	1186.5245	61	R	2	1
1186.5245	1186.6345	67	W	2	1
1186.6345	1186.7045	10	AO1	2	1
1186.7045	1186.8845	61	R	2	1
1186.8845	1186.9145	57	M	2	1
1186.9145	1187.0645	50	F	2	1
1187.0645	1187.1045	56	L	2	1
1187.1045	1187.2145	32	IY1	2	1
1187.2145	1187.3345	62	S	2	1
1187.3345	1187.4845	31	IY0	2	1
1187.4845	1187.5645	67	W	2	1
1187.5645	1187.5945	41	UH1	2	1
1187.5945	1187.7245	56	L	2	1
1187.7245	1187.7545	6	AH0	2	1
1187.7545	1187.8045	58	N	2	1
1187.8045	1188.0645	35	OW1	2	1
1188.0645	1188.1345	66	V	2	1
1188.1345	1188.2945	21	ER0	2	1
1188.2945	1188.3445	11	AO2	2	1
1188.3445	1188.5245	56	L	2	1
1188.5245	1188.8045	69	Z	2	1
1196.536491	1196.607761	61	R	2	2
1196.607761	1196.666635	32	IY1	2	2
1196.666635	1196.689875	48	D	2	2
1196.689875	1196.734806	27	IH0	2	2
1196.734806	1196.852556	59	NG	2	2
1196.852556	1196.925375	28	IH1	2	2
1196.925375	1196.982125	58	N	2	2
1196.982125	1197.102125	60	P	2	2
1197.102125	1197.312125	41	UH1	2	2
1197.312125	1197.342125	61	R	2	2
1197.342125	1197.402125	56	L	2	2
1197.402125	1197.552125	16	AY1	2	2
1197.552125	1197.732125	64	T	2	2
1197.732125	1197.762125	51	G	2	2
1197.762125	1197.922125	28	IH1	2	2
1197.922125	1197.962125	66	V	2	2
1197.962125	1198.022125	69	Z	2	2
1198.022125	1198.102125	68	Y	2	2
1198.102125	1198.252125	44	UW1	2	2
1198.252125	1198.442125	16	AY1	2	2
1198.442125	1198.592125	62	S	2	2
1198.592125	1198.662125	64	T	2	2
1198.662125	1198.712125	61	R	2	2
1198.712125	1198.812125	26	EY2	2	2
1198.812125	1199.002125	58	N	2	2
1206.575522	1206.69792	32	IY1	2	3
1206.69792	1206.74285	66	V	2	3
1206.74285	1206.809472	6	AH0	2	3
1206.809472	1206.862125	58	N	2	3
1206.862125	1207.252125	16	AY1	2	3
1207.252125	1207.282125	6	AH0	2	3
1207.282125	1207.392125	54	K	2	3
1207.392125	1207.562125	25	EY1	2	3
1207.562125	1207.622125	70	ZH	2	3
1207.622125	1207.682125	6	AH0	2	3
1207.682125	1207.712125	58	N	2	3
1207.712125	1207.742125	56	L	2	3
1207.742125	1207.852125	31	IY0	2	3
1207.852125	1207.882125	51	G	2	3
1207.882125	1208.022125	28	IH1	2	3
1208.022125	1208.072125	64	T	2	3
1208.072125	1208.112125	49	DH	2	3
1208.112125	1208.152125	7	AH1	2	3
1208.152125	1208.252125	57	M	2	3
1208.252125	1208.332125	7	AH1	2	3
1208.332125	1208.392125	58	N	2	3
1208.392125	1208.442125	48	D	2	3
1208.442125	1208.592125	31	IY0	2	3
1208.592125	1208.652125	46	B	2	3
1208.652125	1208.752125	56	L	2	3
1208.752125	1208.972125	44	UW1	2	3
1208.972125	1209.252125	69	Z	2	3
1217.4405	1217.5005	67	W	2	4
1217.5005	1217.6305	32	IY1	2	4
1217.6305	1217.7905	1	AA1	2	4
1217.7905	1217.8305	61	R	2	4
1217.8305	1217.9005	74	sp	2	4
1217.9005	1218.0805	35	OW1	2	4
1218.0805	1218.1205	60	P	2	4
1218.1205	1218.1905	6	AH0	2	4
1218.1905	1218.2405	58	N	2	4
1218.2405	1218.4605	19	EH1	2	4
1218.4605	1218.5005	66	V	2	4
1218.5005	1218.5605	61	R	2	4
1218.5605	1218.7005	31	IY0	2	4
1218.7005	1218.7505	57	M	2	4
1218.7505	1218.8305	7	AH1	2	4
1218.8305	1218.9505	58	N	2	4
1218.9505	1218.9805	48	D	2	4
1218.9805	1219.0205	31	IY0	2	4
1219.0205	1219.3105	32	IY1	2	4
1219.3105	1219.3805	66	V	2	4
1219.3805	1219.4405	58	N	2	4
1219.4405	1219.4805	27	IH0	2	4
1219.4805	1219.7505	59	NG	2	4
1227.412375	1227.522375	28	IH1	2	5
1227.522375	1227.582375	64	T	2	5
1227.582375	1227.622375	62	S	2	5
1227.622375	1227.652375	58	N	2	5
1227.652375	1227.792375	1	AA1	2	5
1227.792375	1227.862375	64	T	2	5
1227.862375	1228.212375	32	IY1	2	5
1228.212375	1228.282375	69	Z	2	5
1228.282375	1228.322375	31	IY0	2	5
1228.322375	1228.352375	64	T	2	5
1228.352375	1228.382375	6	AH0	2	5
1228.382375	1228.412375	54	K	2	5
1228.412375	1228.472375	61	R	2	5
1228.472375	1228.562375	31	IY0	2	5
1228.562375	1228.722375	25	EY1	2	5
1228.722375	1228.762375	64	T	2	5
1228.762375	1228.832375	29	IH2	2	5
1228.832375	1228.952375	56	L	2	5
1228.952375	1229.052375	44	UW1	2	5
1229.052375	1229.102375	57	M	2	5
1229.102375	1229.132375	6	AH0	2	5
1229.132375	1229.222375	58	N	2	5
1229.222375	1229.332375	26	EY2	2	5
1229.332375	1229.372375	64	T	2	5
1229.372375	1229.402375	27	IH0	2	5
1229.402375	1229.642375	59	NG	2	5
1229.642375	1229.682375	27	IH0	2	5
1229.682375	1229.712375	51	G	2	5
1229.712375	1229.742375	69	Z	2	5
1229.742375	1229.892375	4	AE1	2	5
1229.892375	1229.922375	57	M	2	5
1229.922375	1229.972375	60	P	2	5
1229.972375	1230.022375	6	AH0	2	5
1230.022375	1230.192375	56	L	2	5
1230.192375	1230.442375	69	Z	2	5
1237.783813	1237.983812	57	M	2	6
1237.983812	1238.193813	7	AH1	2	6
1238.193813	1238.223813	57	M	2	6
1238.223813	1238.413813	62	S	2	6
1238.413813	1238.463813	64	T	2	6
1238.463813	1238.493812	61	R	2	6
1238.493812	1238.663813	10	AO1	2	6
1238.663813	1238.763812	59	NG	2	6
1238.763812	1238.813813	56	L	2	6
1238.813813	1238.923813	31	IY0	2	6
1238.923813	1238.953813	48	D	2	6
1238.953813	1239.023812	29	IH2	2	6
1239.023812	1239.173813	62	S	2	6
1239.173813	1239.213813	56	L	2	6
1239.213813	1239.313813	16	AY1	2	6
1239.313813	1239.363813	54	K	2	6
1239.363813	1239.403813	62	S	2	6
1239.403813	1239.563813	4	AE1	2	6
1239.563813	1239.603813	60	P	2	6
1239.603813	1239.643813	6	AH0	2	6
1239.643813	1239.733812	64	T	2	6
1239.733812	1239.913813	17	AY2	2	6
1239.913813	1240.003812	69	Z	2	6
1240.003812	1240.123813	21	ER0	2	6
1240.123813	1240.403813	69	Z	2	6
1248.608688	1248.688688	49	DH	2	7
1248.688688	1248.838688	35	OW1	2	7
1248.838688	1248.868688	69	Z	2	7
1248.868688	1248.968688	52	HH	2	7
1248.968688	1249.008688	44	UW1	2	7
1249.008688	1249.098688	64	T	2	7
1249.098688	1249.228688	32	IY1	2	7
1249.228688	1249.328688	47	CH	2	7
1249.328688	1249.358688	66	V	2	7
1249.358688	1249.518688	4	AE1	2	7
1249.518688	1249.548688	56	L	2	7
1249.548688	1249.688688	68	Y	2	7
1249.688688	1249.718688	43	UW0	2	7
1249.718688	1249.848688	69	Z	2	7
1249.848688	1249.868688	74	sp	2	7
1249.868688	1249.938688	50	F	2	7
1249.938688	1250.058688	22	ER1	2	7
1250.058688	1250.168688	62	S	2	7
1250.168688	1250.198688	64	T	2	7
1250.198688	1250.268688	6	AH0	2	7
1250.268688	1250.328688	46	B	2	7
1250.328688	1250.468688	1	AA1	2	7
1250.468688	1250.558688	56	L	2	7
1250.558688	1250.588688	29	IH2	2	7
1250.588688	1250.778688	63	SH	2	7
1250.778688	1250.898688	47	CH	2	7
1250.898688	1251.018688	32	IY1	2	7
1251.018688	1251.048688	64	T	2	7
1251.048688	1251.078688	27	IH0	2	7
1251.078688	1251.348688	59	NG	2	7
1259.7605	1259.8105	49	DH	2	8
1259.8105	1259.8505	6	AH0	2	8
1259.8505	1259.9805	50	F	2	8
1259.9805	1260.0105	61	R	2	8
1260.0105	1260.1605	16	AY1	2	8
1260.1605	1260.2505	64	T	2	8
1260.2505	1260.2905	6	AH0	2	8
1260.2905	1260.3205	58	N	2	8
1260.3205	1260.3505	48	D	2	8
1260.3505	1260.4405	74	sp	2	8
1260.4405	1260.5705	47	CH	2	8
1260.5705	1260.7705	16	AY1	2	8
1260.7705	1260.8705	56	L	2	8
1260.8705	1260.9205	48	D	2	8
1260.9205	1260.9505	67	W	2	8
1260.9505	1260.9805	6	AH0	2	8
1260.9805	1261.1105	69	Z	2	8
1261.1105	1261.1805	53	JH	2	8
1261.1805	1261.2505	19	EH1	2	8
1261.2505	1261.3205	58	N	2	8
1261.3205	1261.4105	64	T	2	8
1261.4105	1261.4405	56	L	2	8
1261.4405	1261.4705	31	IY0	2	8
1261.4705	1261.5305	62	S	2	8
1261.5305	1261.6105	6	AH0	2	8
1261.6105	1261.6805	46	B	2	8
1261.6805	1261.7605	48	D	2	8
1261.7605	1261.9605	44	UW1	2	8
1261.9605	1262.0005	48	D	2	8
1262.0005	1262.0305	46	B	2	8
1262.0305	1262.1405	16	AY1	2	8
1262.1405	1262.1705	52	HH	2	8
1262.1705	1262.2805	28	IH1	2	8
1262.2805	1262.3905	69	Z	2	8
1262.3905	1262.4305	46	B	2	8
1262.4305	1262.5805	28	IH1	2	8
1262.5805	1262.6205	51	G	2	8
1262.6205	1262.7005	46	B	2	8
1262.7005	1262.7605	61	R	2	8
1262.7605	1262.8505	7	AH1	2	8
1262.8505	1262.8905	49	DH	2	8
1262.8905	1263.1005	21	ER0	2	8
1271.132313	1271.292313	32	IY1	2	9
1271.292313	1271.322313	66	V	2	9
1271.322313	1271.362313	6	AH0	2	9
1271.362313	1271.432312	58	N	2	9
1271.432312	1271.472313	6	AH0	2	9
1271.472313	1271.672312	62	S	2	9
1271.672312	1271.782313	28	IH1	2	9
1271.782313	1271.812313	57	M	2	9
1271.812313	1271.842313	60	P	2	9
1271.842313	1271.882313	6	AH0	2	9
1271.882313	1271.962313	56	L	2	9
1271.962313	1272.002313	66	V	2	9
1272.002313	1272.142313	34	OW0	2	9
1272.142313	1272.242313	54	K	2	9
1272.242313	1272.382313	4	AE1	2	9
1272.382313	1272.412312	46	B	2	9
1272.412312	1272.472313	68	Y	2	9
1272.472313	1272.502313	6	AH0	2	9
1272.502313	1272.552313	56	L	2	9
1272.552313	1272.612313	20	EH2	2	9
1272.612313	1272.642313	61	R	2	9
1272.642313	1272.742313	31	IY0	2	9
1272.742313	1272.782313	54	K	2	9
1272.782313	1272.812313	6	AH0	2	9
1272.812313	1272.982313	58	N	2	9
1272.982313	1273.012313	64	T	2	9
1273.012313	1273.082313	25	EY1	2	9
1273.082313	1273.172312	58	N	2	9
1273.172312	1273.212313	69	Z	2	9
1273.212313	1273.362313	62	S	2	9
1273.362313	1273.442313	28	IH1	2	9
1273.442313	1273.492313	57	M	2	9
1273.492313	1273.522313	46	B	2	9
1273.522313	1273.562313	6	AH0	2	9
1273.562313	1273.752313	56	L	2	9
1273.752313	1273.982313	69	Z	2	9
1282.798563	1282.918563	6	AH0	2	10
1282.918563	1283.038563	54	K	2	10
1283.038563	1283.088562	61	R	2	10
1283.088562	1283.288563	4	AE1	2	10
1283.288563	1283.318562	46	B	2	10
1283.318562	1283.428563	47	CH	2	10
1283.428563	1283.608563	4	AE1	2	10
1283.608563	1283.668563	56	L	2	10
1283.668563	1283.748563	6	AH0	2	10
1283.748563	1283.868563	53	JH	2	10
1283.868563	1283.928563	48	D	2	10
1283.928563	1284.028563	57	M	2	10
1284.028563	1284.328563	32	IY1	2	10
1284.328563	1284.418563	46	B	2	10
1284.418563	1284.468563	7	AH1	2	10
1284.468563	1284.498563	64	T	2	10
1284.498563	1284.538563	6	AH0	2	10
1284.538563	1284.638563	54	K	2	10
1284.638563	1284.668563	67	W	2	10
1284.668563	1284.758563	28	IH1	2	10
1284.758563	1284.798563	54	K	2	10
1284.798563	1285.098563	62	S	2	10
1285.098563	1285.148563	64	T	2	10
1285.148563	1285.468563	4	AE1	2	10
1285.468563	1285.568562	46	B	2	10
1285.568562	1285.808562	66	V	2	10
1285.808562	1285.858563	4	AE1	2	10
1285.858563	1285.998563	59	NG	2	10
1285.998563	1286.048563	54	K	2	10
1286.048563	1286.088562	67	W	2	10
1286.088562	1286.138563	27	IH0	2	10
1286.138563	1286.288563	63	SH	2	10
1286.288563	1286.408563	64	T	2	10
1286.408563	1286.498563	29	IH2	2	10
1286.498563	1286.658563	57	M	2	10
1294.705	1294.745	51	G	2	11
1294.745	1294.815	56	L	2	11
1294.815	1294.865	44	UW1	2	11
1294.865	1295.035	54	K	2	11
1295.035	1295.065	36	OW2	2	11
1295.065	1295.175	62	S	2	11
1295.175	1295.225	6	AH0	2	11
1295.225	1295.265	58	N	2	11
1295.265	1295.315	48	D	2	11
1295.315	1295.355	50	F	2	11
1295.355	1295.435	61	R	2	11
1295.435	1295.475	7	AH1	2	11
1295.475	1295.625	54	K	2	11
1295.625	1295.685	64	T	2	11
1295.685	1295.715	36	OW2	2	11
1295.715	1295.845	62	S	2	11
1295.845	1295.885	21	ER0	2	11
1295.885	1295.975	58	N	2	11
1295.975	1296.105	4	AE1	2	11
1296.105	1296.205	47	CH	2	11
1296.205	1296.235	21	ER0	2	11
1296.235	1296.265	6	AH0	2	11
1296.265	1296.295	56	L	2	11
1296.295	1296.425	63	SH	2	11
1296.425	1296.525	41	UH1	2	11
1296.525	1296.565	51	G	2	11
1296.565	1296.665	21	ER0	2	11
1296.665	1296.805	69	Z	2	11
1296.805	1296.845	50	F	2	11
1296.845	1296.971552	13	AW1	2	11
1296.971552	1297.050568	58	N	2	11
1297.050568	1297.080005	48	D	2	11
1297.080005	1297.159022	28	IH1	2	11
1297.159022	1297.23339	58	N	2	11
1297.23339	1297.324801	50	F	2	11
1297.324801	1297.360436	61	R	2	11
1297.360436	1297.485932	44	UW1	2	11
1297.485932	1297.521567	64	T	2	11
1304.307058	1304.379877	1	AA1	2	12
1304.379877	1304.426357	61	R	2	12
1304.426357	1304.485232	68	Y	2	12
1304.485232	1304.531713	44	UW1	2	12
1304.531713	1304.590587	56	L	2	12
1304.590587	1304.646364	41	UH1	2	12
1304.646364	1304.711436	54	K	2	12
1304.711436	1304.768761	27	IH0	2	12
1304.768761	1304.826087	59	NG	2	12
1304.826087	1304.918535	50	F	2	12
1304.918535	1304.948535	10	AO1	2	12
1304.948535	1305.038535	61	R	2	12
1305.038535	1305.068535	6	AH0	2	12
1305.068535	1305.168535	57	M	2	12
1305.168535	1305.228535	60	P	2	12
1305.228535	1305.278535	56	L	2	12
1305.278535	1305.378535	38	OY1	2	12
1305.378535	1305.408535	57	M	2	12
1305.408535	1305.438535	6	AH0	2	12
1305.438535	1305.478535	58	N	2	12
1305.478535	1305.648535	64	T	2	12
1314.862625	1314.942625	54	K	2	13
1314.942625	1315.102625	1	AA1	2	13
1315.102625	1315.182625	50	F	2	13
1315.182625	1315.312625	31	IY0	2	13
1315.312625	1315.392625	28	IH1	2	13
1315.392625	1315.482625	69	Z	2	13
1315.482625	1315.522625	51	G	2	13
1315.522625	1315.622625	61	R	2	13
1315.622625	1315.712625	35	OW1	2	13
1315.712625	1315.772625	58	N	2	13
1315.772625	1315.882625	1	AA1	2	13
1315.882625	1315.952625	58	N	2	13
1315.952625	1316.142625	62	S	2	13
1316.142625	1316.202625	64	T	2	13
1316.202625	1316.382625	32	IY1	2	13
1316.382625	1316.492625	60	P	2	13
1316.492625	1316.662625	53	JH	2	13
1316.662625	1316.762625	7	AH1	2	13
1316.762625	1316.822625	59	NG	2	13
1316.822625	1316.852625	51	G	2	13
1316.852625	1316.892625	6	AH0	2	13
1316.892625	1317.042625	56	L	2	13
1317.042625	1317.112625	56	L	2	13
1317.112625	1317.232625	16	AY1	2	13
1317.232625	1317.332625	54	K	2	13
1317.332625	1317.502625	62	S	2	13
1317.502625	1317.582625	56	L	2	13
1317.582625	1317.712625	35	OW1	2	13
1317.712625	1317.762625	60	P	2	13
1317.762625	1317.892625	62	S	2	13
1317.892625	1317.962625	28	IH1	2	13
1317.962625	1318.062625	58	N	2	13
1318.062625	1318.142625	64	T	2	13
1318.142625	1318.222625	19	EH1	2	13
1318.222625	1318.282625	57	M	2	13
1318.282625	1318.322625	60	P	2	13
1318.322625	1318.432625	61	R	2	13
1318.432625	1318.472625	6	AH0	2	13
1318.472625	1318.522625	64	T	2	13
1318.522625	1318.602625	69	Z	2	13
1318.602625	1318.822625	35	OW1	2	13
1318.822625	1318.932625	58	N	2	13
1318.932625	1319.132625	69	Z	2	13
1326.021222	1326.084745	67	W	2	14
1326.084745	1326.151366	32	IY1	2	14
1326.151366	1326.231932	67	W	2	14
1326.231932	1326.322989	19	EH1	2	14
1326.322989	1326.352989	56	L	2	14
1326.352989	1326.412989	54	K	2	14
1326.412989	1326.462989	6	AH0	2	14
1326.462989	1326.542989	57	M	2	14
1326.542989	1326.602989	57	M	2	14
1326.602989	1326.692989	19	EH1	2	14
1326.692989	1326.752989	58	N	2	14
1326.752989	1326.862989	31	IY0	2	14
1326.862989	1326.942989	58	N	2	14
1326.942989	1326.992989	68	Y	2	14
1326.992989	1327.022989	44	UW1	2	14
1327.022989	1327.192989	62	S	2	14
1327.192989	1327.248298	64	T	2	14
1327.248298	1327.353654	44	UW1	2	14
1327.353654	1327.38464	48	D	2	14
1327.38464	1327.454361	6	AH0	2	14
1327.454361	1327.522989	58	N	2	14
1327.522989	1327.552989	64	T	2	14
1327.552989	1327.602989	62	S	2	14
1327.602989	1327.712989	32	IY1	2	14
1327.712989	1327.812989	47	CH	2	14
1327.812989	1327.842989	68	Y	2	14
1327.842989	1328.002989	28	IH1	2	14
1328.002989	1328.112989	61	R	2	14
1335.318588	1335.416197	35	OW1	2	15
1335.416197	1335.464226	58	N	2	15
1335.464226	1335.495213	56	L	2	15
1335.495213	1335.558736	31	IY0	2	15
1335.558736	1335.606765	49	DH	2	15
1335.606765	1335.659161	7	AH1	2	15
1335.659161	1335.709161	46	B	2	15
1335.709161	1335.819161	19	EH1	2	15
1335.819161	1335.929161	62	S	2	15
1335.929161	1335.959161	64	T	2	15
1335.959161	1335.979161	74	sp	2	15
1335.979161	1336.049161	60	P	2	15
1336.049161	1336.099161	56	L	2	15
1336.099161	1336.299161	25	EY1	2	15
1336.299161	1336.329161	21	ER0	2	15
1336.329161	1336.399161	69	Z	2	15
1336.399161	1336.439161	6	AH0	2	15
1336.439161	1336.509161	58	N	2	15
1336.509161	1336.599161	53	JH	2	15
1336.599161	1336.729161	38	OY1	2	15
1336.729161	1336.819161	60	P	2	15
1336.819161	1336.969161	2	AA2	2	15
1336.969161	1337.029161	60	P	2	15
1337.029161	1337.089161	68	Y	2	15
1337.089161	1337.119161	6	AH0	2	15
1337.119161	1337.199161	56	L	2	15
1337.199161	1337.359161	19	EH1	2	15
1337.359161	1337.409161	61	R	2	15
1337.409161	1337.449161	6	AH0	2	15
1337.449161	1337.479161	64	T	2	15
1337.479161	1337.689161	31	IY0	2	15
1344.87575	1344.90575	54	K	2	16
1344.90575	1345.10575	4	AE1	2	16
1345.10575	1345.14575	56	L	2	16
1345.14575	1345.24575	62	S	2	16
1345.24575	1345.30575	31	IY0	2	16
1345.30575	1345.36575	6	AH0	2	16
1345.36575	1345.39575	57	M	2	16
1345.39575	1345.42575	57	M	2	16
1345.42575	1345.52575	25	EY1	2	16
1345.52575	1345.57575	54	K	2	16
1345.57575	1345.68575	62	S	2	16
1345.68575	1345.73575	46	B	2	16
1345.73575	1345.91575	35	OW1	2	16
1345.91575	1345.94575	58	N	2	16
1345.94575	1346.01575	69	Z	2	16
1346.01575	1346.06575	4	AE1	2	16
1346.06575	1346.15575	58	N	2	16
1346.15575	1346.18575	48	D	2	16
1346.18575	1346.27575	64	T	2	16
1346.27575	1346.44575	32	IY1	2	16
1346.44575	1346.49575	65	TH	2	16
1346.49575	1346.67575	62	S	2	16
1346.67575	1346.74575	64	T	2	16
1346.74575	1346.83575	61	R	2	16
1346.83575	1346.95575	10	AO1	2	16
1346.95575	1347.14575	59	NG	2	16
1354.378375	1354.498375	58	N	2	17
1354.498375	1354.558375	7	AH1	2	17
1354.558375	1354.628375	65	TH	2	17
1354.628375	1354.678375	27	IH0	2	17
1354.678375	1354.728375	59	NG	2	17
1354.728375	1354.898375	28	IH1	2	17
1354.898375	1354.938375	69	Z	2	17
1354.938375	1355.148375	19	EH1	2	17
1355.148375	1355.188375	69	Z	2	17
1355.188375	1355.268375	6	AH0	2	17
1355.268375	1355.318375	50	F	2	17
1355.318375	1355.428375	19	EH1	2	17
1355.428375	1355.508375	58	N	2	17
1355.508375	1355.558375	62	S	2	17
1355.558375	1355.598375	27	IH0	2	17
1355.598375	1355.698375	66	V	2	17
1355.698375	1355.758375	19	EH1	2	17
1355.758375	1355.968375	69	Z	2	17
1355.968375	1356.058375	28	IH1	2	17
1356.058375	1356.128375	58	N	2	17
1356.128375	1356.188375	6	AH0	2	17
1356.188375	1356.328375	62	S	2	17
1356.328375	1356.418375	6	AH0	2	17
1356.418375	1356.488375	58	N	2	17
1356.488375	1356.788375	62	S	2	17
1364.456	1364.636	62	S	2	18
1364.636	1364.696	64	T	2	18
1364.696	1364.846	32	IY1	2	18
1364.846	1364.926	66	V	2	18
1364.926	1364.956	67	W	2	18
1364.956	1365.056	10	AO1	2	18
1365.056	1365.216	61	R	2	18
1365.216	1365.246	6	AH0	2	18
1365.246	1365.306	46	B	2	18
1365.306	1365.356	61	R	2	18
1365.356	1365.396	16	AY1	2	18
1365.396	1365.536	64	T	2	18
1365.536	1365.596	61	R	2	18
1365.596	1365.866	19	EH1	2	18
1365.866	1365.906	48	D	2	18
1365.906	1366.056	54	K	2	18
1366.056	1366.296	4	AE1	2	18
1366.296	1366.426	70	ZH	2	18
1366.426	1366.486	57	M	2	18
1366.486	1366.576	27	IH0	2	18
1366.576	1366.656	61	R	2	18
1366.656	1366.826	62	S	2	18
1366.826	1366.886	67	W	2	18
1366.886	1367.146	19	EH1	2	18
1367.146	1367.216	64	T	2	18
1367.216	1367.246	21	ER0	2	18
1374.496563	1374.546563	46	B	2	19
1374.546563	1374.756563	1	AA1	2	19
1374.756563	1374.786563	61	R	2	19
1374.786563	1374.816563	46	B	2	19
1374.816563	1374.916563	69	Z	2	19
1374.916563	1374.956563	51	G	2	19
1374.956563	1375.126562	35	OW1	2	19
1375.126562	1375.156562	56	L	2	19
1375.156562	1375.206563	48	D	2	19
1375.206563	1375.246563	46	B	2	19
1375.246563	1375.306563	61	R	2	19
1375.306563	1375.366562	25	EY1	2	19
1375.366562	1375.496563	62	S	2	19
1375.496563	1375.526563	56	L	2	19
1375.526563	1375.626562	6	AH0	2	19
1375.626562	1375.656562	64	T	2	19
1375.656562	1375.686563	67	W	2	19
1375.686563	1375.746563	7	AH1	2	19
1375.746563	1375.786563	69	Z	2	19
1375.786563	1375.866562	6	AH0	2	19
1375.866562	1375.906562	51	G	2	19
1375.906562	1375.936563	61	R	2	19
1375.936563	1376.056563	5	AE2	2	19
1376.056563	1376.176562	53	JH	2	19
1376.176562	1376.226563	43	UW0	2	19
1376.226563	1376.326563	25	EY1	2	19
1376.326563	1376.446563	63	SH	2	19
1376.446563	1376.486563	6	AH0	2	19
1376.486563	1376.566563	58	N	2	19
1376.566563	1376.596563	60	P	2	19
1376.596563	1376.666563	61	R	2	19
1376.666563	1376.696563	31	IY0	2	19
1376.696563	1376.786563	69	Z	2	19
1376.786563	1376.886562	19	EH1	2	19
1376.886562	1376.926562	58	N	2	19
1376.926562	1376.976563	64	T	2	19
1385.776914	1385.83424	48	D	2	20
1385.83424	1385.936496	61	R	2	20
1385.936496	1386.151854	13	AW1	2	20
1386.151854	1386.286614	19	EH1	2	20
1386.286614	1386.336614	66	V	2	20
1386.336614	1386.376614	61	R	2	20
1386.376614	1386.526614	31	IY0	2	20
1386.526614	1386.726614	13	AW1	2	20
1386.726614	1386.866614	64	T	2	20
1386.866614	1386.896614	21	ER0	2	20
1386.896614	1386.926614	56	L	2	20
1386.926614	1387.146614	16	AY1	2	20
1387.146614	1387.206614	58	N	2	20
1387.206614	1387.386614	50	F	2	20
1387.386614	1387.576614	22	ER1	2	20
1387.576614	1387.786614	62	S	2	20
1387.786614	1387.906614	64	T	2	20
1387.906614	1387.996614	74	sp	2	20
1387.996614	1388.056614	49	DH	2	20
1388.056614	1388.116614	19	EH1	2	20
1388.116614	1388.206614	58	N	2	20
1388.206614	1388.286614	50	F	2	20
1388.286614	1388.356614	28	IH1	2	20
1388.356614	1388.486614	56	L	2	20
1388.486614	1388.646614	28	IH1	2	20
1388.646614	1388.676614	58	N	2	20
1388.676614	1388.706614	49	DH	2	20
1388.706614	1388.826614	31	IY0	2	20
1388.826614	1388.886614	29	IH2	2	20
1388.886614	1388.976614	58	N	2	20
1388.976614	1389.126614	64	T	2	20
1389.126614	1389.246614	28	IH1	2	20
1389.246614	1389.286614	61	R	2	20
1389.286614	1389.436614	31	IY0	2	20
1389.436614	1389.626614	21	ER0	2	20
1397.690375	1397.740375	49	DH	2	21
1397.740375	1397.840375	7	AH1	2	21
1397.840375	1397.870375	67	W	2	21
1397.870375	1397.970375	10	AO1	2	21
1397.970375	1398.140375	64	T	2	21
1398.140375	1398.170375	21	ER0	2	21
1398.170375	1398.200375	54	K	2	21
1398.200375	1398.270375	6	AH0	2	21
1398.270375	1398.330375	58	N	2	21
1398.330375	1398.450375	64	T	2	21
1398.450375	1398.560375	25	EY1	2	21
1398.560375	1398.600375	58	N	2	21
1398.600375	1398.650375	48	D	2	21
1398.650375	1398.690375	74	sp	2	21
1398.690375	1398.830375	64	T	2	21
1398.830375	1398.930375	44	UW1	2	21
1398.930375	1398.960375	57	M	2	21
1398.960375	1399.090375	7	AH1	2	21
1399.090375	1399.180375	47	CH	2	21
1399.180375	1399.290375	54	K	2	21
1399.290375	1399.320375	56	L	2	21
1399.320375	1399.440375	10	AO1	2	21
1399.440375	1399.520375	61	R	2	21
1399.520375	1399.650375	31	IY0	2	21
1399.650375	1399.710375	58	N	2	21
1399.710375	1399.750375	4	AE1	2	21
1399.750375	1399.840375	58	N	2	21
1399.840375	1399.870375	48	D	2	21
1399.870375	1399.960375	62	S	2	21
1399.960375	1399.990375	64	T	2	21
1399.990375	1400.090375	7	AH1	2	21
1400.090375	1400.160375	59	NG	2	21
1400.160375	1400.190375	52	HH	2	21
1400.190375	1400.320375	28	IH1	2	21
1400.320375	1400.350375	69	Z	2	21
1400.350375	1400.710375	16	AY1	2	21
1400.710375	1400.940375	69	Z	2	21
1408.149313	1408.239312	53	JH	2	22
1408.239312	1408.429313	1	AA1	2	22
1408.429313	1408.469313	58	N	2	22
1408.469313	1408.549313	69	Z	2	22
1408.549313	1408.609313	46	B	2	22
1408.609313	1408.649313	61	R	2	22
1408.649313	1408.729312	7	AH1	2	22
1408.729312	1408.769312	49	DH	2	22
1408.769312	1408.839313	21	ER0	2	22
1408.839313	1408.909313	61	R	2	22
1408.909313	1408.989312	31	IY0	2	22
1408.989312	1409.099313	60	P	2	22
1409.099313	1409.199313	25	EY1	2	22
1409.199313	1409.229312	58	N	2	22
1409.229312	1409.319313	64	T	2	22
1409.319313	1409.349313	6	AH0	2	22
1409.349313	1409.389313	48	D	2	22
1409.389313	1409.419313	49	DH	2	22
1409.419313	1409.479312	6	AH0	2	22
1409.479312	1409.529313	51	G	2	22
1409.529313	1409.619313	21	ER0	2	22
1409.619313	1409.829313	1	AA1	2	22
1409.829313	1409.969313	70	ZH	2	22
1409.969313	1410.029313	48	D	2	22
1410.029313	1410.219313	10	AO1	2	22
1410.219313	1410.389313	61	R	2	22
1418.2845	1418.4145	47	CH	2	23
1418.4145	1418.5445	4	AE1	2	23
1418.5445	1418.6045	56	L	2	23
1418.6045	1418.6645	6	AH0	2	23
1418.6645	1418.7245	58	N	2	23
1418.7245	1418.7845	53	JH	2	23
1418.7845	1419.0145	32	IY1	2	23
1419.0145	1419.1445	47	CH	2	23
1419.1445	1419.2345	53	JH	2	23
1419.2345	1419.3145	19	EH1	2	23
1419.3145	1419.3845	58	N	2	23
1419.3845	1419.4645	61	R	2	23
1419.4645	1419.4945	6	AH0	2	23
1419.4945	1419.6345	56	L	2	23
1419.6345	1419.6945	69	Z	2	23
1419.6945	1419.7245	29	IH2	2	23
1419.7245	1419.7745	58	N	2	23
1419.7745	1419.8945	64	T	2	23
1419.8945	1420.0245	19	EH1	2	23
1420.0245	1420.1045	56	L	2	23
1420.1045	1420.1545	6	AH0	2	23
1420.1545	1420.2545	53	JH	2	23
1420.2545	1420.2945	6	AH0	2	23
1420.2945	1420.3745	58	N	2	23
1420.3745	1420.6345	62	S	2	23
1428.293582	1428.357105	4	AE1	2	24
1428.357105	1428.406684	57	M	2	24
1428.406684	1428.450065	46	B	2	24
1428.450065	1428.516687	6	AH0	2	24
1428.516687	1428.552322	48	D	2	24
1428.552322	1428.64993	19	EH1	2	24
1428.64993	1428.713453	54	K	2	24
1428.713453	1428.793873	62	S	2	24
1428.793873	1428.863873	64	T	2	24
1428.863873	1428.903873	61	R	2	24
1428.903873	1428.933873	6	AH0	2	24
1428.933873	1429.043873	62	S	2	24
1429.043873	1429.073873	60	P	2	24
1429.073873	1429.203873	28	IH1	2	24
1429.203873	1429.263873	54	K	2	24
1429.263873	1429.323873	60	P	2	24
1429.323873	1429.453873	2	AA2	2	24
1429.453873	1429.533873	54	K	2	24
1429.533873	1429.613873	6	AH0	2	24
1429.613873	1429.663873	64	T	2	24
1429.663873	1429.703873	62	S	2	24
1429.703873	1429.753873	6	AH0	2	24
1429.753873	1429.843873	54	K	2	24
1429.843873	1430.013873	1	AA1	2	24
1430.013873	1430.043873	57	M	2	24
1430.043873	1430.073873	60	P	2	24
1430.073873	1430.153873	56	L	2	24
1430.153873	1430.183873	27	IH0	2	24
1430.183873	1430.343873	63	SH	2	24
1430.343873	1430.413873	57	M	2	24
1430.413873	1430.593873	10	AO1	2	24
1430.593873	1430.733873	61	R	2	24
1438.3695	1438.4395	6	AH0	2	25
1438.4395	1438.5395	57	M	2	25
1438.5395	1438.6195	7	AH1	2	25
1438.6195	1438.7195	62	S	2	25
1438.7195	1438.7595	54	K	2	25
1438.7595	1438.8095	68	Y	2	25
1438.8095	1438.8395	6	AH0	2	25
1438.8395	1438.8695	56	L	2	25
1438.8695	1438.8995	21	ER0	2	25
1438.8995	1439.2095	4	AE1	2	25
1439.2095	1439.2395	46	B	2	25
1439.2395	1439.2995	48	D	2	25
1439.2995	1439.3495	6	AH0	2	25
1439.3495	1439.4195	57	M	2	25
1439.4195	1439.4495	6	AH0	2	25
1439.4495	1439.4995	58	N	2	25
1439.4995	1439.5695	28	IH1	2	25
1439.5695	1439.6595	69	Z	2	25
1439.6595	1439.7595	51	G	2	25
1439.7595	1439.8095	6	AH0	2	25
1439.8095	1439.8495	48	D	2	25
1439.8495	1439.9095	50	F	2	25
1439.9095	1439.9395	61	R	2	25
1439.9395	1439.9795	21	ER0	2	25
1439.9795	1440.0095	68	Y	2	25
1440.0095	1440.1095	41	UH1	2	25
1440.1095	1440.2295	61	R	2	25
1440.2295	1440.2595	46	B	2	25
1440.2595	1440.4495	4	AE1	2	25
1440.4495	1440.7295	54	K	2	25
1448.851188	1448.901187	49	DH	2	26
1448.901187	1449.041188	25	EY1	2	26
1449.041188	1449.301188	35	OW1	2	26
1449.301188	1449.351188	58	N	2	26
1449.351188	1449.381188	6	AH0	2	26
1449.381188	1449.411187	46	B	2	26
1449.411187	1449.581188	28	IH1	2	26
1449.581188	1449.611188	51	G	2	26
1449.611188	1449.721187	52	HH	2	26
1449.721187	1449.911187	13	AW1	2	26
1449.911187	1450.051188	62	S	2	26
1450.051188	1450.141188	28	IH1	2	26
1450.141188	1450.241187	58	N	2	26
1450.241187	1450.271188	49	DH	2	26
1450.271188	1450.311188	7	AH1	2	26
1450.311188	1450.411187	61	R	2	26
1450.411187	1450.441187	6	AH0	2	26
1450.441187	1450.531188	57	M	2	26
1450.531188	1450.661187	35	OW1	2	26
1450.661187	1450.711187	64	T	2	26
1450.711187	1450.831188	54	K	2	26
1450.831188	1450.891188	7	AH1	2	26
1450.891188	1450.961187	58	N	2	26
1450.961187	1451.011188	64	T	2	26
1451.011188	1451.061188	61	R	2	26
1451.061188	1451.111188	31	IY0	2	26
1451.111188	1451.221187	62	S	2	26
1451.221187	1451.471187	17	AY2	2	26
1451.471187	1451.521188	48	D	2	26
1458.365313	1458.415313	49	DH	2	27
1458.415313	1458.495313	6	AH0	2	27
1458.495313	1458.605313	61	R	2	27
1458.605313	1458.725313	35	OW1	2	27
1458.725313	1458.765313	69	Z	2	27
1458.765313	1458.795313	74	sp	2	27
1458.795313	1458.875313	54	K	2	27
1458.875313	1458.905313	9	AO0	2	27
1458.905313	1458.955313	61	R	2	27
1458.955313	1459.075313	62	S	2	27
1459.075313	1459.285313	1	AA1	2	27
1459.285313	1459.335313	70	ZH	2	27
1459.335313	1459.465313	62	S	2	27
1459.465313	1459.505313	57	M	2	27
1459.505313	1459.595313	19	EH1	2	27
1459.595313	1459.625313	56	L	2	27
1459.625313	1459.655313	48	D	2	27
1459.655313	1459.805313	62	S	2	27
1459.805313	1459.855313	67	W	2	27
1459.855313	1460.035313	32	IY1	2	27
1460.035313	1460.075313	64	T	2	27
1467.695438	1467.745438	49	DH	2	28
1467.745438	1467.885438	4	AE1	2	28
1467.885438	1467.955438	64	T	2	28
1467.955438	1467.975438	74	sp	2	28
1467.975438	1468.015438	60	P	2	28
1468.015438	1468.175438	28	IH1	2	28
1468.175438	1468.205438	54	K	2	28
1468.205438	1468.265438	60	P	2	28
1468.265438	1468.395438	2	AA2	2	28
1468.395438	1468.475438	54	K	2	28
1468.475438	1468.515438	6	AH0	2	28
1468.515438	1468.585438	64	T	2	28
1468.585438	1468.615438	67	W	2	28
1468.615438	1468.665438	7	AH1	2	28
1468.665438	1468.725438	69	Z	2	28
1468.725438	1468.825438	54	K	2	28
1468.825438	1468.995438	1	AA1	2	28
1468.995438	1469.055438	64	T	2	28
1469.055438	1469.165438	61	R	2	28
1469.165438	1469.305438	19	EH1	2	28
1469.305438	1469.335438	48	D	2	28
1469.335438	1469.425438	52	HH	2	28
1469.425438	1469.565438	4	AE1	2	28
1469.565438	1469.595438	58	N	2	28
1469.595438	1469.625438	48	D	2	28
1469.625438	1469.655438	6	AH0	2	28
1469.655438	1469.822882	48	D	2	28
1479.269859	1479.489859	4	AE1	2	29
1479.489859	1479.549859	48	D	2	29
1479.549859	1479.599859	6	AH0	2	29
1479.599859	1479.749859	56	L	2	29
1479.749859	1479.779859	64	T	2	29
1479.779859	1479.839859	57	M	2	29
1479.839859	1479.929859	25	EY1	2	29
1479.929859	1480.049859	56	L	2	29
1480.049859	1480.099859	46	B	2	29
1480.099859	1480.169859	6	AH0	2	29
1480.169859	1480.279859	46	B	2	29
1480.279859	1480.419859	44	UW1	2	29
1480.419859	1480.519859	58	N	2	29
1480.519859	1480.689859	69	Z	2	29
1480.689859	1480.799859	64	T	2	29
1480.799859	1480.979859	32	IY1	2	29
1480.979859	1481.079859	65	TH	2	29
1481.079859	1481.129859	21	ER0	2	29
1481.129859	1481.199859	58	N	2	29
1481.199859	1481.379859	1	AA1	2	29
1481.379859	1481.439859	64	T	2	29
1481.439859	1481.609859	62	S	2	29
1481.609859	1481.679859	44	UW1	2	29
1481.679859	1481.759859	64	T	2	29
1481.759859	1481.789859	6	AH0	2	29
1481.789859	1481.859859	46	B	2	29
1481.859859	1481.889859	6	AH0	2	29
1481.889859	1482.009859	56	L	2	29
1482.009859	1482.069859	50	F	2	29
1482.069859	1482.149859	21	ER0	2	29
1482.149859	1482.369859	32	IY1	2	29
1482.369859	1482.519859	64	T	2	29
1482.519859	1482.549859	27	IH0	2	29
1482.549859	1482.579859	59	NG	2	29
1482.579859	1482.699859	63	SH	2	29
1482.699859	1482.759859	19	EH1	2	29
1482.759859	1482.849859	56	L	2	29
1482.849859	1482.919859	50	F	2	29
1482.919859	1483.039859	29	IH2	2	29
1483.039859	1483.339859	63	SH	2	29
1491.096887	1491.134681	52	HH	2	30
1491.134681	1491.234681	21	ER0	2	30
1491.234681	1491.264681	67	W	2	30
1491.264681	1491.384681	10	AO1	2	30
1491.384681	1491.414681	61	R	2	30
1491.414681	1491.614681	48	D	2	30
1491.614681	1491.664681	61	R	2	30
1491.664681	1491.694681	36	OW2	2	30
1491.694681	1491.724681	46	B	2	30
1491.724681	1491.764681	54	K	2	30
1491.764681	1491.794681	6	AH0	2	30
1491.794681	1491.834681	58	N	2	30
1491.834681	1491.984681	62	S	2	30
1491.984681	1492.074681	28	IH1	2	30
1492.074681	1492.224681	62	S	2	30
1492.224681	1492.284681	7	AH1	2	30
1492.284681	1492.334681	66	V	2	30
1492.334681	1492.624681	35	OW1	2	30
1492.624681	1492.654681	58	N	2	30
1492.654681	1492.684681	56	L	2	30
1492.684681	1492.714681	31	IY0	2	30
1492.714681	1492.784681	62	S	2	30
1492.784681	1492.834681	54	K	2	30
1492.834681	1492.964681	22	ER1	2	30
1492.964681	1493.024681	64	T	2	30
1493.024681	1493.074681	62	S	2	30
1493.074681	1493.114681	4	AE1	2	30
1493.114681	1493.164681	58	N	2	30
1493.164681	1493.194681	48	D	2	30
1493.194681	1493.254681	46	B	2	30
1493.254681	1493.294681	56	L	2	30
1493.294681	1493.424681	13	AW1	2	30
1493.424681	1493.564681	62	S	2	30
1493.564681	1493.664681	6	AH0	2	30
1493.664681	1493.904681	69	Z	2	30
1501.211	1501.281	49	DH	2	31
1501.281	1501.311	6	AH0	2	31
1501.311	1501.491	64	T	2	31
1501.491	1501.521	44	UW1	2	31
1501.521	1501.731	1	AA1	2	31
1501.731	1501.791	61	R	2	31
1501.791	1501.881	64	T	2	31
1501.881	1501.911	6	AH0	2	31
1501.911	1502.031	62	S	2	31
1502.031	1502.081	27	IH0	2	31
1502.081	1502.111	54	K	2	31
1502.111	1502.251	62	S	2	31
1502.251	1502.281	47	CH	2	31
1502.281	1502.451	25	EY1	2	31
1502.451	1502.541	58	N	2	31
1502.541	1502.611	53	JH	2	31
1502.611	1502.751	48	D	2	31
1502.751	1502.961	74	sp	2	31
1502.961	1503.131	10	AO1	2	31
1503.131	1503.171	64	T	2	31
1503.171	1503.251	6	AH0	2	31
1503.251	1503.291	51	G	2	31
1503.291	1503.321	61	R	2	31
1503.321	1503.521	5	AE2	2	31
1503.521	1503.641	50	F	2	31
1503.641	1503.911	62	S	2	31
1511.760186	1511.78775	46	B	2	32
1511.78775	1511.94775	7	AH1	2	32
1511.94775	1512.21775	64	T	2	32
1512.21775	1512.25775	21	ER0	2	32
1512.25775	1512.33775	62	S	2	32
1512.33775	1512.36775	54	K	2	32
1512.36775	1512.39775	2	AA2	2	32
1512.39775	1512.42775	47	CH	2	32
1512.42775	1512.45775	50	F	2	32
1512.45775	1512.69775	7	AH1	2	32
1512.69775	1512.78775	53	JH	2	32
1512.78775	1512.82775	74	sp	2	32
1512.82775	1512.87775	51	G	2	32
1512.87775	1512.95775	35	OW1	2	32
1512.95775	1513.04775	69	Z	2	32
1513.04775	1513.09775	67	W	2	32
1513.09775	1513.24775	19	EH1	2	32
1513.24775	1513.28775	56	L	2	32
1513.28775	1513.32775	67	W	2	32
1513.32775	1513.37775	28	IH1	2	32
1513.37775	1513.50775	65	TH	2	32
1513.50775	1513.53775	66	V	2	32
1513.53775	1513.58775	6	AH0	2	32
1513.58775	1513.63775	58	N	2	32
1513.63775	1513.70775	28	IH1	2	32
1513.70775	1513.74775	56	L	2	32
1513.74775	1513.77775	6	AH0	2	32
1513.77775	1514.03775	16	AY1	2	32
1514.03775	1514.13775	62	S	2	32
1514.13775	1514.15775	74	sp	2	32
1514.15775	1514.23775	54	K	2	32
1514.23775	1514.32775	61	R	2	32
1514.32775	1514.40775	32	IY1	2	32
1514.40775	1514.54775	57	M	2	32
1522.531938	1522.571937	61	R	2	33
1522.571937	1522.681938	28	IH1	2	33
1522.681938	1522.821937	47	CH	2	33
1522.821937	1522.861937	60	P	2	33
1522.861937	1523.011938	22	ER1	2	33
1523.011938	1523.091937	47	CH	2	33
1523.091937	1523.151938	6	AH0	2	33
1523.151938	1523.261938	62	S	2	33
1523.261938	1523.301938	64	T	2	33
1523.301938	1523.471938	62	S	2	33
1523.471938	1523.591937	19	EH1	2	33
1523.591937	1523.621938	66	V	2	33
1523.621938	1523.671938	61	R	2	33
1523.671938	1523.701938	6	AH0	2	33
1523.701938	1523.761938	56	L	2	33
1523.761938	1523.881937	62	S	2	33
1523.881937	1524.111937	16	AY1	2	33
1524.111937	1524.201938	58	N	2	33
1524.201938	1524.291938	48	D	2	33
1524.291938	1524.351938	56	L	2	33
1524.351938	1524.411938	28	IH1	2	33
1524.411938	1524.491938	65	TH	2	33
1524.491938	1524.541938	6	AH0	2	33
1524.541938	1524.601938	51	G	2	33
1524.601938	1524.671938	61	R	2	33
1524.671938	1524.821937	5	AE2	2	33
1524.821937	1524.851938	50	F	2	33
1524.851938	1525.161938	62	S	2	33
1532.578438	1532.688438	19	EH1	2	34
1532.688438	1532.748438	58	N	2	34
1532.748438	1532.838438	31	IY0	2	34
1532.838438	1532.898438	54	K	2	34
1532.898438	1533.018438	2	AA2	2	34
1533.018438	1533.048438	58	N	2	34
1533.048438	1533.108438	64	T	2	34
1533.108438	1533.138438	61	R	2	34
1533.138438	1533.178438	6	AH0	2	34
1533.178438	1533.228438	46	B	2	34
1533.228438	1533.328438	68	Y	2	34
1533.328438	1533.358438	44	UW1	2	34
1533.358438	1533.448438	63	SH	2	34
1533.448438	1533.498438	6	AH0	2	34
1533.498438	1533.568438	58	N	2	34
1533.568438	1533.648438	69	Z	2	34
1533.648438	1533.678438	67	W	2	34
1533.678438	1533.718438	6	AH0	2	34
1533.718438	1533.748438	56	L	2	34
1533.748438	1533.798438	46	B	2	34
1533.798438	1533.888438	31	IY0	2	34
1533.888438	1533.928438	51	G	2	34
1533.928438	1533.958438	61	R	2	34
1533.958438	1534.098438	25	EY1	2	34
1534.098438	1534.128438	64	T	2	34
1534.128438	1534.158438	56	L	2	34
1534.158438	1534.288438	31	IY0	2	34
1534.288438	1534.348438	6	AH0	2	34
1534.348438	1534.418438	60	P	2	34
1534.418438	1534.458438	61	R	2	34
1534.458438	1534.578438	32	IY1	2	34
1534.578438	1534.688438	63	SH	2	34
1534.688438	1534.788438	31	IY0	2	34
1534.788438	1534.858438	26	EY2	2	34
1534.858438	1534.938438	64	T	2	34
1534.938438	1534.998438	6	AH0	2	34
1534.998438	1535.078438	48	D	2	34
1542.62375	1542.68375	49	DH	2	35
1542.68375	1542.72375	6	AH0	2	35
1542.72375	1542.80375	54	K	2	35
1542.80375	1542.86375	61	R	2	35
1542.86375	1543.00375	4	AE1	2	35
1543.00375	1543.03375	58	N	2	35
1543.03375	1543.06375	46	B	2	35
1543.06375	1543.13375	20	EH2	2	35
1543.13375	1543.19375	61	R	2	35
1543.19375	1543.29375	31	IY0	2	35
1543.29375	1543.34375	46	B	2	35
1543.34375	1543.59375	1	AA1	2	35
1543.59375	1543.62375	51	G	2	35
1543.62375	1543.65375	51	G	2	35
1543.65375	1543.75375	28	IH1	2	35
1543.75375	1543.79375	64	T	2	35
1543.79375	1543.88375	62	S	2	35
1543.88375	1543.91375	66	V	2	35
1543.91375	1544.06375	19	EH1	2	35
1544.06375	1544.09375	61	R	2	35
1544.09375	1544.22375	31	IY0	2	35
1544.22375	1544.30375	60	P	2	35
1544.30375	1544.34375	61	R	2	35
1544.34375	1544.42375	28	IH1	2	35
1544.42375	1544.46375	64	T	2	35
1544.46375	1544.57375	31	IY0	2	35
1544.57375	1544.63375	28	IH1	2	35
1544.63375	1544.67375	58	N	2	35
1544.67375	1544.89375	10	AO1	2	35
1544.89375	1544.99375	64	T	2	35
1544.99375	1545.02375	6	AH0	2	35
1545.02375	1545.17375	57	M	2	35
1551.85625	1551.98625	52	HH	2	36
1551.98625	1552.11625	13	AW1	2	36
1552.11625	1552.14625	48	D	2	36
1552.14625	1552.17625	44	UW1	2	36
1552.17625	1552.30625	38	OY1	2	36
1552.30625	1552.41625	62	S	2	36
1552.41625	1552.48625	64	T	2	36
1552.48625	1552.52625	21	ER0	2	36
1552.52625	1552.62625	69	Z	2	36
1552.62625	1552.67625	57	M	2	36
1552.67625	1552.77625	25	EY1	2	36
1552.77625	1552.85625	54	K	2	36
1552.85625	1552.93625	60	P	2	36
1552.93625	1553.04625	22	ER1	2	36
1553.04625	1553.29625	56	L	2	36
1553.29625	1553.52625	69	Z	2	36
1560.897405	1560.998678	57	M	2	37
1560.998678	1561.088135	25	EY1	2	37
1561.088135	1561.182656	16	AY1	2	37
1561.182656	1561.229916	10	AO1	2	37
1561.229916	1561.285616	61	R	2	37
1561.285616	1561.326125	48	D	2	37
1561.326125	1561.444276	21	ER0	2	37
1561.444276	1561.533733	25	EY1	2	37
1561.533733	1561.577618	60	P	2	37
1561.577618	1561.675515	1	AA1	2	37
1561.675515	1561.746405	61	R	2	37
1561.746405	1561.808857	50	F	2	37
1561.808857	1562.065413	25	EY1	2	37
1562.065413	1562.18694	4	AE1	2	37
1562.18694	1562.230825	50	F	2	37
1562.230825	1562.278085	64	T	2	37
1562.278085	1562.397924	21	ER0	2	37
1562.397924	1562.473879	16	AY1	2	37
1562.473879	1562.625787	32	IY1	2	37
1562.625787	1562.728747	64	T	2	37
1562.728747	1562.765881	48	D	2	37
1562.765881	1562.828332	28	IH1	2	37
1562.828332	1562.862089	58	N	2	37
1562.862089	1563.000495	21	ER0	2	37
1569.16735	1569.205188	28	IH1	2	38
1569.205188	1569.265188	69	Z	2	38
1569.265188	1569.335188	63	SH	2	38
1569.335188	1569.415188	32	IY1	2	38
1569.415188	1569.485188	51	G	2	38
1569.485188	1569.675188	35	OW1	2	38
1569.675188	1569.705188	6	AH0	2	38
1569.705188	1569.735188	58	N	2	38
1569.735188	1569.765188	67	W	2	38
1569.765188	1569.865188	28	IH1	2	38
1569.865188	1569.965188	65	TH	2	38
1569.965188	1570.135188	68	Y	2	38
1570.135188	1570.335188	44	UW1	2	38
1578.824125	1578.884125	54	K	2	39
1578.884125	1578.944125	4	AE1	2	39
1578.944125	1578.974125	58	N	2	39
1578.974125	1579.004125	49	DH	2	39
1579.004125	1579.254125	31	IY0	2	39
1579.254125	1579.284125	25	EY1	2	39
1579.284125	1579.314125	53	JH	2	39
1579.314125	1579.424125	6	AH0	2	39
1579.424125	1579.454125	58	N	2	39
1579.454125	1579.534125	62	S	2	39
1579.534125	1579.684125	31	IY0	2	39
1579.684125	1579.804125	35	OW1	2	39
1579.804125	1579.864125	66	V	2	39
1579.864125	1579.914125	21	ER0	2	39
1579.914125	1580.024125	65	TH	2	39
1580.024125	1580.134125	61	R	2	39
1580.134125	1580.254125	36	OW2	2	39
1580.254125	1580.474125	25	EY1	2	39
1580.474125	1580.534125	56	L	2	39
1580.534125	1580.644125	31	IY0	2	39
1580.644125	1580.684125	6	AH0	2	39
1580.684125	1580.714125	58	N	2	39
1580.714125	1580.804125	50	F	2	39
1580.804125	1580.874125	10	AO1	2	39
1580.874125	1580.934125	61	R	2	39
1580.934125	1581.064125	62	S	2	39
1581.064125	1581.214125	6	AH0	2	39
1581.214125	1581.414125	69	Z	2	39
1589.125688	1589.225688	6	AH0	2	40
1589.225688	1589.315688	62	S	2	40
1589.315688	1589.365688	54	K	2	40
1589.365688	1589.465687	61	R	2	40
1589.465687	1589.505688	44	UW1	2	40
1589.505688	1589.625688	48	D	2	40
1589.625688	1589.665688	61	R	2	40
1589.665688	1589.765688	17	AY2	2	40
1589.765688	1589.845688	66	V	2	40
1589.845688	1589.905687	21	ER0	2	40
1589.905687	1590.015688	28	IH1	2	40
1590.015688	1590.125688	69	Z	2	40
1590.125688	1590.175687	57	M	2	40
1590.175687	1590.345688	25	EY1	2	40
1590.345688	1590.375688	48	D	2	40
1590.375688	1590.415688	50	F	2	40
1590.415688	1590.485688	21	ER0	2	40
1590.485688	1590.575688	57	M	2	40
1590.575688	1590.615688	66	V	2	40
1590.615688	1590.795688	1	AA1	2	40
1590.795688	1590.825688	48	D	2	40
1590.825688	1590.885688	54	K	2	40
1590.885688	1590.915688	6	AH0	2	40
1590.915688	1591.195687	4	AE1	2	40
1591.195687	1591.225688	58	N	2	40
1591.225688	1591.285688	48	D	2	40
1591.285688	1591.455688	10	AO1	2	40
1591.455688	1591.515688	61	R	2	40
1591.515688	1591.545688	6	AH0	2	40
1591.545688	1591.635688	58	N	2	40
1591.635688	1591.775688	53	JH	2	40
1591.775688	1591.855688	53	JH	2	40
1591.855688	1591.975688	44	UW1	2	40
1591.975688	1592.275688	62	S	2	40
1599.223938	1599.263937	52	HH	2	41
1599.263937	1599.343937	13	AW1	2	41
1599.343937	1599.373938	57	M	2	41
1599.373938	1599.463938	7	AH1	2	41
1599.463938	1599.533937	47	CH	2	41
1599.533937	1599.583938	6	AH0	2	41
1599.583938	1599.683938	56	L	2	41
1599.683938	1599.873938	13	AW1	2	41
1599.873938	1599.923938	6	AH0	2	41
1599.923938	1599.973938	58	N	2	41
1599.973938	1600.083938	62	S	2	41
1600.083938	1600.133938	48	D	2	41
1600.133938	1600.163938	44	UW1	2	41
1600.163938	1600.303937	68	Y	2	41
1600.303937	1600.353938	44	UW1	2	41
1600.353938	1600.403938	51	G	2	41
1600.403938	1600.613938	19	EH1	2	41
1600.613938	1600.673938	64	T	2	41
1608.23675	1608.36675	62	S	2	42
1608.36675	1608.44675	28	IH1	2	42
1608.44675	1608.49675	54	K	2	42
1608.49675	1608.53675	56	L	2	42
1608.53675	1608.56675	27	IH0	2	42
1608.56675	1608.63675	54	K	2	42
1608.63675	1608.74675	6	AH0	2	42
1608.74675	1608.78675	56	L	2	42
1608.78675	1608.81675	60	P	2	42
1608.81675	1608.89675	61	R	2	42
1608.89675	1609.03675	35	OW1	2	42
1609.03675	1609.06675	51	G	2	42
1609.06675	1609.09675	61	R	2	42
1609.09675	1609.26675	5	AE2	2	42
1609.26675	1609.31675	57	M	2	42
1609.31675	1609.41675	69	Z	2	42
1609.41675	1609.47675	67	W	2	42
1609.47675	1609.50675	6	AH0	2	42
1609.50675	1609.53675	56	L	2	42
1609.53675	1609.62675	58	N	2	42
1609.62675	1609.72675	19	EH1	2	42
1609.72675	1609.76675	66	V	2	42
1609.76675	1609.86675	21	ER0	2	42
1609.86675	1609.91675	54	K	2	42
1609.91675	1609.96675	6	AH0	2	42
1609.96675	1610.08675	57	M	2	42
1610.08675	1610.13675	60	P	2	42
1610.13675	1610.41675	16	AY1	2	42
1610.41675	1610.64675	56	L	2	42
1618.456563	1618.506563	49	DH	2	43
1618.506563	1618.566563	6	AH0	2	43
1618.566563	1618.616563	46	B	2	43
1618.616563	1618.776563	1	AA1	2	43
1618.776563	1618.876563	62	S	2	43
1618.876563	1619.006563	64	T	2	43
1619.006563	1619.036563	6	AH0	2	43
1619.036563	1619.086563	58	N	2	43
1619.086563	1619.116563	74	sp	2	43
1619.116563	1619.146563	46	B	2	43
1619.146563	1619.176563	3	AE0	2	43
1619.176563	1619.286563	56	L	2	43
1619.286563	1619.516563	25	EY1	2	43
1619.516563	1619.636563	35	OW1	2	43
1619.636563	1619.686563	66	V	2	43
1619.686563	1619.756563	21	ER0	2	43
1619.756563	1619.896563	54	K	2	43
1619.896563	1620.016563	25	EY1	2	43
1620.016563	1620.106563	57	M	2	43
1620.106563	1620.136563	49	DH	2	43
1620.136563	1620.226563	19	EH1	2	43
1620.226563	1620.266563	61	R	2	43
1620.266563	1620.386563	50	F	2	43
1620.386563	1620.476563	7	AH1	2	43
1620.476563	1620.536563	58	N	2	43
1620.536563	1620.576563	48	D	2	43
1620.576563	1620.636563	27	IH0	2	43
1620.636563	1620.716563	59	NG	2	43
1620.716563	1620.856563	63	SH	2	43
1620.856563	1620.906563	10	AO1	2	43
1620.906563	1620.986563	61	R	2	43
1620.986563	1621.086563	64	T	2	43
1621.086563	1621.136563	6	AH0	2	43
1621.136563	1621.446563	53	JH	2	43
1628.85225	1629.02225	19	EH1	2	44
1629.02225	1629.05225	66	V	2	44
1629.05225	1629.09225	61	R	2	44
1629.09225	1629.18225	31	IY0	2	44
1629.18225	1629.27225	54	K	2	44
1629.27225	1629.56225	4	AE1	2	44
1629.56225	1629.59225	46	B	2	44
1629.59225	1629.70225	58	N	2	44
1629.70225	1629.84225	32	IY1	2	44
1629.84225	1629.88225	48	D	2	44
1629.88225	1629.93225	69	Z	2	44
1629.93225	1629.98225	61	R	2	44
1629.98225	1630.08225	31	IY0	2	44
1630.08225	1630.22225	60	P	2	44
1630.22225	1630.31225	25	EY1	2	44
1630.31225	1630.34225	58	N	2	44
1630.34225	1630.55225	64	T	2	44
1630.55225	1630.58225	27	IH0	2	44
1630.58225	1630.61225	59	NG	2	44
1630.61225	1630.85225	10	AO1	2	44
1630.85225	1630.91225	50	F	2	44
1630.91225	1630.99225	64	T	2	44
1630.99225	1631.05225	6	AH0	2	44
1631.05225	1631.27225	58	N	2	44
1638.299125	1638.549125	52	HH	2	45
1638.549125	1638.649125	19	EH1	2	45
1638.649125	1638.679125	56	L	2	45
1638.679125	1638.729125	60	P	2	45
1638.729125	1638.789125	51	G	2	45
1638.789125	1638.819125	61	R	2	45
1638.819125	1638.999125	19	EH1	2	45
1638.999125	1639.029125	51	G	2	45
1639.029125	1639.079125	64	T	2	45
1639.079125	1639.129125	6	AH0	2	45
1639.129125	1639.179125	60	P	2	45
1639.179125	1639.299125	28	IH1	2	45
1639.299125	1639.339125	54	K	2	45
1639.339125	1639.419125	6	AH0	2	45
1639.419125	1639.519125	60	P	2	45
1639.519125	1639.649125	19	EH1	2	45
1639.649125	1639.699125	54	K	2	45
1639.699125	1639.749125	7	AH1	2	45
1639.749125	1639.829125	66	V	2	45
1639.829125	1639.879125	60	P	2	45
1639.879125	1639.939125	6	AH0	2	45
1639.939125	1640.109125	64	T	2	45
1640.109125	1640.249125	25	EY1	2	45
1640.249125	1640.419125	64	T	2	45
1640.419125	1640.469125	34	OW0	2	45
1640.469125	1640.789125	69	Z	2	45
1648.05325	1648.10325	67	W	2	46
1648.10325	1648.20325	32	IY1	2	46
1648.20325	1648.23325	56	L	2	46
1648.23325	1648.38325	16	AY1	2	46
1648.38325	1648.48325	54	K	2	46
1648.48325	1648.54325	46	B	2	46
1648.54325	1648.63325	56	L	2	46
1648.63325	1648.75325	44	UW1	2	46
1648.75325	1648.86325	47	CH	2	46
1648.86325	1649.06325	32	IY1	2	46
1649.06325	1649.18325	69	Z	2	46
1649.18325	1649.22325	46	B	2	46
1649.22325	1649.29325	7	AH1	2	46
1649.29325	1649.33325	64	T	2	46
1649.33325	1649.38325	66	V	2	46
1649.38325	1649.51325	28	IH1	2	46
1649.51325	1649.56325	54	K	2	46
1649.56325	1649.68325	64	T	2	46
1649.68325	1649.71325	21	ER0	2	46
1649.71325	1649.74325	56	L	2	46
1649.74325	1649.87325	16	AY1	2	46
1649.87325	1649.91325	54	K	2	46
1649.91325	1650.04325	62	S	2	46
1650.04325	1650.12325	46	B	2	46
1650.12325	1650.20325	61	R	2	46
1650.20325	1650.45325	32	IY1	2	46
1658.201875	1658.281875	54	K	2	47
1658.281875	1658.421875	13	AW1	2	47
1658.421875	1658.451875	58	N	2	47
1658.451875	1658.481875	64	T	2	47
1658.481875	1658.521875	49	DH	2	47
1658.521875	1658.571875	7	AH1	2	47
1658.571875	1658.631875	58	N	2	47
1658.631875	1658.721875	7	AH1	2	47
1658.721875	1658.751875	57	M	2	47
1658.751875	1658.781875	46	B	2	47
1658.781875	1658.891875	21	ER0	2	47
1658.891875	1658.931875	7	AH1	2	47
1658.931875	1659.001875	66	V	2	47
1659.001875	1659.091875	64	T	2	47
1659.091875	1659.241875	32	IY1	2	47
1659.241875	1659.301875	62	S	2	47
1659.301875	1659.351875	60	P	2	47
1659.351875	1659.381875	45	UW2	2	47
1659.381875	1659.511875	58	N	2	47
1659.511875	1659.571875	69	Z	2	47
1659.571875	1659.611875	7	AH1	2	47
1659.611875	1659.641875	66	V	2	47
1659.641875	1659.781875	62	S	2	47
1659.781875	1659.901875	38	OY1	2	47
1659.901875	1660.011875	62	S	2	47
1660.011875	1660.161875	11	AO2	2	47
1660.161875	1660.281875	62	S	2	47
1660.281875	1660.405265	68	Y	2	47
1660.405265	1660.49628	44	UW1	2	47
1660.49628	1660.736428	4	AE1	2	47
1660.736428	1660.849529	48	D	2	47
1668.073376	1668.11056	46	B	2	48
1668.11056	1668.223661	4	AE1	2	48
1668.223661	1668.307326	51	G	2	48
1668.307326	1668.339862	60	P	2	48
1668.339862	1668.490148	17	AY2	2	48
1668.490148	1668.553671	60	P	2	48
1668.553671	1668.607469	62	S	2	48
1668.607469	1668.657469	4	AE1	2	48
1668.657469	1668.707469	58	N	2	48
1668.707469	1668.737469	48	D	2	48
1668.737469	1668.777469	46	B	2	48
1668.777469	1668.947469	1	AA1	2	48
1668.947469	1669.007469	59	NG	2	48
1669.007469	1669.057469	51	G	2	48
1669.057469	1669.117469	36	OW2	2	48
1669.117469	1669.247469	69	Z	2	48
1669.247469	1669.297469	21	ER0	2	48
1669.297469	1669.367469	57	M	2	48
1669.367469	1669.447469	68	Y	2	48
1669.447469	1669.477469	44	UW1	2	48
1669.477469	1669.527469	69	Z	2	48
1669.527469	1669.577469	27	IH0	2	48
1669.577469	1669.657469	54	K	2	48
1669.657469	1669.687469	6	AH0	2	48
1669.687469	1669.777469	56	L	2	48
1669.777469	1669.867469	28	IH1	2	48
1669.867469	1669.917469	58	N	2	48
1669.917469	1670.037469	62	S	2	48
1670.037469	1670.067469	64	T	2	48
1670.067469	1670.097469	61	R	2	48
1670.097469	1670.137469	6	AH0	2	48
1670.137469	1670.187469	57	M	2	48
1670.187469	1670.227469	6	AH0	2	48
1670.227469	1670.327469	58	N	2	48
1670.327469	1670.367469	64	T	2	48
1670.367469	1670.587469	62	S	2	48
1676.713938	1676.803938	52	HH	2	49
1676.803938	1676.903938	13	AW1	2	49
1676.903938	1676.953938	51	G	2	49
1676.953938	1677.043937	41	UH1	2	49
1677.043937	1677.073938	48	D	2	49
1677.073938	1677.163938	28	IH1	2	49
1677.163938	1677.213938	69	Z	2	49
1677.213938	1677.303938	68	Y	2	49
1677.303938	1677.333937	41	UH1	2	49
1677.333937	1677.363938	61	R	2	49
1677.363938	1677.413938	19	EH1	2	49
1677.413938	1677.503938	58	N	2	49
1677.503938	1677.533938	48	D	2	49
1677.533938	1677.623938	21	ER0	2	49
1677.623938	1677.663938	6	AH0	2	49
1677.663938	1677.843938	58	N	2	49
1677.843938	1678.103938	62	S	2	49
