601.714	601.804	1	AA1	1	0
601.804	601.844	61	R	1	0
601.844	602.014	68	Y	1	0
602.014	602.044	41	UH1	1	0
602.044	602.084	61	R	1	0
602.084	602.134	51	G	1	0
602.134	602.204	61	R	1	0
602.204	602.344	25	EY1	1	0
602.344	602.374	48	D	1	0
602.374	602.414	69	Z	1	0
602.414	602.524	52	HH	1	0
602.524	602.914	16	AY1	1	0
602.914	602.944	21	ER0	1	0
602.944	602.994	21	ER0	1	0
602.994	603.154	56	L	1	0
603.154	603.334	35	OW1	1	0
603.334	603.454	21	ER0	1	0
603.454	603.494	49	DH	1	0
603.494	603.574	4	AE1	1	0
603.574	603.634	58	N	1	0
603.634	603.714	58	N	1	0
603.714	603.844	4	AE1	1	0
603.844	603.944	58	N	1	0
603.944	604.054	62	S	1	0
604.054	604.214	31	IY0	1	0
604.214	604.434	69	Z	1	0
611.974	612.104	63	SH	1	1
612.104	612.304	32	IY1	1	1
612.304	612.334	67	W	1	1
612.334	612.514	10	AO1	1	1
612.514	612.834	61	R	1	1
612.834	612.874	74	sp	1	1
612.874	613.014	67	W	1	1
613.014	613.204	10	AO1	1	1
613.204	613.374	61	R	1	1
613.374	613.414	57	M	1	1
613.414	613.524	74	sp	1	1
613.524	613.604	50	F	1	1
613.604	613.674	56	L	1	1
613.674	613.814	32	IY1	1	1
613.814	613.904	62	S	1	1
613.904	613.974	31	IY0	1	1
613.974	614.004	67	W	1	1
614.004	614.164	41	UH1	1	1
614.164	614.664	56	L	1	1
614.664	614.694	6	AH0	1	1
614.694	614.784	58	N	1	1
614.784	615.014	35	OW1	1	1
615.014	615.044	66	V	1	1
615.044	615.244	21	ER0	1	1
615.244	615.284	11	AO2	1	1
615.284	615.454	56	L	1	1
615.454	615.654	69	Z	1	1
624.244	624.304	61	R	1	2
624.304	624.524	32	IY1	1	2
624.524	624.554	48	D	1	2
624.554	624.584	27	IH0	1	2
624.584	624.624	59	NG	1	2
624.624	624.664	28	IH1	1	2
624.664	624.774	58	N	1	2
624.774	624.804	60	P	1	2
624.804	624.914	41	UH1	1	2
624.914	624.994	61	R	1	2
624.994	625.104	56	L	1	2
625.104	625.224	16	AY1	1	2
625.224	625.344	64	T	1	2
625.344	625.394	74	sp	1	2
625.394	625.474	51	G	1	2
625.474	625.564	28	IH1	1	2
625.564	625.594	66	V	1	2
625.594	625.664	69	Z	1	2
625.664	625.794	68	Y	1	2
625.794	625.904	44	UW1	1	2
625.904	626.134	16	AY1	1	2
626.134	626.284	62	S	1	2
626.284	626.344	64	T	1	2
626.344	626.464	61	R	1	2
626.464	626.494	26	EY2	1	2
626.494	626.704	58	N	1	2
634.604	634.704	32	IY1	1	3
634.704	634.754	66	V	1	3
634.754	634.814	6	AH0	1	3
634.814	635.094	58	N	1	3
635.094	635.454	16	AY1	1	3
635.454	635.484	6	AH0	1	3
635.484	635.594	54	K	1	3
635.594	635.744	25	EY1	1	3
635.744	635.824	70	ZH	1	3
635.824	635.864	6	AH0	1	3
635.864	635.894	58	N	1	3
635.894	635.934	56	L	1	3
635.934	636.074	31	IY0	1	3
636.074	636.114	51	G	1	3
636.114	636.234	19	EH1	1	3
636.234	636.294	64	T	1	3
636.294	636.374	49	DH	1	3
636.374	636.414	7	AH1	1	3
636.414	636.524	57	M	1	3
636.524	636.594	7	AH1	1	3
636.594	636.664	58	N	1	3
636.664	636.724	48	D	1	3
636.724	636.874	31	IY0	1	3
636.874	636.944	46	B	1	3
636.944	637.044	56	L	1	3
637.044	637.234	44	UW1	1	3
637.234	637.534	69	Z	1	3
644.964	644.994	67	W	1	4
644.994	645.094	32	IY1	1	4
645.094	645.354	1	AA1	1	4
645.354	645.404	61	R	1	4
645.404	645.644	35	OW1	1	4
645.644	645.694	60	P	1	4
645.694	645.774	6	AH0	1	4
645.774	645.854	58	N	1	4
645.854	646.084	19	EH1	1	4
646.084	646.124	66	V	1	4
646.124	646.174	61	R	1	4
646.174	646.324	31	IY0	1	4
646.324	646.364	57	M	1	4
646.364	646.454	7	AH1	1	4
646.454	646.524	58	N	1	4
646.524	646.564	48	D	1	4
646.564	646.624	26	EY2	1	4
646.624	646.944	32	IY1	1	4
646.944	647.004	66	V	1	4
647.004	647.074	58	N	1	4
647.074	647.104	27	IH0	1	4
647.104	647.354	59	NG	1	4
656.574	656.694	28	IH1	1	5
656.694	656.744	64	T	1	5
656.744	656.784	62	S	1	5
656.784	656.834	58	N	1	5
656.834	656.984	1	AA1	1	5
656.984	657.014	64	T	1	5
657.014	657.234	32	IY1	1	5
657.234	657.264	69	Z	1	5
657.264	657.424	31	IY0	1	5
657.424	657.494	64	T	1	5
657.494	657.534	27	IH0	1	5
657.534	657.644	54	K	1	5
657.644	657.674	61	R	1	5
657.674	657.704	31	IY0	1	5
657.704	657.904	25	EY1	1	5
657.904	657.934	64	T	1	5
657.934	658.014	29	IH2	1	5
658.014	658.154	56	L	1	5
658.154	658.224	44	UW1	1	5
658.224	658.304	57	M	1	5
658.304	658.334	6	AH0	1	5
658.334	658.414	58	N	1	5
658.414	658.554	26	EY2	1	5
658.554	658.584	64	T	1	5
658.584	658.624	27	IH0	1	5
658.624	658.874	59	NG	1	5
658.874	658.914	27	IH0	1	5
658.914	658.944	51	G	1	5
658.944	658.974	69	Z	1	5
658.974	659.144	4	AE1	1	5
659.144	659.184	57	M	1	5
659.184	659.224	60	P	1	5
659.224	659.274	6	AH0	1	5
659.274	659.424	56	L	1	5
659.424	659.664	69	Z	1	5
667.514	667.694	57	M	1	6
667.694	667.824	7	AH1	1	6
667.824	667.854	57	M	1	6
667.854	668.054	62	S	1	6
668.054	668.134	64	T	1	6
668.134	668.164	61	R	1	6
668.164	668.264	10	AO1	1	6
668.264	668.314	59	NG	1	6
668.314	668.394	56	L	1	6
668.394	668.514	31	IY0	1	6
668.514	668.544	48	D	1	6
668.544	668.614	29	IH2	1	6
668.614	668.734	62	S	1	6
668.734	668.804	56	L	1	6
668.804	668.904	16	AY1	1	6
668.904	668.934	54	K	1	6
668.934	668.994	62	S	1	6
668.994	669.214	4	AE1	1	6
669.214	669.254	60	P	1	6
669.254	669.304	6	AH0	1	6
669.304	669.394	64	T	1	6
669.394	669.554	17	AY2	1	6
669.554	669.634	69	Z	1	6
669.634	669.744	21	ER0	1	6
669.744	669.992	69	Z	1	6
676.974	677.034	49	DH	1	7
677.034	677.184	35	OW1	1	7
677.184	677.234	69	Z	1	7
677.234	677.324	52	HH	1	7
677.324	677.354	44	UW1	1	7
677.354	677.454	64	T	1	7
677.454	677.584	32	IY1	1	7
677.584	677.694	47	CH	1	7
677.694	677.724	66	V	1	7
677.724	677.904	4	AE1	1	7
677.904	677.934	56	L	1	7
677.934	678.074	68	Y	1	7
678.074	678.104	43	UW0	1	7
678.104	678.274	69	Z	1	7
678.274	678.334	50	F	1	7
678.334	678.454	22	ER1	1	7
678.454	678.584	62	S	1	7
678.584	678.614	64	T	1	7
678.614	678.684	6	AH0	1	7
678.684	678.754	46	B	1	7
678.754	678.874	1	AA1	1	7
678.874	678.984	56	L	1	7
678.984	679.014	29	IH2	1	7
679.014	679.174	63	SH	1	7
679.174	679.314	47	CH	1	7
679.314	679.434	32	IY1	1	7
679.434	679.504	64	T	1	7
679.504	679.534	27	IH0	1	7
679.534	679.734	59	NG	1	7
688.084	688.154	49	DH	1	8
688.154	688.194	6	AH0	1	8
688.194	688.354	50	F	1	8
688.354	688.384	61	R	1	8
688.384	688.464	16	AY1	1	8
688.464	688.664	64	T	1	8
688.664	688.694	6	AH0	1	8
688.694	688.724	58	N	1	8
688.724	688.754	48	D	1	8
688.754	688.844	74	sp	1	8
688.844	688.994	47	CH	1	8
688.994	689.214	16	AY1	1	8
689.214	689.314	56	L	1	8
689.314	689.344	48	D	1	8
689.344	689.374	67	W	1	8
689.374	689.434	7	AH1	1	8
689.434	689.584	69	Z	1	8
689.584	689.654	53	JH	1	8
689.654	689.754	19	EH1	1	8
689.754	689.804	58	N	1	8
689.804	689.894	64	T	1	8
689.894	689.934	56	L	1	8
689.934	689.964	31	IY0	1	8
689.964	690.014	62	S	1	8
690.014	690.084	6	AH0	1	8
690.084	690.114	46	B	1	8
690.114	690.244	48	D	1	8
690.244	690.444	44	UW1	1	8
690.444	690.484	48	D	1	8
690.484	690.554	46	B	1	8
690.554	690.644	16	AY1	1	8
690.644	690.674	52	HH	1	8
690.674	690.784	28	IH1	1	8
690.784	690.914	69	Z	1	8
690.914	690.944	46	B	1	8
690.944	691.064	28	IH1	1	8
691.064	691.174	51	G	1	8
691.174	691.224	46	B	1	8
691.224	691.314	61	R	1	8
691.314	691.394	7	AH1	1	8
691.394	691.444	49	DH	1	8
691.444	691.594	21	ER0	1	8
700.724	700.894	32	IY1	1	9
700.894	700.924	66	V	1	9
700.924	700.964	6	AH0	1	9
700.964	701.024	58	N	1	9
701.024	701.084	25	EY1	1	9
701.084	701.314	62	S	1	9
701.314	701.404	28	IH1	1	9
701.404	701.434	57	M	1	9
701.434	701.464	60	P	1	9
701.464	701.514	6	AH0	1	9
701.514	701.584	56	L	1	9
701.584	701.634	66	V	1	9
701.634	701.734	34	OW0	1	9
701.734	701.824	54	K	1	9
701.824	701.964	4	AE1	1	9
701.964	702.004	46	B	1	9
702.004	702.074	68	Y	1	9
702.074	702.104	6	AH0	1	9
702.104	702.144	56	L	1	9
702.144	702.214	20	EH2	1	9
702.214	702.244	61	R	1	9
702.244	702.294	31	IY0	1	9
702.294	702.344	54	K	1	9
702.344	702.374	6	AH0	1	9
702.374	702.474	58	N	1	9
702.474	702.604	64	T	1	9
702.604	702.644	25	EY1	1	9
702.644	702.724	58	N	1	9
702.724	702.754	69	Z	1	9
702.754	702.914	62	S	1	9
702.914	702.974	28	IH1	1	9
702.974	703.024	57	M	1	9
703.024	703.064	46	B	1	9
703.064	703.104	6	AH0	1	9
703.104	703.284	56	L	1	9
703.284	703.514	69	Z	1	9
703.514	703.914	74	sp	1	9
703.914	703.974	6	AH0	1	9
712.184	712.384	54	K	1	10
712.384	712.424	61	R	1	10
712.424	712.854	4	AE1	1	10
712.854	712.884	46	B	1	10
712.884	713.004	47	CH	1	10
713.004	713.164	4	AE1	1	10
713.164	713.224	56	L	1	10
713.224	713.314	6	AH0	1	10
713.314	713.424	53	JH	1	10
713.424	713.494	48	D	1	10
713.494	713.554	57	M	1	10
713.554	713.714	32	IY1	1	10
713.714	713.774	46	B	1	10
713.774	713.824	7	AH1	1	10
713.824	713.914	64	T	1	10
713.914	713.954	25	EY1	1	10
713.954	714.164	54	K	1	10
714.164	714.194	67	W	1	10
714.194	714.304	28	IH1	1	10
714.304	714.354	54	K	1	10
714.354	714.534	62	S	1	10
714.534	714.564	64	T	1	10
714.564	714.884	4	AE1	1	10
714.884	714.984	46	B	1	10
714.984	715.064	66	V	1	10
715.064	715.154	4	AE1	1	10
715.154	715.274	59	NG	1	10
715.274	715.304	54	K	1	10
715.304	715.334	67	W	1	10
715.334	715.374	27	IH0	1	10
715.374	715.504	63	SH	1	10
715.504	715.554	64	T	1	10
715.554	715.564	74	sp	1	10
715.564	715.624	52	HH	1	10
715.624	715.704	28	IH1	1	10
715.704	715.854	57	M	1	10
723.594	723.654	51	G	1	11
723.654	723.734	56	L	1	11
723.734	723.814	44	UW1	1	11
723.814	723.904	54	K	1	11
723.904	723.944	36	OW2	1	11
723.944	724.064	62	S	1	11
724.064	724.104	4	AE1	1	11
724.104	724.174	58	N	1	11
724.174	724.204	48	D	1	11
724.204	724.304	50	F	1	11
724.304	724.354	61	R	1	11
724.354	724.414	7	AH1	1	11
724.414	724.584	54	K	1	11
724.584	724.644	64	T	1	11
724.644	724.684	36	OW2	1	11
724.684	724.804	62	S	1	11
724.804	724.854	21	ER0	1	11
724.854	724.954	58	N	1	11
724.954	725.084	4	AE1	1	11
725.084	725.144	47	CH	1	11
725.144	725.214	21	ER0	1	11
725.214	725.244	6	AH0	1	11
725.244	725.274	56	L	1	11
725.274	725.424	63	SH	1	11
725.424	725.514	41	UH1	1	11
725.514	725.554	51	G	1	11
725.554	725.684	21	ER0	1	11
725.684	725.794	69	Z	1	11
725.794	725.824	50	F	1	11
725.824	725.994	13	AW1	1	11
725.994	726.034	58	N	1	11
726.034	726.064	48	D	1	11
726.064	726.124	28	IH1	1	11
726.124	726.214	58	N	1	11
726.214	726.334	50	F	1	11
726.334	726.434	61	R	1	11
726.434	726.504	44	UW1	1	11
726.504	726.574	64	T	1	11
735.084	735.194	1	AA1	1	12
735.194	735.224	61	R	1	12
735.224	735.334	68	Y	1	12
735.334	735.384	44	UW1	1	12
735.384	735.424	56	L	1	12
735.424	735.494	41	UH1	1	12
735.494	735.554	54	K	1	12
735.554	735.594	27	IH0	1	12
735.594	735.734	59	NG	1	12
735.734	735.764	50	F	1	12
735.764	735.794	10	AO1	1	12
735.794	735.884	61	R	1	12
735.884	735.914	6	AH0	1	12
735.914	736.014	57	M	1	12
736.014	736.084	60	P	1	12
736.084	736.144	56	L	1	12
736.144	736.214	38	OY1	1	12
736.214	736.244	57	M	1	12
736.244	736.274	6	AH0	1	12
736.274	736.304	58	N	1	12
736.304	736.514	64	T	1	12
744.984	745.104	54	K	1	13
745.104	745.254	1	AA1	1	13
745.254	745.324	50	F	1	13
745.324	745.434	31	IY0	1	13
745.434	745.504	28	IH1	1	13
745.504	745.594	69	Z	1	13
745.594	745.634	51	G	1	13
745.634	745.744	61	R	1	13
745.744	745.834	35	OW1	1	13
745.834	745.874	58	N	1	13
745.874	746.004	1	AA1	1	13
746.004	746.074	58	N	1	13
746.074	746.214	62	S	1	13
746.214	746.274	64	T	1	13
746.274	746.424	32	IY1	1	13
746.424	746.484	60	P	1	13
746.484	746.504	74	sp	1	13
746.504	746.624	53	JH	1	13
746.624	746.744	7	AH1	1	13
746.744	746.774	59	NG	1	13
746.774	746.804	51	G	1	13
746.804	746.844	6	AH0	1	13
746.844	746.934	56	L	1	13
746.934	746.984	56	L	1	13
746.984	747.124	16	AY1	1	13
747.124	747.194	54	K	1	13
747.194	747.354	62	S	1	13
747.354	747.444	56	L	1	13
747.444	747.564	35	OW1	1	13
747.564	747.594	60	P	1	13
747.594	747.714	62	S	1	13
747.714	747.804	28	IH1	1	13
747.804	747.934	58	N	1	13
747.934	748.034	64	T	1	13
748.034	748.094	19	EH1	1	13
748.094	748.144	57	M	1	13
748.144	748.184	60	P	1	13
748.184	748.294	61	R	1	13
748.294	748.344	6	AH0	1	13
748.344	748.414	64	T	1	13
748.414	748.514	69	Z	1	13
748.514	748.754	35	OW1	1	13
748.754	748.874	58	N	1	13
748.874	749.074	69	Z	1	13
757.834	757.904	67	W	1	14
757.904	758.034	32	IY1	1	14
758.034	758.074	67	W	1	14
758.074	758.204	19	EH1	1	14
758.204	758.244	56	L	1	14
758.244	758.284	54	K	1	14
758.284	758.344	6	AH0	1	14
758.344	758.454	57	M	1	14
758.454	758.494	57	M	1	14
758.494	758.574	19	EH1	1	14
758.574	758.624	58	N	1	14
758.624	758.774	31	IY0	1	14
758.774	758.814	58	N	1	14
758.814	758.854	68	Y	1	14
758.854	758.884	44	UW1	1	14
758.884	759.104	62	S	1	14
759.104	759.334	64	T	1	14
759.334	759.364	44	UW1	1	14
759.364	759.394	48	D	1	14
759.394	759.424	6	AH0	1	14
759.424	759.454	58	N	1	14
759.454	759.494	64	T	1	14
759.494	759.544	62	S	1	14
759.544	759.664	32	IY1	1	14
759.664	759.784	47	CH	1	14
759.784	759.814	68	Y	1	14
759.814	759.994	28	IH1	1	14
759.994	760.084	61	R	1	14
768.544	768.784	35	OW1	1	15
768.784	768.814	58	N	1	15
768.814	768.884	56	L	1	15
768.884	768.914	31	IY0	1	15
768.914	768.944	49	DH	1	15
768.944	768.984	7	AH1	1	15
768.984	769.034	46	B	1	15
769.034	769.214	19	EH1	1	15
769.214	769.304	62	S	1	15
769.304	769.334	64	T	1	15
769.334	769.384	74	sp	1	15
769.384	769.454	60	P	1	15
769.454	769.514	56	L	1	15
769.514	769.704	25	EY1	1	15
769.704	769.734	21	ER0	1	15
769.734	769.824	69	Z	1	15
769.824	769.864	6	AH0	1	15
769.864	769.924	58	N	1	15
769.924	769.992	53	JH	1	15
769.992	770.114	38	OY1	1	15
770.114	770.184	60	P	1	15
770.184	770.324	2	AA2	1	15
770.324	770.374	60	P	1	15
770.374	770.444	68	Y	1	15
770.444	770.474	6	AH0	1	15
770.474	770.524	56	L	1	15
770.524	770.704	19	EH1	1	15
770.704	770.734	61	R	1	15
770.734	770.764	6	AH0	1	15
770.764	770.794	64	T	1	15
770.794	771.014	31	IY0	1	15
779.734	779.794	54	K	1	16
779.794	779.924	4	AE1	1	16
779.924	779.994	56	L	1	16
779.994	780.064	62	S	1	16
780.064	780.194	31	IY0	1	16
780.194	780.224	6	AH0	1	16
780.224	780.254	57	M	1	16
780.254	780.284	57	M	1	16
780.284	780.444	25	EY1	1	16
780.444	780.484	54	K	1	16
780.484	780.594	62	S	1	16
780.594	780.644	46	B	1	16
780.644	780.864	35	OW1	1	16
780.864	780.894	58	N	1	16
780.894	780.964	69	Z	1	16
780.964	781.014	4	AE1	1	16
781.014	781.114	58	N	1	16
781.114	781.154	48	D	1	16
781.154	781.234	64	T	1	16
781.234	781.414	32	IY1	1	16
781.414	781.444	65	TH	1	16
781.444	781.654	62	S	1	16
781.654	781.724	64	T	1	16
781.724	781.794	61	R	1	16
781.794	781.984	10	AO1	1	16
781.984	782.134	59	NG	1	16
791.144	791.374	58	N	1	17
791.374	791.474	7	AH1	1	17
791.474	791.534	65	TH	1	17
791.534	791.584	27	IH0	1	17
791.584	791.684	59	NG	1	17
791.684	791.744	28	IH1	1	17
791.744	791.774	69	Z	1	17
791.774	792.034	4	AE1	1	17
792.034	792.064	69	Z	1	17
792.064	792.124	6	AH0	1	17
792.124	792.204	50	F	1	17
792.204	792.304	19	EH1	1	17
792.304	792.384	58	N	1	17
792.384	792.464	62	S	1	17
792.464	792.534	27	IH0	1	17
792.534	792.614	66	V	1	17
792.614	792.724	19	EH1	1	17
792.724	792.824	69	Z	1	17
792.824	793.024	28	IH1	1	17
793.024	793.084	58	N	1	17
793.084	793.134	6	AH0	1	17
793.134	793.264	62	S	1	17
793.264	793.324	6	AH0	1	17
793.324	793.424	58	N	1	17
793.424	793.654	62	S	1	17
801.804	801.934	62	S	1	18
801.934	801.984	64	T	1	18
801.984	802.144	32	IY1	1	18
802.144	802.224	66	V	1	18
802.224	802.254	67	W	1	18
802.254	802.374	10	AO1	1	18
802.374	802.474	61	R	1	18
802.474	802.574	6	AH0	1	18
802.574	802.634	46	B	1	18
802.634	802.694	61	R	1	18
802.694	802.744	16	AY1	1	18
802.744	802.964	64	T	1	18
802.964	803.014	61	R	1	18
803.014	803.204	19	EH1	1	18
803.204	803.254	48	D	1	18
803.254	803.384	54	K	1	18
803.384	803.604	4	AE1	1	18
803.604	803.764	70	ZH	1	18
803.764	803.814	57	M	1	18
803.814	803.914	27	IH0	1	18
803.914	803.954	61	R	1	18
803.954	804.134	62	S	1	18
804.134	804.184	67	W	1	18
804.184	804.444	19	EH1	1	18
804.444	804.524	64	T	1	18
804.524	804.554	21	ER0	1	18
813.334	813.384	46	B	1	19
813.384	813.584	1	AA1	1	19
813.584	813.614	61	R	1	19
813.614	813.644	46	B	1	19
813.644	813.744	69	Z	1	19
813.744	813.784	51	G	1	19
813.784	813.944	35	OW1	1	19
813.944	813.974	56	L	1	19
813.974	814.004	48	D	1	19
814.004	814.034	46	B	1	19
814.034	814.104	61	R	1	19
814.104	814.164	25	EY1	1	19
814.164	814.294	62	S	1	19
814.294	814.324	56	L	1	19
814.324	814.374	6	AH0	1	19
814.374	814.424	64	T	1	19
814.424	814.454	67	W	1	19
814.454	814.514	7	AH1	1	19
814.514	814.554	69	Z	1	19
814.554	814.634	6	AH0	1	19
814.634	814.674	51	G	1	19
814.674	814.704	61	R	1	19
814.704	814.824	5	AE2	1	19
814.824	814.944	53	JH	1	19
814.944	814.994	43	UW0	1	19
814.994	815.084	25	EY1	1	19
815.084	815.244	63	SH	1	19
815.244	815.294	6	AH0	1	19
815.294	815.374	58	N	1	19
815.374	815.414	60	P	1	19
815.414	815.504	61	R	1	19
815.504	815.534	31	IY0	1	19
815.534	815.604	69	Z	1	19
815.604	815.694	19	EH1	1	19
815.694	815.734	58	N	1	19
815.734	815.814	64	T	1	19
823.844	824.064	48	D	1	20
824.064	824.094	61	R	1	20
824.094	824.124	10	AO1	1	20
824.124	824.394	19	EH1	1	20
824.394	824.454	66	V	1	20
824.454	824.504	61	R	1	20
824.504	824.624	31	IY0	1	20
824.624	824.814	13	AW1	1	20
824.814	824.954	64	T	1	20
824.954	824.984	21	ER0	1	20
824.984	825.014	56	L	1	20
825.014	825.154	16	AY1	1	20
825.154	825.244	58	N	1	20
825.244	825.414	50	F	1	20
825.414	825.604	22	ER1	1	20
825.604	825.874	62	S	1	20
825.874	826.104	64	T	1	20
826.104	826.174	74	sp	1	20
826.174	826.234	49	DH	1	20
826.234	826.334	19	EH1	1	20
826.334	826.434	58	N	1	20
826.434	826.474	50	F	1	20
826.474	826.534	28	IH1	1	20
826.534	826.654	56	L	1	20
826.654	826.714	28	IH1	1	20
826.714	826.784	58	N	1	20
826.784	826.814	49	DH	1	20
826.814	826.894	31	IY0	1	20
826.894	826.984	29	IH2	1	20
826.984	827.064	58	N	1	20
827.064	827.394	64	T	1	20
827.394	827.504	28	IH1	1	20
827.504	827.634	61	R	1	20
827.634	827.664	31	IY0	1	20
827.664	827.694	21	ER0	1	20
837.744	837.794	49	DH	1	21
837.794	837.894	7	AH1	1	21
837.894	837.934	67	W	1	21
837.934	838.064	10	AO1	1	21
838.064	838.174	64	T	1	21
838.174	838.204	21	ER0	1	21
838.204	838.254	54	K	1	21
838.254	838.294	6	AH0	1	21
838.294	838.364	58	N	1	21
838.364	838.424	64	T	1	21
838.424	838.594	25	EY1	1	21
838.594	838.644	58	N	1	21
838.644	838.674	48	D	1	21
838.674	838.734	74	sp	1	21
838.734	838.984	64	T	1	21
838.984	839.024	44	UW1	1	21
839.024	839.054	57	M	1	21
839.054	839.134	7	AH1	1	21
839.134	839.214	47	CH	1	21
839.214	839.334	54	K	1	21
839.334	839.374	56	L	1	21
839.374	839.474	10	AO1	1	21
839.474	839.584	61	R	1	21
839.584	839.714	31	IY0	1	21
839.714	839.764	58	N	1	21
839.764	839.794	4	AE1	1	21
839.794	839.874	58	N	1	21
839.874	839.904	48	D	1	21
839.904	839.984	62	S	1	21
839.984	840.024	64	T	1	21
840.024	840.144	7	AH1	1	21
840.144	840.184	59	NG	1	21
840.184	840.254	52	HH	1	21
840.254	840.334	28	IH1	1	21
840.334	840.374	69	Z	1	21
840.374	840.734	16	AY1	1	21
840.734	840.994	69	Z	1	21
850.254	850.354	53	JH	1	22
850.354	850.534	1	AA1	1	22
850.534	850.564	58	N	1	22
850.564	850.674	69	Z	1	22
850.674	850.724	46	B	1	22
850.724	850.794	61	R	1	22
850.794	850.864	7	AH1	1	22
850.864	850.914	49	DH	1	22
850.914	850.984	21	ER0	1	22
850.984	851.054	61	R	1	22
851.054	851.144	31	IY0	1	22
851.144	851.254	60	P	1	22
851.254	851.334	25	EY1	1	22
851.334	851.394	58	N	1	22
851.394	851.494	64	T	1	22
851.494	851.524	6	AH0	1	22
851.524	851.554	48	D	1	22
851.554	851.584	49	DH	1	22
851.584	851.654	7	AH1	1	22
851.654	851.704	51	G	1	22
851.704	851.864	21	ER0	1	22
851.864	852.024	1	AA1	1	22
852.024	852.174	70	ZH	1	22
852.174	852.254	48	D	1	22
852.254	852.434	10	AO1	1	22
852.434	852.564	61	R	1	22
861.264	861.364	47	CH	1	23
861.364	861.624	4	AE1	1	23
861.624	861.664	56	L	1	23
861.664	861.694	6	AH0	1	23
861.694	861.774	58	N	1	23
861.774	861.804	53	JH	1	23
861.804	861.974	32	IY1	1	23
861.974	862.114	47	CH	1	23
862.114	862.194	53	JH	1	23
862.194	862.294	19	EH1	1	23
862.294	862.344	58	N	1	23
862.344	862.434	61	R	1	23
862.434	862.464	6	AH0	1	23
862.464	862.574	56	L	1	23
862.574	862.634	69	Z	1	23
862.634	862.664	29	IH2	1	23
862.664	862.744	58	N	1	23
862.744	862.834	64	T	1	23
862.834	862.914	19	EH1	1	23
862.914	863.034	56	L	1	23
863.034	863.074	6	AH0	1	23
863.074	863.174	53	JH	1	23
863.174	863.244	6	AH0	1	23
863.244	863.304	58	N	1	23
863.304	863.564	62	S	1	23
871.874	872.114	5	AE2	1	24
872.114	872.144	57	M	1	24
872.144	872.174	46	B	1	24
872.174	872.224	6	AH0	1	24
872.224	872.274	48	D	1	24
872.274	872.384	19	EH1	1	24
872.384	872.434	54	K	1	24
872.434	872.534	62	S	1	24
872.534	872.594	64	T	1	24
872.594	872.634	61	R	1	24
872.634	872.664	6	AH0	1	24
872.664	872.804	62	S	1	24
872.804	872.874	60	P	1	24
872.874	872.944	28	IH1	1	24
872.944	873.044	54	K	1	24
873.044	873.074	60	P	1	24
873.074	873.204	2	AA2	1	24
873.204	873.294	54	K	1	24
873.294	873.364	6	AH0	1	24
873.364	873.424	64	T	1	24
873.424	873.474	62	S	1	24
873.474	873.614	6	AH0	1	24
873.614	873.704	54	K	1	24
873.704	873.824	1	AA1	1	24
873.824	873.874	57	M	1	24
873.874	873.914	60	P	1	24
873.914	873.994	56	L	1	24
873.994	874.024	27	IH0	1	24
874.024	874.154	63	SH	1	24
874.154	874.234	57	M	1	24
874.234	874.374	10	AO1	1	24
874.374	874.514	61	R	1	24
882.964	883.044	6	AH0	1	25
883.044	883.124	57	M	1	25
883.124	883.214	7	AH1	1	25
883.214	883.304	62	S	1	25
883.304	883.334	54	K	1	25
883.334	883.384	68	Y	1	25
883.384	883.414	6	AH0	1	25
883.414	883.444	56	L	1	25
883.444	883.474	21	ER0	1	25
883.474	883.764	4	AE1	1	25
883.764	883.794	46	B	1	25
883.794	883.824	48	D	1	25
883.824	883.894	6	AH0	1	25
883.894	883.934	57	M	1	25
883.934	883.994	6	AH0	1	25
883.994	884.064	58	N	1	25
884.064	884.114	28	IH1	1	25
884.114	884.214	69	Z	1	25
884.214	884.294	51	G	1	25
884.294	884.324	41	UH1	1	25
884.324	884.384	48	D	1	25
884.384	884.454	50	F	1	25
884.454	884.484	61	R	1	25
884.484	884.524	21	ER0	1	25
884.524	884.694	68	Y	1	25
884.694	884.724	41	UH1	1	25
884.724	884.774	61	R	1	25
884.774	884.814	46	B	1	25
884.814	885.024	4	AE1	1	25
885.024	885.294	54	K	1	25
894.214	894.254	49	DH	1	26
894.254	894.344	25	EY1	1	26
894.344	894.604	35	OW1	1	26
894.604	894.654	58	N	1	26
894.654	894.684	6	AH0	1	26
894.684	894.714	46	B	1	26
894.714	894.864	28	IH1	1	26
894.864	894.894	51	G	1	26
894.894	894.904	74	sp	1	26
894.904	895.024	52	HH	1	26
895.024	895.154	13	AW1	1	26
895.154	895.284	62	S	1	26
895.284	895.324	28	IH1	1	26
895.324	895.384	58	N	1	26
895.384	895.414	49	DH	1	26
895.414	895.454	7	AH1	1	26
895.454	895.534	61	R	1	26
895.534	895.564	6	AH0	1	26
895.564	895.674	57	M	1	26
895.674	895.824	35	OW1	1	26
895.824	895.914	64	T	1	26
895.914	896.044	54	K	1	26
896.044	896.084	7	AH1	1	26
896.084	896.154	58	N	1	26
896.154	896.204	64	T	1	26
896.204	896.264	61	R	1	26
896.264	896.364	31	IY0	1	26
896.364	896.444	62	S	1	26
896.444	896.694	17	AY2	1	26
896.694	896.734	48	D	1	26
905.634	905.684	49	DH	1	27
905.684	905.744	7	AH1	1	27
905.744	905.874	61	R	1	27
905.874	906.014	35	OW1	1	27
906.014	906.064	69	Z	1	27
906.064	906.084	74	sp	1	27
906.084	906.174	54	K	1	27
906.174	906.204	9	AO0	1	27
906.204	906.264	61	R	1	27
906.264	906.374	62	S	1	27
906.374	906.564	1	AA1	1	27
906.564	906.644	70	ZH	1	27
906.644	906.804	62	S	1	27
906.804	906.854	57	M	1	27
906.854	906.904	19	EH1	1	27
906.904	906.994	56	L	1	27
906.994	907.054	48	D	1	27
907.054	907.234	62	S	1	27
907.234	907.264	67	W	1	27
907.264	907.504	32	IY1	1	27
907.504	907.544	64	T	1	27
915.394	915.434	49	DH	1	28
915.434	915.594	4	AE1	1	28
915.594	915.724	64	T	1	28
915.724	915.754	60	P	1	28
915.754	915.894	28	IH1	1	28
915.894	915.924	54	K	1	28
915.924	915.954	60	P	1	28
915.954	916.094	2	AA2	1	28
916.094	916.154	54	K	1	28
916.154	916.264	6	AH0	1	28
916.264	916.294	64	T	1	28
916.294	916.324	67	W	1	28
916.324	916.364	7	AH1	1	28
916.364	916.424	69	Z	1	28
916.424	916.544	54	K	1	28
916.544	916.734	1	AA1	1	28
916.734	916.794	64	T	1	28
916.794	916.924	61	R	1	28
916.924	917.014	19	EH1	1	28
917.014	917.054	48	D	1	28
917.054	917.204	52	HH	1	28
917.204	917.354	4	AE1	1	28
917.354	917.424	58	N	1	28
917.424	917.464	48	D	1	28
917.464	917.584	6	AH0	1	28
917.584	917.654	48	D	1	28
927.174	927.204	6	AH0	1	29
927.204	927.294	58	N	1	29
927.294	927.314	74	sp	1	29
927.314	927.524	4	AE1	1	29
927.524	927.574	48	D	1	29
927.574	927.614	6	AH0	1	29
927.614	927.774	56	L	1	29
927.774	927.894	64	T	1	29
927.894	927.944	57	M	1	29
927.944	928.034	25	EY1	1	29
928.034	928.154	56	L	1	29
928.154	928.214	46	B	1	29
928.214	928.274	6	AH0	1	29
928.274	928.374	46	B	1	29
928.374	928.524	44	UW1	1	29
928.524	928.624	58	N	1	29
928.624	928.754	69	Z	1	29
928.754	928.844	64	T	1	29
928.844	929.014	32	IY1	1	29
929.014	929.084	65	TH	1	29
929.084	929.134	1	AA1	1	29
929.134	929.164	61	R	1	29
929.164	929.244	58	N	1	29
929.244	929.434	1	AA1	1	29
929.434	929.514	64	T	1	29
929.514	929.674	62	S	1	29
929.674	929.764	44	UW1	1	29
929.764	929.814	64	T	1	29
929.814	929.844	6	AH0	1	29
929.844	929.904	46	B	1	29
929.904	929.934	6	AH0	1	29
929.934	930.044	56	L	1	29
930.044	930.094	50	F	1	29
930.094	930.154	21	ER0	1	29
930.154	930.374	32	IY1	1	29
930.374	930.404	64	T	1	29
930.404	930.434	27	IH0	1	29
930.434	930.524	59	NG	1	29
930.524	930.704	63	SH	1	29
930.704	930.754	19	EH1	1	29
930.754	930.844	56	L	1	29
930.844	930.924	50	F	1	29
930.924	931.044	29	IH2	1	29
931.044	931.364	63	SH	1	29
938.864	939.624	52	HH	1	30
939.624	939.734	22	ER1	1	30
939.734	939.764	67	W	1	30
939.764	939.884	10	AO1	1	30
939.884	939.974	61	R	1	30
939.974	940.084	48	D	1	30
940.084	940.114	61	R	1	30
940.114	940.144	36	OW2	1	30
940.144	940.184	46	B	1	30
940.184	940.244	54	K	1	30
940.244	940.274	6	AH0	1	30
940.274	940.384	58	N	1	30
940.384	940.484	62	S	1	30
940.484	940.564	28	IH1	1	30
940.564	940.674	62	S	1	30
940.674	940.724	6	AH0	1	30
940.724	940.774	66	V	1	30
940.774	941.004	35	OW1	1	30
941.004	941.104	58	N	1	30
941.104	941.154	56	L	1	30
941.154	941.184	31	IY0	1	30
941.184	941.294	62	S	1	30
941.294	941.344	54	K	1	30
941.344	941.464	22	ER1	1	30
941.464	941.534	64	T	1	30
941.534	941.584	62	S	1	30
941.584	941.614	4	AE1	1	30
941.614	941.664	58	N	1	30
941.664	941.694	48	D	1	30
941.694	941.774	46	B	1	30
941.774	941.844	56	L	1	30
941.844	941.924	13	AW1	1	30
941.924	942.084	62	S	1	30
942.084	942.184	6	AH0	1	30
942.184	942.404	69	Z	1	30
949.274	949.344	49	DH	1	31
949.344	949.384	6	AH0	1	31
949.384	949.584	64	T	1	31
949.584	949.614	44	UW1	1	31
949.614	949.844	1	AA1	1	31
949.844	949.874	61	R	1	31
949.874	949.944	64	T	1	31
949.944	949.974	6	AH0	1	31
949.974	950.134	62	S	1	31
950.134	950.174	27	IH0	1	31
950.174	950.234	54	K	1	31
950.234	950.334	62	S	1	31
950.334	950.404	47	CH	1	31
950.404	950.554	25	EY1	1	31
950.554	950.634	58	N	1	31
950.634	950.704	53	JH	1	31
950.704	950.834	48	D	1	31
950.834	950.994	10	AO1	1	31
950.994	951.054	64	T	1	31
951.054	951.084	6	AH0	1	31
951.084	951.124	51	G	1	31
951.124	951.154	61	R	1	31
951.154	951.334	5	AE2	1	31
951.334	951.364	50	F	1	31
951.364	951.714	62	S	1	31
960.204	960.304	46	B	1	32
960.304	960.384	7	AH1	1	32
960.384	960.734	64	T	1	32
960.734	960.764	21	ER0	1	32
960.764	960.844	62	S	1	32
960.844	960.874	54	K	1	32
960.874	960.904	2	AA2	1	32
960.904	960.964	47	CH	1	32
960.964	960.994	50	F	1	32
960.994	961.154	7	AH1	1	32
961.154	961.314	53	JH	1	32
961.314	961.374	51	G	1	32
961.374	961.464	35	OW1	1	32
961.464	961.614	69	Z	1	32
961.614	961.784	74	sp	1	32
961.784	961.854	67	W	1	32
961.854	962.044	19	EH1	1	32
962.044	962.074	56	L	1	32
962.074	962.134	67	W	1	32
962.134	962.174	28	IH1	1	32
962.174	962.234	65	TH	1	32
962.234	962.274	74	sp	1	32
962.274	962.304	66	V	1	32
962.304	962.374	6	AH0	1	32
962.374	962.524	58	N	1	32
962.524	962.554	28	IH1	1	32
962.554	962.614	56	L	1	32
962.614	962.644	6	AH0	1	32
962.644	962.944	16	AY1	1	32
962.944	963.074	62	S	1	32
963.074	963.184	54	K	1	32
963.184	963.234	61	R	1	32
963.234	963.354	32	IY1	1	32
963.354	963.524	57	M	1	32
973.264	973.314	61	R	1	33
973.314	973.424	28	IH1	1	33
973.424	973.554	47	CH	1	33
973.554	973.614	60	P	1	33
973.614	973.734	22	ER1	1	33
973.734	973.894	47	CH	1	33
973.894	973.984	6	AH0	1	33
973.984	974.364	62	S	1	33
974.364	974.504	64	T	1	33
974.504	974.634	74	sp	1	33
974.634	974.834	62	S	1	33
974.834	974.934	19	EH1	1	33
974.934	974.984	66	V	1	33
974.984	975.044	61	R	1	33
975.044	975.074	6	AH0	1	33
975.074	975.194	56	L	1	33
975.194	975.334	62	S	1	33
975.334	975.544	16	AY1	1	33
975.544	975.604	58	N	1	33
975.604	975.654	48	D	1	33
975.654	975.774	56	L	1	33
975.774	975.814	28	IH1	1	33
975.814	975.904	65	TH	1	33
975.904	975.964	6	AH0	1	33
975.964	976.004	51	G	1	33
976.004	976.044	61	R	1	33
976.044	976.204	5	AE2	1	33
976.204	976.234	50	F	1	33
976.234	976.534	62	S	1	33
985.024	985.154	19	EH1	1	34
985.154	985.204	58	N	1	34
985.204	985.304	31	IY0	1	34
985.304	985.374	54	K	1	34
985.374	985.484	2	AA2	1	34
985.484	985.514	58	N	1	34
985.514	985.584	64	T	1	34
985.584	985.614	61	R	1	34
985.614	985.644	6	AH0	1	34
985.644	985.704	46	B	1	34
985.704	985.804	68	Y	1	34
985.804	985.844	44	UW1	1	34
985.844	985.934	63	SH	1	34
985.934	985.974	6	AH0	1	34
985.974	986.024	58	N	1	34
986.024	986.114	69	Z	1	34
986.114	986.144	67	W	1	34
986.144	986.174	6	AH0	1	34
986.174	986.204	56	L	1	34
986.204	986.244	46	B	1	34
986.244	986.334	31	IY0	1	34
986.334	986.384	51	G	1	34
986.384	986.454	61	R	1	34
986.454	986.534	25	EY1	1	34
986.534	986.564	64	T	1	34
986.564	986.614	56	L	1	34
986.614	986.764	31	IY0	1	34
986.764	986.794	6	AH0	1	34
986.794	986.924	60	P	1	34
986.924	986.964	61	R	1	34
986.964	987.044	32	IY1	1	34
987.044	987.184	63	SH	1	34
987.184	987.324	31	IY0	1	34
987.324	987.384	26	EY2	1	34
987.384	987.424	64	T	1	34
987.424	987.504	6	AH0	1	34
987.504	987.654	48	D	1	34
995.534	995.584	49	DH	1	35
995.584	995.634	6	AH0	1	35
995.634	995.724	54	K	1	35
995.724	995.784	61	R	1	35
995.784	995.914	4	AE1	1	35
995.914	995.944	58	N	1	35
995.944	995.994	46	B	1	35
995.994	996.094	20	EH2	1	35
996.094	996.124	61	R	1	35
996.124	996.224	31	IY0	1	35
996.224	996.274	46	B	1	35
996.274	996.534	1	AA1	1	35
996.534	996.594	51	G	1	35
996.594	996.654	51	G	1	35
996.654	996.734	28	IH1	1	35
996.734	996.784	64	T	1	35
996.784	996.864	62	S	1	35
996.864	996.894	66	V	1	35
996.894	997.074	19	EH1	1	35
997.074	997.104	61	R	1	35
997.104	997.204	31	IY0	1	35
997.204	997.304	60	P	1	35
997.304	997.344	61	R	1	35
997.344	997.424	28	IH1	1	35
997.424	997.454	64	T	1	35
997.454	997.554	31	IY0	1	35
997.554	997.634	28	IH1	1	35
997.634	997.664	58	N	1	35
997.664	997.904	10	AO1	1	35
997.904	998.014	64	T	1	35
998.014	998.044	6	AH0	1	35
998.044	998.204	57	M	1	35
1006.254	1006.674	52	HH	1	36
1006.674	1006.784	13	AW1	1	36
1006.784	1006.814	48	D	1	36
1006.814	1006.844	44	UW1	1	36
1006.844	1006.964	38	OY1	1	36
1006.964	1007.074	62	S	1	36
1007.074	1007.114	64	T	1	36
1007.114	1007.204	21	ER0	1	36
1007.204	1007.294	69	Z	1	36
1007.294	1007.354	57	M	1	36
1007.354	1007.434	25	EY1	1	36
1007.434	1007.564	54	K	1	36
1007.564	1007.604	60	P	1	36
1007.604	1007.784	22	ER1	1	36
1007.784	1007.924	56	L	1	36
1007.924	1008.134	69	Z	1	36
1015.944	1015.974	10	AO1	1	37
1015.974	1016.004	61	R	1	37
1016.004	1016.034	48	D	1	37
1016.034	1016.064	21	ER0	1	37
1016.064	1016.104	74	sp	1	37
1016.104	1016.244	25	EY1	1	37
1016.244	1016.334	60	P	1	37
1016.334	1017.194	1	AA1	1	37
1017.194	1017.224	61	R	1	37
1017.224	1017.304	50	F	1	37
1017.304	1017.544	25	EY1	1	37
1017.544	1017.774	4	AE1	1	37
1017.774	1017.814	50	F	1	37
1017.814	1017.874	64	T	1	37
1017.874	1017.954	21	ER0	1	37
1017.954	1018.064	16	AY1	1	37
1018.064	1018.244	32	IY1	1	37
1018.244	1018.304	64	T	1	37
1018.304	1018.364	48	D	1	37
1018.364	1018.434	28	IH1	1	37
1018.434	1018.574	58	N	1	37
1018.574	1018.664	21	ER0	1	37
1026.034	1026.264	28	IH1	1	38
1026.264	1026.304	69	Z	1	38
1026.304	1026.384	63	SH	1	38
1026.384	1026.454	32	IY1	1	38
1026.454	1026.484	51	G	1	38
1026.484	1026.884	35	OW1	1	38
1026.884	1026.934	6	AH0	1	38
1026.934	1026.974	58	N	1	38
1026.974	1027.014	67	W	1	38
1027.014	1027.214	28	IH1	1	38
1027.214	1027.314	65	TH	1	38
1036.984	1037.054	54	K	1	39
1037.054	1037.124	4	AE1	1	39
1037.124	1037.164	58	N	1	39
1037.164	1037.194	49	DH	1	39
1037.194	1037.284	31	IY0	1	39
1037.284	1037.464	25	EY1	1	39
1037.464	1037.494	53	JH	1	39
1037.494	1037.564	6	AH0	1	39
1037.564	1037.594	58	N	1	39
1037.594	1037.694	62	S	1	39
1037.694	1037.834	31	IY0	1	39
1037.834	1037.964	35	OW1	1	39
1037.964	1038.014	66	V	1	39
1038.014	1038.084	21	ER0	1	39
1038.084	1038.204	65	TH	1	39
1038.204	1038.354	61	R	1	39
1038.354	1038.474	36	OW2	1	39
1038.474	1038.664	25	EY1	1	39
1038.664	1038.724	56	L	1	39
1038.724	1038.844	31	IY0	1	39
1038.844	1038.874	6	AH0	1	39
1038.874	1038.924	58	N	1	39
1038.924	1039.034	50	F	1	39
1039.034	1039.104	10	AO1	1	39
1039.104	1039.174	61	R	1	39
1039.174	1039.294	62	S	1	39
1039.294	1039.434	6	AH0	1	39
1039.434	1039.664	69	Z	1	39
1047.464	1047.624	6	AH0	1	40
1047.624	1047.734	62	S	1	40
1047.734	1047.774	54	K	1	40
1047.774	1047.884	61	R	1	40
1047.884	1047.914	44	UW1	1	40
1047.914	1047.964	48	D	1	40
1047.964	1048.034	61	R	1	40
1048.034	1048.154	17	AY2	1	40
1048.154	1048.214	66	V	1	40
1048.214	1048.314	21	ER0	1	40
1048.314	1048.454	28	IH1	1	40
1048.454	1048.534	69	Z	1	40
1048.534	1048.564	57	M	1	40
1048.564	1048.774	25	EY1	1	40
1048.774	1048.804	48	D	1	40
1048.804	1048.864	50	F	1	40
1048.864	1048.894	61	R	1	40
1048.894	1048.934	7	AH1	1	40
1048.934	1049.044	57	M	1	40
1049.044	1049.084	66	V	1	40
1049.084	1049.264	1	AA1	1	40
1049.264	1049.324	48	D	1	40
1049.324	1049.384	54	K	1	40
1049.384	1049.414	6	AH0	1	40
1049.414	1049.684	4	AE1	1	40
1049.684	1049.724	58	N	1	40
1049.724	1049.804	48	D	1	40
1049.804	1049.914	10	AO1	1	40
1049.914	1049.964	61	R	1	40
1049.964	1049.994	6	AH0	1	40
1049.994	1050.064	58	N	1	40
1050.064	1050.164	53	JH	1	40
1050.164	1050.284	53	JH	1	40
1050.284	1050.404	44	UW1	1	40
1050.404	1050.664	62	S	1	40
1059.054	1059.144	52	HH	1	41
1059.144	1059.204	13	AW1	1	41
1059.204	1059.234	57	M	1	41
1059.234	1059.334	7	AH1	1	41
1059.334	1059.394	47	CH	1	41
1059.394	1059.454	6	AH0	1	41
1059.454	1059.554	56	L	1	41
1059.554	1059.734	13	AW1	1	41
1059.734	1059.764	6	AH0	1	41
1059.764	1059.834	58	N	1	41
1059.834	1059.934	62	S	1	41
1059.934	1059.994	48	D	1	41
1059.994	1060.024	44	UW1	1	41
1060.024	1060.174	68	Y	1	41
1060.174	1060.244	44	UW1	1	41
1060.244	1060.284	51	G	1	41
1060.284	1060.494	19	EH1	1	41
1060.494	1060.544	64	T	1	41
1068.244	1068.334	62	S	1	42
1068.334	1068.414	28	IH1	1	42
1068.414	1068.454	54	K	1	42
1068.454	1068.504	56	L	1	42
1068.504	1068.534	27	IH0	1	42
1068.534	1068.584	54	K	1	42
1068.584	1068.654	6	AH0	1	42
1068.654	1068.694	56	L	1	42
1068.694	1068.764	60	P	1	42
1068.764	1068.854	61	R	1	42
1068.854	1068.974	35	OW1	1	42
1068.974	1069.004	51	G	1	42
1069.004	1069.084	61	R	1	42
1069.084	1069.184	5	AE2	1	42
1069.184	1069.254	57	M	1	42
1069.254	1069.334	69	Z	1	42
1069.334	1069.394	67	W	1	42
1069.394	1069.424	6	AH0	1	42
1069.424	1069.454	56	L	1	42
1069.454	1069.504	58	N	1	42
1069.504	1069.604	19	EH1	1	42
1069.604	1069.654	66	V	1	42
1069.654	1069.694	21	ER0	1	42
1069.694	1069.774	54	K	1	42
1069.774	1069.904	6	AH0	1	42
1069.904	1069.954	57	M	1	42
1069.954	1070.014	60	P	1	42
1070.014	1070.254	16	AY1	1	42
1070.254	1070.454	56	L	1	42
1079.474	1079.524	49	DH	1	43
1079.524	1079.614	6	AH0	1	43
1079.614	1079.674	46	B	1	43
1079.674	1079.824	1	AA1	1	43
1079.824	1079.924	62	S	1	43
1079.924	1080.044	64	T	1	43
1080.044	1080.074	6	AH0	1	43
1080.074	1080.104	58	N	1	43
1080.104	1080.134	46	B	1	43
1080.134	1080.254	3	AE0	1	43
1080.254	1080.364	56	L	1	43
1080.364	1080.634	25	EY1	1	43
1080.634	1080.744	35	OW1	1	43
1080.744	1080.784	66	V	1	43
1080.784	1080.854	21	ER0	1	43
1080.854	1081.004	54	K	1	43
1081.004	1081.124	25	EY1	1	43
1081.124	1081.254	57	M	1	43
1081.254	1081.284	49	DH	1	43
1081.284	1081.364	19	EH1	1	43
1081.364	1081.414	61	R	1	43
1081.414	1081.534	50	F	1	43
1081.534	1081.634	7	AH1	1	43
1081.634	1081.724	58	N	1	43
1081.724	1081.754	48	D	1	43
1081.754	1081.784	27	IH0	1	43
1081.784	1081.914	59	NG	1	43
1081.914	1082.134	63	SH	1	43
1082.134	1082.214	10	AO1	1	43
1082.214	1082.274	61	R	1	43
1082.274	1082.364	64	T	1	43
1082.364	1082.434	6	AH0	1	43
1082.434	1082.764	53	JH	1	43
1094.404	1094.434	46	B	1	44
1094.434	1094.464	74	sp	1	44
1094.464	1094.494	7	AH1	1	44
1094.494	1094.644	74	sp	1	44
1094.644	1094.734	19	EH1	1	44
1094.734	1094.764	66	V	1	44
1094.764	1094.794	21	ER0	1	44
1094.794	1094.884	31	IY0	1	44
1094.884	1094.974	74	sp	1	44
1094.974	1095.004	54	K	1	44
1095.004	1095.294	4	AE1	1	44
1095.294	1095.444	46	B	1	44
1095.444	1095.614	74	sp	1	44
1095.614	1095.804	58	N	1	44
1095.804	1095.944	32	IY1	1	44
1095.944	1095.984	48	D	1	44
1095.984	1096.014	69	Z	1	44
1096.014	1096.074	61	R	1	44
1096.074	1096.134	31	IY0	1	44
1096.134	1096.214	60	P	1	44
1096.214	1096.364	25	EY1	1	44
1096.364	1096.394	58	N	1	44
1096.394	1096.514	64	T	1	44
1096.514	1096.544	27	IH0	1	44
1096.544	1096.574	59	NG	1	44
1096.574	1096.784	10	AO1	1	44
1096.784	1096.844	50	F	1	44
1096.844	1096.894	64	T	1	44
1096.894	1097.014	6	AH0	1	44
1097.014	1097.184	58	N	1	44
1105.214	1105.594	52	HH	1	45
1105.594	1105.714	19	EH1	1	45
1105.714	1105.754	56	L	1	45
1105.754	1105.794	60	P	1	45
1105.794	1105.864	51	G	1	45
1105.864	1105.914	61	R	1	45
1105.914	1106.064	19	EH1	1	45
1106.064	1106.114	51	G	1	45
1106.114	1106.194	64	T	1	45
1106.194	1106.254	6	AH0	1	45
1106.254	1106.304	60	P	1	45
1106.304	1106.424	28	IH1	1	45
1106.424	1106.474	54	K	1	45
1106.474	1106.554	6	AH0	1	45
1106.554	1106.644	60	P	1	45
1106.644	1106.754	19	EH1	1	45
1106.754	1106.844	54	K	1	45
1106.844	1106.894	7	AH1	1	45
1106.894	1106.984	66	V	1	45
1106.984	1107.024	60	P	1	45
1107.024	1107.084	6	AH0	1	45
1107.084	1107.244	64	T	1	45
1107.244	1107.344	25	EY1	1	45
1107.344	1107.514	64	T	1	45
1107.514	1107.564	34	OW0	1	45
1107.564	1107.834	69	Z	1	45
1116.084	1116.134	67	W	1	46
1116.134	1116.234	32	IY1	1	46
1116.234	1116.264	56	L	1	46
1116.264	1116.444	16	AY1	1	46
1116.444	1116.564	54	K	1	46
1116.564	1116.634	46	B	1	46
1116.634	1116.724	56	L	1	46
1116.724	1116.824	44	UW1	1	46
1116.824	1116.954	47	CH	1	46
1116.954	1117.094	32	IY1	1	46
1117.094	1117.184	69	Z	1	46
1117.184	1117.224	46	B	1	46
1117.224	1117.284	7	AH1	1	46
1117.284	1117.344	64	T	1	46
1117.344	1117.374	66	V	1	46
1117.374	1117.514	28	IH1	1	46
1117.514	1117.544	54	K	1	46
1117.544	1117.714	64	T	1	46
1117.714	1117.744	21	ER0	1	46
1117.744	1117.774	56	L	1	46
1117.774	1117.884	16	AY1	1	46
1117.884	1117.954	54	K	1	46
1117.954	1118.124	62	S	1	46
1118.124	1118.184	74	sp	1	46
1118.184	1118.254	46	B	1	46
1118.254	1118.334	61	R	1	46
1118.334	1118.554	32	IY1	1	46
1128.264	1128.334	54	K	1	47
1128.334	1128.484	13	AW1	1	47
1128.484	1128.514	58	N	1	47
1128.514	1128.544	64	T	1	47
1128.544	1128.584	49	DH	1	47
1128.584	1128.654	7	AH1	1	47
1128.654	1128.724	58	N	1	47
1128.724	1128.804	7	AH1	1	47
1128.804	1128.854	57	M	1	47
1128.854	1128.894	46	B	1	47
1128.894	1128.924	21	ER0	1	47
1128.924	1129.094	7	AH1	1	47
1129.094	1129.124	66	V	1	47
1129.124	1129.274	64	T	1	47
1129.274	1129.424	32	IY1	1	47
1129.424	1129.524	62	S	1	47
1129.524	1129.584	60	P	1	47
1129.584	1129.614	45	UW2	1	47
1129.614	1129.794	58	N	1	47
1129.794	1129.884	69	Z	1	47
1129.884	1130.024	7	AH1	1	47
1130.024	1130.054	66	V	1	47
1130.054	1130.334	62	S	1	47
1130.334	1130.474	38	OY1	1	47
1130.474	1130.664	62	S	1	47
1130.664	1130.824	11	AO2	1	47
1130.824	1130.984	62	S	1	47
1130.984	1131.024	49	DH	1	47
1131.024	1131.084	4	AE1	1	47
1131.084	1131.114	64	T	1	47
1131.114	1131.274	68	Y	1	47
1131.274	1131.354	44	UW1	1	47
1131.354	1131.694	4	AE1	1	47
1131.694	1131.744	48	D	1	47
1140.504	1140.534	46	B	1	48
1140.534	1140.734	4	AE1	1	48
1140.734	1140.784	51	G	1	48
1140.784	1140.864	60	P	1	48
1140.864	1141.024	17	AY2	1	48
1141.024	1141.074	60	P	1	48
1141.074	1141.164	62	S	1	48
1141.164	1141.204	6	AH0	1	48
1141.204	1141.254	58	N	1	48
1141.254	1141.284	48	D	1	48
1141.284	1141.354	46	B	1	48
1141.354	1141.544	1	AA1	1	48
1141.544	1141.584	59	NG	1	48
1141.584	1141.644	51	G	1	48
1141.644	1141.714	36	OW2	1	48
1141.714	1141.844	69	Z	1	48
1141.844	1141.884	21	ER0	1	48
1141.884	1141.964	57	M	1	48
1141.964	1142.064	68	Y	1	48
1142.064	1142.104	44	UW1	1	48
1142.104	1142.164	69	Z	1	48
1142.164	1142.204	27	IH0	1	48
1142.204	1142.274	54	K	1	48
1142.274	1142.344	6	AH0	1	48
1142.344	1142.394	56	L	1	48
1142.394	1142.484	28	IH1	1	48
1142.484	1142.554	58	N	1	48
1142.554	1142.654	62	S	1	48
1142.654	1142.684	64	T	1	48
1142.684	1142.714	61	R	1	48
1142.714	1142.754	6	AH0	1	48
1142.754	1142.814	57	M	1	48
1142.814	1142.864	6	AH0	1	48
1142.864	1142.944	58	N	1	48
1142.944	1142.994	64	T	1	48
1142.994	1143.254	62	S	1	48
1150.734	1150.964	52	HH	1	49
1150.964	1150.994	13	AW1	1	49
1150.994	1151.194	74	sp	1	49
1151.194	1151.284	51	G	1	49
1151.284	1151.404	41	UH1	1	49
1151.404	1151.474	48	D	1	49
1151.474	1151.714	28	IH1	1	49
1151.714	1151.774	69	Z	1	49
1151.774	1151.844	68	Y	1	49
1151.844	1151.884	41	UH1	1	49
1151.884	1151.944	61	R	1	49
1151.944	1151.974	19	EH1	1	49
1151.974	1152.064	58	N	1	49
1152.064	1152.114	48	D	1	49
1152.114	1152.264	21	ER0	1	49
1152.264	1152.294	6	AH0	1	49
1152.294	1152.434	58	N	1	49
1152.434	1152.704	62	S	1	49
1693.446	1693.476	21	ER0	2	0
1693.476	1693.616	68	Y	2	0
1693.616	1693.686	41	UH1	2	0
1693.686	1693.716	61	R	2	0
1693.716	1693.746	51	G	2	0
1693.746	1693.776	61	R	2	0
1693.776	1693.986	25	EY1	2	0
1693.986	1694.016	48	D	2	0
1694.016	1694.086	69	Z	2	0
1694.086	1694.176	52	HH	2	0
1694.176	1694.466	16	AY1	2	0
1694.466	1694.496	21	ER0	2	0
1694.496	1694.536	10	AO1	2	0
1694.536	1694.626	61	R	2	0
1694.626	1694.746	56	L	2	0
1694.746	1694.946	35	OW1	2	0
1694.946	1695.036	21	ER0	2	0
1695.036	1695.066	49	DH	2	0
1695.066	1695.146	4	AE1	2	0
1695.146	1695.186	58	N	2	0
1695.186	1695.306	58	N	2	0
1695.306	1695.446	4	AE1	2	0
1695.446	1695.516	58	N	2	0
1695.516	1695.626	62	S	2	0
1695.626	1695.766	31	IY0	2	0
1695.766	1696.006	69	Z	2	0
1703.116	1703.246	63	SH	2	1
1703.246	1703.416	32	IY1	2	1
1703.416	1703.456	67	W	2	1
1703.456	1703.596	10	AO1	2	1
1703.596	1703.776	61	R	2	1
1703.776	1703.886	67	W	2	1
1703.886	1704.076	10	AO1	2	1
1704.076	1704.176	61	R	2	1
1704.176	1704.206	57	M	2	1
1704.206	1704.246	74	sp	2	1
1704.246	1704.376	50	F	2	1
1704.376	1704.436	56	L	2	1
1704.436	1704.586	32	IY1	2	1
1704.586	1704.666	62	S	2	1
1704.666	1704.816	31	IY0	2	1
1704.816	1704.896	67	W	2	1
1704.896	1704.986	41	UH1	2	1
1704.986	1705.106	56	L	2	1
1705.106	1705.136	6	AH0	2	1
1705.136	1705.226	58	N	2	1
1705.226	1705.416	35	OW1	2	1
1705.416	1705.476	66	V	2	1
1705.476	1705.626	21	ER0	2	1
1705.626	1705.686	11	AO2	2	1
1705.686	1705.846	56	L	2	1
1705.846	1706.096	69	Z	2	1
1713.686	1713.786	61	R	2	2
1713.786	1713.996	19	EH1	2	2
1713.996	1714.036	48	D	2	2
1714.036	1714.066	27	IH0	2	2
1714.066	1714.116	59	NG	2	2
1714.116	1714.146	6	AH0	2	2
1714.146	1714.176	58	N	2	2
1714.176	1714.246	60	P	2	2
1714.246	1714.376	41	UH1	2	2
1714.376	1714.456	61	R	2	2
1714.456	1714.536	56	L	2	2
1714.536	1714.806	16	AY1	2	2
1714.806	1714.886	64	T	2	2
1714.886	1714.956	51	G	2	2
1714.956	1715.076	28	IH1	2	2
1715.076	1715.106	66	V	2	2
1715.106	1715.136	69	Z	2	2
1715.136	1715.256	68	Y	2	2
1715.256	1715.286	44	UW1	2	2
1715.286	1715.556	16	AY1	2	2
1715.556	1715.716	62	S	2	2
1715.716	1715.806	64	T	2	2
1715.806	1715.856	61	R	2	2
1715.856	1715.946	26	EY2	2	2
1715.946	1716.136	58	N	2	2
1723.056	1723.246	32	IY1	2	3
1723.246	1723.346	66	V	2	3
1723.346	1723.376	6	AH0	2	3
1723.376	1723.546	58	N	2	3
1723.546	1723.946	16	AY1	2	3
1723.946	1723.976	6	AH0	2	3
1723.976	1724.056	54	K	2	3
1724.056	1724.206	25	EY1	2	3
1724.206	1724.276	70	ZH	2	3
1724.276	1724.306	6	AH0	2	3
1724.306	1724.356	58	N	2	3
1724.356	1724.396	56	L	2	3
1724.396	1724.506	31	IY0	2	3
1724.506	1724.536	51	G	2	3
1724.536	1724.636	28	IH1	2	3
1724.636	1724.686	64	T	2	3
1724.686	1724.716	49	DH	2	3
1724.716	1724.756	7	AH1	2	3
1724.756	1724.856	57	M	2	3
1724.856	1724.936	7	AH1	2	3
1724.936	1725.026	58	N	2	3
1725.026	1725.056	48	D	2	3
1725.056	1725.226	31	IY0	2	3
1725.226	1725.266	46	B	2	3
1725.266	1725.356	56	L	2	3
1725.356	1725.566	44	UW1	2	3
1725.566	1725.846	69	Z	2	3
1732.206	1732.286	67	W	2	4
1732.286	1732.346	32	IY1	2	4
1732.346	1732.506	1	AA1	2	4
1732.506	1732.576	61	R	2	4
1732.576	1732.766	35	OW1	2	4
1732.766	1732.806	60	P	2	4
1732.806	1732.866	6	AH0	2	4
1732.866	1732.946	58	N	2	4
1732.946	1733.136	19	EH1	2	4
1733.136	1733.186	66	V	2	4
1733.186	1733.256	61	R	2	4
1733.256	1733.406	31	IY0	2	4
1733.406	1733.436	57	M	2	4
1733.436	1733.516	7	AH1	2	4
1733.516	1733.586	58	N	2	4
1733.586	1733.636	48	D	2	4
1733.636	1733.676	26	EY2	2	4
1733.676	1733.986	32	IY1	2	4
1733.986	1734.016	66	V	2	4
1734.016	1734.116	58	N	2	4
1734.116	1734.146	27	IH0	2	4
1734.146	1734.466	59	NG	2	4
1741.936	1742.156	28	IH1	2	5
1742.156	1742.186	64	T	2	5
1742.186	1742.236	62	S	2	5
1742.236	1742.276	58	N	2	5
1742.276	1742.356	1	AA1	2	5
1742.356	1742.476	64	T	2	5
1742.476	1742.806	32	IY1	2	5
1742.806	1742.876	69	Z	2	5
1742.876	1742.926	31	IY0	2	5
1742.926	1742.966	64	T	2	5
1742.966	1742.996	6	AH0	2	5
1742.996	1743.026	54	K	2	5
1743.026	1743.056	61	R	2	5
1743.056	1743.086	31	IY0	2	5
1743.086	1743.386	25	EY1	2	5
1743.386	1743.416	64	T	2	5
1743.416	1743.516	29	IH2	2	5
1743.516	1743.546	56	L	2	5
1743.546	1743.586	44	UW1	2	5
1743.586	1743.636	57	M	2	5
1743.636	1743.666	6	AH0	2	5
1743.666	1743.696	58	N	2	5
1743.696	1743.726	26	EY2	2	5
1743.726	1744.076	64	T	2	5
1744.076	1744.126	27	IH0	2	5
1744.126	1744.346	59	NG	2	5
1744.346	1744.376	27	IH0	2	5
1744.376	1744.406	51	G	2	5
1744.406	1744.436	69	Z	2	5
1744.436	1744.606	4	AE1	2	5
1744.606	1744.636	57	M	2	5
1744.636	1744.666	60	P	2	5
1744.666	1744.716	6	AH0	2	5
1744.716	1744.886	56	L	2	5
1744.886	1745.106	69	Z	2	5
1751.786	1751.986	57	M	2	6
1751.986	1752.166	7	AH1	2	6
1752.166	1752.196	57	M	2	6
1752.196	1752.316	62	S	2	6
1752.316	1752.406	64	T	2	6
1752.406	1752.436	61	R	2	6
1752.436	1752.526	10	AO1	2	6
1752.526	1752.616	59	NG	2	6
1752.616	1752.666	56	L	2	6
1752.666	1752.776	31	IY0	2	6
1752.776	1752.816	48	D	2	6
1752.816	1752.876	29	IH2	2	6
1752.876	1752.996	62	S	2	6
1752.996	1753.056	56	L	2	6
1753.056	1753.176	16	AY1	2	6
1753.176	1753.216	54	K	2	6
1753.216	1753.256	62	S	2	6
1753.256	1753.416	4	AE1	2	6
1753.416	1753.456	60	P	2	6
1753.456	1753.496	6	AH0	2	6
1753.496	1753.586	64	T	2	6
1753.586	1753.766	17	AY2	2	6
1753.766	1753.856	69	Z	2	6
1753.856	1753.976	21	ER0	2	6
1753.976	1754.256	69	Z	2	6
1760.276	1760.346	49	DH	2	7
1760.346	1760.496	35	OW1	2	7
1760.496	1760.546	69	Z	2	7
1760.546	1760.646	52	HH	2	7
1760.646	1760.686	44	UW1	2	7
1760.686	1760.786	64	T	2	7
1760.786	1760.946	32	IY1	2	7
1760.946	1761.036	47	CH	2	7
1761.036	1761.076	66	V	2	7
1761.076	1761.236	4	AE1	2	7
1761.236	1761.266	56	L	2	7
1761.266	1761.436	68	Y	2	7
1761.436	1761.466	43	UW0	2	7
1761.466	1761.566	69	Z	2	7
1761.566	1761.596	74	sp	2	7
1761.596	1761.656	50	F	2	7
1761.656	1761.766	22	ER1	2	7
1761.766	1761.866	62	S	2	7
1761.866	1761.896	64	T	2	7
1761.896	1761.976	6	AH0	2	7
1761.976	1762.026	46	B	2	7
1762.026	1762.146	1	AA1	2	7
1762.146	1762.256	56	L	2	7
1762.256	1762.296	29	IH2	2	7
1762.296	1762.416	63	SH	2	7
1762.416	1762.546	47	CH	2	7
1762.546	1762.666	32	IY1	2	7
1762.666	1762.706	64	T	2	7
1762.706	1762.736	27	IH0	2	7
1762.736	1762.996	59	NG	2	7
1770.566	1770.636	49	DH	2	8
1770.636	1770.676	6	AH0	2	8
1770.676	1770.766	50	F	2	8
1770.766	1770.796	61	R	2	8
1770.796	1770.876	16	AY1	2	8
1770.876	1771.026	64	T	2	8
1771.026	1771.056	6	AH0	2	8
1771.056	1771.096	58	N	2	8
1771.096	1771.126	48	D	2	8
1771.126	1771.306	47	CH	2	8
1771.306	1771.486	16	AY1	2	8
1771.486	1771.576	56	L	2	8
1771.576	1771.606	48	D	2	8
1771.606	1771.636	67	W	2	8
1771.636	1771.676	7	AH1	2	8
1771.676	1771.786	69	Z	2	8
1771.786	1771.866	53	JH	2	8
1771.866	1771.936	19	EH1	2	8
1771.936	1772.016	58	N	2	8
1772.016	1772.116	64	T	2	8
1772.116	1772.146	56	L	2	8
1772.146	1772.176	31	IY0	2	8
1772.176	1772.226	62	S	2	8
1772.226	1772.296	6	AH0	2	8
1772.296	1772.356	46	B	2	8
1772.356	1772.446	48	D	2	8
1772.446	1772.636	44	UW1	2	8
1772.636	1772.666	48	D	2	8
1772.666	1772.706	46	B	2	8
1772.706	1772.846	16	AY1	2	8
1772.846	1772.876	52	HH	2	8
1772.876	1772.986	28	IH1	2	8
1772.986	1773.066	69	Z	2	8
1773.066	1773.106	46	B	2	8
1773.106	1773.236	28	IH1	2	8
1773.236	1773.296	51	G	2	8
1773.296	1773.356	46	B	2	8
1773.356	1773.396	61	R	2	8
1773.396	1773.506	7	AH1	2	8
1773.506	1773.546	49	DH	2	8
1773.546	1773.696	21	ER0	2	8
1781.106	1781.276	32	IY1	2	9
1781.276	1781.306	66	V	2	9
1781.306	1781.366	6	AH0	2	9
1781.366	1781.416	58	N	2	9
1781.416	1781.446	6	AH0	2	9
1781.446	1781.646	62	S	2	9
1781.646	1781.736	28	IH1	2	9
1781.736	1781.766	57	M	2	9
1781.766	1781.796	60	P	2	9
1781.796	1781.836	6	AH0	2	9
1781.836	1781.896	56	L	2	9
1781.896	1781.936	66	V	2	9
1781.936	1782.036	34	OW0	2	9
1782.036	1782.126	54	K	2	9
1782.126	1782.276	4	AE1	2	9
1782.276	1782.316	46	B	2	9
1782.316	1782.346	68	Y	2	9
1782.346	1782.386	6	AH0	2	9
1782.386	1782.456	56	L	2	9
1782.456	1782.556	20	EH2	2	9
1782.556	1782.586	61	R	2	9
1782.586	1782.656	31	IY0	2	9
1782.656	1782.686	54	K	2	9
1782.686	1782.716	6	AH0	2	9
1782.716	1782.816	58	N	2	9
1782.816	1782.866	64	T	2	9
1782.866	1783.006	25	EY1	2	9
1783.006	1783.096	58	N	2	9
1783.096	1783.136	69	Z	2	9
1783.136	1783.276	62	S	2	9
1783.276	1783.376	28	IH1	2	9
1783.376	1783.406	57	M	2	9
1783.406	1783.446	46	B	2	9
1783.446	1783.476	6	AH0	2	9
1783.476	1783.656	56	L	2	9
1783.656	1783.876	69	Z	2	9
1791.616	1791.736	6	AH0	2	10
1791.736	1791.816	54	K	2	10
1791.816	1791.866	61	R	2	10
1791.866	1792.026	4	AE1	2	10
1792.026	1792.056	46	B	2	10
1792.056	1792.186	47	CH	2	10
1792.186	1792.316	4	AE1	2	10
1792.316	1792.406	56	L	2	10
1792.406	1792.486	6	AH0	2	10
1792.486	1792.576	53	JH	2	10
1792.576	1792.626	48	D	2	10
1792.626	1792.686	57	M	2	10
1792.686	1792.806	32	IY1	2	10
1792.806	1792.866	46	B	2	10
1792.866	1792.916	7	AH1	2	10
1792.916	1792.986	64	T	2	10
1792.986	1793.026	6	AH0	2	10
1793.026	1793.126	54	K	2	10
1793.126	1793.156	67	W	2	10
1793.156	1793.256	28	IH1	2	10
1793.256	1793.306	54	K	2	10
1793.306	1793.616	62	S	2	10
1793.616	1793.646	64	T	2	10
1793.646	1794.026	4	AE1	2	10
1794.026	1794.066	46	B	2	10
1794.066	1794.106	66	V	2	10
1794.106	1794.166	4	AE1	2	10
1794.166	1794.276	59	NG	2	10
1794.276	1794.336	54	K	2	10
1794.336	1794.366	67	W	2	10
1794.366	1794.416	27	IH0	2	10
1794.416	1794.546	63	SH	2	10
1794.546	1794.616	64	T	2	10
1794.616	1794.646	52	HH	2	10
1794.646	1794.716	28	IH1	2	10
1794.716	1794.906	57	M	2	10
1802.048	1802.158	51	G	2	11
1802.158	1802.238	56	L	2	11
1802.238	1802.318	44	UW1	2	11
1802.318	1802.458	54	K	2	11
1802.458	1802.488	36	OW2	2	11
1802.488	1802.578	62	S	2	11
1802.578	1802.638	6	AH0	2	11
1802.638	1802.688	58	N	2	11
1802.688	1802.718	48	D	2	11
1802.718	1802.758	50	F	2	11
1802.758	1802.798	61	R	2	11
1802.798	1802.878	7	AH1	2	11
1802.878	1802.938	54	K	2	11
1802.938	1803.088	64	T	2	11
1803.088	1803.118	36	OW2	2	11
1803.118	1803.238	62	S	2	11
1803.238	1803.288	21	ER0	2	11
1803.288	1803.368	58	N	2	11
1803.368	1803.508	4	AE1	2	11
1803.508	1803.558	47	CH	2	11
1803.558	1803.618	21	ER0	2	11
1803.618	1803.648	6	AH0	2	11
1803.648	1803.688	56	L	2	11
1803.688	1803.818	63	SH	2	11
1803.818	1803.918	41	UH1	2	11
1803.918	1803.978	51	G	2	11
1803.978	1804.118	21	ER0	2	11
1804.118	1804.188	69	Z	2	11
1804.188	1804.228	50	F	2	11
1804.228	1804.388	13	AW1	2	11
1804.388	1804.428	58	N	2	11
1804.428	1804.458	48	D	2	11
1804.458	1804.508	28	IH1	2	11
1804.508	1804.568	58	N	2	11
1804.568	1804.658	50	F	2	11
1804.658	1804.828	61	R	2	11
1804.828	1804.858	44	UW1	2	11
1804.858	1804.928	64	T	2	11
1812.398	1812.918	1	AA1	2	12
1812.918	1813.138	61	R	2	12
1813.138	1813.188	68	Y	2	12
1813.188	1813.288	44	UW1	2	12
1813.288	1813.318	74	sp	2	12
1813.318	1813.438	56	L	2	12
1813.438	1813.628	41	UH1	2	12
1813.628	1813.718	54	K	2	12
1813.718	1813.748	27	IH0	2	12
1813.748	1813.778	59	NG	2	12
1821.268	1821.298	6	AH0	2	13
1821.298	1821.328	57	M	2	13
1821.328	1821.388	60	P	2	13
1821.388	1821.418	56	L	2	13
1821.418	1821.448	38	OY1	2	13
1821.448	1821.478	57	M	2	13
1821.478	1821.508	6	AH0	2	13
1821.508	1821.538	58	N	2	13
1821.538	1821.568	64	T	2	13
1821.568	1821.598	54	K	2	13
1821.598	1821.828	1	AA1	2	13
1821.828	1821.898	50	F	2	13
1821.898	1822.028	31	IY0	2	13
1822.028	1822.108	28	IH1	2	13
1822.108	1822.208	69	Z	2	13
1822.208	1822.288	51	G	2	13
1822.288	1822.328	61	R	2	13
1822.328	1822.448	35	OW1	2	13
1822.448	1822.498	58	N	2	13
1822.498	1822.618	1	AA1	2	13
1822.618	1822.698	58	N	2	13
1822.698	1822.858	62	S	2	13
1822.858	1822.918	64	T	2	13
1822.918	1823.118	32	IY1	2	13
1823.118	1823.158	60	P	2	13
1823.158	1823.268	74	sp	2	13
1823.268	1823.358	53	JH	2	13
1823.358	1823.468	7	AH1	2	13
1823.468	1823.528	59	NG	2	13
1823.528	1823.558	51	G	2	13
1823.558	1823.598	6	AH0	2	13
1823.598	1823.688	56	L	2	13
1823.688	1823.768	56	L	2	13
1823.768	1823.898	16	AY1	2	13
1823.898	1823.978	54	K	2	13
1823.978	1824.138	62	S	2	13
1824.138	1824.218	56	L	2	13
1824.218	1824.348	35	OW1	2	13
1824.348	1824.378	60	P	2	13
1824.378	1824.498	62	S	2	13
1824.498	1824.538	28	IH1	2	13
1824.538	1824.648	58	N	2	13
1824.648	1824.788	64	T	2	13
1824.788	1824.848	19	EH1	2	13
1824.848	1824.918	57	M	2	13
1824.918	1824.958	60	P	2	13
1824.958	1825.088	61	R	2	13
1825.088	1825.148	6	AH0	2	13
1825.148	1825.218	64	T	2	13
1825.218	1825.268	69	Z	2	13
1825.268	1825.498	35	OW1	2	13
1825.498	1825.618	58	N	2	13
1825.618	1825.918	69	Z	2	13
1832.728	1832.758	67	W	2	14
1832.758	1832.818	32	IY1	2	14
1832.818	1832.998	74	sp	2	14
1832.998	1833.078	67	W	2	14
1833.078	1833.358	19	EH1	2	14
1833.358	1833.398	56	L	2	14
1833.398	1833.448	54	K	2	14
1833.448	1833.508	6	AH0	2	14
1833.508	1833.568	57	M	2	14
1833.568	1833.638	57	M	2	14
1833.638	1833.718	19	EH1	2	14
1833.718	1833.778	58	N	2	14
1833.778	1833.888	31	IY0	2	14
1833.888	1833.918	58	N	2	14
1833.918	1833.998	68	Y	2	14
1833.998	1834.028	44	UW1	2	14
1834.028	1834.198	62	S	2	14
1834.198	1834.378	64	T	2	14
1834.378	1834.408	44	UW1	2	14
1834.408	1834.438	48	D	2	14
1834.438	1834.468	6	AH0	2	14
1834.468	1834.498	58	N	2	14
1834.498	1834.528	64	T	2	14
1834.528	1834.588	62	S	2	14
1834.588	1834.698	32	IY1	2	14
1834.698	1834.808	47	CH	2	14
1834.808	1834.848	68	Y	2	14
1834.848	1834.978	28	IH1	2	14
1834.978	1835.118	61	R	2	14
1842.638	1842.858	35	OW1	2	15
1842.858	1842.888	58	N	2	15
1842.888	1842.918	56	L	2	15
1842.918	1842.958	31	IY0	2	15
1842.958	1842.988	49	DH	2	15
1842.988	1843.038	7	AH1	2	15
1843.038	1843.098	46	B	2	15
1843.098	1843.248	19	EH1	2	15
1843.248	1843.378	62	S	2	15
1843.378	1843.408	64	T	2	15
1843.408	1843.438	60	P	2	15
1843.438	1843.478	56	L	2	15
1843.478	1843.658	25	EY1	2	15
1843.658	1843.718	21	ER0	2	15
1843.718	1843.758	69	Z	2	15
1843.758	1843.818	6	AH0	2	15
1843.818	1843.858	58	N	2	15
1843.858	1843.958	53	JH	2	15
1843.958	1844.068	38	OY1	2	15
1844.068	1844.138	60	P	2	15
1844.138	1844.288	2	AA2	2	15
1844.288	1844.318	60	P	2	15
1844.318	1844.368	68	Y	2	15
1844.368	1844.398	6	AH0	2	15
1844.398	1844.478	56	L	2	15
1844.478	1844.688	19	EH1	2	15
1844.688	1844.738	61	R	2	15
1844.738	1844.768	6	AH0	2	15
1844.768	1844.798	64	T	2	15
1844.798	1845.048	31	IY0	2	15
1852.338	1852.388	54	K	2	16
1852.388	1852.548	4	AE1	2	16
1852.548	1852.588	56	L	2	16
1852.588	1852.648	62	S	2	16
1852.648	1852.748	31	IY0	2	16
1852.748	1852.788	6	AH0	2	16
1852.788	1852.818	57	M	2	16
1852.818	1852.848	57	M	2	16
1852.848	1852.958	25	EY1	2	16
1852.958	1852.988	54	K	2	16
1852.988	1853.108	62	S	2	16
1853.108	1853.188	46	B	2	16
1853.188	1853.448	35	OW1	2	16
1853.448	1853.478	58	N	2	16
1853.478	1853.528	69	Z	2	16
1853.528	1853.588	4	AE1	2	16
1853.588	1853.658	58	N	2	16
1853.658	1853.688	48	D	2	16
1853.688	1853.778	64	T	2	16
1853.778	1853.938	32	IY1	2	16
1853.938	1853.968	65	TH	2	16
1853.968	1854.158	62	S	2	16
1854.158	1854.188	64	T	2	16
1854.188	1854.218	61	R	2	16
1854.218	1854.468	10	AO1	2	16
1854.468	1854.618	59	NG	2	16
1861.688	1861.888	58	N	2	17
1861.888	1861.988	7	AH1	2	17
1861.988	1862.038	65	TH	2	17
1862.038	1862.088	27	IH0	2	17
1862.088	1862.148	59	NG	2	17
1862.148	1862.248	28	IH1	2	17
1862.248	1862.298	69	Z	2	17
1862.298	1862.488	4	AE1	2	17
1862.488	1862.528	69	Z	2	17
1862.528	1862.598	6	AH0	2	17
1862.598	1862.668	50	F	2	17
1862.668	1862.758	19	EH1	2	17
1862.758	1862.828	58	N	2	17
1862.828	1862.898	62	S	2	17
1862.898	1862.978	27	IH0	2	17
1862.978	1863.018	66	V	2	17
1863.018	1863.088	4	AE1	2	17
1863.088	1863.198	69	Z	2	17
1863.198	1863.368	28	IH1	2	17
1863.368	1863.428	58	N	2	17
1863.428	1863.478	6	AH0	2	17
1863.478	1863.608	62	S	2	17
1863.608	1863.678	6	AH0	2	17
1863.678	1863.778	58	N	2	17
1863.778	1864.058	62	S	2	17
1871.468	1871.678	62	S	2	18
1871.678	1871.938	64	T	2	18
1871.938	1871.968	32	IY1	2	18
1871.968	1871.998	66	V	2	18
1871.998	1872.038	67	W	2	18
1872.038	1872.138	10	AO1	2	18
1872.138	1872.218	61	R	2	18
1872.218	1872.318	6	AH0	2	18
1872.318	1872.378	46	B	2	18
1872.378	1872.438	61	R	2	18
1872.438	1872.508	16	AY1	2	18
1872.508	1872.728	64	T	2	18
1872.728	1872.788	61	R	2	18
1872.788	1873.048	19	EH1	2	18
1873.048	1873.078	48	D	2	18
1873.078	1873.248	54	K	2	18
1873.248	1873.498	4	AE1	2	18
1873.498	1873.628	70	ZH	2	18
1873.628	1873.658	57	M	2	18
1873.658	1873.758	27	IH0	2	18
1873.758	1873.818	61	R	2	18
1873.818	1873.988	62	S	2	18
1873.988	1874.058	67	W	2	18
1874.058	1874.378	19	EH1	2	18
1874.378	1874.428	64	T	2	18
1874.428	1874.458	21	ER0	2	18
1882.278	1882.328	46	B	2	19
1882.328	1882.528	1	AA1	2	19
1882.528	1882.558	61	R	2	19
1882.558	1882.588	46	B	2	19
1882.588	1882.658	69	Z	2	19
1882.658	1882.688	51	G	2	19
1882.688	1882.818	35	OW1	2	19
1882.818	1882.848	56	L	2	19
1882.848	1882.888	48	D	2	19
1882.888	1882.918	46	B	2	19
1882.918	1882.988	61	R	2	19
1882.988	1883.048	25	EY1	2	19
1883.048	1883.078	62	S	2	19
1883.078	1883.108	56	L	2	19
1883.108	1883.138	6	AH0	2	19
1883.138	1883.168	64	T	2	19
1883.168	1883.198	67	W	2	19
1883.198	1883.398	7	AH1	2	19
1883.398	1883.458	69	Z	2	19
1883.458	1883.518	6	AH0	2	19
1883.518	1883.568	51	G	2	19
1883.568	1883.598	61	R	2	19
1883.598	1883.708	5	AE2	2	19
1883.708	1883.818	53	JH	2	19
1883.818	1883.858	6	AH0	2	19
1883.858	1883.908	67	W	2	19
1883.908	1884.008	25	EY1	2	19
1884.008	1884.128	63	SH	2	19
1884.128	1884.178	6	AH0	2	19
1884.178	1884.248	58	N	2	19
1884.248	1884.278	60	P	2	19
1884.278	1884.338	61	R	2	19
1884.338	1884.428	19	EH1	2	19
1884.428	1884.498	69	Z	2	19
1884.498	1884.558	6	AH0	2	19
1884.558	1884.628	58	N	2	19
1884.628	1884.848	64	T	2	19
1891.548	1891.658	48	D	2	20
1891.658	1891.688	61	R	2	20
1891.688	1891.828	10	AO1	2	20
1891.828	1891.898	74	sp	2	20
1891.898	1892.108	19	EH1	2	20
1892.108	1892.138	66	V	2	20
1892.138	1892.168	61	R	2	20
1892.168	1892.288	31	IY0	2	20
1892.288	1892.488	13	AW1	2	20
1892.488	1892.598	64	T	2	20
1892.598	1892.628	21	ER0	2	20
1892.628	1892.708	56	L	2	20
1892.708	1892.878	16	AY1	2	20
1892.878	1892.968	58	N	2	20
1892.968	1893.088	50	F	2	20
1893.088	1893.288	22	ER1	2	20
1893.288	1893.448	62	S	2	20
1893.448	1893.578	64	T	2	20
1893.578	1893.678	49	DH	2	20
1893.678	1893.778	19	EH1	2	20
1893.778	1893.808	58	N	2	20
1893.808	1893.898	50	F	2	20
1893.898	1893.958	28	IH1	2	20
1893.958	1894.078	56	L	2	20
1894.078	1894.128	28	IH1	2	20
1894.128	1894.198	58	N	2	20
1894.198	1894.228	49	DH	2	20
1894.228	1894.318	31	IY0	2	20
1894.318	1894.378	29	IH2	2	20
1894.378	1894.458	58	N	2	20
1894.458	1894.528	64	T	2	20
1894.528	1894.978	28	IH1	2	20
1894.978	1895.008	61	R	2	20
1895.008	1895.058	31	IY0	2	20
1895.058	1895.098	21	ER0	2	20
1903.608	1903.668	49	DH	2	21
1903.668	1903.738	7	AH1	2	21
1903.738	1903.788	67	W	2	21
1903.788	1903.838	10	AO1	2	21
1903.838	1904.028	64	T	2	21
1904.028	1904.058	21	ER0	2	21
1904.058	1904.108	54	K	2	21
1904.108	1904.148	6	AH0	2	21
1904.148	1904.218	58	N	2	21
1904.218	1904.258	64	T	2	21
1904.258	1904.408	25	EY1	2	21
1904.408	1904.448	58	N	2	21
1904.448	1904.488	48	D	2	21
1904.488	1904.528	74	sp	2	21
1904.528	1904.748	64	T	2	21
1904.748	1904.798	44	UW1	2	21
1904.798	1904.828	57	M	2	21
1904.828	1904.928	7	AH1	2	21
1904.928	1904.978	47	CH	2	21
1904.978	1905.008	74	sp	2	21
1905.008	1905.078	54	K	2	21
1905.078	1905.108	56	L	2	21
1905.108	1905.218	10	AO1	2	21
1905.218	1905.318	61	R	2	21
1905.318	1905.458	31	IY0	2	21
1905.458	1905.498	58	N	2	21
1905.498	1905.538	4	AE1	2	21
1905.538	1905.618	58	N	2	21
1905.618	1905.648	48	D	2	21
1905.648	1905.728	62	S	2	21
1905.728	1905.768	64	T	2	21
1905.768	1905.898	7	AH1	2	21
1905.898	1905.948	59	NG	2	21
1905.948	1906.018	52	HH	2	21
1906.018	1906.068	28	IH1	2	21
1906.068	1906.128	69	Z	2	21
1906.128	1906.448	16	AY1	2	21
1906.448	1906.678	69	Z	2	21
1914.308	1914.388	53	JH	2	22
1914.388	1914.558	1	AA1	2	22
1914.558	1914.588	58	N	2	22
1914.588	1914.668	69	Z	2	22
1914.668	1914.728	46	B	2	22
1914.728	1914.768	61	R	2	22
1914.768	1914.838	7	AH1	2	22
1914.838	1914.878	49	DH	2	22
1914.878	1914.918	21	ER0	2	22
1914.918	1915.018	61	R	2	22
1915.018	1915.108	31	IY0	2	22
1915.108	1915.208	60	P	2	22
1915.208	1915.258	25	EY1	2	22
1915.258	1915.298	58	N	2	22
1915.298	1915.428	64	T	2	22
1915.428	1915.468	6	AH0	2	22
1915.468	1915.498	48	D	2	22
1915.498	1915.538	49	DH	2	22
1915.538	1915.588	31	IY0	2	22
1915.588	1915.628	51	G	2	22
1915.628	1915.678	21	ER0	2	22
1915.678	1915.948	1	AA1	2	22
1915.948	1916.118	70	ZH	2	22
1916.118	1916.188	48	D	2	22
1916.188	1916.348	10	AO1	2	22
1916.348	1916.468	61	R	2	22
1923.758	1923.848	47	CH	2	23
1923.848	1924.128	4	AE1	2	23
1924.128	1924.168	56	L	2	23
1924.168	1924.198	6	AH0	2	23
1924.198	1924.298	58	N	2	23
1924.298	1924.358	53	JH	2	23
1924.358	1924.378	74	sp	2	23
1924.378	1924.408	32	IY1	2	23
1924.408	1924.458	47	CH	2	23
1924.458	1924.498	53	JH	2	23
1924.498	1924.578	19	EH1	2	23
1924.578	1924.658	58	N	2	23
1924.658	1924.738	61	R	2	23
1924.738	1924.768	6	AH0	2	23
1924.768	1924.928	56	L	2	23
1924.928	1924.988	69	Z	2	23
1924.988	1925.028	29	IH2	2	23
1925.028	1925.078	58	N	2	23
1925.078	1925.208	64	T	2	23
1925.208	1925.298	19	EH1	2	23
1925.298	1925.408	56	L	2	23
1925.408	1925.458	6	AH0	2	23
1925.458	1925.548	53	JH	2	23
1925.548	1925.588	6	AH0	2	23
1925.588	1925.688	58	N	2	23
1925.688	1925.938	62	S	2	23
1932.968	1933.138	5	AE2	2	24
1933.138	1933.168	57	M	2	24
1933.168	1933.198	46	B	2	24
1933.198	1933.238	6	AH0	2	24
1933.238	1933.288	48	D	2	24
1933.288	1933.398	19	EH1	2	24
1933.398	1933.438	54	K	2	24
1933.438	1933.528	62	S	2	24
1933.528	1933.598	64	T	2	24
1933.598	1933.638	61	R	2	24
1933.638	1933.668	6	AH0	2	24
1933.668	1933.788	62	S	2	24
1933.788	1933.818	60	P	2	24
1933.818	1933.948	28	IH1	2	24
1933.948	1934.018	54	K	2	24
1934.018	1934.068	60	P	2	24
1934.068	1934.208	2	AA2	2	24
1934.208	1934.298	54	K	2	24
1934.298	1934.358	6	AH0	2	24
1934.358	1934.398	64	T	2	24
1934.398	1934.428	62	S	2	24
1934.428	1934.488	6	AH0	2	24
1934.488	1934.588	54	K	2	24
1934.588	1934.718	1	AA1	2	24
1934.718	1934.748	57	M	2	24
1934.748	1934.778	60	P	2	24
1934.778	1934.848	56	L	2	24
1934.848	1934.878	27	IH0	2	24
1934.878	1935.008	63	SH	2	24
1935.008	1935.068	57	M	2	24
1935.068	1935.198	10	AO1	2	24
1935.198	1935.348	61	R	2	24
1942.418	1942.488	6	AH0	2	25
1942.488	1942.568	57	M	2	25
1942.568	1942.658	7	AH1	2	25
1942.658	1942.728	62	S	2	25
1942.728	1942.768	54	K	2	25
1942.768	1942.818	68	Y	2	25
1942.818	1942.848	6	AH0	2	25
1942.848	1942.888	56	L	2	25
1942.888	1942.938	21	ER0	2	25
1942.938	1943.198	4	AE1	2	25
1943.198	1943.228	46	B	2	25
1943.228	1943.288	48	D	2	25
1943.288	1943.348	6	AH0	2	25
1943.348	1943.398	57	M	2	25
1943.398	1943.438	6	AH0	2	25
1943.438	1943.508	58	N	2	25
1943.508	1943.558	28	IH1	2	25
1943.558	1943.638	69	Z	2	25
1943.638	1943.698	51	G	2	25
1943.698	1943.758	41	UH1	2	25
1943.758	1943.828	48	D	2	25
1943.828	1943.898	50	F	2	25
1943.898	1943.988	61	R	2	25
1943.988	1944.018	21	ER0	2	25
1944.018	1944.118	68	Y	2	25
1944.118	1944.148	41	UH1	2	25
1944.148	1944.208	61	R	2	25
1944.208	1944.248	46	B	2	25
1944.248	1944.438	4	AE1	2	25
1944.438	1944.798	54	K	2	25
1952.638	1952.678	49	DH	2	26
1952.678	1952.858	25	EY1	2	26
1952.858	1952.988	35	OW1	2	26
1952.988	1953.058	58	N	2	26
1953.058	1953.118	6	AH0	2	26
1953.118	1953.178	46	B	2	26
1953.178	1953.338	28	IH1	2	26
1953.338	1953.368	51	G	2	26
1953.368	1953.448	52	HH	2	26
1953.448	1953.638	13	AW1	2	26
1953.638	1953.748	62	S	2	26
1953.748	1953.778	6	AH0	2	26
1953.778	1953.838	58	N	2	26
1953.838	1953.868	49	DH	2	26
1953.868	1953.908	7	AH1	2	26
1953.908	1953.988	61	R	2	26
1953.988	1954.018	6	AH0	2	26
1954.018	1954.098	57	M	2	26
1954.098	1954.238	35	OW1	2	26
1954.238	1954.278	64	T	2	26
1954.278	1954.438	54	K	2	26
1954.438	1954.468	7	AH1	2	26
1954.468	1954.538	58	N	2	26
1954.538	1954.588	64	T	2	26
1954.588	1954.648	61	R	2	26
1954.648	1954.728	31	IY0	2	26
1954.728	1954.828	62	S	2	26
1954.828	1955.058	17	AY2	2	26
1955.058	1955.098	48	D	2	26
1962.568	1962.638	49	DH	2	27
1962.638	1962.678	7	AH1	2	27
1962.678	1962.868	61	R	2	27
1962.868	1962.998	35	OW1	2	27
1962.998	1963.048	69	Z	2	27
1963.048	1963.138	54	K	2	27
1963.138	1963.178	9	AO0	2	27
1963.178	1963.248	61	R	2	27
1963.248	1963.328	62	S	2	27
1963.328	1963.538	1	AA1	2	27
1963.538	1963.598	70	ZH	2	27
1963.598	1963.718	62	S	2	27
1963.718	1963.768	57	M	2	27
1963.768	1963.818	19	EH1	2	27
1963.818	1963.908	56	L	2	27
1963.908	1963.948	48	D	2	27
1963.948	1964.068	62	S	2	27
1964.068	1964.108	67	W	2	27
1964.108	1964.308	32	IY1	2	27
1964.308	1964.348	64	T	2	27
1971.598	1971.648	49	DH	2	28
1971.648	1971.718	4	AE1	2	28
1971.718	1971.828	64	T	2	28
1971.828	1971.858	60	P	2	28
1971.858	1972.028	28	IH1	2	28
1972.028	1972.058	54	K	2	28
1972.058	1972.088	60	P	2	28
1972.088	1972.218	2	AA2	2	28
1972.218	1972.298	54	K	2	28
1972.298	1972.378	6	AH0	2	28
1972.378	1972.408	64	T	2	28
1972.408	1972.438	67	W	2	28
1972.438	1972.488	7	AH1	2	28
1972.488	1972.538	69	Z	2	28
1972.538	1972.628	54	K	2	28
1972.628	1972.828	1	AA1	2	28
1972.828	1972.858	64	T	2	28
1972.858	1972.918	61	R	2	28
1972.918	1973.008	19	EH1	2	28
1973.008	1973.038	48	D	2	28
1973.038	1973.288	52	HH	2	28
1973.288	1973.358	4	AE1	2	28
1973.358	1973.398	58	N	2	28
1973.398	1973.478	48	D	2	28
1973.478	1973.538	6	AH0	2	28
1973.538	1973.668	48	D	2	28
1982.528	1982.618	4	AE1	2	29
1982.618	1982.668	58	N	2	29
1982.668	1982.728	4	AE1	2	29
1982.728	1982.778	48	D	2	29
1982.778	1982.838	6	AH0	2	29
1982.838	1982.988	56	L	2	29
1982.988	1983.068	64	T	2	29
1983.068	1983.098	57	M	2	29
1983.098	1983.178	25	EY1	2	29
1983.178	1983.288	56	L	2	29
1983.288	1983.348	46	B	2	29
1983.348	1983.418	6	AH0	2	29
1983.418	1983.508	46	B	2	29
1983.508	1983.638	44	UW1	2	29
1983.638	1983.738	58	N	2	29
1983.738	1983.858	69	Z	2	29
1983.858	1983.948	64	T	2	29
1983.948	1984.108	32	IY1	2	29
1984.108	1984.188	65	TH	2	29
1984.188	1984.258	21	ER0	2	29
1984.258	1984.308	58	N	2	29
1984.308	1984.478	1	AA1	2	29
1984.478	1984.558	64	T	2	29
1984.558	1984.718	62	S	2	29
1984.718	1984.818	44	UW1	2	29
1984.818	1984.858	64	T	2	29
1984.858	1984.888	6	AH0	2	29
1984.888	1984.958	46	B	2	29
1984.958	1984.988	6	AH0	2	29
1984.988	1985.088	56	L	2	29
1985.088	1985.138	50	F	2	29
1985.138	1985.168	61	R	2	29
1985.168	1985.218	21	ER0	2	29
1985.218	1985.388	32	IY1	2	29
1985.388	1985.418	64	T	2	29
1985.418	1985.448	27	IH0	2	29
1985.448	1985.538	59	NG	2	29
1985.538	1985.688	63	SH	2	29
1985.688	1985.738	19	EH1	2	29
1985.738	1985.838	56	L	2	29
1985.838	1985.908	50	F	2	29
1985.908	1986.028	29	IH2	2	29
1986.028	1986.328	63	SH	2	29
1993.308	1993.408	52	HH	2	30
1993.408	1993.508	21	ER0	2	30
1993.508	1993.548	67	W	2	30
1993.548	1993.618	10	AO1	2	30
1993.618	1993.688	61	R	2	30
1993.688	1993.858	48	D	2	30
1993.858	1993.908	61	R	2	30
1993.908	1993.938	36	OW2	2	30
1993.938	1993.968	46	B	2	30
1993.968	1993.998	54	K	2	30
1993.998	1994.048	6	AH0	2	30
1994.048	1994.118	58	N	2	30
1994.118	1994.228	62	S	2	30
1994.228	1994.308	28	IH1	2	30
1994.308	1994.438	62	S	2	30
1994.438	1994.478	7	AH1	2	30
1994.478	1994.538	66	V	2	30
1994.538	1994.658	35	OW1	2	30
1994.658	1994.718	58	N	2	30
1994.718	1994.748	56	L	2	30
1994.748	1994.868	31	IY0	2	30
1994.868	1994.958	62	S	2	30
1994.958	1995.008	54	K	2	30
1995.008	1995.108	22	ER1	2	30
1995.108	1995.188	64	T	2	30
1995.188	1995.268	62	S	2	30
1995.268	1995.298	4	AE1	2	30
1995.298	1995.328	58	N	2	30
1995.328	1995.358	48	D	2	30
1995.358	1995.428	46	B	2	30
1995.428	1995.498	56	L	2	30
1995.498	1995.618	13	AW1	2	30
1995.618	1995.758	62	S	2	30
1995.758	1995.848	6	AH0	2	30
1995.848	1996.098	69	Z	2	30
2002.378	2002.568	64	T	2	31
2002.568	2002.598	44	UW1	2	31
2002.598	2002.908	1	AA1	2	31
2002.908	2002.938	61	R	2	31
2002.938	2003.078	64	T	2	31
2003.078	2003.108	6	AH0	2	31
2003.108	2003.368	62	S	2	31
2003.368	2003.458	27	IH0	2	31
2003.458	2003.518	54	K	2	31
2003.518	2003.678	62	S	2	31
2003.678	2003.708	47	CH	2	31
2003.708	2003.888	25	EY1	2	31
2003.888	2003.968	58	N	2	31
2003.968	2004.048	53	JH	2	31
2004.048	2004.168	48	D	2	31
2004.168	2004.338	10	AO1	2	31
2004.338	2004.398	64	T	2	31
2004.398	2004.438	6	AH0	2	31
2004.438	2004.468	51	G	2	31
2004.468	2004.498	61	R	2	31
2004.498	2004.698	5	AE2	2	31
2004.698	2004.738	50	F	2	31
2004.738	2005.008	62	S	2	31
2012.008	2012.068	46	B	2	32
2012.068	2012.108	7	AH1	2	32
2012.108	2012.448	64	T	2	32
2012.448	2012.478	21	ER0	2	32
2012.478	2012.518	62	S	2	32
2012.518	2012.548	54	K	2	32
2012.548	2012.578	2	AA2	2	32
2012.578	2012.608	47	CH	2	32
2012.608	2012.638	50	F	2	32
2012.638	2012.808	7	AH1	2	32
2012.808	2012.988	53	JH	2	32
2012.988	2013.058	51	G	2	32
2013.058	2013.228	35	OW1	2	32
2013.228	2013.368	69	Z	2	32
2013.368	2013.428	67	W	2	32
2013.428	2013.498	19	EH1	2	32
2013.498	2013.598	56	L	2	32
2013.598	2013.638	67	W	2	32
2013.638	2013.668	28	IH1	2	32
2013.668	2013.768	65	TH	2	32
2013.768	2013.798	66	V	2	32
2013.798	2013.848	6	AH0	2	32
2013.848	2013.948	58	N	2	32
2013.948	2013.978	28	IH1	2	32
2013.978	2014.068	56	L	2	32
2014.068	2014.098	6	AH0	2	32
2014.098	2014.378	16	AY1	2	32
2014.378	2014.468	62	S	2	32
2014.468	2014.488	74	sp	2	32
2014.488	2014.548	54	K	2	32
2014.548	2014.628	61	R	2	32
2014.628	2014.738	32	IY1	2	32
2014.738	2014.918	57	M	2	32
2022.848	2022.898	61	R	2	33
2022.898	2023.008	28	IH1	2	33
2023.008	2023.148	47	CH	2	33
2023.148	2023.198	60	P	2	33
2023.198	2023.328	22	ER1	2	33
2023.328	2023.408	47	CH	2	33
2023.408	2023.468	6	AH0	2	33
2023.468	2023.588	62	S	2	33
2023.588	2023.628	64	T	2	33
2023.628	2023.818	62	S	2	33
2023.818	2023.918	19	EH1	2	33
2023.918	2023.978	66	V	2	33
2023.978	2024.058	61	R	2	33
2024.058	2024.088	6	AH0	2	33
2024.088	2024.178	56	L	2	33
2024.178	2024.338	62	S	2	33
2024.338	2024.618	16	AY1	2	33
2024.618	2024.758	58	N	2	33
2024.758	2024.788	48	D	2	33
2024.788	2024.808	74	sp	2	33
2024.808	2024.888	56	L	2	33
2024.888	2024.918	28	IH1	2	33
2024.918	2024.998	65	TH	2	33
2024.998	2025.058	6	AH0	2	33
2025.058	2025.088	51	G	2	33
2025.088	2025.118	61	R	2	33
2025.118	2025.378	5	AE2	2	33
2025.378	2025.488	50	F	2	33
2025.488	2025.728	62	S	2	33
2033.388	2033.628	19	EH1	2	34
2033.628	2033.728	58	N	2	34
2033.728	2033.758	31	IY0	2	34
2033.758	2033.788	54	K	2	34
2033.788	2033.818	2	AA2	2	34
2033.818	2033.848	58	N	2	34
2033.848	2033.918	64	T	2	34
2033.918	2033.948	61	R	2	34
2033.948	2033.988	6	AH0	2	34
2033.988	2034.028	46	B	2	34
2034.028	2034.128	68	Y	2	34
2034.128	2034.158	44	UW1	2	34
2034.158	2034.238	63	SH	2	34
2034.238	2034.288	6	AH0	2	34
2034.288	2034.358	58	N	2	34
2034.358	2034.438	69	Z	2	34
2034.438	2034.478	67	W	2	34
2034.478	2034.508	6	AH0	2	34
2034.508	2034.538	56	L	2	34
2034.538	2034.588	46	B	2	34
2034.588	2034.658	31	IY0	2	34
2034.658	2034.708	51	G	2	34
2034.708	2034.758	61	R	2	34
2034.758	2034.848	25	EY1	2	34
2034.848	2034.878	64	T	2	34
2034.878	2034.908	56	L	2	34
2034.908	2035.038	31	IY0	2	34
2035.038	2035.078	6	AH0	2	34
2035.078	2035.158	60	P	2	34
2035.158	2035.198	61	R	2	34
2035.198	2035.278	32	IY1	2	34
2035.278	2035.428	63	SH	2	34
2035.428	2035.468	31	IY0	2	34
2035.468	2035.588	26	EY2	2	34
2035.588	2035.638	64	T	2	34
2035.638	2035.678	6	AH0	2	34
2035.678	2035.818	48	D	2	34
2035.818	2035.838	74	sp	2	34
2035.838	2035.878	49	DH	2	34
2035.878	2035.928	6	AH0	2	34
2043.068	2043.098	54	K	2	35
2043.098	2043.128	61	R	2	35
2043.128	2043.628	4	AE1	2	35
2043.628	2043.968	58	N	2	35
2043.968	2044.018	46	B	2	35
2044.018	2044.128	20	EH2	2	35
2044.128	2044.178	61	R	2	35
2044.178	2044.258	31	IY0	2	35
2044.258	2044.308	46	B	2	35
2044.308	2044.518	1	AA1	2	35
2044.518	2044.588	51	G	2	35
2044.588	2044.598	74	sp	2	35
2044.598	2044.708	51	G	2	35
2044.708	2044.778	28	IH1	2	35
2044.778	2044.818	64	T	2	35
2044.818	2044.888	62	S	2	35
2044.888	2044.918	66	V	2	35
2044.918	2045.018	19	EH1	2	35
2045.018	2045.058	61	R	2	35
2045.058	2045.158	31	IY0	2	35
2045.158	2045.218	60	P	2	35
2045.218	2045.258	61	R	2	35
2045.258	2045.308	28	IH1	2	35
2045.308	2045.338	64	T	2	35
2045.338	2045.388	31	IY0	2	35
2045.388	2045.488	28	IH1	2	35
2045.488	2045.528	58	N	2	35
2045.528	2045.738	10	AO1	2	35
2045.738	2045.788	64	T	2	35
2045.788	2045.858	6	AH0	2	35
2045.858	2046.028	57	M	2	35
2053.368	2053.468	52	HH	2	36
2053.468	2053.778	13	AW1	2	36
2053.778	2053.838	48	D	2	36
2053.838	2053.868	44	UW1	2	36
2053.868	2053.958	38	OY1	2	36
2053.958	2054.098	62	S	2	36
2054.098	2054.178	64	T	2	36
2054.178	2054.248	21	ER0	2	36
2054.248	2054.358	69	Z	2	36
2054.358	2054.408	57	M	2	36
2054.408	2054.508	25	EY1	2	36
2054.508	2054.568	54	K	2	36
2054.568	2054.658	60	P	2	36
2054.658	2054.858	22	ER1	2	36
2054.858	2054.978	56	L	2	36
2054.978	2055.208	69	Z	2	36
2055.208	2055.348	74	sp	2	36
2055.348	2055.378	57	M	2	36
2055.378	2055.408	25	EY1	2	36
2055.408	2055.428	74	sp	2	36
2055.428	2055.458	16	AY1	2	36
2062.108	2062.218	6	AH0	2	37
2062.218	2062.268	74	sp	2	37
2062.268	2062.298	60	P	2	37
2062.298	2062.948	1	AA1	2	37
2062.948	2063.178	61	R	2	37
2063.178	2063.278	50	F	2	37
2063.278	2063.458	25	EY1	2	37
2063.458	2063.618	4	AE1	2	37
2063.618	2063.648	50	F	2	37
2063.648	2063.748	64	T	2	37
2063.748	2063.818	21	ER0	2	37
2063.818	2063.928	16	AY1	2	37
2063.928	2064.088	32	IY1	2	37
2064.088	2064.118	64	T	2	37
2064.118	2064.178	48	D	2	37
2064.178	2064.258	28	IH1	2	37
2064.258	2064.468	58	N	2	37
2064.468	2064.518	21	ER0	2	37
2071.228	2071.318	28	IH1	2	38
2071.318	2071.398	69	Z	2	38
2071.398	2071.428	63	SH	2	38
2071.428	2071.498	32	IY1	2	38
2071.498	2071.528	51	G	2	38
2071.528	2071.968	35	OW1	2	38
2071.968	2071.998	6	AH0	2	38
2071.998	2072.028	58	N	2	38
2072.028	2072.058	67	W	2	38
2072.058	2072.308	28	IH1	2	38
2072.308	2072.388	65	TH	2	38
2080.918	2080.988	68	Y	2	39
2080.988	2081.018	44	UW1	2	39
2081.018	2081.338	74	sp	2	39
2081.338	2081.398	54	K	2	39
2081.398	2081.468	4	AE1	2	39
2081.468	2081.498	58	N	2	39
2081.498	2081.528	49	DH	2	39
2081.528	2081.638	31	IY0	2	39
2081.638	2081.828	25	EY1	2	39
2081.828	2081.878	53	JH	2	39
2081.878	2081.938	6	AH0	2	39
2081.938	2081.968	58	N	2	39
2081.968	2082.038	62	S	2	39
2082.038	2082.158	31	IY0	2	39
2082.158	2082.328	35	OW1	2	39
2082.328	2082.368	66	V	2	39
2082.368	2082.478	21	ER0	2	39
2082.478	2082.548	65	TH	2	39
2082.548	2082.688	61	R	2	39
2082.688	2082.828	36	OW2	2	39
2082.828	2083.008	25	EY1	2	39
2083.008	2083.078	56	L	2	39
2083.078	2083.178	31	IY0	2	39
2083.178	2083.218	6	AH0	2	39
2083.218	2083.258	58	N	2	39
2083.258	2083.378	50	F	2	39
2083.378	2083.448	10	AO1	2	39
2083.448	2083.508	61	R	2	39
2083.508	2083.638	62	S	2	39
2083.638	2083.768	6	AH0	2	39
2083.768	2083.988	69	Z	2	39
2090.438	2090.518	6	AH0	2	40
2090.518	2090.628	62	S	2	40
2090.628	2090.678	54	K	2	40
2090.678	2090.768	61	R	2	40
2090.768	2090.798	44	UW1	2	40
2090.798	2090.908	48	D	2	40
2090.908	2090.998	61	R	2	40
2090.998	2091.028	17	AY2	2	40
2091.028	2091.088	66	V	2	40
2091.088	2091.128	21	ER0	2	40
2091.128	2091.258	28	IH1	2	40
2091.258	2091.338	69	Z	2	40
2091.338	2091.378	57	M	2	40
2091.378	2091.568	25	EY1	2	40
2091.568	2091.598	48	D	2	40
2091.598	2091.648	50	F	2	40
2091.648	2091.718	21	ER0	2	40
2091.718	2091.818	57	M	2	40
2091.818	2091.868	66	V	2	40
2091.868	2092.018	1	AA1	2	40
2092.018	2092.058	48	D	2	40
2092.058	2092.128	54	K	2	40
2092.128	2092.158	6	AH0	2	40
2092.158	2092.368	4	AE1	2	40
2092.368	2092.438	58	N	2	40
2092.438	2092.468	48	D	2	40
2092.468	2092.548	10	AO1	2	40
2092.548	2092.608	61	R	2	40
2092.608	2092.638	6	AH0	2	40
2092.638	2092.678	58	N	2	40
2092.678	2092.788	53	JH	2	40
2092.788	2092.878	53	JH	2	40
2092.878	2092.988	44	UW1	2	40
2092.988	2093.288	62	S	2	40
2100.678	2100.768	52	HH	2	41
2100.768	2100.808	13	AW1	2	41
2100.808	2100.838	57	M	2	41
2100.838	2100.918	7	AH1	2	41
2100.918	2100.978	47	CH	2	41
2100.978	2101.038	6	AH0	2	41
2101.038	2101.118	56	L	2	41
2101.118	2101.308	13	AW1	2	41
2101.308	2101.338	6	AH0	2	41
2101.338	2101.378	58	N	2	41
2101.378	2101.508	62	S	2	41
2101.508	2101.558	48	D	2	41
2101.558	2101.588	44	UW1	2	41
2101.588	2101.678	68	Y	2	41
2101.678	2101.728	44	UW1	2	41
2101.728	2101.768	51	G	2	41
2101.768	2101.968	19	EH1	2	41
2101.968	2102.048	64	T	2	41
2108.938	2109.028	62	S	2	42
2109.028	2109.098	28	IH1	2	42
2109.098	2109.138	54	K	2	42
2109.138	2109.188	56	L	2	42
2109.188	2109.218	27	IH0	2	42
2109.218	2109.268	54	K	2	42
2109.268	2109.348	6	AH0	2	42
2109.348	2109.398	56	L	2	42
2109.398	2109.428	60	P	2	42
2109.428	2109.528	61	R	2	42
2109.528	2109.608	35	OW1	2	42
2109.608	2109.638	51	G	2	42
2109.638	2109.668	61	R	2	42
2109.668	2109.808	5	AE2	2	42
2109.808	2109.868	57	M	2	42
2109.868	2109.958	69	Z	2	42
2109.958	2110.018	67	W	2	42
2110.018	2110.048	6	AH0	2	42
2110.048	2110.078	56	L	2	42
2110.078	2110.108	58	N	2	42
2110.108	2110.198	19	EH1	2	42
2110.198	2110.248	66	V	2	42
2110.248	2110.308	21	ER0	2	42
2110.308	2110.388	54	K	2	42
2110.388	2110.488	6	AH0	2	42
2110.488	2110.538	57	M	2	42
2110.538	2110.598	60	P	2	42
2110.598	2110.828	16	AY1	2	42
2110.828	2110.988	56	L	2	42
2118.368	2118.458	49	DH	2	43
2118.458	2118.488	6	AH0	2	43
2118.488	2118.578	46	B	2	43
2118.578	2118.758	1	AA1	2	43
2118.758	2118.828	62	S	2	43
2118.828	2118.938	64	T	2	43
2118.938	2118.968	6	AH0	2	43
2118.968	2118.998	58	N	2	43
2118.998	2119.028	46	B	2	43
2119.028	2119.108	3	AE0	2	43
2119.108	2119.218	56	L	2	43
2119.218	2119.448	25	EY1	2	43
2119.448	2119.588	35	OW1	2	43
2119.588	2119.628	66	V	2	43
2119.628	2119.708	21	ER0	2	43
2119.708	2119.858	54	K	2	43
2119.858	2120.018	25	EY1	2	43
2120.018	2120.098	57	M	2	43
2120.098	2120.128	49	DH	2	43
2120.128	2120.218	19	EH1	2	43
2120.218	2120.258	61	R	2	43
2120.258	2120.348	50	F	2	43
2120.348	2120.458	7	AH1	2	43
2120.458	2120.498	58	N	2	43
2120.498	2120.528	48	D	2	43
2120.528	2120.568	27	IH0	2	43
2120.568	2120.678	59	NG	2	43
2120.678	2120.828	63	SH	2	43
2120.828	2120.888	10	AO1	2	43
2120.888	2120.968	61	R	2	43
2120.968	2121.078	64	T	2	43
2121.078	2121.128	6	AH0	2	43
2121.128	2121.458	53	JH	2	43
2132.128	2132.328	19	EH1	2	44
2132.328	2132.368	66	V	2	44
2132.368	2132.398	21	ER0	2	44
2132.398	2132.478	31	IY0	2	44
2132.478	2132.568	54	K	2	44
2132.568	2132.768	4	AE1	2	44
2132.768	2132.808	46	B	2	44
2132.808	2132.888	58	N	2	44
2132.888	2133.008	32	IY1	2	44
2133.008	2133.048	48	D	2	44
2133.048	2133.098	69	Z	2	44
2133.098	2133.128	61	R	2	44
2133.128	2133.198	31	IY0	2	44
2133.198	2133.288	60	P	2	44
2133.288	2133.368	25	EY1	2	44
2133.368	2133.418	58	N	2	44
2133.418	2133.508	64	T	2	44
2133.508	2133.548	27	IH0	2	44
2133.548	2133.638	59	NG	2	44
2133.638	2133.858	10	AO1	2	44
2133.858	2133.908	50	F	2	44
2133.908	2134.048	64	T	2	44
2134.048	2134.088	6	AH0	2	44
2134.088	2134.268	58	N	2	44
2141.358	2141.618	52	HH	2	45
2141.618	2141.718	19	EH1	2	45
2141.718	2141.758	56	L	2	45
2141.758	2141.788	60	P	2	45
2141.788	2141.818	51	G	2	45
2141.818	2141.848	61	R	2	45
2141.848	2142.038	19	EH1	2	45
2142.038	2142.068	51	G	2	45
2142.068	2142.118	64	T	2	45
2142.118	2142.188	6	AH0	2	45
2142.188	2142.228	60	P	2	45
2142.228	2142.338	28	IH1	2	45
2142.338	2142.388	54	K	2	45
2142.388	2142.478	6	AH0	2	45
2142.478	2142.538	60	P	2	45
2142.538	2142.658	19	EH1	2	45
2142.658	2142.718	54	K	2	45
2142.718	2142.778	7	AH1	2	45
2142.778	2142.858	66	V	2	45
2142.858	2142.898	60	P	2	45
2142.898	2142.958	6	AH0	2	45
2142.958	2143.248	64	T	2	45
2143.248	2143.318	25	EY1	2	45
2143.318	2143.358	64	T	2	45
2143.358	2143.398	34	OW0	2	45
2143.398	2143.618	69	Z	2	45
2150.648	2150.718	67	W	2	46
2150.718	2150.808	32	IY1	2	46
2150.808	2150.838	56	L	2	46
2150.838	2151.018	16	AY1	2	46
2151.018	2151.138	54	K	2	46
2151.138	2151.188	46	B	2	46
2151.188	2151.278	56	L	2	46
2151.278	2151.358	44	UW1	2	46
2151.358	2151.468	47	CH	2	46
2151.468	2151.628	32	IY1	2	46
2151.628	2151.718	69	Z	2	46
2151.718	2151.788	46	B	2	46
2151.788	2151.848	7	AH1	2	46
2151.848	2151.908	64	T	2	46
2151.908	2151.938	66	V	2	46
2151.938	2152.048	28	IH1	2	46
2152.048	2152.078	54	K	2	46
2152.078	2152.208	64	T	2	46
2152.208	2152.238	21	ER0	2	46
2152.238	2152.268	56	L	2	46
2152.268	2152.378	16	AY1	2	46
2152.378	2152.448	54	K	2	46
2152.448	2152.588	62	S	2	46
2152.588	2152.638	46	B	2	46
2152.638	2152.718	61	R	2	46
2152.718	2152.958	32	IY1	2	46
2160.488	2160.578	54	K	2	47
2160.578	2160.708	13	AW1	2	47
2160.708	2160.738	58	N	2	47
2160.738	2160.768	64	T	2	47
2160.768	2160.798	49	DH	2	47
2160.798	2160.858	7	AH1	2	47
2160.858	2160.908	58	N	2	47
2160.908	2160.968	7	AH1	2	47
2160.968	2161.018	57	M	2	47
2161.018	2161.058	46	B	2	47
2161.058	2161.138	21	ER0	2	47
2161.138	2161.168	7	AH1	2	47
2161.168	2161.198	66	V	2	47
2161.198	2161.328	64	T	2	47
2161.328	2161.438	32	IY1	2	47
2161.438	2161.468	62	S	2	47
2161.468	2161.498	60	P	2	47
2161.498	2161.528	45	UW2	2	47
2161.528	2161.718	58	N	2	47
2161.718	2161.778	69	Z	2	47
2161.778	2161.858	6	AH0	2	47
2161.858	2161.888	66	V	2	47
2161.888	2162.008	62	S	2	47
2162.008	2162.118	38	OY1	2	47
2162.118	2162.228	62	S	2	47
2162.228	2162.348	11	AO2	2	47
2162.348	2162.468	62	S	2	47
2162.468	2162.498	49	DH	2	47
2162.498	2162.578	4	AE1	2	47
2162.578	2162.668	64	T	2	47
2162.668	2162.748	68	Y	2	47
2162.748	2162.788	44	UW1	2	47
2162.788	2163.048	4	AE1	2	47
2163.048	2163.158	48	D	2	47
2163.158	2163.278	74	sp	2	47
2163.278	2163.318	46	B	2	47
2163.318	2163.348	4	AE1	2	47
2163.348	2163.378	51	G	2	47
2163.378	2163.408	60	P	2	47
2163.408	2163.438	17	AY2	2	47
2163.438	2163.468	60	P	2	47
2163.468	2163.498	62	S	2	47
2170.868	2171.018	4	AE1	2	48
2171.018	2171.478	58	N	2	48
2171.478	2171.538	48	D	2	48
2171.538	2171.588	46	B	2	48
2171.588	2171.738	1	AA1	2	48
2171.738	2171.808	59	NG	2	48
2171.808	2171.868	51	G	2	48
2171.868	2171.938	36	OW2	2	48
2171.938	2172.058	69	Z	2	48
2172.058	2172.118	21	ER0	2	48
2172.118	2172.188	57	M	2	48
2172.188	2172.278	68	Y	2	48
2172.278	2172.308	44	UW1	2	48
2172.308	2172.358	69	Z	2	48
2172.358	2172.408	27	IH0	2	48
2172.408	2172.498	54	K	2	48
2172.498	2172.568	6	AH0	2	48
2172.568	2172.618	56	L	2	48
2172.618	2172.708	28	IH1	2	48
2172.708	2172.788	58	N	2	48
2172.788	2172.898	62	S	2	48
2172.898	2172.978	64	T	2	48
2172.978	2173.038	61	R	2	48
2173.038	2173.068	6	AH0	2	48
2173.068	2173.098	57	M	2	48
2173.098	2173.158	6	AH0	2	48
2173.158	2173.218	58	N	2	48
2173.218	2173.248	64	T	2	48
2173.248	2173.488	62	S	2	48
2180.818	2180.928	52	HH	2	49
2180.928	2180.998	13	AW1	2	49
2180.998	2181.058	51	G	2	49
2181.058	2181.158	41	UH1	2	49
2181.158	2181.188	48	D	2	49
2181.188	2181.298	28	IH1	2	49
2181.298	2181.348	69	Z	2	49
2181.348	2181.438	68	Y	2	49
2181.438	2181.468	41	UH1	2	49
2181.468	2181.518	61	R	2	49
2181.518	2181.548	19	EH1	2	49
2181.548	2181.638	58	N	2	49
2181.638	2181.688	48	D	2	49
2181.688	2181.808	21	ER0	2	49
2181.808	2181.838	6	AH0	2	49
2181.838	2182.018	58	N	2	49
2182.018	2182.298	62	S	2	49
