27.50625	27.775250000000003	375	SHE	1
27.775250000000003	28.114250000000002	490	WORE	1
28.114250000000002	28.50625	471	WARM	1
28.50625	28.91625	158	FLEECY	1
28.91625	29.18625	489	WOOLEN	1
29.18625	29.976250000000004	311	OVERALLS	1
38.693375	38.983375	354	READING	2
38.983375	39.123375	217	IN	2
39.123375	39.334375	335	POOR	2
39.334375	39.627375	240	LIGHT	2
39.627375	39.854375000000005	181	GIVES	2
39.854375000000005	39.966375	495	YOU	2
39.966375	40.623375	150	EYESTRAIN	2
48.75525	48.99125	142	EVEN	3
48.99125	49.124249999999996	211	I	3
49.124249999999996	49.59725	293	OCCASIONALLY	3
49.59725	49.74725	177	GET	3
49.74725	49.804249999999996	434	THE	3
49.804249999999996	50.15525	265	MONDAY	3
50.15525	50.72525	56	BLUES	3
58.3129375	58.3919375	476	WE	4
58.3919375	58.5259375	30	ARE	4
58.5259375	58.785937499999996	301	OPEN	4
58.785937499999996	59.0169375	145	EVERY	4
59.0169375	59.358937499999996	265	MONDAY	4
59.358937499999996	59.8369375	143	EVENING	4
69.35627417181665	69.44928466089166	226	ITS	5
69.44928466089166	69.57091376198977	285	NOT	5
69.57091376198977	69.90432059205868	133	EASY	5
69.90432059205868	70.0288115543591	446	TO	5
70.0288115543591	70.31499767458993	113	CREATE	5
70.31499767458993	70.87878433144466	215	ILLUMINATING	5
70.87878433144466	71.56709736751918	146	EXAMPLES	5
80.378	80.609	270	MUM	6
80.609	81.04299999999999	407	STRONGLY	6
81.04299999999999	81.474	126	DISLIKES	6
81.474	82.304	27	APPETIZERS	6
91.32913310374232	91.56321300786291	443	THOSE	7
91.56321300786291	91.71467647523507	484	WHO	7
91.71467647523507	91.86354261288193	427	TEACH	7
91.86354261288193	92.43298049474237	462	VALUES	7
92.43298049474237	92.75426663765298	156	FIRST	7
92.75426663765298	93.22701624793574	4	ABOLISH	7
93.22701624793574	93.7204199674056	87	CHEATING	7
103.637	103.70700000000001	434	THE	8
103.70700000000001	104.14500000000001	165	FRIGHTENED	8
104.14500000000001	104.48700000000001	89	CHILD	8
104.48700000000001	104.671	472	WAS	8
104.671	104.91600000000001	176	GENTLY	8
104.91600000000001	105.409	410	SUBDUED	8
105.409	105.54700000000001	73	BY	8
105.54700000000001	105.76	208	HIS	8
105.76	105.932	52	BIG	8
105.932	106.32600000000001	66	BROTHER	8
115.1081875	115.3081875	142	EVEN	9
115.3081875	115.3811875	1	A	9
115.3811875	115.7041875	383	SIMPLE	9
115.7041875	116.3811875	468	VOCABULARY	9
116.3811875	116.8371875	104	CONTAINS	9
116.8371875	117.43718750000001	422	SYMBOLS	9
126.988375	127.07537500000001	1	A	10
127.07537500000001	127.339375	110	CRAB	10
127.339375	127.779375	85	CHALLENGED	10
127.779375	128.046375	258	ME	10
128.046375	128.146375	70	BUT	10
128.146375	128.314375	1	A	10
128.314375	128.607375	99999	sp	10
128.607375	128.844375	350	QUICK	10
128.844375	129.153375	402	STAB	10
129.153375	129.60337500000003	464	VANQUISHED	10
129.60337500000003	129.85337500000003	207	HIM	10
139.760625	140.242625	183	GLUCOSE	11
140.242625	140.435625	20	AND	11
140.435625	140.923625	167	FRUCTOSE	11
140.923625	141.10162499999998	30	ARE	11
141.10162499999998	141.525625	276	NATURAL	11
141.525625	142.165625	414	SUGARS	11
142.165625	142.195625	99999	sp	11
142.195625	142.497625	163	FOUND	11
142.497625	142.615625	217	IN	11
142.615625	142.915625	168	FRUIT	11
151.039	151.09599999999998	30	ARE	12
151.09599999999998	151.22599999999997	495	YOU	12
151.22599999999997	151.515	250	LOOKING	12
151.515	151.65599999999998	161	FOR	12
151.65599999999998	152.23499999999999	136	EMPLOYMENT	12
162.1515	162.4445	98	COFFEE	13
162.4445	162.5955	224	IS	13
162.5955	162.8485	198	GROWN	13
162.8485	163.0155	297	ON	13
163.0155	163.3365	404	STEEP	13
163.3365	163.6755	231	JUNGLE	13
163.6755	163.8755	241	LIKE	13
163.8755	164.28549999999998	390	SLOPES	13
164.28549999999998	164.3885	217	IN	13
164.3885	164.7755	431	TEMPERATE	13
164.7755	165.3855	497	ZONES	13
173.0273125	173.0983125	476	WE	14
173.0983125	173.4573125	480	WELCOME	14
173.4573125	173.7463125	256	MANY	14
173.7463125	173.88831249999998	282	NEW	14
173.88831249999998	174.33331249999998	408	STUDENTS	14
174.33331249999998	174.5863125	132	EACH	14
174.5863125	174.85831249999998	491	YEAR	14
183.4188125	183.5678125	298	ONLY	15
183.5678125	183.70081249999998	434	THE	15
183.70081249999998	183.93781249999998	51	BEST	15
183.93781249999998	184.2848125	330	PLAYERS	15
184.2848125	184.5908125	139	ENJOY	15
184.5908125	185.3578125	336	POPULARITY	15
194.13775	194.56575	75	CALCIUM	16
194.56575	194.82575	254	MAKES	16
194.82575	195.30775	58	BONES	16
195.30775	195.44575	20	AND	16
195.44575	195.63575	430	TEETH	16
195.63575	196.17575	406	STRONG	16
204.9004375	205.21743750000002	286	NOTHING	17
205.21743750000002	205.34943750000002	34	AS	17
205.34943750000002	205.4894375	88888	OFF	17
205.4894375	205.58043750000002	88888	EH0	17
205.58043750000002	205.7204375	99999	sp	17
205.7204375	205.8774375	224	IS	17
205.8774375	206.02743750000002	34	AS	17
206.02743750000002	206.74243750000002	295	OFFENSIVE	17
206.74243750000002	206.92543750000002	34	AS	17
206.92543750000002	207.6374375	219	INNOCENCE	17
215.319875	215.711875	405	STEVE	18
215.711875	215.871875	490	WORE	18
215.871875	215.986875	1	A	18
215.986875	216.268875	65	BRIGHT	18
216.268875	216.479875	356	RED	18
216.479875	216.909875	78	CASHMERE	18
216.909875	217.389875	420	SWEATER	18
227.300875	227.667875	46	BARB'S	19
227.667875	227.899875	188	GOLD	19
227.899875	228.300875	63	BRACELET	19
228.300875	228.440875	472	WAS	19
228.440875	228.546875	1	A	19
228.546875	229.175875	193	GRADUATION	19
229.175875	229.550875	339	PRESENT	19
238.830125	239.036125	130	DRAW	20
239.036125	239.327125	145	EVERY	20
239.327125	239.678125	308	OUTER	20
239.678125	240.014125	244	LINE	20
240.014125	240.358125	156	FIRST	20
240.358125	240.485125	436	THEN	20
240.485125	240.708125	154	FILL	20
240.708125	240.828125	217	IN	20
240.828125	240.908125	434	THE	20
240.908125	241.588125	222	INTERIOR	20
251.89407271475332	251.97707271475332	434	THE	21
251.97707271475332	252.2230727147533	88888	WAR	21
252.2230727147533	252.69207271475332	103	CONTAINED	21
252.69207271475332	252.8270727147533	448	TOO	21
252.8270727147533	253.1420727147533	269	MUCH	21
253.1420727147533	253.4400727147533	90	CHLORINE	21
253.4400727147533	253.62107271475332	20	AND	21
253.62107271475332	253.69807271475332	88888	S	21
253.69807271475332	253.9610727147533	99999	sp	21
253.9610727147533	254.0880727147533	434	THE	21
254.0880727147533	254.3900727147533	475	WATER	21
254.3900727147533	254.75007271475332	103	CONTAINED	21
254.75007271475332	254.84007271475332	448	TOO	21
254.84007271475332	254.99607271475332	269	MUCH	21
254.99607271475332	255.28007271475332	90	CHLORINE	21
255.28007271475332	255.39407271475332	20	AND	21
255.39407271475332	255.62007271475332	409	STUNG	21
255.62007271475332	255.7600727147533	208	HIS	21
255.7600727147533	256.18007271475335	149	EYES	21
264.5900625	264.8830625	229	JOHN'S	22
264.8830625	265.0830625	66	BROTHER	22
265.0830625	265.6320625	363	REPAINTED	22
265.6320625	265.7290625	434	THE	22
265.7290625	266.1150625	173	GARAGE	22
266.1150625	266.49206250000003	129	DOOR	22
275.517125	275.98212500000005	84	CHALLENGE	23
275.98212500000005	276.19312500000007	132	EACH	23
276.19312500000007	276.57112500000005	175	GENERAL'S	23
276.57112500000005	277.40312500000005	221	INTELLIGENCE	23
287.2280625	288.0620625	17	AMBIDEXTROUS	24
288.0620625	288.2310625	99999	sp	24
288.2310625	288.80406250000004	327	PICKPOCKETS	24
288.80406250000004	289.3540625	6	ACCOMPLISH	24
289.3540625	289.7110625	267	MORE	24
298.225625	298.299625	1	A	25
298.299625	298.81062499999996	271	MUSCULAR	25
298.81062499999996	299.28662499999996	2	ABDOMEN	25
299.28662499999996	299.51062499999995	224	IS	25
299.51062499999995	299.61862499999995	189	GOOD	25
299.61862499999995	299.77662499999997	161	FOR	25
299.77662499999997	299.879625	496	YOUR	25
299.879625	300.386625	43	BACK	25
309.1343125	309.21031250000004	438	THEY	26
309.21031250000004	309.3483125	317	OWN	26
309.3483125	309.46331250000003	1	A	26
309.46331250000003	309.6253125	52	BIG	26
309.6253125	310.0163125	209	HOUSE	26
310.0163125	310.0563125	217	IN	26
310.0563125	310.10731250000003	434	THE	26
310.10731250000003	310.46531250000004	361	REMOTE	26
310.46531250000004	311.1773125	109	COUNTRYSIDE	26
318.50525	318.59625	434	THE	27
318.59625	318.86625000000004	369	ROSE	27
318.86625000000004	319.35525	106	CORSAGE	27
319.35525	319.64625	393	SMELLED	27
319.64625	320.14325	421	SWEET	27
328.58425	328.78425	433	THAT	28
328.78425	329.40325	326	PICKPOCKET	28
329.40325	329.56025	472	WAS	28
329.56025	329.76325	80	CAUGHT	28
329.76325	330.01525	356	RED	28
330.01525	330.49325	199	HANDED	28
330.49325	330.53625	99999	sp	28
339.9303125	339.9913125	19	AN	29
339.9913125	340.37631250000004	9	ADULT	29
340.37631250000004	340.5863125	255	MALE	29
340.5863125	341.03731250000004	42	BABOON'S	29
341.03731250000004	341.2743125	430	TEETH	29
341.2743125	341.3483125	30	ARE	29
341.3483125	341.5893125	285	NOT	29
341.5893125	341.98431250000004	415	SUITABLE	29
341.98431250000004	342.1803125	161	FOR	29
342.1803125	342.4393125	135	EATING	29
342.4393125	343.0603125	376	SHELLFISH	29
351.8911875	352.0301875	204	HER	30
352.0301875	352.47818750000005	470	WARDROBE	30
352.47818750000005	352.92018750000005	102	CONSISTS	30
352.92018750000005	353.01718750000003	294	OF	30
353.01718750000003	353.2221875	298	ONLY	30
353.2221875	353.61018750000005	385	SKIRTS	30
353.61018750000005	353.70718750000003	20	AND	30
353.70718750000003	354.31018750000004	54	BLOUSES	30
362.6999375	362.81693749999994	434	THE	31
362.81693749999994	362.95593749999995	453	TWO	31
362.95593749999995	363.37493749999993	33	ARTISTS	31
363.37493749999993	363.90993749999996	147	EXCHANGED	31
363.90993749999996	364.71293749999995	39	AUTOGRAPHS	31
373.948625	374.49062499999997	71	BUTTERSCOTCH	32
374.49062499999997	374.831625	169	FUDGE	32
374.831625	375.100625	186	GOES	32
375.100625	375.22862499999997	481	WELL	32
375.22862499999997	375.37762499999997	487	WITH	32
375.37762499999997	375.672625	463	VANILLA	32
375.672625	375.968625	212	ICE	32
375.968625	376.31762499999996	112	CREAM	32
386.7124375	386.99543750000004	366	RICH	33
386.99543750000004	387.3234375	349	PURCHASED	33
387.3234375	387.70143750000005	374	SEVERAL	33
387.70143750000005	388.4314375	382	SIGNED	33
388.4314375	388.62043750000004	99999	sp	33
388.62043750000004	389.3804375	245	LITHOGRAPHS	33
397.10125	397.32925	24	ANY	34
397.32925	398.01425	105	CONTRIBUTIONS	34
398.01425	398.10325	485	WILL	34
398.10325	398.24125	47	BE	34
398.24125	398.54325	195	GREATLY	34
398.54325	399.34425	28	APPRECIATED	34
409.2846875	409.4206875	434	THE	35
409.4206875	409.9636875	111	CRANBERRY	35
409.9636875	410.2536875	57	BOG	35
410.2536875	410.4946875	178	GETS	35
410.4946875	410.7676875	465	VERY	35
410.7676875	411.0136875	340	PRETTY	35
411.0136875	411.1256875	217	IN	35
411.1256875	411.5736875	40	AUTUMN	35
419.944375	420.121375	210	HOW	36
420.121375	420.219375	128	DO	36
420.219375	420.733375	318	OYSTERS	36
420.733375	420.956375	253	MAKE	36
420.956375	421.47337500000003	320	PEARLS	36
429.5778125	429.7658125	257	MAY	37
429.7658125	429.82181249999996	211	I	37
429.82181249999996	430.0588125	304	ORDER	37
430.0588125	430.1328125	1	A	37
430.1328125	430.5368125	319	PARFAIT	37
430.5368125	430.8468125	10	AFTER	37
430.8468125	431.0348125	211	I	37
431.0348125	431.15581249999997	134	EAT	37
431.15581249999997	431.6378125	124	DINNER	37
438.4165625	438.5135625	224	IS	38
438.5135625	438.6835625	375	SHE	38
438.6835625	438.90356249999996	187	GOING	38
438.90356249999996	439.1435625	487	WITH	38
439.1435625	439.3635625	495	YOU	38
448.1905625	448.2845625	76	CAN	39
448.2845625	448.3445625	434	THE	39
448.3445625	448.8395625	11	AGENCY	39
448.8395625	449.4715625	315	OVERTHROW	39
449.4715625	449.86756249999996	13	ALIEN	39
449.86756249999996	450.5345625	162	FORCES	39
459.145125	459.197125	1	A	40
459.197125	459.73312500000003	371	SCREWDRIVER	40
459.73312500000003	459.93712500000004	224	IS	40
459.93712500000004	460.16312500000004	252	MADE	40
460.16312500000004	460.373125	166	FROM	40
460.373125	460.700125	469	VODKA	40
460.700125	460.84812500000004	20	AND	40
460.84812500000004	461.13212500000003	303	ORANGE	40
461.13212500000003	461.69212500000003	230	JUICE	40
469.56275	469.68075	210	HOW	41
469.68075	469.85875	269	MUCH	41
469.85875	470.29375	16	ALLOWANCE	41
470.29375	470.37575	128	DO	41
470.37575	470.54974999999996	495	YOU	41
470.54974999999996	470.79675	177	GET	41
479.4145	479.9215	115	CYCLICAL	42
479.9215	480.4645	88888	PROBLEMS	42
480.4645	480.55449999999996	485	WILL	42
480.55449999999996	480.84149999999994	281	NEVER	42
480.84149999999994	481.30449999999996	100	COMPILE	42
489.745875	489.818875	434	THE	43
489.818875	490.166875	61	BOSTON	43
490.166875	490.481875	45	BALLET	43
490.481875	491.037875	312	OVERCAME	43
491.037875	491.166875	435	THEIR	43
491.166875	491.527875	170	FUNDING	43
491.527875	492.157875	380	SHORTAGE	43
501.95575	502.29675000000003	145	EVERY	44
502.29675000000003	502.61575000000005	74	CAB	44
502.61575000000005	502.90475000000004	280	NEEDS	44
502.90475000000004	503.42175000000003	364	REPAINTING	44
503.42175000000003	503.91575000000006	296	OFTEN	44
512.9579375	513.2079375	203	HELP	45
513.2079375	513.4569374999999	196	GREG	45
513.4569374999999	513.5919374999999	446	TO	45
513.5919374999999	513.7679374999999	325	PICK	45
513.7679374999999	513.8769374999999	1	A	45
513.8769374999999	514.0679375	321	PECK	45
514.0679375	514.1689374999999	294	OF	45
514.1689374999999	514.8799374999999	338	POTATOES	45
523.3904375	523.4834374999999	476	WE	46
523.4834374999999	523.7134374999999	241	LIKE	46
523.7134374999999	523.8944375	55	BLUE	46
523.8944375	524.2854375	88	CHEESE	46
524.2854375	524.4144375	70	BUT	46
524.4144375	524.7284374999999	466	VICTOR	46
524.7284374999999	525.0574375	242	LIKES	46
525.0574375	525.3944375	64	BRIE	46
534.3920830306795	534.6195749958433	108	COUNT	47
534.6195749958433	534.6862676449638	434	THE	47
534.6862676449638	534.9137596101276	289	NUMBER	47
534.9137596101276	535.0544627330902	294	OF	47
535.0544627330902	535.4936668739268	429	TEASPOONS	47
535.4936668739268	535.5936055407041	294	OF	47
535.5936055407041	535.8723818217142	88888	SOY	47
535.8723818217142	536.2169072256039	88888	SAUCE	47
536.2169072256039	536.3168458923811	433	THAT	47
536.3168458923811	536.4785887346653	495	YOU	47
536.4785887346653	536.75905145435	7	ADD	47
545.322375	545.8443749999999	44	BAGPIPES	48
545.8443749999999	546.0833749999999	20	AND	48
546.0833749999999	546.587375	59	BONGOS	48
546.587375	546.6613749999999	30	ARE	48
546.6613749999999	547.1083749999999	273	MUSICAL	48
547.1083749999999	547.8483749999999	220	INSTRUMENTS	48
554.7367117903917	554.9526116533107	210	HOW	49
554.9526116533107	555.0626921755226	189	GOOD	49
555.0626921755226	555.2047315590219	224	IS	49
555.2047315590219	555.3524525178611	496	YOUR	49
555.3524525178611	555.9383649747958	138	ENDURANCE	49
1101.752	1101.808	30	ARE	0
1101.808	1101.902	496	YOUR	0
1101.902	1102.219	192	GRADES	0
1102.219	1102.49	206	HIGHER	0
1102.49	1102.534	302	OR	0
1102.534	1102.808	251	LOWER	0
1102.808	1102.919	432	THAN	0
1102.919	1103.568	275	NANCY'S	0
1110.4303125	1110.6203125	375	SHE	1
1110.6203125	1110.8393125	490	WORE	1
1110.8393125	1111.0893125	471	WARM	1
1111.0893125	1111.4503124999999	158	FLEECY	1
1111.4503124999999	1111.7093125	489	WOOLEN	1
1111.7093125	1112.3903125	311	OVERALLS	1
1119.284125	1119.5211249999998	354	READING	2
1119.5211249999998	1119.6531249999998	217	IN	2
1119.6531249999998	1119.8181249999998	335	POOR	2
1119.8181249999998	1120.034125	240	LIGHT	2
1120.034125	1120.2601249999998	181	GIVES	2
1120.2601249999998	1120.3181249999998	495	YOU	2
1120.3181249999998	1120.9981249999998	150	EYESTRAIN	2
1129.14925	1129.51325	142	EVEN	3
1129.51325	1129.73225	211	I	3
1129.73225	1130.24325	293	OCCASIONALLY	3
1130.24325	1130.46225	177	GET	3
1130.46225	1130.5432500000002	434	THE	3
1130.5432500000002	1130.92325	265	MONDAY	3
1130.92325	1131.43325	56	BLUES	3
1138.81	1138.889	476	WE	4
1138.889	1138.999	30	ARE	4
1138.999	1139.2699999999998	301	OPEN	4
1139.2699999999998	1139.4799999999998	145	EVERY	4
1139.4799999999998	1139.834	265	MONDAY	4
1139.834	1140.2099999999998	143	EVENING	4
1147.6104375	1147.6974375	226	IT'S	5
1147.6974375	1147.8254375000001	285	NOT	5
1147.8254375000001	1148.1304375	133	EASY	5
1148.1304375	1148.2594374999999	446	TO	5
1148.2594374999999	1148.6044375000001	113	CREATE	5
1148.6044375000001	1149.1654375	215	ILLUMINATING	5
1149.1654375	1149.8954375	146	EXAMPLES	5
1157.77175	1157.92075	270	MUM	6
1157.92075	1158.3417500000003	407	STRONGLY	6
1158.3417500000003	1158.7907500000001	126	DISLIKES	6
1158.7907500000001	1159.63075	27	APPETIZERS	6
1168.9121875	1169.1001875	443	THOSE	7
1169.1001875	1169.1791875	484	WHO	7
1169.1791875	1169.4291875	427	TEACH	7
1169.4291875	1169.8301875	462	VALUES	7
1169.8301875	1170.0991875	156	FIRST	7
1170.0991875	1170.4901875	4	ABOLISH	7
1170.4901875	1170.9601874999998	87	CHEATING	7
1181.66925	1181.7422499999998	434	THE	8
1181.7422499999998	1182.02225	165	FRIGHTENED	8
1182.02225	1182.29225	89	CHILD	8
1182.29225	1182.4412499999999	472	WAS	8
1182.4412499999999	1182.6722499999998	176	GENTLY	8
1182.6722499999998	1183.07125	410	SUBDUED	8
1183.07125	1183.1522499999999	73	BY	8
1183.1522499999999	1183.3732499999999	208	HIS	8
1183.3732499999999	1183.5392499999998	52	BIG	8
1183.5392499999998	1183.8922499999999	66	BROTHER	8
1192.3209375	1192.5119374999997	142	EVEN	9
1192.5119374999997	1192.5699375	1	A	9
1192.5699375	1192.9089374999999	383	SIMPLE	9
1192.9089374999999	1193.5449374999998	468	VOCABULARY	9
1193.5449374999998	1193.9599375	104	CONTAINS	9
1193.9599375	1194.5999375	422	SYMBOLS	9
1205.2155	1205.3455	1	A	10
1205.3455	1205.6845	110	CRAB	10
1205.6845	1206.1795	85	CHALLENGED	10
1206.1795	1206.3135	258	ME	10
1206.3135	1206.6605	70	BUT	10
1206.6605	1206.8184999999999	1	A	10
1206.8184999999999	1207.1575	350	QUICK	10
1207.1575	1207.7925	402	STAB	10
1207.7925	1208.3395	464	VANQUISHED	10
1208.3395	1208.5335	207	HIM	10
1218.4109375	1218.8119375	183	GLUCOSE	11
1218.8119375	1218.9299375	20	AND	11
1218.9299375	1219.3789375000001	167	FRUCTOSE	11
1219.3789375000001	1219.4819375000002	30	ARE	11
1219.4819375000002	1219.8179375	276	NATURAL	11
1219.8179375	1220.2009375	414	SUGARS	11
1220.2009375	1220.4419375	163	FOUND	11
1220.4419375	1220.5479375	217	IN	11
1220.5479375	1220.8919375	168	FRUIT	11
1227.8983125	1227.9803124999999	30	ARE	12
1227.9803124999999	1228.0303125	495	YOU	12
1228.0303125	1228.3473125	250	LOOKING	12
1228.3473125	1228.4673125	161	FOR	12
1228.4673125	1229.0373124999999	136	EMPLOYMENT	12
1238.2136875	1238.5276875000002	98	COFFEE	13
1238.5276875000002	1238.6666875000003	224	IS	13
1238.6666875000003	1239.0106875000001	198	GROWN	13
1239.0106875000001	1239.2096875000002	297	ON	13
1239.2096875000002	1239.5276875000002	404	STEEP	13
1239.5276875000002	1239.8006875000003	231	JUNGLE	13
1239.8006875000003	1239.9926875	241	LIKE	13
1239.9926875	1240.4516875000002	390	SLOPES	13
1240.4516875000002	1240.6096875000003	217	IN	13
1240.6096875000003	1240.9006875000002	431	TEMPERATE	13
1240.9006875000002	1241.5106875000001	497	ZONES	13
1250.9723262728162	1251.2923262728164	480	WELCOME	14
1251.2923262728164	1251.9063262728162	256	MANY	14
1251.9063262728162	1252.0013262728162	476	WE	14
1252.0013262728162	1252.3213262728163	480	WELCOME	14
1252.3213262728163	1252.5103262728162	256	MANY	14
1252.5103262728162	1252.6443262728162	282	NEW	14
1252.6443262728162	1253.0213262728162	408	STUDENTS	14
1253.0213262728162	1253.2013262728162	132	EACH	14
1253.2013262728162	1253.4323262728162	491	YEAR	14
1261.752375	1261.967375	298	ONLY	15
1261.967375	1262.135375	434	THE	15
1262.135375	1262.4313750000001	51	BEST	15
1262.4313750000001	1262.881375	330	PLAYERS	15
1262.881375	1263.317375	139	ENJOY	15
1263.317375	1264.148375	336	POPULARITY	15
1272.1484375	1272.5524375	75	CALCIUM	16
1272.5524375	1272.7844375000002	254	MAKES	16
1272.7844375000002	1273.1764375	58	BONES	16
1273.1764375	1273.2834375000002	20	AND	16
1273.2834375000002	1273.4624375	430	TEETH	16
1273.4624375	1273.9534375	406	STRONG	16
1283.0285	1283.3535	286	NOTHING	17
1283.3535	1283.4935	224	IS	17
1283.4935	1283.6535	34	AS	17
1283.6535	1284.1835	295	OFFENSIVE	17
1284.1835	1284.4134999999999	34	AS	17
1284.4134999999999	1285.0735	219	INNOCENCE	17
1294.024375	1294.3753749999998	405	STEVE	18
1294.3753749999998	1294.4933749999998	490	WORE	18
1294.4933749999998	1294.5983749999998	1	A	18
1294.5983749999998	1294.834375	65	BRIGHT	18
1294.834375	1295.064375	356	RED	18
1295.064375	1295.4933749999998	78	CASHMERE	18
1295.4933749999998	1295.9143749999998	420	SWEATER	18
1303.9785625	1304.2685625	46	BARB'S	19
1304.2685625	1304.4485625	188	GOLD	19
1304.4485625	1304.7745625	63	BRACELET	19
1304.7745625	1304.9035625	472	WAS	19
1304.9035625	1304.9505625	1	A	19
1304.9505625	1305.5485625	193	GRADUATION	19
1305.5485625	1305.9295625	339	PRESENT	19
1314.26375	1314.46875	130	DRAW	20
1314.46875	1314.7397500000002	145	EVERY	20
1314.7397500000002	1314.94775	308	OUTER	20
1314.94775	1315.27775	244	LINE	20
1315.27775	1315.68575	156	FIRST	20
1315.68575	1315.81475	436	THEN	20
1315.81475	1316.06475	154	FILL	20
1316.06475	1316.1547500000001	217	IN	20
1316.1547500000001	1316.25475	434	THE	20
1316.25475	1316.9347500000001	222	INTERIOR	20
1327.289875	1327.381875	434	THE	21
1327.381875	1327.731875	475	WATER	21
1327.731875	1328.1398749999998	103	CONTAINED	21
1328.1398749999998	1328.250875	448	TOO	21
1328.250875	1328.5528749999999	269	MUCH	21
1328.5528749999999	1328.996875	90	CHLORINE	21
1328.996875	1329.7058749999999	99999	sp	21
1329.7058749999999	1329.847875	20	AND	21
1329.847875	1330.222875	409	STUNG	21
1330.222875	1330.721875	208	HIS	21
1330.721875	1331.280875	149	EYES	21
1339.409375	1339.466375	99999	sp	22
1339.466375	1339.7703749999998	229	JOHN'S	22
1339.7703749999998	1339.948375	66	BROTHER	22
1339.948375	1340.4343749999998	363	REPAINTED	22
1340.4343749999998	1340.536375	434	THE	22
1340.536375	1340.900375	173	GARAGE	22
1340.900375	1341.2403749999999	129	DOOR	22
1350.64425	1351.0682500000003	84	CHALLENGE	23
1351.0682500000003	1351.2262500000002	132	EACH	23
1351.2262500000002	1351.6162500000003	175	GENERAL'S	23
1351.6162500000003	1352.4052500000003	221	INTELLIGENCE	23
1360.5345	1361.1455	17	AMBIDEXTROUS	24
1361.1455	1361.6815	327	PICKPOCKETS	24
1361.6815	1362.1435	6	ACCOMPLISH	24
1362.1435	1362.4815	267	MORE	24
1372.1599375	1372.2169375	1	A	25
1372.2169375	1372.6569375000001	271	MUSCULAR	25
1372.6569375000001	1373.0969375000002	2	ABDOMEN	25
1373.0969375000002	1373.2789375000002	224	IS	25
1373.2789375000002	1373.3769375000002	189	GOOD	25
1373.3769375000002	1373.5469375	161	FOR	25
1373.5469375	1373.6369375000002	496	YOUR	25
1373.6369375000002	1374.0269375	43	BACK	25
1382.1353125	1382.2503125	438	THEY	26
1382.2503125	1382.3463125	317	OWN	26
1382.3463125	1382.3943125	1	A	26
1382.3943125	1382.6073125000003	52	BIG	26
1382.6073125000003	1382.9453125000002	209	HOUSE	26
1382.9453125000002	1383.0083125	217	IN	26
1383.0083125	1383.0603125000002	434	THE	26
1383.0603125000002	1383.3683125000002	361	REMOTE	26
1383.3683125000002	1384.0103125	109	COUNTRYSIDE	26
1391.545375	1391.6253749999998	434	THE	27
1391.6253749999998	1391.8703749999997	369	ROSE	27
1391.8703749999997	1392.2453749999997	106	CORSAGE	27
1392.2453749999997	1392.506375	393	SMELLED	27
1392.506375	1392.8853749999998	421	SWEET	27
1400.8879375	1401.0729374999999	433	THAT	28
1401.0729374999999	1401.5569375	326	PICKPOCKET	28
1401.5569375	1401.7569374999998	472	WAS	28
1401.7569374999998	1401.9789375	80	CAUGHT	28
1401.9789375	1402.1289375	356	RED	28
1402.1289375	1402.6219374999998	199	HANDED	28
1411.5385	1411.6535000000001	19	AN	29
1411.6535000000001	1411.8265000000001	9	ADULT	29
1411.8265000000001	1412.1765	255	MALE	29
1412.1765	1412.7135	42	BABOON'S	29
1412.7135	1412.9775000000002	430	TEETH	29
1412.9775000000002	1413.0275000000001	30	ARE	29
1413.0275000000001	1413.2995	285	NOT	29
1413.2995	1413.6895000000002	415	SUITABLE	29
1413.6895000000002	1413.9845000000003	161	FOR	29
1413.9845000000003	1414.2775000000001	135	EATING	29
1414.2775000000001	1414.9475000000002	376	SHELLFISH	29
1423.730125	1423.8611250000001	204	HER	30
1423.8611250000001	1424.2531250000002	470	WARDROBE	30
1424.2531250000002	1424.660125	102	CONSISTS	30
1424.660125	1425.160125	298	ONLY	30
1425.160125	1425.605125	99999	sp	30
1425.605125	1425.7261250000001	294	OF	30
1425.7261250000001	1425.9671250000001	298	ONLY	30
1425.9671250000001	1426.3101250000002	385	SKIRTS	30
1426.3101250000002	1426.4141250000002	20	AND	30
1426.4141250000002	1426.940125	54	BLOUSES	30
1434.8219922443964	1434.9039922443965	434	THE	31
1434.9039922443965	1435.0779922443965	453	TWO	31
1435.0779922443965	1435.3779922443964	88888	EX	31
1435.3779922443964	1435.4759922443964	99999	sp	31
1435.4759922443964	1435.6799922443963	434	THE	31
1435.6799922443963	1435.9369922443964	453	TWO	31
1435.9369922443964	1436.3079922443965	33	ARTISTS	31
1436.3079922443965	1436.8279922443965	147	EXCHANGED	31
1436.8279922443965	1437.4979922443963	39	AUTOGRAPHS	31
1445.2790625	1445.8990625	71	BUTTERSCOTCH	32
1445.8990625	1446.2080624999999	169	FUDGE	32
1446.2080624999999	1446.5190625	186	GOES	32
1446.5190625	1446.6790624999999	481	WELL	32
1446.6790624999999	1446.8290625	487	WITH	32
1446.8290625	1447.1460625	463	VANILLA	32
1447.1460625	1447.4620625	212	ICE	32
1447.4620625	1447.7590625	112	CREAM	32
1455.4864375	1455.7174375	366	RICH	33
1455.7174375	1456.0994374999998	349	PURCHASED	33
1456.0994374999998	1456.3704375	374	SEVERAL	33
1456.3704375	1456.6904375	382	SIGNED	33
1456.6904375	1457.3904375	245	LITHOGRAPHS	33
1465.8538749999998	1465.914875	99999	sp	34
1465.914875	1466.1618749999998	24	ANY	34
1466.1618749999998	1466.8138749999998	105	CONTRIBUTIONS	34
1466.8138749999998	1466.916875	485	WILL	34
1466.916875	1467.0238749999999	47	BE	34
1467.0238749999999	1467.3738749999998	195	GREATLY	34
1467.3738749999998	1468.173875	28	APPRECIATED	34
1477.8339375	1477.9139375	434	THE	35
1477.9139375	1478.3629375	111	CRANBERRY	35
1477.9279375	1478.4269375	111	CRANBERRY	35
1478.3629375	1478.6249375	57	BOG	35
1478.4269375	1478.6679374999999	57	BOG	35
1478.6249375	1478.8339375	178	GETS	35
1478.6679374999999	1478.8959375	178	GETS	35
1478.8339375	1479.1339375	465	VERY	35
1478.8959375	1479.1929375	465	VERY	35
1479.1339375	1479.3449375	340	PRETTY	35
1479.1929375	1479.4349374999997	340	PRETTY	35
1479.3449375	1479.4669375	217	IN	35
1479.4349374999997	1479.5399374999997	217	IN	35
1479.4669375	1479.9149375000002	40	AUTUMN	35
1479.5399374999997	1479.9139375	40	AUTUMN	35
1487.86775	1488.0127499999999	210	HOW	36
1488.0127499999999	1488.09475	128	DO	36
1488.09475	1488.58575	318	OYSTERS	36
1488.58575	1488.8237499999998	253	MAKE	36
1488.8237499999998	1489.35775	320	PEARLS	36
1498.0575	1498.1744999999999	257	MAY	37
1498.1744999999999	1498.2965	211	I	37
1498.2965	1498.5255	304	ORDER	37
1498.5255	1498.6345	1	A	37
1498.6345	1499.0935	319	PARFAIT	37
1499.0935	1499.4234999999999	10	AFTER	37
1499.4234999999999	1499.5034999999998	211	I	37
1499.5034999999998	1499.6995	134	EAT	37
1499.6995	1500.0034999999998	124	DINNER	37
1506.9585	1507.0385	224	IS	38
1507.0385	1507.2075	375	SHE	38
1507.2075	1507.4285	187	GOING	38
1507.4285	1507.6295	487	WITH	38
1507.6295	1507.8585	495	YOU	38
1517.8215	1517.9295000000002	76	CAN	39
1517.9295000000002	1517.9805000000001	434	THE	39
1517.9805000000001	1518.4235	11	AGENCY	39
1518.4235	1518.8325000000002	315	OVERTHROW	39
1518.8325000000002	1519.2015000000001	13	ALIEN	39
1519.2015000000001	1519.7535000000003	162	FORCES	39
1528.072	1528.1319999999998	1	A	40
1528.1319999999998	1528.618	371	SCREWDRIVER	40
1528.618	1528.792	224	IS	40
1528.792	1528.9489999999998	252	MADE	40
1528.9489999999998	1529.129	166	FROM	40
1529.129	1529.4279999999999	469	VODKA	40
1529.4279999999999	1529.5009999999997	20	AND	40
1529.5009999999997	1529.7269999999999	303	ORANGE	40
1529.7269999999999	1530.1979999999999	230	JUICE	40
1538.0301875	1538.1291875	210	HOW	41
1538.1291875	1538.3401875	269	MUCH	41
1538.3401875	1538.7361875	16	ALLOWANCE	41
1538.7361875	1538.8361875	128	DO	41
1538.8361875	1538.9561875	495	YOU	41
1538.9561875	1539.2661875	177	GET	41
1548.505125	1549.014125	115	CYCLICAL	42
1549.014125	1549.543125	346	PROGRAMS	42
1549.543125	1549.599125	485	WILL	42
1549.599125	1549.916125	281	NEVER	42
1549.916125	1550.416125	100	COMPILE	42
1559.7137278603252	1560.0297278603252	61	BOSTON	43
1560.0297278603252	1560.3637278603253	45	BALLET	43
1560.3637278603253	1560.8647278603253	312	OVERCAME	43
1560.8647278603253	1560.9847278603254	435	THEIR	43
1560.9847278603254	1561.3237278603253	170	FUNDING	43
1561.3237278603253	1561.9537278603254	380	SHORTAGE	43
1570.034875	1570.285875	145	EVERY	44
1570.285875	1570.547875	74	CAB	44
1570.547875	1570.7828749999999	280	NEEDS	44
1570.7828749999999	1571.203875	88888	REPAIRING	44
1571.203875	1571.6658750000001	296	OFTEN	44
1579.725	1579.9669999999999	203	HELP	45
1579.9669999999999	1580.177	196	GREG	45
1580.177	1580.318	446	TO	45
1580.318	1580.493	325	PICK	45
1580.493	1580.5959999999998	1	A	45
1580.5959999999998	1580.771	321	PECK	45
1580.771	1580.885	294	OF	45
1580.885	1581.5739999999998	338	POTATOES	45
1589.2205	1589.3294999999998	476	WE	46
1589.3294999999998	1589.5394999999999	241	LIKE	46
1589.5394999999999	1589.7104999999997	55	BLUE	46
1589.7104999999997	1590.0684999999999	88	CHEESE	46
1590.0684999999999	1590.1964999999998	70	BUT	46
1590.1964999999998	1590.4705	466	VICTOR	46
1590.4705	1590.7824999999998	242	LIKES	46
1590.7824999999998	1591.1004999999998	64	BRIE	46
1599.824875	1600.007875	108	COUNT	47
1600.007875	1600.0508750000001	434	THE	47
1600.0508750000001	1600.246875	289	NUMBER	47
1600.246875	1600.357875	294	OF	47
1600.357875	1600.830875	429	TEASPOONS	47
1600.830875	1600.9068750000001	294	OF	47
1600.9068750000001	1601.532875	395	SOYSAUCE	47
1601.532875	1601.6468750000001	433	THAT	47
1601.6468750000001	1601.815875	495	YOU	47
1601.815875	1602.116875	7	ADD	47
1610.3303125	1610.9323125	44	BAGPIPES	48
1610.9323125	1611.0413125	20	AND	48
1611.0413125	1611.5083125	59	BONGOS	48
1611.5083125	1611.5343125000002	30	ARE	48
1611.5343125000002	1611.9013125000001	273	MUSICAL	48
1611.9013125000001	1612.5823125	220	INSTRUMENTS	48
1622.3669375	1622.6249375	210	HOW	49
1622.6249375	1622.7429375	189	GOOD	49
1622.7429375	1622.9229375	224	IS	49
1622.9229375	1622.9969375	496	YOUR	49
1622.9969375	1623.6569375	138	ENDURANCE	49
2178.308625	2178.4146250000003	30	ARE	0
2178.4146250000003	2178.4986250000006	496	YOUR	0
2178.4986250000006	2178.804625	192	GRADES	0
2178.804625	2179.0646250000004	206	HIGHER	0
2179.0646250000004	2179.094625	302	OR	0
2179.094625	2179.3486250000005	251	LOWER	0
2179.3486250000005	2179.4446250000005	432	THAN	0
2179.4446250000005	2180.0646250000004	275	NANCY'S	0
2187.1739375	2187.3119375	375	SHE	1
2187.3119375	2187.4829375000004	490	WORE	1
2187.4829375000004	2187.7829375	471	WARM	1
2187.7829375	2188.1439375	158	FLEECY	1
2188.1439375	2188.4629375000004	88888	WOODEN	1
2188.4629375000004	2188.7149375000004	99999	sp	1
2188.7149375000004	2189.0119375000004	489	WOOLEN	1
2189.0119375000004	2189.7129375000004	311	OVERALLS	1
2196.8263125	2197.0803124999998	354	READING	2
2197.0803124999998	2197.2223125	217	IN	2
2197.2223125	2197.3903124999997	335	POOR	2
2197.3903124999997	2197.6613125	240	LIGHT	2
2197.6613125	2197.8593124999998	181	GIVES	2
2197.8593124999998	2197.9703124999996	495	YOU	2
2197.9703124999996	2198.6193125	150	EYESTRAIN	2
2205.409375	2205.654375	142	EVEN	3
2205.654375	2205.781375	211	I	3
2205.781375	2206.250375	293	OCCASIONALLY	3
2206.250375	2206.433375	177	GET	3
2206.433375	2206.4993750000003	434	THE	3
2206.4993750000003	2206.8293750000003	265	MONDAY	3
2206.8293750000003	2207.259375	56	BLUES	3
2207.259375	2207.299375	99999	sp	3
2213.4884375	2213.5534375	476	WE	4
2213.5534375	2213.6344375000003	30	ARE	4
2213.6344375000003	2213.9234375	301	OPEN	4
2213.9234375	2214.1344375000003	145	EVERY	4
2214.1344375000003	2214.4614375	265	MONDAY	4
2214.4614375	2214.9144375	143	EVENING	4
2223.143625	2223.252625	226	IT'S	5
2223.252625	2223.361625	285	NOT	5
2223.361625	2223.659625	133	EASY	5
2223.659625	2223.773625	446	TO	5
2223.773625	2224.072625	113	CREATE	5
2224.072625	2224.662625	215	ILLUMINATING	5
2224.662625	2225.372625	146	EXAMPLES	5
2233.8276875	2233.9846875000003	270	MUM	6
2233.9846875000003	2234.3596875000003	407	STRONGLY	6
2234.3596875000003	2234.7946875000002	126	DISLIKES	6
2234.7946875000002	2235.6636875000004	27	APPETIZERS	6
2244.0085625	2244.1875625000002	443	THOSE	7
2244.1875625000002	2244.2895625000006	484	WHO	7
2244.2895625000006	2244.5275625000004	427	TEACH	7
2244.5275625000004	2244.9285625	462	VALUES	7
2244.9285625	2245.1875625000002	156	FIRST	7
2245.1875625000002	2245.6055625000004	4	ABOLISH	7
2245.6055625000004	2246.0585625000003	87	CHEATING	7
2254.6228125	2254.6908124999995	434	THE	8
2254.6908124999995	2254.9568124999996	165	FRIGHTENED	8
2254.9568124999996	2255.2308124999995	89	CHILD	8
2255.2308124999995	2255.3478124999997	472	WAS	8
2255.3478124999997	2255.6038124999995	176	GENTLY	8
2255.6038124999995	2255.9978125	410	SUBDUED	8
2255.9978125	2256.0938125	73	BY	8
2256.0938125	2256.2978124999995	208	HIS	8
2256.2978124999995	2256.4708124999997	52	BIG	8
2256.4708124999997	2256.8368124999997	66	BROTHER	8
2266.22275	2266.5157499999996	142	EVEN	9
2266.5157499999996	2266.6457499999997	1	A	9
2266.6457499999997	2267.03575	383	SIMPLE	9
2267.03575	2267.6387499999996	468	VOCABULARY	9
2267.6387499999996	2268.0857499999997	104	CONTAINS	9
2268.0857499999997	2268.6747499999997	422	SYMBOLS	9
2279.19375	2279.31775	1	A	10
2279.31775	2279.62775	110	CRAB	10
2279.62775	2280.12275	85	CHALLENGED	10
2280.12275	2280.49275	258	ME	10
2280.49275	2280.65175	99999	sp	10
2280.65175	2280.74975	70	BUT	10
2280.74975	2281.02575	1	A	10
2281.02575	2281.25275	350	QUICK	10
2281.25275	2281.59175	402	STAB	10
2281.59175	2282.05075	464	VANQUISHED	10
2282.05075	2282.28175	207	HIM	10
2290.46675	2291.00475	183	GLUCOSE	11
2291.00475	2291.09575	20	AND	11
2291.09575	2291.55575	167	FRUCTOSE	11
2291.55575	2291.58875	30	ARE	11
2291.58875	2291.9207499999998	276	NATURAL	11
2291.9207499999998	2292.33475	414	SUGARS	11
2292.33475	2292.5097499999997	163	FOUND	11
2292.5097499999997	2292.66075	217	IN	11
2292.66075	2292.9497499999998	168	FRUIT	11
2300.3978125	2300.4558125	30	ARE	12
2300.4558125	2300.5738125	495	YOU	12
2300.5738125	2300.8848125	250	LOOKING	12
2300.8848125	2300.9838124999997	161	FOR	12
2300.9838124999997	2301.5338125	136	EMPLOYMENT	12
2311.8836875	2312.1106875000005	98	COFFEE	13
2312.1106875000005	2312.2836875000003	224	IS	13
2312.2836875000003	2312.4296875000005	198	GROWN	13
2312.4296875000005	2312.5496875000003	297	ON	13
2312.5496875000003	2312.8836875	404	STEEP	13
2312.8836875	2313.1696875000002	231	JUNGLE	13
2313.1696875000002	2313.3506875000003	241	LIKE	13
2313.3506875000003	2313.7066875000005	390	SLOPES	13
2313.7066875000005	2313.8096875	217	IN	13
2313.8096875	2314.1696875000002	431	TEMPERATE	13
2314.1696875000002	2314.7306875000004	497	ZONES	13
2323.3586875	2323.4256875	476	WE	14
2323.4256875	2323.8016875	480	WELCOME	14
2323.8016875	2324.0816875	256	MANY	14
2324.0816875	2324.2316875	282	NEW	14
2324.2316875	2324.6706875	408	STUDENTS	14
2324.6706875	2324.9006875	132	EACH	14
2324.9006875	2325.2416875	491	YEAR	14
2335.4686875	2335.6446875	298	ONLY	15
2335.6446875	2335.7376875000004	434	THE	15
2335.7376875000004	2336.0196875	51	BEST	15
2336.0196875	2336.3446875000004	330	PLAYERS	15
2336.3446875000004	2336.6746875000003	139	ENJOY	15
2336.6746875000003	2337.3506875000003	336	POPULARITY	15
2345.25925	2345.64325	75	CALCIUM	16
2345.64325	2345.87225	254	MAKES	16
2345.87225	2346.30325	58	BONES	16
2346.30325	2346.57525	99999	sp	16
2346.57525	2346.74225	20	AND	16
2346.74225	2346.97725	430	TEETH	16
2346.97725	2347.44325	406	STRONG	16
2356.834	2357.144	286	NOTHING	17
2357.144	2357.2639999999997	224	IS	17
2357.2639999999997	2357.404	34	AS	17
2357.404	2358.152	295	OFFENSIVE	17
2358.152	2358.374	34	AS	17
2358.374	2359.034	219	INNOCENCE	17
2368.176125	2368.4861250000004	405	STEVE	18
2368.4861250000004	2368.630125	490	WORE	18
2368.630125	2368.661125	1	A	18
2368.661125	2368.9661250000004	65	BRIGHT	18
2368.9661250000004	2369.176125	356	RED	18
2369.176125	2369.6261250000002	78	CASHMERE	18
2369.6261250000002	2370.056125	420	SWEATER	18
2378.229125	2378.493125	46	BARB'S	19
2378.493125	2378.723125	188	GOLD	19
2378.723125	2379.068125	63	BRACELET	19
2379.068125	2379.227125	472	WAS	19
2379.227125	2379.280125	1	A	19
2379.280125	2379.953125	193	GRADUATION	19
2379.953125	2380.334125	339	PRESENT	19
2389.596875	2389.7958750000003	130	DRAW	20
2389.7958750000003	2390.002875	145	EVERY	20
2390.002875	2390.242875	308	OUTER	20
2390.242875	2390.468875	244	LINE	20
2390.468875	2390.8628750000003	156	FIRST	20
2390.8628750000003	2391.000875	436	THEN	20
2391.000875	2391.214875	154	FILL	20
2391.214875	2391.287875	217	IN	20
2391.287875	2391.451875	434	THE	20
2391.451875	2392.154875	222	INTERIOR	20
2400.156375	2400.227375	434	THE	21
2400.227375	2400.421375	475	WATER	21
2400.421375	2400.903375	103	CONTAINED	21
2400.903375	2401.030375	448	TOO	21
2401.030375	2401.242375	269	MUCH	21
2401.242375	2401.514375	90	CHLORINE	21
2401.514375	2401.650375	20	AND	21
2401.650375	2401.907375	409	STUNG	21
2401.907375	2402.031375	208	HIS	21
2402.031375	2402.420375	149	EYES	21
2411.7818125	2412.0898125	229	JOHN'S	22
2412.0898125	2412.2908125	66	BROTHER	22
2412.2908125	2412.8608124999996	363	REPAINTED	22
2412.8608124999996	2412.9758125	434	THE	22
2412.9758125	2413.3858124999997	173	GARAGE	22
2413.3858124999997	2413.7308125	129	DOOR	22
2422.888125	2423.346125	84	CHALLENGE	23
2423.346125	2423.566125	132	EACH	23
2423.566125	2424.001125	175	GENERAL'S	23
2424.001125	2424.9651249999997	221	INTELLIGENCE	23
2433.933625	2434.592625	17	AMBIDEXTROUS	24
2434.592625	2435.163625	327	PICKPOCKETS	24
2435.163625	2435.719625	6	ACCOMPLISH	24
2435.719625	2436.0846250000004	267	MORE	24
2446.031	2446.085	1	A	25
2446.085	2446.56	271	MUSCULAR	25
2446.56	2447.045	2	ABDOMEN	25
2447.045	2447.255	224	IS	25
2447.255	2447.3630000000003	189	GOOD	25
2447.3630000000003	2447.545	161	FOR	25
2447.545	2447.7270000000003	496	YOUR	25
2447.7270000000003	2448.235	43	BACK	25
2456.9396875	2457.0506875000005	438	THEY	26
2457.0506875000005	2457.1226875	317	OWN	26
2457.1226875	2457.2366875000002	1	A	26
2457.2366875000002	2457.3896875000005	52	BIG	26
2457.3896875000005	2457.8346875	209	HOUSE	26
2457.8346875	2457.8646875000004	217	IN	26
2457.8646875000004	2457.9196875000002	434	THE	26
2457.9196875000002	2458.2836875000003	361	REMOTE	26
2458.2836875000003	2458.9796875	109	COUNTRYSIDE	26
2466.840375	2466.9373750000004	434	THE	27
2466.9373750000004	2467.132375	369	ROSE	27
2467.132375	2467.561375	106	CORSAGE	27
2467.561375	2467.8613750000004	393	SMELLED	27
2467.8613750000004	2468.2603750000003	421	SWEET	27
2476.589125	2476.755125	433	THAT	28
2476.755125	2477.2291250000003	326	PICKPOCKET	28
2477.2291250000003	2477.418125	472	WAS	28
2477.418125	2477.6241250000003	80	CAUGHT	28
2477.6241250000003	2477.7961250000003	356	RED	28
2477.7961250000003	2478.2161250000004	199	HANDED	28
2487.474939856107	2487.841939856107	9	ADULT	29
2487.841939856107	2488.108939856107	255	MALE	29
2488.108939856107	2488.594939856107	42	BABOON'S	29
2488.594939856107	2488.826939856107	430	TEETH	29
2488.826939856107	2488.891939856107	30	ARE	29
2488.891939856107	2489.105939856107	285	NOT	29
2489.105939856107	2489.4819398561067	415	SUITABLE	29
2489.4819398561067	2489.611939856107	161	FOR	29
2489.611939856107	2489.873939856107	135	EATING	29
2489.873939856107	2490.492939856107	376	SHELLFISH	29
2499.062375	2499.155375	204	HER	30
2499.155375	2499.573375	470	WARDROBE	30
2499.573375	2499.970375	102	CONSISTS	30
2499.970375	2500.285375	294	OF	30
2500.285375	2500.535375	298	ONLY	30
2500.535375	2500.961375	385	SKIRTS	30
2500.961375	2501.058375	20	AND	30
2501.058375	2501.656375	54	BLOUSES	30
2510.1231875	2510.2661875	434	THE	31
2510.2661875	2510.4541875	453	TWO	31
2510.4541875	2510.8251874999996	33	ARTISTS	31
2510.8251874999996	2511.2841875	147	EXCHANGED	31
2511.2841875	2511.9951874999997	39	AUTOGRAPHS	31
2520.2344375	2520.7404374999996	71	BUTTERSCOTCH	32
2520.7404374999996	2521.0454374999995	169	FUDGE	32
2521.0454374999995	2521.3334374999995	186	GOES	32
2521.3334374999995	2521.4704374999997	481	WELL	32
2521.4704374999997	2521.6214374999995	487	WITH	32
2521.6214374999995	2521.8614374999997	463	VANILLA	32
2521.8614374999997	2522.1554374999996	212	ICE	32
2522.1554374999996	2522.4704374999997	112	CREAM	32
2530.64325	2530.90025	366	RICH	33
2530.90025	2531.27925	349	PURCHASED	33
2531.27925	2531.61125	374	SEVERAL	33
2531.61125	2531.94925	382	SIGNED	33
2531.94925	2532.68925	245	LITHOGRAPHS	33
2541.0820625	2541.2630624999997	24	ANY	34
2541.2630624999997	2541.9480625	105	CONTRIBUTIONS	34
2541.9480625	2542.0690624999997	485	WILL	34
2542.0690624999997	2542.1810625	47	BE	34
2542.1810625	2542.4880625	195	GREATLY	34
2542.4880625	2543.2380625	28	APPRECIATED	34
2551.9343125	2552.0283125	434	THE	35
2552.0283125	2552.5273125	111	CRANBERRY	35
2552.5273125	2552.7683125	57	BOG	35
2552.7683125	2552.9963125	178	GETS	35
2552.9963125	2553.2933125	465	VERY	35
2553.2933125	2553.5353124999997	340	PRETTY	35
2553.5353124999997	2553.6403124999997	217	IN	35
2553.6403124999997	2554.0143125	40	AUTUMN	35
2561.372	2561.5339999999997	210	HOW	36
2561.5339999999997	2561.6479999999997	128	DO	36
2561.6479999999997	2562.115	318	OYSTERS	36
2562.115	2562.3309999999997	253	MAKE	36
2562.3309999999997	2562.9449999999997	320	PEARLS	36
2570.5250625	2570.6760624999997	257	MAY	37
2570.6760624999997	2570.7190625	211	I	37
2570.7190625	2570.9870625	304	ORDER	37
2570.9870625	2571.0880625	1	A	37
2571.0880625	2571.4270625	319	PARFAIT	37
2571.4270625	2571.7110624999996	10	AFTER	37
2571.7110624999996	2571.8170625	211	I	37
2571.8170625	2571.9820624999998	134	EAT	37
2571.9820624999998	2572.3470625	124	DINNER	37
2579.207375	2579.298375	224	IS	38
2579.298375	2579.4763749999997	375	SHE	38
2579.4763749999997	2579.6683749999997	187	GOING	38
2579.6683749999997	2579.887375	487	WITH	38
2579.887375	2580.098375	495	YOU	38
2589.271375	2589.338375	76	CAN	39
2589.338375	2589.381375	434	THE	39
2589.381375	2589.8603749999997	11	AGENCY	39
2589.8603749999997	2590.3063749999997	315	OVERTHROW	39
2590.3063749999997	2590.7103749999997	13	ALIEN	39
2590.7103749999997	2591.4003749999997	162	FORCES	39
2599.4339677646203	2599.5240702852343	1	A	40
2599.5240702852343	2600.055555243137	371	SCREWDRIVER	40
2600.055555243137	2600.150017563136	224	IS	40
2600.150017563136	2600.376284000289	252	MADE	40
2600.376284000289	2600.5506759756713	166	FROM	40
2600.5506759756713	2600.8791141959746	469	VODKA	40
2600.8791141959746	2600.9459644532044	20	AND	40
2600.9459644532044	2601.2598700088924	303	ORANGE	40
2601.2598700088924	2601.589572494065	230	JUICE	40
2608.53225	2608.64125	210	HOW	41
2608.64125	2608.8002500000002	269	MUCH	41
2608.8002500000002	2609.2472500000003	16	ALLOWANCE	41
2609.2472500000003	2609.33125	128	DO	41
2609.33125	2609.48325	495	YOU	41
2609.48325	2609.7512500000003	177	GET	41
2619.3695625	2619.8925624999997	115	CYCLICAL	42
2619.8925624999997	2620.4455624999996	346	PROGRAMS	42
2620.4455624999996	2620.5505624999996	485	WILL	42
2620.5505624999996	2620.7995625	281	NEVER	42
2620.7995625	2621.3185624999996	100	COMPILE	42
2630.877875	2630.923875	434	THE	43
2630.923875	2631.252875	61	BOSTON	43
2631.252875	2631.538875	45	BALLET	43
2631.538875	2632.040875	312	OVERCAME	43
2632.040875	2632.171875	435	THEIR	43
2632.171875	2632.549875	170	FUNDING	43
2632.549875	2633.192875	380	SHORTAGE	43
2642.784	2643.0130000000004	145	EVERY	44
2643.0130000000004	2643.2630000000004	74	CAB	44
2643.2630000000004	2643.5270000000005	280	NEEDS	44
2643.5270000000005	2643.992	364	REPAINTING	44
2643.992	2644.463	296	OFTEN	44
2652.6813125	2653.0503125	203	HELP	45
2653.0503125	2653.3173125	196	GREG	45
2653.3173125	2653.4523125	446	TO	45
2653.4523125	2653.6483125	325	PICK	45
2653.6483125	2653.7033125	1	A	45
2653.7033125	2653.9593125	321	PECK	45
2653.9593125	2654.0693125	294	OF	45
2654.0693125	2654.7133125	338	POTATOES	45
2661.446125	2661.531125	476	WE	46
2661.531125	2661.7331249999997	241	LIKE	46
2661.7331249999997	2661.870125	55	BLUE	46
2661.870125	2662.2101249999996	88	CHEESE	46
2662.2101249999996	2662.327125	70	BUT	46
2662.327125	2662.627125	466	VICTOR	46
2662.627125	2662.9181249999997	242	LIKES	46
2662.9181249999997	2663.176125	64	BRIE	46
2671.3974375	2671.5904374999996	108	COUNT	47
2671.5904374999996	2671.6484374999995	434	THE	47
2671.6484374999995	2671.8614374999997	289	NUMBER	47
2671.8614374999997	2671.9664374999998	294	OF	47
2671.9664374999998	2672.4214374999997	429	TEASPOONS	47
2672.4214374999997	2672.4914375	294	OF	47
2672.4914375	2673.0084374999997	395	SOYSAUCE	47
2673.0084374999997	2673.1514374999997	433	THAT	47
2673.1514374999997	2673.2714374999996	495	YOU	47
2673.2714374999996	2673.5704374999996	7	ADD	47
2683.8375	2684.4445	44	BAGPIPES	48
2684.4445	2684.5445000000004	20	AND	48
2684.5445000000004	2684.9435000000003	59	BONGOS	48
2684.9435000000003	2684.9785	30	ARE	48
2684.9785	2685.3295000000003	273	MUSICAL	48
2685.3295000000003	2685.9695	220	INSTRUMENTS	48
2692.9271875	2693.1321875	210	HOW	49
2693.1321875	2693.2281875	189	GOOD	49
2693.2281875	2693.4191875	224	IS	49
2693.4191875	2693.5011875	496	YOUR	49
2693.5011875	2694.2121875	138	ENDURANCE	49
