21.822	22.091	375	SHE	1
22.091	22.43	490	WORE	1
22.43	22.822	471	WARM	1
22.822	23.232	158	FLEECY	1
23.232	23.502	489	WOOLEN	1
23.502	24.292	311	OVERALLS	1
33.731	34.021	354	READING	2
34.021	34.161	217	IN	2
34.161	34.372	335	POOR	2
34.372	34.665	240	LIGHT	2
34.665	34.892	181	GIVES	2
34.892	35.004	495	YOU	2
35.004	35.661	150	EYESTRAIN	2
44.172	44.408	142	EVEN	3
44.408	44.541	211	I	3
44.541	45.014	293	OCCASIONALLY	3
45.014	45.164	177	GET	3
45.164	45.221	434	THE	3
45.221	45.572	265	MONDAY	3
45.572	46.142	56	BLUES	3
53.978	54.057	476	WE	4
54.057	54.191	30	ARE	4
54.191	54.451	301	OPEN	4
54.451	54.682	145	EVERY	4
54.682	55.024	265	MONDAY	4
55.024	55.502	143	EVENING	4
63.653	63.781	226	IT'S	5
63.781	63.951	285	NOT	5
63.951	64.257	133	EASY	5
64.257	64.379	446	TO	5
64.379	64.671	113	CREATE	5
64.671	65.26	215	ILLUMINATING	5
65.26	65.971	146	EXAMPLES	5
75.676	75.907	270	MUM	6
75.907	76.341	407	STRONGLY	6
76.341	76.772	126	DISLIKES	6
76.772	77.602	27	APPETIZERS	6
85.728	85.951	443	THOSE	7
85.951	86.034	484	WHO	7
86.034	86.262	427	TEACH	7
86.262	86.831	462	VALUES	7
86.831	87.151	156	FIRST	7
87.151	87.611	4	ABOLISH	7
87.611	88.151	87	CHEATING	7
98.002	98.072	434	THE	8
98.072	98.51	165	FRIGHTENED	8
98.51	98.852	89	CHILD	8
98.852	99.036	472	WAS	8
99.036	99.281	176	GENTLY	8
99.281	99.774	410	SUBDUED	8
99.774	99.912	73	BY	8
99.912	100.125	208	HIS	8
100.125	100.297	52	BIG	8
100.297	100.691	66	BROTHER	8
109.922	110.122	142	EVEN	9
110.122	110.195	1	A	9
110.195	110.518	383	SIMPLE	9
110.518	111.195	468	VOCABULARY	9
111.195	111.651	104	CONTAINS	9
111.651	112.251	422	SYMBOLS	9
120.946	121.033	1	A	10
121.033	121.297	110	CRAB	10
121.297	121.737	85	CHALLENGED	10
121.737	122.004	258	ME	10
122.004	122.104	70	BUT	10
122.104	122.272	1	A	10
122.272	122.565	99999	sp	10
122.565	122.802	350	QUICK	10
122.802	123.111	402	STAB	10
123.111	123.561	464	VANQUISHED	10
123.561	123.811	207	HIM	10
133.847	134.329	183	GLUCOSE	11
134.329	134.522	20	AND	11
134.522	135.01	167	FRUCTOSE	11
135.01	135.188	30	ARE	11
135.188	135.612	276	NATURAL	11
135.612	136.252	414	SUGARS	11
136.252	136.282	99999	sp	11
136.282	136.584	163	FOUND	11
136.584	136.702	217	IN	11
136.702	137.002	168	FRUIT	11
146.455	146.512	30	ARE	12
146.512	146.642	495	YOU	12
146.642	146.931	250	LOOKING	12
146.931	147.072	161	FOR	12
147.072	147.651	136	EMPLOYMENT	12
156.328	156.621	98	COFFEE	13
156.621	156.772	224	IS	13
156.772	157.025	198	GROWN	13
157.025	157.192	297	ON	13
157.192	157.513	404	STEEP	13
157.513	157.852	231	JUNGLE	13
157.852	158.052	241	LIKE	13
158.052	158.462	390	SLOPES	13
158.462	158.565	217	IN	13
158.565	158.952	431	TEMPERATE	13
158.952	159.562	497	ZONES	13
168.501	168.572	476	WE	14
168.572	168.931	480	WELCOME	14
168.931	169.22	256	MANY	14
169.22	169.362	282	NEW	14
169.362	169.807	408	STUDENTS	14
169.807	170.06	132	EACH	14
170.06	170.332	491	YEAR	14
178.443	178.592	298	ONLY	15
178.592	178.725	434	THE	15
178.725	178.962	51	BEST	15
178.962	179.309	330	PLAYERS	15
179.309	179.615	139	ENJOY	15
179.615	180.382	336	POPULARITY	15
189.264	189.692	75	CALCIUM	16
189.692	189.952	254	MAKES	16
189.952	190.434	58	BONES	16
190.434	190.572	20	AND	16
190.572	190.762	430	TEETH	16
190.762	191.302	406	STRONG	16
199.785	200.102	286	NOTHING	17
200.102	200.234	34	AS	17
200.234	200.374	88888	OFF	17
200.374	200.465	88888	EH0	17
200.465	200.605	99999	sp	17
200.605	200.762	224	IS	17
200.762	200.912	34	AS	17
200.912	201.627	295	OFFENSIVE	17
201.627	201.81	34	AS	17
201.81	202.522	219	INNOCENCE	17
210.482	210.874	405	STEVE	18
210.874	211.034	490	WORE	18
211.034	211.149	1	A	18
211.149	211.431	65	BRIGHT	18
211.431	211.642	356	RED	18
211.642	212.072	78	CASHMERE	18
212.072	212.552	420	SWEATER	18
222.082	222.449	46	BARB'S	19
222.449	222.681	188	GOLD	19
222.681	223.082	63	BRACELET	19
223.082	223.222	472	WAS	19
223.222	223.328	1	A	19
223.328	223.957	193	GRADUATION	19
223.957	224.332	339	PRESENT	19
233.204	233.41	130	DRAW	20
233.41	233.701	145	EVERY	20
233.701	234.052	308	OUTER	20
234.052	234.388	244	LINE	20
234.388	234.732	156	FIRST	20
234.732	234.859	436	THEN	20
234.859	235.082	154	FILL	20
235.082	235.202	217	IN	20
235.202	235.282	434	THE	20
235.282	235.962	222	INTERIOR	20
244.746	244.829	434	THE	21
244.829	245.075	88888	WAR	21
245.075	245.544	103	CONTAINED	21
245.544	245.679	448	TOO	21
245.679	245.994	269	MUCH	21
245.994	246.292	90	CHLORINE	21
246.292	246.473	20	AND	21
246.473	246.55	88888	S	21
246.55	246.813	99999	sp	21
246.813	246.94	434	THE	21
246.94	247.242	475	WATER	21
247.242	247.602	103	CONTAINED	21
247.602	247.692	448	TOO	21
247.692	247.848	269	MUCH	21
247.848	248.132	90	CHLORINE	21
248.132	248.246	20	AND	21
248.246	248.472	409	STUNG	21
248.472	248.612	208	HIS	21
248.612	249.032	149	EYES	21
259.77	260.063	229	JOHN'S	22
260.063	260.263	66	BROTHER	22
260.263	260.812	363	REPAINTED	22
260.812	260.909	434	THE	22
260.909	261.295	173	GARAGE	22
261.295	261.672	129	DOOR	22
270.626	271.091	84	CHALLENGE	23
271.091	271.302	132	EACH	23
271.302	271.68	175	GENERAL'S	23
271.68	272.512	221	INTELLIGENCE	23
281.428	282.262	17	AMBIDEXTROUS	24
282.262	282.431	99999	sp	24
282.431	283.004	327	PICKPOCKETS	24
283.004	283.554	6	ACCOMPLISH	24
283.554	283.911	267	MORE	24
293.341	293.415	1	A	25
293.415	293.926	271	MUSCULAR	25
293.926	294.402	2	ABDOMEN	25
294.402	294.626	224	IS	25
294.626	294.734	189	GOOD	25
294.734	294.892	161	FOR	25
294.892	294.995	496	YOUR	25
294.995	295.502	43	BACK	25
304.459	304.535	438	THEY	26
304.535	304.673	317	OWN	26
304.673	304.788	1	A	26
304.788	304.95	52	BIG	26
304.95	305.341	209	HOUSE	26
305.341	305.381	217	IN	26
305.381	305.432	434	THE	26
305.432	305.79	361	REMOTE	26
305.79	306.502	109	COUNTRYSIDE	26
314.121	314.212	434	THE	27
314.212	314.482	369	ROSE	27
314.482	314.971	106	CORSAGE	27
314.971	315.262	393	SMELLED	27
315.262	315.759	421	SWEET	27
323.82	324.02	433	THAT	28
324.02	324.639	326	PICKPOCKET	28
324.639	324.796	472	WAS	28
324.796	324.999	80	CAUGHT	28
324.999	325.251	356	RED	28
325.251	325.729	199	HANDED	28
325.729	325.772	99999	sp	28
333.892	333.953	19	AN	29
333.953	334.338	9	ADULT	29
334.338	334.548	255	MALE	29
334.548	334.999	42	BABOON'S	29
334.999	335.236	430	TEETH	29
335.236	335.31	30	ARE	29
335.31	335.551	285	NOT	29
335.551	335.946	415	SUITABLE	29
335.946	336.142	161	FOR	29
336.142	336.401	135	EATING	29
336.401	337.022	376	SHELLFISH	29
346.893	347.032	204	HER	30
347.032	347.48	470	WARDROBE	30
347.48	347.922	102	CONSISTS	30
347.922	348.019	294	OF	30
348.019	348.224	298	ONLY	30
348.224	348.612	385	SKIRTS	30
348.612	348.709	20	AND	30
348.709	349.312	54	BLOUSES	30
357.838	357.955	434	THE	31
357.955	358.094	453	TWO	31
358.094	358.513	33	ARTISTS	31
358.513	359.048	147	EXCHANGED	31
359.048	359.851	39	AUTOGRAPHS	31
368.482	369.024	71	BUTTERSCOTCH	32
369.024	369.365	169	FUDGE	32
369.365	369.634	186	GOES	32
369.634	369.762	481	WELL	32
369.762	369.911	487	WITH	32
369.911	370.206	463	VANILLA	32
370.206	370.502	212	ICE	32
370.502	370.851	112	CREAM	32
380.683	380.966	366	RICH	33
380.966	381.294	349	PURCHASED	33
381.294	381.672	374	SEVERAL	33
381.672	382.402	382	SIGNED	33
382.402	382.591	99999	sp	33
382.591	383.351	245	LITHOGRAPHS	33
392.469	392.697	24	ANY	34
392.697	393.382	105	CONTRIBUTIONS	34
393.382	393.471	485	WILL	34
393.471	393.609	47	BE	34
393.609	393.911	195	GREATLY	34
393.911	394.712	28	APPRECIATED	34
403.242	403.378	434	THE	35
403.378	403.921	111	CRANBERRY	35
403.921	404.211	57	BOG	35
404.211	404.452	178	GETS	35
404.452	404.725	465	VERY	35
404.725	404.971	340	PRETTY	35
404.971	405.083	217	IN	35
405.083	405.531	40	AUTUMN	35
415.453	415.63	210	HOW	36
415.63	415.728	128	DO	36
415.728	416.242	318	OYSTERS	36
416.242	416.465	253	MAKE	36
416.465	416.982	320	PEARLS	36
424.822	425.01	257	MAY	37
425.01	425.066	211	I	37
425.066	425.303	304	ORDER	37
425.303	425.377	1	A	37
425.377	425.781	319	PARFAIT	37
425.781	426.091	10	AFTER	37
426.091	426.279	211	I	37
426.279	426.4	134	EAT	37
426.4	426.882	124	DINNER	37
434.785	434.882	224	IS	38
434.882	435.052	375	SHE	38
435.052	435.272	187	GOING	38
435.272	435.512	487	WITH	38
435.512	435.732	495	YOU	38
443.098	443.192	76	CAN	39
443.192	443.252	434	THE	39
443.252	443.747	11	AGENCY	39
443.747	444.379	315	OVERTHROW	39
444.379	444.775	13	ALIEN	39
444.775	445.442	162	FORCES	39
453.854	453.906	1	A	40
453.906	454.442	371	SCREWDRIVER	40
454.442	454.646	224	IS	40
454.646	454.872	252	MADE	40
454.872	455.082	166	FROM	40
455.082	455.409	469	VODKA	40
455.409	455.557	20	AND	40
455.557	455.841	303	ORANGE	40
455.841	456.401	230	JUICE	40
465.598	465.716	210	HOW	41
465.716	465.894	269	MUCH	41
465.894	466.329	16	ALLOWANCE	41
466.329	466.411	128	DO	41
466.411	466.585	495	YOU	41
466.585	466.832	177	GET	41
474.372	474.879	115	CYCLICAL	42
474.879	475.422	88888	PROBLEMS	42
475.422	475.512	485	WILL	42
475.512	475.799	281	NEVER	42
475.799	476.262	100	COMPILE	42
484.67	484.743	434	THE	43
484.743	485.091	61	BOSTON	43
485.091	485.406	45	BALLET	43
485.406	485.962	312	OVERCAME	43
485.962	486.091	435	THEIR	43
486.091	486.452	170	FUNDING	43
486.452	487.082	380	SHORTAGE	43
496.962	497.303	145	EVERY	44
497.303	497.622	74	CAB	44
497.622	497.911	280	NEEDS	44
497.911	498.428	364	REPAINTING	44
498.428	498.922	296	OFTEN	44
507.97	508.22	203	HELP	45
508.22	508.469	196	GREG	45
508.469	508.604	446	TO	45
508.604	508.78	325	PICK	45
508.78	508.889	1	A	45
508.889	509.08	321	PECK	45
509.08	509.181	294	OF	45
509.181	509.892	338	POTATOES	45
518.408	518.501	476	WE	46
518.501	518.731	241	LIKE	46
518.731	518.912	55	BLUE	46
518.912	519.303	88	CHEESE	46
519.303	519.432	70	BUT	46
519.432	519.746	466	VICTOR	46
519.746	520.075	242	LIKES	46
520.075	520.412	64	BRIE	46
529.337	529.562	108	COUNT	47
529.562	529.621	434	THE	47
529.621	529.861	289	NUMBER	47
529.861	529.997	294	OF	47
529.997	530.452	429	TEASPOONS	47
530.452	530.532	294	OF	47
530.532	531.121	395	SOYSAUCE	47
531.121	531.237	433	THAT	47
531.237	531.392	495	YOU	47
531.392	531.741	7	ADD	47
540.166	540.688	44	BAGPIPES	48
540.688	540.927	20	AND	48
540.927	541.431	59	BONGOS	48
541.431	541.505	30	ARE	48
541.505	541.952	273	MUSICAL	48
541.952	542.692	220	INSTRUMENTS	48
551.128	551.379	210	HOW	49
551.379	551.465	189	GOOD	49
551.465	551.636	224	IS	49
551.636	551.702	496	YOUR	49
551.702	552.402	138	ENDURANCE	49
552.402	552.712	99999	sp	49
552.712	552.761	99999	sp	49
567.679	567.736	30	ARE	0
567.736	567.826	496	YOUR	0
567.826	568.091	192	GRADES	0
568.091	568.377	206	HIGHER	0
568.377	568.451	302	OR	0
568.451	568.717	251	LOWER	0
568.717	568.832	432	THAN	0
568.832	569.542	275	NANCY'S	0
579.0	579.152	375	SHE	1
579.152	579.346	490	WORE	1
579.346	579.652	471	WARM	1
579.652	579.976	158	FLEECY	1
579.976	580.212	489	WOOLEN	1
580.212	580.832	311	OVERALLS	1
589.861	590.101	354	READING	2
590.101	590.247	217	IN	2
590.247	590.432	335	POOR	2
590.432	590.667	240	LIGHT	2
590.667	590.897	181	GIVES	2
590.897	590.971	495	YOU	2
590.971	591.572	150	EYESTRAIN	2
599.884	600.09	142	EVEN	3
600.09	600.205	211	I	3
600.205	600.627	293	OCCASIONALLY	3
600.627	600.785	177	GET	3
600.785	600.841	434	THE	3
600.841	601.171	265	MONDAY	3
601.171	601.682	56	BLUES	3
609.633	609.711	476	WE	4
609.711	609.811	30	ARE	4
609.811	610.09	301	OPEN	4
610.09	610.313	145	EVERY	4
610.313	610.611	265	MONDAY	4
610.611	611.111	143	EVENING	4
619.495	619.602	226	IT'S	5
619.602	619.771	285	NOT	5
619.771	620.067	133	EASY	5
620.067	620.177	446	TO	5
620.177	620.431	113	CREATE	5
620.431	621.028	215	ILLUMINATING	5
621.028	621.762	146	EXAMPLES	5
629.799	629.981	270	MUM	6
629.981	630.394	407	STRONGLY	6
630.394	630.7909999999999	126	DISLIKES	6
630.7909999999999	631.631	27	APPETIZERS	6
639.943	640.136	443	THOSE	7
640.136	640.248	484	WHO	7
640.248	640.517	427	TEACH	7
640.517	640.901	462	VALUES	7
640.901	641.191	156	FIRST	7
641.191	641.6610000000001	4	ABOLISH	7
641.6610000000001	642.121	87	CHEATING	7
651.788	651.861	434	THE	8
651.861	652.252	165	FRIGHTENED	8
652.252	652.5409999999999	89	CHILD	8
652.5409999999999	652.701	472	WAS	8
652.701	652.962	176	GENTLY	8
652.962	653.4110000000001	410	SUBDUED	8
653.4110000000001	653.544	73	BY	8
653.544	653.76	208	HIS	8
653.76	653.933	52	BIG	8
653.933	654.322	66	BROTHER	8
663.494	663.665	142	EVEN	9
663.665	663.739	1	A	9
663.739	664.072	383	SIMPLE	9
664.072	664.724	468	VOCABULARY	9
664.724	665.162	104	CONTAINS	9
665.162	665.742	422	SYMBOLS	9
674.387	674.4639999999999	1	A	10
674.4639999999999	674.712	110	CRAB	10
674.712	675.111	85	CHALLENGED	10
675.111	675.221	258	ME	10
675.221	675.306	70	BUT	10
675.306	675.391	1	A	10
675.391	675.662	350	QUICK	10
675.662	675.953	402	STAB	10
675.953	676.3820000000001	464	VANQUISHED	10
676.3820000000001	676.611	207	HIM	10
685.156	685.622	183	GLUCOSE	11
685.622	685.692	20	AND	11
685.692	686.282	167	FRUCTOSE	11
686.282	686.5	30	ARE	11
686.5	686.901	167	FRUCTOSE	11
686.901	687.052	30	ARE	11
687.052	687.787	276	NATURAL	11
687.787	688.221	414	SUGARS	11
688.221	688.412	163	FOUND	11
688.412	688.52	217	IN	11
688.52	688.8820000000001	168	FRUIT	11
688.8820000000001	689.001	99999	sp	11
697.681	697.754	30	ARE	12
697.754	697.831	495	YOU	12
697.831	698.102	250	LOOKING	12
698.102	698.221	161	FOR	12
698.221	698.772	136	EMPLOYMENT	12
707.398	707.6320000000001	98	COFFEE	13
707.6320000000001	707.802	224	IS	13
707.802	708.011	198	GROWN	13
708.011	708.171	297	ON	13
708.171	708.471	404	STEEP	13
708.471	708.772	231	JUNGLE	13
708.772	708.962	241	LIKE	13
708.962	709.352	390	SLOPES	13
709.352	709.45	217	IN	13
709.45	709.7909999999999	431	TEMPERATE	13
709.7909999999999	710.361	497	ZONES	13
718.185	718.261	476	WE	14
718.261	718.621	480	WELCOME	14
718.621	718.841	256	MANY	14
718.841	719.011	282	NEW	14
719.011	719.462	408	STUDENTS	14
719.462	719.671	132	EACH	14
719.671	719.962	491	YEAR	14
729.385	729.552	298	ONLY	15
729.552	729.717	434	THE	15
729.717	729.972	51	BEST	15
729.972	730.342	330	PLAYERS	15
730.342	730.755	139	ENJOY	15
730.755	731.692	336	POPULARITY	15
739.7909999999999	740.162	75	CALCIUM	16
740.162	740.427	254	MAKES	16
740.427	741.002	58	BONES	16
741.002	741.094	99999	sp	16
741.094	741.24	20	AND	16
741.24	741.422	430	TEETH	16
741.422	741.922	406	STRONG	16
750.0509999999999	750.306	286	NOTHING	17
750.306	750.462	224	IS	17
750.462	750.592	34	AS	17
750.592	751.042	295	OFFENSIVE	17
751.042	751.192	34	AS	17
751.192	751.862	219	INNOCENCE	17
760.112	760.46	405	STEVE	18
760.46	760.562	490	WORE	18
760.562	760.677	1	A	18
760.677	760.9010000000001	65	BRIGHT	18
760.9010000000001	761.1279999999999	356	RED	18
761.1279999999999	761.562	78	CASHMERE	18
761.562	762.062	420	SWEATER	18
768.792	769.082	46	BARB'S	19
769.082	769.281	188	GOLD	19
769.281	769.612	63	BRACELET	19
769.612	769.742	472	WAS	19
769.742	769.826	1	A	19
769.826	770.4010000000001	193	GRADUATION	19
770.4010000000001	770.762	339	PRESENT	19
779.851	780.123	130	DRAW	20
780.123	780.377	145	EVERY	20
780.377	780.65	308	OUTER	20
780.65	780.891	244	LINE	20
780.891	781.232	156	FIRST	20
781.232	781.385	436	THEN	20
781.385	781.592	154	FILL	20
781.592	781.722	217	IN	20
781.722	781.822	434	THE	20
781.822	782.502	222	INTERIOR	20
789.392	789.462	434	THE	21
789.462	789.72	475	WATER	21
789.72	790.137	103	CONTAINED	21
790.137	790.282	448	TOO	21
790.282	790.4970000000001	269	MUCH	21
790.4970000000001	790.797	90	CHLORINE	21
790.797	790.922	20	AND	21
790.922	791.181	409	STUNG	21
791.181	791.342	208	HIS	21
791.342	791.782	149	EYES	21
800.998	801.296	229	JOHN'S	22
801.296	801.467	66	BROTHER	22
801.467	801.985	363	REPAINTED	22
801.985	802.072	434	THE	22
802.072	802.47	173	GARAGE	22
802.47	802.782	129	DOOR	22
810.758	811.322	84	CHALLENGE	23
811.322	811.672	132	EACH	23
811.672	812.063	175	GENERAL'S	23
812.063	813.248	221	INTELLIGENCE	23
821.835	822.4590000000001	17	AMBIDEXTROUS	24
822.4590000000001	823.0219999999999	327	PICKPOCKETS	24
823.0219999999999	823.496	6	ACCOMPLISH	24
823.496	823.792	267	MORE	24
832.057	832.076	1	A	25
832.076	832.524	271	MUSCULAR	25
832.524	832.9010000000001	2	ABDOMEN	25
832.9010000000001	833.002	224	IS	25
833.002	833.172	189	GOOD	25
833.172	833.312	161	FOR	25
833.312	833.403	496	YOUR	25
833.403	833.822	43	BACK	25
842.326	842.442	438	THEY	26
842.442	842.582	317	OWN	26
842.582	842.617	1	A	26
842.617	842.852	52	BIG	26
842.852	843.2280000000001	209	HOUSE	26
843.2280000000001	843.237	217	IN	26
843.237	843.322	434	THE	26
843.322	843.66	361	REMOTE	26
843.66	844.332	109	COUNTRYSIDE	26
853.999	854.066	434	THE	27
854.066	854.313	369	ROSE	27
854.313	854.7339999999999	106	CORSAGE	27
854.7339999999999	855.031	393	SMELLED	27
855.031	855.422	421	SWEET	27
864.36	864.534	433	THAT	28
864.534	865.0409999999999	326	PICKPOCKET	28
865.0409999999999	865.233	472	WAS	28
865.233	865.462	80	CAUGHT	28
865.462	865.659	356	RED	28
865.659	866.127	199	HANDED	28
874.7090000000001	874.74	19	AN	29
874.74	875.142	9	ADULT	29
875.142	875.328	255	MALE	29
875.328	875.889	42	BABOON'S	29
875.889	876.221	430	TEETH	29
876.221	876.908	99999	sp	29
876.908	877.0409999999999	30	ARE	29
877.0409999999999	877.322	285	NOT	29
877.322	877.832	415	SUITABLE	29
877.832	878.018	161	FOR	29
878.018	878.3430000000001	135	EATING	29
878.3430000000001	879.0260000000001	376	SHELLFISH	29
886.857	886.991	204	HER	30
886.991	887.3820000000001	470	WARDROBE	30
887.3820000000001	887.803	102	CONSISTS	30
887.803	887.892	294	OF	30
887.892	888.1279999999999	298	ONLY	30
888.1279999999999	888.462	385	SKIRTS	30
888.462	888.562	20	AND	30
888.562	889.172	54	BLOUSES	30
896.775	896.865	434	THE	31
896.865	896.992	453	TWO	31
896.992	897.281	33	ARTISTS	31
897.281	897.8620000000001	147	EXCHANGED	31
897.8620000000001	898.672	39	AUTOGRAPHS	31
906.101	906.6	71	BUTTERSCOTCH	32
906.6	907.072	169	FUDGE	32
907.072	907.356	186	GOES	32
907.356	907.572	481	WELL	32
907.572	907.712	487	WITH	32
907.712	908.048	463	VANILLA	32
908.048	908.297	212	ICE	32
908.297	908.6320000000001	112	CREAM	32
917.5609999999999	917.781	366	RICH	33
917.781	918.1510000000001	349	PURCHASED	33
918.1510000000001	918.45	374	SEVERAL	33
918.45	918.822	382	SIGNED	33
918.822	919.6320000000001	245	LITHOGRAPHS	33
928.394	928.568	24	ANY	34
928.568	929.322	105	CONTRIBUTIONS	34
929.322	929.4110000000001	485	WILL	34
929.4110000000001	929.5219999999999	47	BE	34
929.5219999999999	929.841	195	GREATLY	34
929.841	930.6220000000001	28	APPRECIATED	34
937.985	938.0409999999999	434	THE	35
938.0409999999999	938.434	111	CRANBERRY	35
938.434	938.7149999999999	57	BOG	35
938.7149999999999	938.942	178	GETS	35
938.942	939.2139999999999	465	VERY	35
939.2139999999999	939.45	340	PRETTY	35
939.45	939.553	217	IN	35
939.553	939.982	40	AUTUMN	35
949.274	949.447	210	HOW	36
949.447	949.531	128	DO	36
949.531	949.982	318	OYSTERS	36
949.982	950.207	253	MAKE	36
950.207	950.7719999999999	320	PEARLS	36
960.069	960.183	257	MAY	37
960.183	960.3720000000001	211	I	37
960.3720000000001	960.645	304	ORDER	37
960.645	960.802	1	A	37
960.802	961.2909999999999	319	PARFAIT	37
961.2909999999999	961.572	10	AFTER	37
961.572	961.682	211	I	37
961.682	961.9200000000001	134	EAT	37
961.9200000000001	962.2719999999999	124	DINNER	37
971.181	971.2719999999999	224	IS	38
971.2719999999999	971.392	375	SHE	38
971.392	971.642	187	GOING	38
971.642	971.8620000000001	487	WITH	38
971.8620000000001	972.0409999999999	495	YOU	38
981.315	981.422	76	CAN	39
981.422	981.482	434	THE	39
981.482	981.931	11	AGENCY	39
981.931	982.317	315	OVERTHROW	39
982.317	982.702	13	ALIEN	39
982.702	983.3720000000001	162	FORCES	39
991.7919999999999	991.832	1	A	40
991.832	992.341	371	SCREWDRIVER	40
992.341	992.502	224	IS	40
992.502	992.762	252	MADE	40
992.762	992.922	166	FROM	40
992.922	993.255	469	VODKA	40
993.255	993.367	20	AND	40
993.367	993.591	303	ORANGE	40
993.591	994.082	230	JUICE	40
1002.202	1002.318	210	HOW	41
1002.318	1002.5160000000001	269	MUCH	41
1002.5160000000001	1002.942	16	ALLOWANCE	41
1002.942	1003.0409999999999	128	DO	41
1003.0409999999999	1003.182	495	YOU	41
1003.182	1003.4110000000001	177	GET	41
1012.626	1013.1410000000001	115	CYCLICAL	42
1013.1410000000001	1013.6220000000001	346	PROGRAMS	42
1013.6220000000001	1013.712	485	WILL	42
1013.712	1013.922	281	NEVER	42
1013.922	1014.452	100	COMPILE	42
1022.2	1022.252	434	THE	43
1022.252	1022.61	61	BOSTON	43
1022.61	1022.932	45	BALLET	43
1022.932	1023.422	312	OVERCAME	43
1023.422	1023.562	435	THEIR	43
1023.562	1023.874	170	FUNDING	43
1023.874	1024.471	380	SHORTAGE	43
1034.673	1034.906	145	EVERY	44
1034.906	1035.165	74	CAB	44
1035.165	1035.382	280	NEEDS	44
1035.382	1035.865	364	REPAINTING	44
1035.865	1036.3020000000001	296	OFTEN	44
1044.4940000000001	1044.738	203	HELP	45
1044.738	1044.978	196	GREG	45
1044.978	1045.12	446	TO	45
1045.12	1045.341	325	PICK	45
1045.341	1045.461	1	A	45
1045.461	1045.672	321	PECK	45
1045.672	1045.807	294	OF	45
1045.807	1046.5520000000001	338	POTATOES	45
1053.472	1053.591	476	WE	46
1053.591	1053.848	241	LIKE	46
1053.848	1054.028	55	BLUE	46
1054.028	1054.49	88	CHEESE	46
1054.49	1054.721	70	BUT	46
1054.721	1055.022	466	VICTOR	46
1055.022	1055.3319999999999	242	LIKES	46
1055.3319999999999	1055.397	99999	sp	46
1055.397	1055.692	64	BRIE	46
1062.995	1063.202	108	COUNT	47
1063.202	1063.262	434	THE	47
1063.262	1063.482	289	NUMBER	47
1063.482	1063.594	294	OF	47
1063.594	1064.022	429	TEASPOONS	47
1064.022	1064.128	294	OF	47
1064.128	1064.509	88888	TOY	47
1064.509	1064.6100000000001	294	OF	47
1064.6100000000001	1065.101	395	SOYSAUCE	47
1065.101	1065.221	433	THAT	47
1065.221	1065.362	495	YOU	47
1065.362	1065.712	7	ADD	47
1073.9470000000001	1074.474	44	BAGPIPES	48
1074.474	1074.5819999999999	20	AND	48
1074.5819999999999	1075.017	59	BONGOS	48
1075.017	1075.062	30	ARE	48
1075.062	1075.492	273	MUSICAL	48
1075.492	1076.132	220	INSTRUMENTS	48
1084.159	1084.32	210	HOW	49
1084.32	1084.452	189	GOOD	49
1084.452	1084.649	224	IS	49
1084.649	1084.742	496	YOUR	49
1084.742	1085.422	138	ENDURANCE	49
1097.725	1097.781	30	ARE	0
1097.781	1097.875	496	YOUR	0
1097.875	1098.192	192	GRADES	0
1098.192	1098.463	206	HIGHER	0
1098.463	1098.507	302	OR	0
1098.507	1098.781	251	LOWER	0
1098.781	1098.892	432	THAN	0
1098.892	1099.541	275	NANCY'S	0
1106.312	1106.502	375	SHE	1
1106.502	1106.721	490	WORE	1
1106.721	1106.971	471	WARM	1
1106.971	1107.3319999999999	158	FLEECY	1
1107.3319999999999	1107.591	489	WOOLEN	1
1107.591	1108.272	311	OVERALLS	1
1115.238	1115.475	354	READING	2
1115.475	1115.607	217	IN	2
1115.607	1115.772	335	POOR	2
1115.772	1115.988	240	LIGHT	2
1115.988	1116.214	181	GIVES	2
1116.214	1116.272	495	YOU	2
1116.272	1116.952	150	EYESTRAIN	2
1124.1779999999999	1124.542	142	EVEN	3
1124.542	1124.761	211	I	3
1124.761	1125.272	293	OCCASIONALLY	3
1125.272	1125.491	177	GET	3
1125.491	1125.5720000000001	434	THE	3
1125.5720000000001	1125.952	265	MONDAY	3
1125.952	1126.462	56	BLUES	3
1134.662	1134.741	476	WE	4
1134.741	1134.851	30	ARE	4
1134.851	1135.1219999999998	301	OPEN	4
1135.1219999999998	1135.3319999999999	145	EVERY	4
1135.3319999999999	1135.6860000000001	265	MONDAY	4
1135.6860000000001	1136.062	143	EVENING	4
1143.107	1143.194	226	IT'S	5
1143.194	1143.3220000000001	285	NOT	5
1143.3220000000001	1143.627	133	EASY	5
1143.627	1143.7559999999999	446	TO	5
1143.7559999999999	1144.101	113	CREATE	5
1144.101	1144.662	215	ILLUMINATING	5
1144.662	1145.392	146	EXAMPLES	5
1153.232	1153.3809999999999	270	MUM	6
1153.3809999999999	1153.8020000000001	407	STRONGLY	6
1153.8020000000001	1154.251	126	DISLIKES	6
1154.251	1155.091	27	APPETIZERS	6
1163.4740000000002	1163.662	443	THOSE	7
1163.662	1163.741	484	WHO	7
1163.741	1163.991	427	TEACH	7
1163.991	1164.392	462	VALUES	7
1164.392	1164.661	156	FIRST	7
1164.661	1165.0520000000001	4	ABOLISH	7
1165.0520000000001	1165.522	87	CHEATING	7
1175.949	1176.022	434	THE	8
1176.022	1176.3020000000001	165	FRIGHTENED	8
1176.3020000000001	1176.5720000000001	89	CHILD	8
1176.5720000000001	1176.721	472	WAS	8
1176.721	1176.952	176	GENTLY	8
1176.952	1177.351	410	SUBDUED	8
1177.351	1177.432	73	BY	8
1177.432	1177.653	208	HIS	8
1177.653	1177.819	52	BIG	8
1177.819	1178.172	66	BROTHER	8
1187.393	1187.5839999999998	142	EVEN	9
1187.5839999999998	1187.642	1	A	9
1187.642	1187.981	383	SIMPLE	9
1187.981	1188.617	468	VOCABULARY	9
1188.617	1189.0320000000002	104	CONTAINS	9
1189.0320000000002	1189.672	422	SYMBOLS	9
1198.267	1198.397	1	A	10
1198.397	1198.736	110	CRAB	10
1198.736	1199.231	85	CHALLENGED	10
1199.231	1199.365	258	ME	10
1199.365	1199.712	70	BUT	10
1199.712	1199.87	1	A	10
1199.87	1200.209	350	QUICK	10
1200.209	1200.844	402	STAB	10
1200.844	1201.391	464	VANQUISHED	10
1201.391	1201.585	207	HIM	10
1213.011	1213.412	183	GLUCOSE	11
1213.412	1213.53	20	AND	11
1213.53	1213.979	167	FRUCTOSE	11
1213.979	1214.082	30	ARE	11
1214.082	1214.418	276	NATURAL	11
1214.418	1214.801	414	SUGARS	11
1214.801	1215.042	163	FOUND	11
1215.042	1215.148	217	IN	11
1215.148	1215.492	168	FRUIT	11
1215.492	1215.672	99999	sp	11
1224.153	1224.235	30	ARE	12
1224.235	1224.285	495	YOU	12
1224.285	1224.602	250	LOOKING	12
1224.602	1224.722	161	FOR	12
1224.722	1225.292	136	EMPLOYMENT	12
1232.264	1232.578	98	COFFEE	13
1232.578	1232.717	224	IS	13
1232.717	1233.061	198	GROWN	13
1233.061	1233.26	297	ON	13
1233.26	1233.578	404	STEEP	13
1233.578	1233.851	231	JUNGLE	13
1233.851	1234.043	241	LIKE	13
1234.043	1234.502	390	SLOPES	13
1234.502	1234.66	217	IN	13
1234.66	1234.951	431	TEMPERATE	13
1234.951	1235.561	497	ZONES	13
1245.752	1246.0720000000001	480	WELCOME	14
1246.0720000000001	1246.686	256	MANY	14
1246.686	1246.781	476	WE	14
1246.781	1247.101	480	WELCOME	14
1247.101	1247.29	256	MANY	14
1247.29	1247.424	282	NEW	14
1247.424	1247.801	408	STUDENTS	14
1247.801	1247.981	132	EACH	14
1247.981	1248.212	491	YEAR	14
1256.336	1256.551	298	ONLY	15
1256.551	1256.719	434	THE	15
1256.719	1257.015	51	BEST	15
1257.015	1257.465	330	PLAYERS	15
1257.465	1257.901	139	ENJOY	15
1257.901	1258.732	88888	 POPULARITY	15
1267.687	1268.091	75	CALCIUM	16
1268.091	1268.323	254	MAKES	16
1268.323	1268.715	58	BONES	16
1268.715	1268.8220000000001	20	AND	16
1268.8220000000001	1269.001	430	TEETH	16
1269.001	1269.492	406	STRONG	16
1277.956	1278.281	286	NOTHING	17
1278.281	1278.421	224	IS	17
1278.421	1278.581	34	AS	17
1278.581	1279.111	295	OFFENSIVE	17
1279.111	1279.341	34	AS	17
1279.341	1280.001	219	INNOCENCE	17
1289.0720000000001	1289.423	405	STEVE	18
1289.423	1289.541	490	WORE	18
1289.541	1289.646	1	A	18
1289.646	1289.882	65	BRIGHT	18
1289.882	1290.112	356	RED	18
1290.112	1290.541	78	CASHMERE	18
1290.541	1290.962	420	SWEATER	18
1299.586	1299.876	46	BARB'S	19
1299.876	1300.056	188	GOLD	19
1300.056	1300.382	63	BRACELET	19
1300.382	1300.511	472	WAS	19
1300.511	1300.558	1	A	19
1300.558	1301.156	193	GRADUATION	19
1301.156	1301.537	339	PRESENT	19
1309.01	1309.215	130	DRAW	20
1309.215	1309.486	145	EVERY	20
1309.486	1309.694	308	OUTER	20
1309.694	1310.024	244	LINE	20
1310.024	1310.432	156	FIRST	20
1310.432	1310.561	436	THEN	20
1310.561	1310.811	154	FILL	20
1310.811	1310.901	217	IN	20
1310.901	1311.001	434	THE	20
1311.001	1311.681	222	INTERIOR	20
1319.798	1319.89	434	THE	21
1319.89	1320.24	475	WATER	21
1320.24	1320.648	103	CONTAINED	21
1320.648	1320.759	448	TOO	21
1320.759	1321.061	269	MUCH	21
1321.061	1321.505	90	CHLORINE	21
1321.505	1322.214	99999	sp	21
1322.214	1322.356	20	AND	21
1322.356	1322.731	409	STUNG	21
1322.731	1323.23	208	HIS	21
1323.23	1323.789	149	EYES	21
1335.142	1335.431	99999	sp	22
1335.431	1335.488	99999	sp	22
1335.488	1335.792	229	JOHN'S	22
1335.792	1335.97	66	BROTHER	22
1335.97	1336.456	363	REPAINTED	22
1336.456	1336.558	434	THE	22
1336.558	1336.922	173	GARAGE	22
1336.922	1337.262	129	DOOR	22
1346.3899999999999	1346.814	84	CHALLENGE	23
1346.814	1346.972	132	EACH	23
1346.972	1347.362	175	GENERAL'S	23
1347.362	1348.151	221	INTELLIGENCE	23
1355.645	1356.256	17	AMBIDEXTROUS	24
1356.256	1356.792	327	PICKPOCKETS	24
1356.792	1357.254	6	ACCOMPLISH	24
1357.254	1357.592	267	MORE	24
1366.755	1366.788	1	A	25
1366.788	1366.987	258	ME	25
1366.987	1367.195	99999	sp	25
1367.195	1367.252	1	A	25
1367.252	1367.692	271	MUSCULAR	25
1367.692	1368.132	2	ABDOMEN	25
1368.132	1368.314	224	IS	25
1368.314	1368.412	189	GOOD	25
1368.412	1368.5819999999999	161	FOR	25
1368.5819999999999	1368.672	496	YOUR	25
1368.672	1369.062	43	BACK	25
1377.437	1377.552	438	THEY	26
1377.552	1377.648	317	OWN	26
1377.648	1377.696	1	A	26
1377.696	1377.909	52	BIG	26
1377.909	1378.247	209	HOUSE	26
1378.247	1378.31	217	IN	26
1378.31	1378.362	434	THE	26
1378.362	1378.67	361	REMOTE	26
1378.67	1379.312	109	COUNTRYSIDE	26
1387.362	1387.442	434	THE	27
1387.442	1387.687	369	ROSE	27
1387.687	1388.062	106	CORSAGE	27
1388.062	1388.323	393	SMELLED	27
1388.323	1388.702	421	SWEET	27
1396.231	1396.416	433	THAT	28
1396.416	1396.9	326	PICKPOCKET	28
1396.9	1397.1	472	WAS	28
1397.1	1397.3220000000001	80	CAUGHT	28
1397.3220000000001	1397.472	356	RED	28
1397.472	1397.965	199	HANDED	28
1405.723	1405.838	19	AN	29
1405.838	1406.011	9	ADULT	29
1406.011	1406.3609999999999	255	MALE	29
1406.3609999999999	1406.898	42	BABOON'S	29
1406.898	1407.162	430	TEETH	29
1407.162	1407.212	30	ARE	29
1407.212	1407.484	285	NOT	29
1407.484	1407.874	415	SUITABLE	29
1407.874	1408.169	161	FOR	29
1408.169	1408.462	135	EATING	29
1408.462	1409.132	376	SHELLFISH	29
1418.3319999999999	1418.463	204	HER	30
1418.463	1418.855	470	WARDROBE	30
1418.855	1419.262	102	CONSISTS	30
1419.262	1419.762	298	ONLY	30
1419.762	1420.2069999999999	99999	sp	30
1420.2069999999999	1420.328	294	OF	30
1420.328	1420.569	298	ONLY	30
1420.569	1420.912	385	SKIRTS	30
1420.912	1421.016	20	AND	30
1421.016	1421.542	54	BLOUSES	30
1430.116	1430.198	434	THE	31
1430.198	1430.372	453	TWO	31
1430.372	1430.672	88888	EX	31
1430.672	1430.77	99999	sp	31
1430.77	1430.974	434	THE	31
1430.974	1431.231	453	TWO	31
1431.231	1431.602	33	ARTISTS	31
1431.602	1432.122	147	EXCHANGED	31
1432.122	1432.792	39	AUTOGRAPHS	31
1440.362	1440.982	71	BUTTERSCOTCH	32
1440.982	1441.291	169	FUDGE	32
1441.291	1441.602	186	GOES	32
1441.602	1441.762	481	WELL	32
1441.762	1441.912	487	WITH	32
1441.912	1442.229	463	VANILLA	32
1442.229	1442.545	212	ICE	32
1442.545	1442.842	112	CREAM	32
1450.978	1451.209	366	RICH	33
1451.209	1451.591	349	PURCHASED	33
1451.591	1451.862	374	SEVERAL	33
1451.862	1452.182	382	SIGNED	33
1452.182	1452.882	245	LITHOGRAPHS	33
1460.091	1460.502	99999	sp	34
1460.502	1460.563	99999	sp	34
1460.563	1460.81	24	ANY	34
1460.81	1461.462	105	CONTRIBUTIONS	34
1461.462	1461.565	485	WILL	34
1461.565	1461.672	47	BE	34
1461.672	1462.022	195	GREATLY	34
1462.022	1462.8220000000001	28	APPRECIATED	34
1472.971	1473.051	434	THE	35
1473.051	1473.5	111	CRANBERRY	35
1473.5	1473.762	57	BOG	35
1473.762	1473.971	178	GETS	35
1473.971	1474.271	465	VERY	35
1474.271	1474.482	340	PRETTY	35
1474.482	1474.604	217	IN	35
1474.604	1475.0520000000001	40	AUTUMN	35
1483.392	1483.537	210	HOW	36
1483.537	1483.6190000000001	128	DO	36
1483.6190000000001	1484.1100000000001	318	OYSTERS	36
1484.1100000000001	1484.348	253	MAKE	36
1484.348	1484.882	320	PEARLS	36
1492.886	1493.003	257	MAY	37
1493.003	1493.125	211	I	37
1493.125	1493.354	304	ORDER	37
1493.354	1493.463	1	A	37
1493.463	1493.922	319	PARFAIT	37
1493.922	1494.252	10	AFTER	37
1494.252	1494.3319999999999	211	I	37
1494.3319999999999	1494.528	134	EAT	37
1494.528	1494.8319999999999	124	DINNER	37
1503.321	1503.401	224	IS	38
1503.401	1503.57	375	SHE	38
1503.57	1503.791	187	GOING	38
1503.791	1503.992	487	WITH	38
1503.992	1504.221	495	YOU	38
1512.1399999999999	1512.248	76	CAN	39
1512.248	1512.299	434	THE	39
1512.299	1512.742	11	AGENCY	39
1512.742	1513.151	315	OVERTHROW	39
1513.151	1513.52	13	ALIEN	39
1513.52	1514.0720000000001	162	FORCES	39
1523.316	1523.376	1	A	40
1523.376	1523.862	371	SCREWDRIVER	40
1523.862	1524.036	224	IS	40
1524.036	1524.193	252	MADE	40
1524.193	1524.373	166	FROM	40
1524.373	1524.672	469	VODKA	40
1524.672	1524.745	20	AND	40
1524.745	1524.971	303	ORANGE	40
1524.971	1525.442	230	JUICE	40
1533.746	1533.845	210	HOW	41
1533.845	1534.056	269	MUCH	41
1534.056	1534.452	16	ALLOWANCE	41
1534.452	1534.5520000000001	128	DO	41
1534.5520000000001	1534.672	495	YOU	41
1534.672	1534.982	177	GET	41
1542.971	1543.48	115	CYCLICAL	42
1543.48	1544.009	346	PROGRAMS	42
1544.009	1544.065	485	WILL	42
1544.065	1544.382	281	NEVER	42
1544.382	1544.882	100	COMPILE	42
1554.562	1554.878	61	BOSTON	43
1554.878	1555.212	45	BALLET	43
1555.212	1555.713	312	OVERCAME	43
1555.713	1555.833	435	THEIR	43
1555.833	1556.172	170	FUNDING	43
1556.172	1556.8020000000001	380	SHORTAGE	43
1565.171	1565.422	145	EVERY	44
1565.422	1565.684	74	CAB	44
1565.684	1565.9189999999999	280	NEEDS	44
1565.9189999999999	1566.34	88888	REPAIRING	44
1566.34	1566.8020000000001	296	OFTEN	44
1575.383	1575.625	203	HELP	45
1575.625	1575.835	196	GREG	45
1575.835	1575.976	446	TO	45
1575.976	1576.151	325	PICK	45
1576.151	1576.254	1	A	45
1576.254	1576.429	321	PECK	45
1576.429	1576.5430000000001	294	OF	45
1576.5430000000001	1577.232	338	POTATOES	45
1584.8020000000001	1584.911	476	WE	46
1584.911	1585.121	241	LIKE	46
1585.121	1585.292	55	BLUE	46
1585.292	1585.65	88	CHEESE	46
1585.65	1585.778	70	BUT	46
1585.778	1586.0520000000001	466	VICTOR	46
1586.0520000000001	1586.364	242	LIKES	46
1586.364	1586.682	64	BRIE	46
1594.79	1594.973	108	COUNT	47
1594.973	1595.016	434	THE	47
1595.016	1595.212	289	NUMBER	47
1595.212	1595.3229999999999	294	OF	47
1595.3229999999999	1595.796	429	TEASPOONS	47
1595.796	1595.872	294	OF	47
1595.872	1596.498	395	SOYSAUCE	47
1596.498	1596.612	433	THAT	47
1596.612	1596.781	495	YOU	47
1596.781	1597.0819999999999	7	ADD	47
1605.33	1605.932	44	BAGPIPES	48
1605.932	1606.041	20	AND	48
1606.041	1606.508	59	BONGOS	48
1606.508	1606.534	30	ARE	48
1606.534	1606.901	273	MUSICAL	48
1606.901	1607.5819999999999	220	INSTRUMENTS	48
1616.922	1617.18	210	HOW	49
1617.18	1617.298	189	GOOD	49
1617.298	1617.478	224	IS	49
1617.478	1617.5520000000001	496	YOUR	49
1617.5520000000001	1618.212	138	ENDURANCE	49
1618.212	1618.351	99999	sp	49
1636.6019999999999	1636.675	30	ARE	0
1636.675	1636.751	496	YOUR	0
1636.751	1637.065	192	GRADES	0
1637.065	1637.473	206	HIGHER	0
1637.473	1637.527	302	OR	0
1637.527	1637.801	251	LOWER	0
1637.801	1637.938	432	THAN	0
1637.938	1638.607	275	NANCY'S	0
1646.031	1646.192	375	SHE	1
1646.192	1646.49	490	WORE	1
1646.49	1646.912	99999	sp	1
1646.912	1647.248	471	WARM	1
1647.248	1647.682	158	FLEECY	1
1647.682	1647.952	489	WOOLEN	1
1647.952	1648.612	311	OVERALLS	1
1657.161	1657.431	354	READING	2
1657.431	1657.524	217	IN	2
1657.524	1657.7359999999999	335	POOR	2
1657.7359999999999	1657.932	240	LIGHT	2
1657.932	1658.1680000000001	181	GIVES	2
1658.1680000000001	1658.291	495	YOU	2
1658.291	1658.8690000000001	150	EYESTRAIN	2
1667.432	1667.503	99999	sp	3
1667.503	1667.763	142	EVEN	3
1667.763	1667.971	211	I	3
1667.971	1668.5230000000001	293	OCCASIONALLY	3
1668.5230000000001	1668.718	177	GET	3
1668.718	1668.812	434	THE	3
1668.812	1669.355	265	MONDAY	3
1669.355	1669.982	56	BLUES	3
1669.982	1670.262	99999	sp	3
1676.78	1676.893	476	WE	4
1676.893	1676.958	30	ARE	4
1676.958	1677.249	301	OPEN	4
1677.249	1677.453	145	EVERY	4
1677.453	1677.762	265	MONDAY	4
1677.762	1678.232	143	EVENING	4
1685.406	1685.484	226	IT'S	5
1685.484	1685.589	285	NOT	5
1685.589	1685.883	133	EASY	5
1685.883	1685.995	446	TO	5
1685.995	1686.3020000000001	113	CREATE	5
1686.3020000000001	1686.7939999999999	215	ILLUMINATING	5
1686.7939999999999	1687.492	146	EXAMPLES	5
1696.2359999999999	1696.425	270	MUM	6
1696.425	1696.769	407	STRONGLY	6
1696.769	1697.202	126	DISLIKES	6
1697.202	1698.012	27	APPETIZERS	6
1707.738	1707.915	443	THOSE	7
1707.915	1708.021	484	WHO	7
1708.021	1708.233	427	TEACH	7
1708.233	1708.626	462	VALUES	7
1708.626	1708.882	156	FIRST	7
1708.882	1709.258	4	ABOLISH	7
1709.258	1709.672	87	CHEATING	7
1719.8139999999999	1719.892	434	THE	8
1719.892	1720.1860000000001	165	FRIGHTENED	8
1720.1860000000001	1720.4360000000001	89	CHILD	8
1720.4360000000001	1720.6109999999999	472	WAS	8
1720.6109999999999	1720.824	176	GENTLY	8
1720.824	1721.152	410	SUBDUED	8
1721.152	1721.292	73	BY	8
1721.292	1721.432	208	HIS	8
1721.432	1721.614	52	BIG	8
1721.614	1722.001	66	BROTHER	8
1730.01	1730.187	142	EVEN	9
1730.187	1730.258	1	A	9
1730.258	1730.542	383	SIMPLE	9
1730.542	1731.101	468	VOCABULARY	9
1731.101	1731.511	104	CONTAINS	9
1731.511	1732.0520000000001	422	SYMBOLS	9
1740.751	1740.846	1	A	10
1740.846	1741.1109999999999	110	CRAB	10
1741.1109999999999	1741.5030000000002	85	CHALLENGED	10
1741.5030000000002	1741.5819999999999	258	ME	10
1741.5819999999999	1741.6979999999999	70	BUT	10
1741.6979999999999	1741.786	1	A	10
1741.786	1742.001	350	QUICK	10
1742.001	1742.3609999999999	402	STAB	10
1742.3609999999999	1742.8220000000001	464	VANQUISHED	10
1742.8220000000001	1743.0320000000002	207	HIM	10
1751.096	1751.5	183	GLUCOSE	11
1751.5	1751.598	20	AND	11
1751.598	1752.0140000000001	167	FRUCTOSE	11
1752.0140000000001	1752.058	30	ARE	11
1752.058	1752.432	276	NATURAL	11
1752.432	1752.841	414	SUGARS	11
1752.841	1753.016	163	FOUND	11
1753.016	1753.15	217	IN	11
1753.15	1753.5320000000002	168	FRUIT	11
1762.1950000000002	1762.274	30	ARE	12
1762.274	1762.3609999999999	495	YOU	12
1762.3609999999999	1762.6309999999999	250	LOOKING	12
1762.6309999999999	1762.761	161	FOR	12
1762.761	1763.341	136	EMPLOYMENT	12
1771.983	1772.2640000000001	98	COFFEE	13
1772.2640000000001	1772.4009999999998	224	IS	13
1772.4009999999998	1772.712	198	GROWN	13
1772.712	1772.851	297	ON	13
1772.851	1773.182	404	STEEP	13
1773.182	1773.452	231	JUNGLE	13
1773.452	1773.642	241	LIKE	13
1773.642	1774.001	390	SLOPES	13
1774.001	1774.091	217	IN	13
1774.091	1774.462	431	TEMPERATE	13
1774.462	1775.042	497	ZONES	13
1783.7150000000001	1783.841	88888	WHY	14
1783.841	1784.182	480	WELCOME	14
1784.182	1784.411	256	MANY	14
1784.411	1784.5720000000001	282	NEW	14
1784.5720000000001	1784.991	408	STUDENTS	14
1784.991	1785.194	132	EACH	14
1785.194	1785.442	491	YEAR	14
1795.977	1796.203	298	ONLY	15
1796.203	1796.336	434	THE	15
1796.336	1796.561	51	BEST	15
1796.561	1796.872	330	PLAYERS	15
1796.872	1797.2	139	ENJOY	15
1797.2	1797.932	336	POPULARITY	15
1805.39	1805.761	75	CALCIUM	16
1805.761	1806.007	254	MAKES	16
1806.007	1806.39	58	BONES	16
1806.39	1806.512	20	AND	16
1806.512	1806.721	430	TEETH	16
1806.721	1807.232	406	STRONG	16
1816.509	1816.812	286	NOTHING	17
1816.812	1816.962	224	IS	17
1816.962	1817.079	34	AS	17
1817.079	1817.652	295	OFFENSIVE	17
1817.652	1817.861	34	AS	17
1817.861	1818.502	219	INNOCENCE	17
1826.252	1826.567	405	STEVE	18
1826.567	1826.671	490	WORE	18
1826.671	1826.767	1	A	18
1826.767	1826.962	65	BRIGHT	18
1826.962	1827.164	356	RED	18
1827.164	1827.577	78	CASHMERE	18
1827.577	1828.002	420	SWEATER	18
1834.679	1835.044	46	BARB'S	19
1835.044	1835.244	188	GOLD	19
1835.244	1835.601	63	BRACELET	19
1835.601	1835.744	472	WAS	19
1835.744	1835.798	1	A	19
1835.798	1836.523	193	GRADUATION	19
1836.523	1837.098	339	PRESENT	19
1845.311	1845.559	130	DRAW	20
1845.559	1846.081	145	EVERY	20
1846.081	1846.351	308	OUTER	20
1846.351	1846.644	244	LINE	20
1846.644	1847.041	156	FIRST	20
1847.041	1847.241	436	THEN	20
1847.241	1847.411	154	FILL	20
1847.411	1847.471	217	IN	20
1847.471	1847.541	434	THE	20
1847.541	1848.191	222	INTERIOR	20
1856.5819999999999	1856.641	434	THE	21
1856.641	1856.922	475	WATER	21
1856.922	1857.352	103	CONTAINED	21
1857.352	1857.453	448	TOO	21
1857.453	1857.695	269	MUCH	21
1857.695	1857.989	90	CHLORINE	21
1857.989	1858.102	20	AND	21
1858.102	1858.371	409	STUNG	21
1858.371	1858.522	208	HIS	21
1858.522	1859.061	149	EYES	21
1866.588	1866.92	229	JOHN'S	22
1866.92	1867.111	66	BROTHER	22
1867.111	1867.662	363	REPAINTED	22
1867.662	1867.763	434	THE	22
1867.763	1868.159	173	GARAGE	22
1868.159	1868.481	129	DOOR	22
1877.313	1877.736	84	CHALLENGE	23
1877.736	1877.882	132	EACH	23
1877.882	1878.297	175	GENERAL'S	23
1878.297	1879.132	221	INTELLIGENCE	23
1891.318	1891.853	17	AMBIDEXTROUS	24
1891.853	1892.423	327	PICKPOCKETS	24
1892.423	1892.9279999999999	6	ACCOMPLISH	24
1892.9279999999999	1893.242	267	MORE	24
1901.694	1901.72	1	A	25
1901.72	1902.162	271	MUSCULAR	25
1902.162	1902.531	2	ABDOMEN	25
1902.531	1902.671	224	IS	25
1902.671	1902.802	189	GOOD	25
1902.802	1902.941	161	FOR	25
1902.941	1903.041	496	YOUR	25
1903.041	1903.401	43	BACK	25
1911.749	1911.841	438	THEY	26
1911.841	1911.905	317	OWN	26
1911.905	1911.941	1	A	26
1911.941	1912.151	52	BIG	26
1912.151	1912.488	209	HOUSE	26
1912.488	1912.5	217	IN	26
1912.5	1912.561	434	THE	26
1912.561	1912.852	361	REMOTE	26
1912.852	1913.492	109	COUNTRYSIDE	26
1922.0819999999999	1922.179	434	THE	27
1922.179	1922.362	369	ROSE	27
1922.362	1922.752	106	CORSAGE	27
1922.752	1923.032	393	SMELLED	27
1923.032	1923.482	421	SWEET	27
1931.7350000000001	1931.926	433	THAT	28
1931.926	1932.449	326	PICKPOCKET	28
1932.449	1932.622	472	WAS	28
1932.622	1932.8220000000001	80	CAUGHT	28
1932.8220000000001	1933.012	356	RED	28
1933.012	1933.482	199	HANDED	28
1941.501	1941.525	19	AN	29
1941.525	1941.842	9	ADULT	29
1941.842	1941.962	255	MALE	29
1941.962	1942.441	42	BABOON'S	29
1942.441	1942.637	430	TEETH	29
1942.637	1942.706	30	ARE	29
1942.706	1942.914	285	NOT	29
1942.914	1943.281	415	SUITABLE	29
1943.281	1943.412	161	FOR	29
1943.412	1943.676	135	EATING	29
1943.676	1944.282	376	SHELLFISH	29
1952.872	1953.012	204	HER	30
1953.012	1953.352	470	WARDROBE	30
1953.352	1953.772	102	CONSISTS	30
1953.772	1953.882	294	OF	30
1953.882	1954.062	298	ONLY	30
1954.062	1954.431	385	SKIRTS	30
1954.431	1954.522	20	AND	30
1954.522	1955.142	54	BLOUSES	30
1963.519	1963.644	434	THE	31
1963.644	1963.8029999999999	453	TWO	31
1963.8029999999999	1964.104	33	ARTISTS	31
1964.104	1964.563	147	EXCHANGED	31
1964.563	1965.232	39	AUTOGRAPHS	31
1972.55	1973.102	71	BUTTERSCOTCH	32
1973.102	1973.398	169	FUDGE	32
1973.398	1973.675	186	GOES	32
1973.675	1973.852	481	WELL	32
1973.852	1974.002	487	WITH	32
1974.002	1974.32	463	VANILLA	32
1974.32	1974.5819999999999	212	ICE	32
1974.5819999999999	1974.892	112	CREAM	32
1983.931	1984.074	99999	sp	33
1984.074	1984.285	366	RICH	33
1984.285	1984.632	349	PURCHASED	33
1984.632	1984.924	374	SEVERAL	33
1984.924	1985.252	382	SIGNED	33
1985.252	1985.992	245	LITHOGRAPHS	33
1993.631	1993.825	24	ANY	34
1993.825	1994.443	105	CONTRIBUTIONS	34
1994.443	1994.534	485	WILL	34
1994.534	1994.654	47	BE	34
1994.654	1994.982	195	GREATLY	34
1994.982	1995.681	28	APPRECIATED	34
2003.888	2004.003	434	THE	35
2004.003	2004.446	111	CRANBERRY	35
2004.446	2004.667	57	BOG	35
2004.667	2004.862	178	GETS	35
2004.862	2005.115	465	VERY	35
2005.115	2005.331	340	PRETTY	35
2005.331	2005.4279999999999	217	IN	35
2005.4279999999999	2005.792	40	AUTUMN	35
2014.124	2014.346	210	HOW	36
2014.346	2014.502	128	DO	36
2014.502	2014.954	318	OYSTERS	36
2014.954	2015.161	253	MAKE	36
2015.161	2015.692	320	PEARLS	36
2024.407	2024.527	257	MAY	37
2024.527	2024.622	211	I	37
2024.622	2024.973	304	ORDER	37
2024.973	2025.108	1	A	37
2025.108	2025.518	319	PARFAIT	37
2025.518	2025.892	10	AFTER	37
2025.892	2026.042	211	I	37
2026.042	2026.226	134	EAT	37
2026.226	2026.612	124	DINNER	37
2035.468	2035.662	224	IS	38
2035.662	2035.8899999999999	375	SHE	38
2035.8899999999999	2036.151	187	GOING	38
2036.151	2036.422	487	WITH	38
2036.422	2036.472	99999	sp	38
2036.472	2037.0819999999999	495	YOU	38
2037.0819999999999	2037.222	99999	sp	38
2045.283	2045.345	76	CAN	39
2045.345	2045.458	434	THE	39
2045.458	2045.805	11	AGENCY	39
2045.805	2046.246	315	OVERTHROW	39
2046.246	2046.602	13	ALIEN	39
2046.602	2047.262	162	FORCES	39
2056.256	2056.291	1	A	40
2056.291	2056.812	371	SCREWDRIVER	40
2056.812	2056.968	224	IS	40
2056.968	2057.182	252	MADE	40
2057.182	2057.358	166	FROM	40
2057.358	2057.666	469	VODKA	40
2057.666	2057.7780000000002	20	AND	40
2057.7780000000002	2058.012	303	ORANGE	40
2058.012	2058.531	230	JUICE	40
2067.651	2067.802	210	HOW	41
2067.802	2067.998	269	MUCH	41
2067.998	2068.38	16	ALLOWANCE	41
2068.38	2068.462	128	DO	41
2068.462	2068.589	495	YOU	41
2068.589	2068.832	177	GET	41
2077.942	2078.111	99999	sp	42
2078.111	2078.771	115	CYCLICAL	42
2078.771	2079.2799999999997	346	PROGRAMS	42
2079.2799999999997	2079.317	485	WILL	42
2079.317	2079.591	281	NEVER	42
2079.591	2080.101	100	COMPILE	42
2088.111	2088.202	434	THE	43
2088.202	2088.512	61	BOSTON	43
2088.512	2088.851	45	BALLET	43
2088.851	2089.272	312	OVERCAME	43
2089.272	2089.382	435	THEIR	43
2089.382	2089.712	170	FUNDING	43
2089.712	2090.312	380	SHORTAGE	43
2101.663	2101.956	145	EVERY	44
2101.956	2102.252	74	CAB	44
2102.252	2102.507	280	NEEDS	44
2102.507	2102.992	364	REPAINTING	44
2102.992	2103.452	296	OFTEN	44
2111.9809999999998	2112.21	203	HELP	45
2112.21	2112.46	196	GREG	45
2112.46	2112.574	446	TO	45
2112.574	2112.7690000000002	325	PICK	45
2112.7690000000002	2112.874	1	A	45
2112.874	2113.062	321	PECK	45
2113.062	2113.241	294	OF	45
2113.241	2113.851	338	POTATOES	45
2121.084	2121.129	476	WE	46
2121.129	2121.338	241	LIKE	46
2121.338	2121.51	55	BLUE	46
2121.51	2122.147	88	CHEESE	46
2122.147	2122.726	20	AND	46
2122.726	2122.8360000000002	70	BUT	46
2122.8360000000002	2123.1	466	VICTOR	46
2123.1	2123.401	242	LIKES	46
2123.401	2123.672	64	BRIE	46
2131.143	2131.337	108	COUNT	47
2131.337	2131.396	434	THE	47
2131.396	2131.632	289	NUMBER	47
2131.632	2131.734	294	OF	47
2131.734	2132.261	429	TEASPOONS	47
2132.261	2132.351	294	OF	47
2132.351	2132.932	395	SOYSAUCE	47
2132.932	2133.062	433	THAT	47
2133.062	2133.202	495	YOU	47
2133.202	2133.512	7	ADD	47
2144.312	2144.795	44	BAGPIPES	48
2144.795	2144.909	20	AND	48
2144.909	2145.31	59	BONGOS	48
2145.31	2145.372	30	ARE	48
2145.372	2145.757	273	MUSICAL	48
2145.757	2146.452	220	INSTRUMENTS	48
2155.295	2155.475	210	HOW	49
2155.475	2155.558	189	GOOD	49
2155.558	2155.692	224	IS	49
2155.692	2155.781	496	YOUR	49
2155.781	2156.432	138	ENDURANCE	49
2173.6549999999997	2173.761	30	ARE	0
2173.761	2173.8450000000003	496	YOUR	0
2173.8450000000003	2174.151	192	GRADES	0
2174.151	2174.411	206	HIGHER	0
2174.411	2174.441	302	OR	0
2174.441	2174.695	251	LOWER	0
2174.695	2174.791	432	THAN	0
2174.791	2175.411	275	NANCY'S	0
2182.703	2182.841	375	SHE	1
2182.841	2183.012	490	WORE	1
2183.012	2183.312	471	WARM	1
2183.312	2183.673	158	FLEECY	1
2183.673	2183.992	88888	WOODEN	1
2183.992	2184.244	99999	sp	1
2184.244	2184.541	489	WOOLEN	1
2184.541	2185.242	311	OVERALLS	1
2192.498	2192.752	354	READING	2
2192.752	2192.8940000000002	217	IN	2
2192.8940000000002	2193.062	335	POOR	2
2193.062	2193.333	240	LIGHT	2
2193.333	2193.531	181	GIVES	2
2193.531	2193.642	495	YOU	2
2193.642	2194.291	150	EYESTRAIN	2
2201.091	2201.292	99999	sp	3
2201.292	2201.537	142	EVEN	3
2201.537	2201.6639999999998	211	I	3
2201.6639999999998	2202.133	293	OCCASIONALLY	3
2202.133	2202.316	177	GET	3
2202.316	2202.382	434	THE	3
2202.382	2202.712	265	MONDAY	3
2202.712	2203.142	56	BLUES	3
2203.142	2203.182	99999	sp	3
2209.846	2209.911	476	WE	4
2209.911	2209.992	30	ARE	4
2209.992	2210.281	301	OPEN	4
2210.281	2210.492	145	EVERY	4
2210.492	2210.819	265	MONDAY	4
2210.819	2211.272	143	EVENING	4
2218.193	2218.302	226	IT'S	5
2218.302	2218.411	285	NOT	5
2218.411	2218.709	133	EASY	5
2218.709	2218.823	446	TO	5
2218.823	2219.122	113	CREATE	5
2219.122	2219.712	215	ILLUMINATING	5
2219.712	2220.422	146	EXAMPLES	5
2228.825	2228.982	270	MUM	6
2228.982	2229.357	407	STRONGLY	6
2229.357	2229.792	126	DISLIKES	6
2229.792	2230.661	27	APPETIZERS	6
2239.2219999999998	2239.401	443	THOSE	7
2239.401	2239.503	484	WHO	7
2239.503	2239.741	427	TEACH	7
2239.741	2240.142	462	VALUES	7
2240.142	2240.401	156	FIRST	7
2240.401	2240.819	4	ABOLISH	7
2240.819	2241.272	87	CHEATING	7
2249.507	2249.575	434	THE	8
2249.575	2249.841	165	FRIGHTENED	8
2249.841	2250.115	89	CHILD	8
2250.115	2250.232	472	WAS	8
2250.232	2250.488	176	GENTLY	8
2250.488	2250.882	410	SUBDUED	8
2250.882	2250.978	73	BY	8
2250.978	2251.182	208	HIS	8
2251.182	2251.355	52	BIG	8
2251.355	2251.721	66	BROTHER	8
2260.389	2260.682	142	EVEN	9
2260.682	2260.812	1	A	9
2260.812	2261.202	383	SIMPLE	9
2261.202	2261.805	468	VOCABULARY	9
2261.805	2262.252	104	CONTAINS	9
2262.252	2262.841	422	SYMBOLS	9
2272.703	2272.827	1	A	10
2272.827	2273.137	110	CRAB	10
2273.137	2273.632	85	CHALLENGED	10
2273.632	2274.002	258	ME	10
2274.002	2274.161	99999	sp	10
2274.161	2274.259	70	BUT	10
2274.259	2274.535	1	A	10
2274.535	2274.762	350	QUICK	10
2274.762	2275.101	402	STAB	10
2275.101	2275.56	464	VANQUISHED	10
2275.56	2275.791	207	HIM	10
2285.608	2286.146	183	GLUCOSE	11
2286.146	2286.237	20	AND	11
2286.237	2286.697	167	FRUCTOSE	11
2286.697	2286.73	30	ARE	11
2286.73	2287.062	276	NATURAL	11
2287.062	2287.476	414	SUGARS	11
2287.476	2287.651	163	FOUND	11
2287.651	2287.802	217	IN	11
2287.802	2288.091	168	FRUIT	11
2296.346	2296.404	30	ARE	12
2296.404	2296.522	495	YOU	12
2296.522	2296.833	250	LOOKING	12
2296.833	2296.932	161	FOR	12
2296.932	2297.482	136	EMPLOYMENT	12
2306.305	2306.532	98	COFFEE	13
2306.532	2306.705	224	IS	13
2306.705	2306.851	198	GROWN	13
2306.851	2306.971	297	ON	13
2306.971	2307.305	404	STEEP	13
2307.305	2307.591	231	JUNGLE	13
2307.591	2307.772	241	LIKE	13
2307.772	2308.128	390	SLOPES	13
2308.128	2308.2309999999998	217	IN	13
2308.2309999999998	2308.591	431	TEMPERATE	13
2308.591	2309.152	497	ZONES	13
2318.199	2318.266	476	WE	14
2318.266	2318.642	480	WELCOME	14
2318.642	2318.922	256	MANY	14
2318.922	2319.072	282	NEW	14
2319.072	2319.511	408	STUDENTS	14
2319.511	2319.741	132	EACH	14
2319.741	2320.082	491	YEAR	14
2330.555	2330.7309999999998	298	ONLY	15
2330.7309999999998	2330.824	434	THE	15
2330.824	2331.1059999999998	51	BEST	15
2331.1059999999998	2331.431	330	PLAYERS	15
2331.431	2331.761	139	ENJOY	15
2331.761	2332.437	336	POPULARITY	15
2340.648	2341.032	75	CALCIUM	16
2341.032	2341.261	254	MAKES	16
2341.261	2341.692	58	BONES	16
2341.692	2341.964	99999	sp	16
2341.964	2342.131	20	AND	16
2342.131	2342.366	430	TEETH	16
2342.366	2342.832	406	STRONG	16
2351.252	2351.562	286	NOTHING	17
2351.562	2351.682	224	IS	17
2351.682	2351.822	34	AS	17
2351.822	2352.57	295	OFFENSIVE	17
2352.57	2352.792	34	AS	17
2352.792	2353.452	219	INNOCENCE	17
2363.0119999999997	2363.322	405	STEVE	18
2363.322	2363.466	490	WORE	18
2363.466	2363.497	1	A	18
2363.497	2363.802	65	BRIGHT	18
2363.802	2364.0119999999997	356	RED	18
2364.0119999999997	2364.462	78	CASHMERE	18
2364.462	2364.892	420	SWEATER	18
2373.227	2373.491	46	BARB'S	19
2373.491	2373.721	188	GOLD	19
2373.721	2374.066	63	BRACELET	19
2374.066	2374.225	472	WAS	19
2374.225	2374.2780000000002	1	A	19
2374.2780000000002	2374.951	193	GRADUATION	19
2374.951	2375.332	339	PRESENT	19
2384.293	2384.492	130	DRAW	20
2384.492	2384.699	145	EVERY	20
2384.699	2384.939	308	OUTER	20
2384.939	2385.165	244	LINE	20
2385.165	2385.559	156	FIRST	20
2385.559	2385.697	436	THEN	20
2385.697	2385.911	154	FILL	20
2385.911	2385.984	217	IN	20
2385.984	2386.148	434	THE	20
2386.148	2386.851	222	INTERIOR	20
2395.297	2395.368	434	THE	21
2395.368	2395.562	475	WATER	21
2395.562	2396.044	103	CONTAINED	21
2396.044	2396.171	448	TOO	21
2396.171	2396.383	269	MUCH	21
2396.383	2396.655	90	CHLORINE	21
2396.655	2396.791	20	AND	21
2396.791	2397.048	409	STUNG	21
2397.048	2397.172	208	HIS	21
2397.172	2397.561	149	EYES	21
2406.543	2406.851	229	JOHN'S	22
2406.851	2407.052	66	BROTHER	22
2407.052	2407.622	363	REPAINTED	22
2407.622	2407.737	434	THE	22
2407.737	2408.147	173	GARAGE	22
2408.147	2408.492	129	DOOR	22
2418.554	2419.012	84	CHALLENGE	23
2419.012	2419.232	132	EACH	23
2419.232	2419.667	175	GENERAL'S	23
2419.667	2420.631	221	INTELLIGENCE	23
2428.12	2428.779	17	AMBIDEXTROUS	24
2428.779	2429.35	327	PICKPOCKETS	24
2429.35	2429.906	6	ACCOMPLISH	24
2429.906	2430.271	267	MORE	24
2440.497	2440.551	1	A	25
2440.551	2441.026	271	MUSCULAR	25
2441.026	2441.511	2	ABDOMEN	25
2441.511	2441.721	224	IS	25
2441.721	2441.829	189	GOOD	25
2441.829	2442.011	161	FOR	25
2442.011	2442.193	496	YOUR	25
2442.193	2442.701	43	BACK	25
2452.131	2452.242	438	THEY	26
2452.242	2452.314	317	OWN	26
2452.314	2452.428	1	A	26
2452.428	2452.581	52	BIG	26
2452.581	2453.026	209	HOUSE	26
2453.026	2453.056	217	IN	26
2453.056	2453.111	434	THE	26
2453.111	2453.475	361	REMOTE	26
2453.475	2454.171	109	COUNTRYSIDE	26
2454.171	2454.4809999999998	99999	sp	26
2462.551	2462.648	434	THE	27
2462.648	2462.843	369	ROSE	27
2462.843	2463.272	106	CORSAGE	27
2463.272	2463.572	393	SMELLED	27
2463.572	2463.971	421	SWEET	27
2472.124	2472.29	433	THAT	28
2472.29	2472.764	326	PICKPOCKET	28
2472.764	2472.953	472	WAS	28
2472.953	2473.159	80	CAUGHT	28
2473.159	2473.331	356	RED	28
2473.331	2473.751	199	HANDED	28
2481.974	2482.341	9	ADULT	29
2482.341	2482.608	255	MALE	29
2482.608	2483.094	42	BABOON'S	29
2483.094	2483.326	430	TEETH	29
2483.326	2483.391	30	ARE	29
2483.391	2483.605	285	NOT	29
2483.605	2483.9809999999998	415	SUITABLE	29
2483.9809999999998	2484.111	161	FOR	29
2484.111	2484.373	135	EATING	29
2484.373	2484.992	376	SHELLFISH	29
2493.898	2493.991	204	HER	30
2493.991	2494.409	470	WARDROBE	30
2494.409	2494.806	102	CONSISTS	30
2494.806	2495.121	294	OF	30
2495.121	2495.371	298	ONLY	30
2495.371	2495.797	385	SKIRTS	30
2495.797	2495.8940000000002	20	AND	30
2495.8940000000002	2496.492	54	BLOUSES	30
2505.489	2505.632	434	THE	31
2505.632	2505.82	453	TWO	31
2505.82	2506.191	33	ARTISTS	31
2506.191	2506.65	147	EXCHANGED	31
2506.65	2507.361	39	AUTOGRAPHS	31
2515.445	2515.951	71	BUTTERSCOTCH	32
2515.951	2516.256	169	FUDGE	32
2516.256	2516.544	186	GOES	32
2516.544	2516.681	481	WELL	32
2516.681	2516.832	487	WITH	32
2516.832	2517.072	463	VANILLA	32
2517.072	2517.366	212	ICE	32
2517.366	2517.681	112	CREAM	32
2525.866	2526.123	366	RICH	33
2526.123	2526.502	349	PURCHASED	33
2526.502	2526.834	374	SEVERAL	33
2526.834	2527.172	382	SIGNED	33
2527.172	2527.912	245	LITHOGRAPHS	33
2536.126	2536.307	24	ANY	34
2536.307	2536.992	105	CONTRIBUTIONS	34
2536.992	2537.113	485	WILL	34
2537.113	2537.225	47	BE	34
2537.225	2537.532	195	GREATLY	34
2537.532	2538.282	28	APPRECIATED	34
2547.05	2547.1440000000002	434	THE	35
2547.1440000000002	2547.643	111	CRANBERRY	35
2547.643	2547.884	57	BOG	35
2547.884	2548.112	178	GETS	35
2548.112	2548.409	465	VERY	35
2548.409	2548.651	340	PRETTY	35
2548.651	2548.756	217	IN	35
2548.756	2549.13	40	AUTUMN	35
2557.5190000000002	2557.681	210	HOW	36
2557.681	2557.795	128	DO	36
2557.795	2558.262	318	OYSTERS	36
2558.262	2558.478	253	MAKE	36
2558.478	2559.092	320	PEARLS	36
2566.13	2566.281	257	MAY	37
2566.281	2566.324	211	I	37
2566.324	2566.592	304	ORDER	37
2566.592	2566.693	1	A	37
2566.693	2567.032	319	PARFAIT	37
2567.032	2567.316	10	AFTER	37
2567.316	2567.422	211	I	37
2567.422	2567.587	134	EAT	37
2567.587	2567.952	124	DINNER	37
2575.891	2575.982	224	IS	38
2575.982	2576.16	375	SHE	38
2576.16	2576.352	187	GOING	38
2576.352	2576.571	487	WITH	38
2576.571	2576.782	495	YOU	38
2583.873	2583.94	76	CAN	39
2583.94	2583.983	434	THE	39
2583.983	2584.462	11	AGENCY	39
2584.462	2584.908	315	OVERTHROW	39
2584.908	2585.312	13	ALIEN	39
2585.312	2586.002	162	FORCES	39
2594.927	2594.98	1	A	40
2594.98	2595.442	371	SCREWDRIVER	40
2595.442	2595.612	224	IS	40
2595.612	2595.802	252	MADE	40
2595.802	2595.982	166	FROM	40
2595.982	2596.274	469	VODKA	40
2596.274	2596.352	20	AND	40
2596.352	2596.622	303	ORANGE	40
2596.622	2597.072	230	JUICE	40
2604.973	2605.082	210	HOW	41
2605.082	2605.241	269	MUCH	41
2605.241	2605.688	16	ALLOWANCE	41
2605.688	2605.772	128	DO	41
2605.772	2605.924	495	YOU	41
2605.924	2606.192	177	GET	41
2613.952	2614.475	115	CYCLICAL	42
2614.475	2615.028	346	PROGRAMS	42
2615.028	2615.133	485	WILL	42
2615.133	2615.382	281	NEVER	42
2615.382	2615.901	100	COMPILE	42
2625.116	2625.162	434	THE	43
2625.162	2625.491	61	BOSTON	43
2625.491	2625.777	45	BALLET	43
2625.777	2626.279	312	OVERCAME	43
2626.279	2626.41	435	THEIR	43
2626.41	2626.788	170	FUNDING	43
2626.788	2627.431	380	SHORTAGE	43
2638.133	2638.362	145	EVERY	44
2638.362	2638.612	74	CAB	44
2638.612	2638.876	280	NEEDS	44
2638.876	2639.341	364	REPAINTING	44
2639.341	2639.812	296	OFTEN	44
2648.35	2648.719	203	HELP	45
2648.719	2648.986	196	GREG	45
2648.986	2649.121	446	TO	45
2649.121	2649.317	325	PICK	45
2649.317	2649.372	1	A	45
2649.372	2649.628	321	PECK	45
2649.628	2649.738	294	OF	45
2649.738	2650.382	338	POTATOES	45
2657.561	2657.646	476	WE	46
2657.646	2657.848	241	LIKE	46
2657.848	2657.985	55	BLUE	46
2657.985	2658.325	88	CHEESE	46
2658.325	2658.442	70	BUT	46
2658.442	2658.742	466	VICTOR	46
2658.742	2659.033	242	LIKES	46
2659.033	2659.291	64	BRIE	46
2666.608	2666.801	108	COUNT	47
2666.801	2666.859	434	THE	47
2666.859	2667.072	289	NUMBER	47
2667.072	2667.177	294	OF	47
2667.177	2667.632	429	TEASPOONS	47
2667.632	2667.702	294	OF	47
2667.702	2668.219	395	SOYSAUCE	47
2668.219	2668.362	433	THAT	47
2668.362	2668.482	495	YOU	47
2668.482	2668.781	7	ADD	47
2678.531	2678.7	99999	sp	48
2678.7	2679.307	44	BAGPIPES	48
2679.307	2679.407	20	AND	48
2679.407	2679.806	59	BONGOS	48
2679.806	2679.841	30	ARE	48
2679.841	2680.192	273	MUSICAL	48
2680.192	2680.832	220	INSTRUMENTS	48
2689.116	2689.321	210	HOW	49
2689.321	2689.417	189	GOOD	49
2689.417	2689.608	224	IS	49
2689.608	2689.69	496	YOUR	49
2689.69	2690.401	138	ENDURANCE	49
2705.413	2705.468	30	ARE	0
2705.468	2705.588	496	YOUR	0
2705.588	2705.911	192	GRADES	0
2705.911	2706.192	206	HIGHER	0
2706.192	2706.221	302	OR	0
2706.221	2706.471	251	LOWER	0
2706.471	2706.601	432	THAN	0
2706.601	2707.232	275	NANCY'S	0
2715.96	2716.14	375	SHE	1
2716.14	2716.322	490	WORE	1
2716.322	2716.632	471	WARM	1
2716.632	2717.081	158	FLEECY	1
2717.081	2717.369	489	WOOLEN	1
2717.369	2718.252	311	OVERALLS	1
2726.906	2727.132	354	READING	2
2727.132	2727.262	217	IN	2
2727.262	2727.452	335	POOR	2
2727.452	2727.6639999999998	240	LIGHT	2
2727.6639999999998	2727.876	181	GIVES	2
2727.876	2727.932	495	YOU	2
2727.932	2728.512	150	EYESTRAIN	2
2735.801	2735.985	142	EVEN	3
2735.985	2736.1	211	I	3
2736.1	2736.551	293	OCCASIONALLY	3
2736.551	2736.661	177	GET	3
2736.661	2736.712	434	THE	3
2736.712	2737.077	265	MONDAY	3
2737.077	2737.522	56	BLUES	3
2744.754	2744.851	476	WE	4
2744.851	2744.922	30	ARE	4
2744.922	2745.132	301	OPEN	4
2745.132	2745.362	145	EVERY	4
2745.362	2745.651	265	MONDAY	4
2745.651	2746.112	143	EVENING	4
2753.768	2753.784	226	IT'S	5
2753.784	2753.911	285	NOT	5
2753.911	2754.171	133	EASY	5
2754.171	2754.262	446	TO	5
2754.262	2754.502	113	CREATE	5
2754.502	2755.022	215	ILLUMINATING	5
2755.022	2755.682	146	EXAMPLES	5
2764.679	2764.841	270	MUM	6
2764.841	2765.2219999999998	407	STRONGLY	6
2765.2219999999998	2765.612	126	DISLIKES	6
2765.612	2766.362	27	APPETIZERS	6
2774.56	2774.762	443	THOSE	7
2774.762	2774.8469999999998	484	WHO	7
2774.8469999999998	2775.078	427	TEACH	7
2775.078	2775.5280000000002	462	VALUES	7
2775.5280000000002	2775.837	156	FIRST	7
2775.837	2776.255	4	ABOLISH	7
2776.255	2776.672	87	CHEATING	7
2786.107	2786.217	434	THE	8
2786.217	2786.661	165	FRIGHTENED	8
2786.661	2787.012	89	CHILD	8
2787.012	2787.492	472	WAS	8
2787.492	2787.971	176	GENTLY	8
2787.971	2788.4700000000003	410	SUBDUED	8
2788.4700000000003	2788.612	73	BY	8
2788.612	2788.918	208	HIS	8
2788.918	2789.117	52	BIG	8
2789.117	2790.022	66	BROTHER	8
2798.805	2799.043	142	EVEN	9
2799.043	2799.204	1	A	9
2799.204	2799.552	383	SIMPLE	9
2799.552	2800.147	468	VOCABULARY	9
2800.147	2800.562	104	CONTAINS	9
2800.562	2801.172	422	SYMBOLS	9
2809.909	2809.966	1	A	10
2809.966	2810.193	110	CRAB	10
2810.193	2810.582	85	CHALLENGED	10
2810.582	2810.661	258	ME	10
2810.661	2810.753	70	BUT	10
2810.753	2810.8450000000003	1	A	10
2810.8450000000003	2811.041	350	QUICK	10
2811.041	2811.302	402	STAB	10
2811.302	2811.721	464	VANQUISHED	10
2811.721	2811.952	207	HIM	10
2819.957	2820.353	183	GLUCOSE	11
2820.353	2820.442	20	AND	11
2820.442	2820.897	167	FRUCTOSE	11
2820.897	2820.945	30	ARE	11
2820.945	2821.262	276	NATURAL	11
2821.262	2821.651	414	SUGARS	11
2821.651	2821.862	163	FOUND	11
2821.862	2821.954	217	IN	11
2821.954	2822.291	168	FRUIT	11
2830.259	2830.34	30	ARE	12
2830.34	2830.392	495	YOU	12
2830.392	2830.661	250	LOOKING	12
2830.661	2830.772	161	FOR	12
2830.772	2831.351	136	EMPLOYMENT	12
2839.892	2840.101	98	COFFEE	13
2840.101	2840.263	224	IS	13
2840.263	2840.432	198	GROWN	13
2840.432	2840.572	297	ON	13
2840.572	2840.8559999999998	404	STEEP	13
2840.8559999999998	2841.122	231	JUNGLE	13
2841.122	2841.302	241	LIKE	13
2841.302	2841.752	390	SLOPES	13
2841.752	2841.882	217	IN	13
2841.882	2842.221	431	TEMPERATE	13
2842.221	2842.752	497	ZONES	13
2850.767	2850.865	476	WE	14
2850.865	2851.182	480	WELCOME	14
2851.182	2851.362	256	MANY	14
2851.362	2851.494	282	NEW	14
2851.494	2851.892	408	STUDENTS	14
2851.892	2852.072	132	EACH	14
2852.072	2852.362	491	YEAR	14
2867.412	2867.552	298	ONLY	15
2867.552	2867.61	434	THE	15
2867.61	2867.831	51	BEST	15
2867.831	2868.142	330	PLAYERS	15
2868.142	2868.445	139	ENJOY	15
2868.445	2869.192	336	POPULARITY	15
2876.374	2876.772	75	CALCIUM	16
2876.772	2876.998	254	MAKES	16
2876.998	2877.258	58	BONES	16
2877.258	2877.372	20	AND	16
2877.372	2877.562	430	TEETH	16
2877.562	2878.031	406	STRONG	16
2885.911	2886.242	286	NOTHING	17
2886.242	2886.3559999999998	224	IS	17
2886.3559999999998	2886.492	34	AS	17
2886.492	2886.969	295	OFFENSIVE	17
2886.969	2887.091	34	AS	17
2887.091	2887.791	219	INNOCENCE	17
2895.351	2895.637	405	STEVE	18
2895.637	2895.742	490	WORE	18
2895.742	2895.842	1	A	18
2895.842	2896.092	65	BRIGHT	18
2896.092	2896.273	356	RED	18
2896.273	2896.661	78	CASHMERE	18
2896.661	2897.151	420	SWEATER	18
2903.244	2903.777	46	BARB'S	19
2903.777	2903.995	188	GOLD	19
2903.995	2904.392	63	BRACELET	19
2904.392	2904.562	472	WAS	19
2904.562	2904.6710000000003	1	A	19
2904.6710000000003	2905.263	193	GRADUATION	19
2905.263	2905.601	339	PRESENT	19
2914.7619999999997	2914.939	130	DRAW	20
2914.939	2915.332	145	EVERY	20
2915.332	2915.654	308	OUTER	20
2915.654	2915.9030000000002	244	LINE	20
2915.9030000000002	2916.302	156	FIRST	20
2916.302	2916.436	436	THEN	20
2916.436	2916.631	154	FILL	20
2916.631	2916.692	217	IN	20
2916.692	2916.751	434	THE	20
2916.751	2917.422	222	INTERIOR	20
2925.308	2925.351	434	THE	21
2925.351	2925.591	475	WATER	21
2925.591	2926.052	103	CONTAINED	21
2926.052	2926.147	448	TOO	21
2926.147	2926.381	269	MUCH	21
2926.381	2926.702	90	CHLORINE	21
2926.702	2926.822	20	AND	21
2926.822	2927.072	409	STUNG	21
2927.072	2927.202	208	HIS	21
2927.202	2927.652	149	EYES	21
2935.918	2936.197	229	JOHN'S	22
2936.197	2936.341	66	BROTHER	22
2936.341	2936.857	363	REPAINTED	22
2936.857	2936.948	434	THE	22
2936.948	2937.357	173	GARAGE	22
2937.357	2937.712	129	DOOR	22
2945.505	2945.902	84	CHALLENGE	23
2945.902	2946.091	132	EACH	23
2946.091	2946.562	175	GENERAL'S	23
2946.562	2947.341	221	INTELLIGENCE	23
2954.976	2955.482	17	AMBIDEXTROUS	24
2955.482	2956.042	327	PICKPOCKETS	24
2956.042	2956.511	6	ACCOMPLISH	24
2956.511	2956.812	267	MORE	24
2965.775	2965.795	1	A	25
2965.795	2966.142	271	MUSCULAR	25
2966.142	2966.7309999999998	2	ABDOMEN	25
2966.7309999999998	2966.792	99999	sp	25
2966.792	2966.841	99999	sp	25
2966.841	2966.941	99999	sp	25
2966.941	2967.11	224	IS	25
2967.11	2967.212	189	GOOD	25
2967.212	2967.357	161	FOR	25
2967.357	2967.471	496	YOUR	25
2967.471	2967.758	43	BACK	25
2975.765	2975.871	438	THEY	26
2975.871	2976.001	317	OWN	26
2976.001	2976.084	1	A	26
2976.084	2976.221	52	BIG	26
2976.221	2976.859	209	HOUSE	26
2976.859	2977.2309999999998	217	IN	26
2977.2309999999998	2977.391	99999	sp	26
2977.391	2977.841	434	THE	26
2977.841	2978.169	361	REMOTE	26
2978.169	2978.832	109	COUNTRYSIDE	26
2987.488	2987.569	434	THE	27
2987.569	2987.819	369	ROSE	27
2987.819	2988.271	106	CORSAGE	27
2988.271	2988.561	393	SMELLED	27
2988.561	2988.982	421	SWEET	27
2997.409	2997.598	433	THAT	28
2997.598	2998.041	326	PICKPOCKET	28
2998.041	2998.181	472	WAS	28
2998.181	2998.441	80	CAUGHT	28
2998.441	2998.611	356	RED	28
2998.611	2998.981	199	HANDED	28
3006.162	3006.409	9	ADULT	29
3006.409	3006.632	255	MALE	29
3006.632	3007.091	42	BABOON'S	29
3007.091	3007.338	430	TEETH	29
3007.338	3007.413	30	ARE	29
3007.413	3007.633	285	NOT	29
3007.633	3008.053	415	SUITABLE	29
3008.053	3008.242	161	FOR	29
3008.242	3008.512	135	EATING	29
3008.512	3009.132	376	SHELLFISH	29
3016.336	3016.452	204	HER	30
3016.452	3016.832	470	WARDROBE	30
3016.832	3017.46	102	CONSISTS	30
3017.46	3017.581	294	OF	30
3017.581	3017.841	298	ONLY	30
3017.841	3018.291	385	SKIRTS	30
3018.291	3018.402	20	AND	30
3018.402	3018.951	54	BLOUSES	30
3026.913	3027.027	434	THE	31
3027.027	3027.191	453	TWO	31
3027.191	3027.475	33	ARTISTS	31
3027.475	3027.85	147	EXCHANGED	31
3027.85	3028.621	39	AUTOGRAPHS	31
3035.499	3035.991	71	BUTTERSCOTCH	32
3035.991	3036.311	169	FUDGE	32
3036.311	3036.607	186	GOES	32
3036.607	3036.741	481	WELL	32
3036.741	3036.864	487	WITH	32
3036.864	3036.918	99999	sp	32
3036.918	3037.161	463	VANILLA	32
3037.161	3037.423	212	ICE	32
3037.423	3037.752	112	CREAM	32
3046.681	3046.768	99999	sp	33
3046.768	3046.939	366	RICH	33
3046.939	3047.005	99999	sp	33
3047.005	3047.351	349	PURCHASED	33
3047.351	3047.642	374	SEVERAL	33
3047.642	3048.001	382	SIGNED	33
3048.001	3048.59	245	LITHOGRAPHS	33
3056.449	3056.665	24	ANY	34
3056.665	3057.281	105	CONTRIBUTIONS	34
3057.281	3057.344	485	WILL	34
3057.344	3057.492	47	BE	34
3057.492	3057.799	195	GREATLY	34
3057.799	3058.501	28	APPRECIATED	34
3065.946	3066.178	434	THE	35
3066.178	3066.73	111	CRANBERRY	35
3066.73	3066.994	57	BOG	35
3066.994	3067.212	178	GETS	35
3067.212	3067.439	465	VERY	35
3067.439	3067.701	340	PRETTY	35
3067.701	3067.79	217	IN	35
3067.79	3068.242	40	AUTUMN	35
3076.265	3076.464	210	HOW	36
3076.464	3076.572	128	DO	36
3076.572	3076.971	318	OYSTERS	36
3076.971	3077.18	253	MAKE	36
3077.18	3077.691	320	PEARLS	36
3085.959	3086.102	257	MAY	37
3086.102	3086.141	211	I	37
3086.141	3086.361	304	ORDER	37
3086.361	3086.443	1	A	37
3086.443	3086.791	319	PARFAIT	37
3086.791	3087.052	10	AFTER	37
3087.052	3087.212	211	I	37
3087.212	3087.39	134	EAT	37
3087.39	3087.721	124	DINNER	37
3095.871	3095.951	224	IS	38
3095.951	3096.081	375	SHE	38
3096.081	3096.361	187	GOING	38
3096.361	3096.586	487	WITH	38
3096.586	3096.802	495	YOU	38
3114.808	3114.857	1	A	40
3114.857	3115.352	371	SCREWDRIVER	40
3115.352	3115.512	224	IS	40
3115.512	3115.722	252	MADE	40
3115.722	3115.882	166	FROM	40
3115.882	3116.205	469	VODKA	40
3116.205	3116.276	20	AND	40
3116.276	3116.502	303	ORANGE	40
3116.502	3117.002	230	JUICE	40
3127.182	3127.302	210	HOW	41
3127.302	3127.48	269	MUCH	41
3127.48	3127.892	16	ALLOWANCE	41
3127.892	3127.992	128	DO	41
3127.992	3128.148	495	YOU	41
3128.148	3128.401	177	GET	41
3136.78	3137.22	115	CYCLICAL	42
3137.22	3137.718	346	PROGRAMS	42
3137.718	3137.763	485	WILL	42
3137.763	3138.078	281	NEVER	42
3138.078	3138.612	100	COMPILE	42
3147.516	3147.572	434	THE	43
3147.572	3147.901	61	BOSTON	43
3147.901	3148.232	45	BALLET	43
3148.232	3148.712	312	OVERCAME	43
3148.712	3148.832	435	THEIR	43
3148.832	3149.151	170	FUNDING	43
3149.151	3149.732	380	SHORTAGE	43
3157.879	3158.104	145	EVERY	44
3158.104	3158.362	74	CAB	44
3158.362	3158.612	280	NEEDS	44
3158.612	3159.092	364	REPAINTING	44
3159.092	3159.542	296	OFTEN	44
3167.577	3167.797	203	HELP	45
3167.797	3168.064	196	GREG	45
3168.064	3168.2	446	TO	45
3168.2	3168.371	325	PICK	45
3168.371	3168.47	1	A	45
3168.47	3168.643	321	PECK	45
3168.643	3168.717	294	OF	45
3168.717	3169.382	338	POTATOES	45
3177.365	3177.451	476	WE	46
3177.451	3177.684	241	LIKE	46
3177.684	3177.857	55	BLUE	46
3177.857	3178.277	88	CHEESE	46
3178.277	3178.392	70	BUT	46
3178.392	3178.672	466	VICTOR	46
3178.672	3178.942	242	LIKES	46
3178.942	3179.242	64	BRIE	46
3186.221	3186.401	108	COUNT	47
3186.401	3186.462	434	THE	47
3186.462	3186.672	289	NUMBER	47
3186.672	3186.78	294	OF	47
3186.78	3187.202	429	TEASPOONS	47
3187.202	3187.272	294	OF	47
3187.272	3187.848	395	SOYSAUCE	47
3187.848	3187.952	433	THAT	47
3187.952	3188.072	495	YOU	47
3188.072	3188.384	7	ADD	47
3196.719	3197.308	44	BAGPIPES	48
3197.308	3197.401	20	AND	48
3197.401	3197.853	59	BONGOS	48
3197.853	3197.922	30	ARE	48
3197.922	3198.302	273	MUSICAL	48
3198.302	3198.982	220	INSTRUMENTS	48
3207.423	3207.62	210	HOW	49
3207.62	3207.714	189	GOOD	49
3207.714	3207.89	224	IS	49
3207.89	3207.937	496	YOUR	49
3207.937	3208.602	138	ENDURANCE	49
